candidate,seed,rank,realSeconds,purchases,burstInterval,rankPhase,rankExitCensored
A-G1.040-C2,42,0,0.25,3,,early25,False
A-G1.040-C2,42,0,8.25,1,8.0,early25,False
A-G1.040-C2,42,0,22.0,1,13.75,early25,False
A-G1.040-C2,42,0,46.75,1,24.75,early25,False
A-G1.040-C2,42,0,58.0,1,11.25,early25,False
A-G1.040-C2,42,0,98.25,1,40.25,early25,False
A-G1.040-C2,42,0,108.25,1,10.0,early25,False
A-G1.040-C2,42,0,159.25,1,51.0,early25,False
A-G1.040-C2,42,0,169.75,1,10.5,early25,False
A-G1.040-C2,42,0,173.75,1,4.0,early25,False
A-G1.040-C2,42,0,215.25,1,41.5,middle50,False
A-G1.040-C2,42,0,223.0,1,7.75,middle50,False
A-G1.040-C2,42,0,232.5,1,9.5,middle50,False
A-G1.040-C2,42,0,241.0,1,8.5,middle50,False
A-G1.040-C2,42,0,247.25,1,6.25,middle50,False
A-G1.040-C2,42,0,278.25,1,31.0,middle50,False
A-G1.040-C2,42,0,284.25,1,6.0,middle50,False
A-G1.040-C2,42,0,290.75,1,6.5,middle50,False
A-G1.040-C2,42,0,295.0,1,4.25,middle50,False
A-G1.040-C2,42,0,299.75,1,4.75,middle50,False
A-G1.040-C2,42,0,335.25,1,35.5,middle50,False
A-G1.040-C2,42,0,338.25,1,3.0,middle50,False
A-G1.040-C2,42,0,346.75,1,8.5,middle50,False
A-G1.040-C2,42,0,351.0,1,4.25,middle50,False
A-G1.040-C2,42,0,356.5,1,5.5,middle50,False
A-G1.040-C2,42,0,359.25,1,2.75,middle50,False
A-G1.040-C2,42,0,362.5,1,3.25,middle50,False
A-G1.040-C2,42,0,376.25,4,13.75,middle50,False
A-G1.040-C2,42,0,531.75,1,155.5,middle50,False
A-G1.040-C2,42,0,537.0,3,5.25,middle50,False
A-G1.040-C2,42,0,539.5,3,2.5,middle50,False
A-G1.040-C2,42,0,543.0,1,3.5,late25,False
A-G1.040-C2,42,0,549.5,1,6.5,late25,False
A-G1.040-C2,42,0,582.75,1,33.25,late25,False
A-G1.040-C2,42,0,587.5,1,4.75,late25,False
A-G1.040-C2,42,0,593.25,1,5.75,late25,False
A-G1.040-C2,42,0,595.75,1,2.5,late25,False
A-G1.040-C2,42,0,599.25,1,3.5,late25,False
A-G1.040-C2,42,0,603.0,1,3.75,late25,False
A-G1.040-C2,42,0,607.75,1,4.75,late25,False
A-G1.040-C2,42,1,742.25,1,134.5,early25,False
A-G1.040-C2,42,1,748.75,2,6.5,early25,False
A-G1.040-C2,42,1,751.0,1,2.25,early25,False
A-G1.040-C2,42,1,753.0,1,2.0,early25,False
A-G1.040-C2,42,1,755.75,1,2.75,early25,False
A-G1.040-C2,42,1,760.75,1,5.0,early25,False
A-G1.040-C2,42,1,763.75,1,3.0,early25,False
A-G1.040-C2,42,1,771.25,1,7.5,early25,False
A-G1.040-C2,42,1,805.75,1,34.5,early25,False
A-G1.040-C2,42,1,814.5,3,8.75,early25,False
A-G1.040-C2,42,1,816.5,1,2.0,early25,False
A-G1.040-C2,42,1,821.0,2,4.5,early25,False
A-G1.040-C2,42,1,825.75,2,4.75,early25,False
A-G1.040-C2,42,1,828.25,1,2.5,early25,False
A-G1.040-C2,42,1,852.75,2,24.5,early25,False
A-G1.040-C2,42,1,859.5,1,6.75,early25,False
A-G1.040-C2,42,1,864.5,2,5.0,early25,False
A-G1.040-C2,42,1,869.0,2,4.5,early25,False
A-G1.040-C2,42,1,873.0,2,4.0,early25,False
A-G1.040-C2,42,1,880.0,1,7.0,early25,False
A-G1.040-C2,42,1,907.5,2,27.5,middle50,False
A-G1.040-C2,42,1,910.25,1,2.75,middle50,False
A-G1.040-C2,42,1,914.25,1,4.0,middle50,False
A-G1.040-C2,42,1,917.25,1,3.0,middle50,False
A-G1.040-C2,42,1,921.25,2,4.0,middle50,False
A-G1.040-C2,42,1,924.0,1,2.75,middle50,False
A-G1.040-C2,42,1,927.0,1,3.0,middle50,False
A-G1.040-C2,42,1,931.5,2,4.5,middle50,False
A-G1.040-C2,42,1,936.25,1,4.75,middle50,False
A-G1.040-C2,42,1,944.0,1,7.75,middle50,False
A-G1.040-C2,42,1,963.5,2,19.5,middle50,False
A-G1.040-C2,42,1,981.25,2,17.75,middle50,False
A-G1.040-C2,42,1,984.75,1,3.5,middle50,False
A-G1.040-C2,42,1,988.25,1,3.5,middle50,False
A-G1.040-C2,42,1,990.5,1,2.25,middle50,False
A-G1.040-C2,42,1,1018.25,1,27.75,middle50,False
A-G1.040-C2,42,1,1021.75,2,3.5,middle50,False
A-G1.040-C2,42,1,1026.75,2,5.0,middle50,False
A-G1.040-C2,42,1,1030.0,1,3.25,middle50,False
A-G1.040-C2,42,1,1033.0,1,3.0,middle50,False
A-G1.040-C2,42,1,1037.0,1,4.0,middle50,False
A-G1.040-C2,42,1,1040.25,1,3.25,middle50,False
A-G1.040-C2,42,1,1045.0,2,4.75,middle50,False
A-G1.040-C2,42,1,1047.25,1,2.25,middle50,False
A-G1.040-C2,42,1,1188.5,1,141.25,middle50,False
A-G1.040-C2,42,1,1192.25,1,3.75,middle50,False
A-G1.040-C2,42,1,1194.25,1,2.0,middle50,False
A-G1.040-C2,42,1,1197.5,1,3.25,middle50,False
A-G1.040-C2,42,1,1201.5,1,4.0,middle50,False
A-G1.040-C2,42,1,1205.25,1,3.75,middle50,False
A-G1.040-C2,42,1,1208.5,1,3.25,middle50,False
A-G1.040-C2,42,1,1212.25,1,3.75,middle50,False
A-G1.040-C2,42,1,1216.75,2,4.5,middle50,False
A-G1.040-C2,42,1,1245.0,1,28.25,late25,False
A-G1.040-C2,42,1,1246.75,1,1.75,late25,False
A-G1.040-C2,42,1,1248.5,1,1.75,late25,False
A-G1.040-C2,42,1,1252.75,1,4.25,late25,False
A-G1.040-C2,42,1,1255.5,1,2.75,late25,False
A-G1.040-C2,42,1,1259.0,1,3.5,late25,False
A-G1.040-C2,42,1,1262.5,1,3.5,late25,False
A-G1.040-C2,42,1,1270.75,1,8.25,late25,False
A-G1.040-C2,42,1,1273.5,2,2.75,late25,False
A-G1.040-C2,42,2,1408.0,2,134.5,early25,False
A-G1.040-C2,42,2,1411.25,3,3.25,early25,False
A-G1.040-C2,42,2,1414.5,2,3.25,early25,False
A-G1.040-C2,42,2,1418.5,2,4.0,early25,False
A-G1.040-C2,42,2,1422.75,2,4.25,early25,False
A-G1.040-C2,42,2,1427.25,2,4.5,early25,False
A-G1.040-C2,42,2,1433.0,3,5.75,early25,False
A-G1.040-C2,42,2,1438.0,3,5.0,early25,False
A-G1.040-C2,42,2,1463.25,1,25.25,early25,False
A-G1.040-C2,42,2,1466.75,2,3.5,early25,False
A-G1.040-C2,42,2,1470.0,27,3.25,early25,False
A-G1.040-C2,42,2,1471.75,2,1.75,early25,False
A-G1.040-C2,42,2,1472.5,1,0.75,early25,False
A-G1.040-C2,42,2,1474.25,1,1.75,early25,False
A-G1.040-C2,42,2,1475.5,1,1.25,early25,False
A-G1.040-C2,42,2,1477.0,2,1.5,early25,False
A-G1.040-C2,42,2,1484.0,1,7.0,early25,False
A-G1.040-C2,42,2,1485.25,1,1.25,early25,False
A-G1.040-C2,42,2,1490.25,1,5.0,early25,False
A-G1.040-C2,42,2,1492.25,2,2.0,early25,False
A-G1.040-C2,42,2,1522.0,2,29.75,early25,False
A-G1.040-C2,42,2,1527.0,1,5.0,early25,False
A-G1.040-C2,42,2,1532.25,3,5.25,early25,False
A-G1.040-C2,42,2,1536.0,1,3.75,early25,False
A-G1.040-C2,42,2,1541.75,2,5.75,early25,False
A-G1.040-C2,42,2,1547.25,3,5.5,early25,False
A-G1.040-C2,42,2,1551.75,1,4.5,early25,False
A-G1.040-C2,42,2,1577.0,22,25.25,early25,False
A-G1.040-C2,42,2,1580.5,1,3.5,middle50,False
A-G1.040-C2,42,2,1584.0,1,3.5,middle50,False
A-G1.040-C2,42,2,1589.5,2,5.5,middle50,False
A-G1.040-C2,42,2,1591.75,1,2.25,middle50,False
A-G1.040-C2,42,2,1593.75,1,2.0,middle50,False
A-G1.040-C2,42,2,1595.0,1,1.25,middle50,False
A-G1.040-C2,42,2,1598.75,1,3.75,middle50,False
A-G1.040-C2,42,2,1601.75,2,3.0,middle50,False
A-G1.040-C2,42,2,1606.0,1,4.25,middle50,False
A-G1.040-C2,42,2,1615.25,5,9.25,middle50,False
A-G1.040-C2,42,2,1746.5,2,131.25,middle50,False
A-G1.040-C2,42,2,1751.75,1,5.25,middle50,False
A-G1.040-C2,42,2,1757.25,1,5.5,middle50,False
A-G1.040-C2,42,2,1759.75,1,2.5,middle50,False
A-G1.040-C2,42,2,1762.25,1,2.5,middle50,False
A-G1.040-C2,42,2,1765.75,2,3.5,middle50,False
A-G1.040-C2,42,2,1770.25,1,4.5,middle50,False
A-G1.040-C2,42,2,1773.25,1,3.0,middle50,False
A-G1.040-C2,42,2,1800.25,2,27.0,middle50,False
A-G1.040-C2,42,2,1803.75,1,3.5,middle50,False
A-G1.040-C2,42,2,1807.25,2,3.5,middle50,False
A-G1.040-C2,42,2,1809.75,1,2.5,middle50,False
A-G1.040-C2,42,2,1813.0,14,3.25,middle50,False
A-G1.040-C2,42,2,1815.5,1,2.5,middle50,False
A-G1.040-C2,42,2,1820.0,1,4.5,middle50,False
A-G1.040-C2,42,2,1825.25,1,5.25,middle50,False
A-G1.040-C2,42,2,1836.25,1,11.0,middle50,False
A-G1.040-C2,42,2,1970.0,1,133.75,late25,False
A-G1.040-C2,42,2,1974.5,1,4.5,late25,False
A-G1.040-C2,42,2,1979.75,1,5.25,late25,False
A-G1.040-C2,42,2,1987.25,2,7.5,late25,False
A-G1.040-C2,42,2,1990.0,1,2.75,late25,False
A-G1.040-C2,42,2,1993.75,1,3.75,late25,False
A-G1.040-C2,42,2,1996.5,1,2.75,late25,False
A-G1.040-C2,42,2,2026.75,1,30.25,late25,False
A-G1.040-C2,42,2,2029.75,1,3.0,late25,False
A-G1.040-C2,42,2,2033.25,1,3.5,late25,False
A-G1.040-C2,42,2,2037.75,2,4.5,late25,False
A-G1.040-C2,42,2,2042.0,1,4.25,late25,False
A-G1.040-C2,42,2,2045.5,1,3.5,late25,False
A-G1.040-C2,42,2,2050.0,2,4.5,late25,False
A-G1.040-C2,42,2,2054.75,1,4.75,late25,False
A-G1.040-C2,42,3,2178.75,3,124.0,early25,True
A-G1.040-C2,42,3,2182.0,1,3.25,early25,True
A-G1.040-C2,42,3,2186.25,3,4.25,early25,True
A-G1.040-C2,42,3,2190.75,2,4.5,early25,True
A-G1.040-C2,42,3,2196.0,2,5.25,early25,True
A-G1.040-C2,42,3,2200.75,3,4.75,early25,True
A-G1.040-C2,42,3,2205.25,2,4.5,early25,True
A-G1.040-C2,42,3,2209.0,2,3.75,early25,True
A-G1.040-C2,42,3,2234.0,2,25.0,early25,True
A-G1.040-C2,42,3,2238.25,22,4.25,early25,True
A-G1.040-C2,42,3,2244.75,2,6.5,early25,True
A-G1.040-C2,42,3,2247.0,1,2.25,early25,True
A-G1.040-C2,42,3,2254.5,1,7.5,early25,True
A-G1.040-C2,42,3,2261.75,3,7.25,early25,True
A-G1.040-C2,42,3,2264.0,2,2.25,early25,True
A-G1.040-C2,42,3,2281.0,1,17.0,early25,True
A-G1.040-C2,42,3,2285.0,1,4.0,early25,True
A-G1.040-C2,42,3,2289.75,2,4.75,early25,True
A-G1.040-C2,42,3,2294.25,2,4.5,early25,True
A-G1.040-C2,42,3,2298.0,1,3.75,early25,True
A-G1.040-C2,42,3,2301.5,2,3.5,early25,True
A-G1.040-C2,42,3,2305.25,1,3.75,early25,True
A-G1.040-C2,42,3,2310.0,15,4.75,early25,True
A-G1.040-C2,42,3,2338.25,1,28.25,early25,True
A-G1.040-C2,42,3,2340.5,1,2.25,early25,True
A-G1.040-C2,42,3,2345.5,1,5.0,early25,True
A-G1.040-C2,42,3,2352.25,1,6.75,early25,True
A-G1.040-C2,42,3,2367.25,2,15.0,early25,True
A-G1.040-C2,42,3,2389.5,1,22.25,early25,True
A-G1.040-C2,42,3,2396.25,1,6.75,early25,True
A-G1.040-C2,42,3,2399.25,1,3.0,early25,True
A-G1.040-C2,42,3,2403.0,1,3.75,early25,True
A-G1.040-C2,42,3,2406.75,1,3.75,early25,True
A-G1.040-C2,42,3,2409.25,1,2.5,early25,True
A-G1.040-C2,42,3,2413.5,1,4.25,early25,True
A-G1.040-C2,42,3,2417.5,2,4.0,early25,True
A-G1.040-C2,42,3,2444.5,10,27.0,early25,True
A-G1.040-C2,42,3,2450.75,1,6.25,early25,True
A-G1.040-C2,42,3,2458.25,1,7.5,early25,True
A-G1.040-C2,42,3,2460.75,1,2.5,early25,True
A-G1.040-C2,42,3,2462.25,1,1.5,early25,True
A-G1.040-C2,42,3,2469.0,2,6.75,early25,True
A-G1.040-C2,42,3,2474.25,1,5.25,early25,True
A-G1.040-C2,42,3,2489.25,1,15.0,early25,True
A-G1.040-C2,42,3,2493.0,1,3.75,early25,True
A-G1.040-C2,42,3,2499.75,1,6.75,early25,True
A-G1.040-C2,42,3,2513.0,1,13.25,early25,True
A-G1.040-C2,42,3,2517.5,1,4.5,early25,True
A-G1.040-C2,42,3,2520.75,1,3.25,middle50,True
A-G1.040-C2,42,3,2544.5,7,23.75,middle50,True
A-G1.040-C2,42,3,2548.5,1,4.0,middle50,True
A-G1.040-C2,42,3,2553.5,1,5.0,middle50,True
A-G1.040-C2,42,3,2556.75,1,3.25,middle50,True
A-G1.040-C2,42,3,2558.25,1,1.5,middle50,True
A-G1.040-C2,42,3,2563.25,1,5.0,middle50,True
A-G1.040-C2,42,3,2566.5,1,3.25,middle50,True
A-G1.040-C2,42,3,2571.25,1,4.75,middle50,True
A-G1.040-C2,42,3,2574.5,1,3.25,middle50,True
A-G1.040-C2,42,3,2594.5,1,20.0,middle50,True
A-G1.040-C2,42,3,2600.25,1,5.75,middle50,True
A-G1.040-C2,42,3,2606.25,1,6.0,middle50,True
A-G1.040-C2,42,3,2608.75,1,2.5,middle50,True
A-G1.040-C2,42,3,2613.5,1,4.75,middle50,True
A-G1.040-C2,42,3,2615.0,1,1.5,middle50,True
A-G1.040-C2,42,3,2651.25,1,36.25,middle50,True
A-G1.040-C2,42,3,2657.75,1,6.5,middle50,True
A-G1.040-C2,42,3,2662.5,1,4.75,middle50,True
A-G1.040-C2,42,3,2667.25,1,4.75,middle50,True
A-G1.040-C2,42,3,2672.0,1,4.75,middle50,True
A-G1.040-C2,42,3,2676.75,1,4.75,middle50,True
A-G1.040-C2,42,3,2683.25,1,6.5,middle50,True
A-G1.040-C2,42,3,2690.5,4,7.25,middle50,True
A-G1.040-C2,42,3,2831.5,1,141.0,middle50,True
A-G1.040-C2,42,3,2841.0,1,9.5,middle50,True
A-G1.040-C2,42,3,2846.75,1,5.75,middle50,True
A-G1.040-C2,42,3,2850.5,1,3.75,middle50,True
A-G1.040-C2,42,3,2856.75,1,6.25,middle50,True
A-G1.040-C2,42,3,2860.75,1,4.0,middle50,True
A-G1.040-C2,42,3,2887.0,1,26.25,middle50,True
A-G1.040-C2,42,3,2892.25,1,5.25,middle50,True
A-G1.040-C2,42,3,2895.75,6,3.5,middle50,True
A-G1.040-C2,42,3,2901.75,3,6.0,middle50,True
A-G1.040-C2,42,3,2909.25,1,7.5,middle50,True
A-G1.040-C2,42,3,2913.25,3,4.0,middle50,True
A-G1.040-C2,42,3,2916.25,2,3.0,middle50,True
A-G1.040-C2,42,3,3057.75,2,141.5,middle50,True
A-G1.040-C2,42,3,3060.5,1,2.75,middle50,True
A-G1.040-C2,42,3,3063.75,2,3.25,middle50,True
A-G1.040-C2,42,3,3066.75,1,3.0,middle50,True
A-G1.040-C2,42,3,3073.25,1,6.5,middle50,True
A-G1.040-C2,42,3,3080.0,1,6.75,middle50,True
A-G1.040-C2,42,3,3106.75,1,26.75,middle50,True
A-G1.040-C2,42,3,3109.5,4,2.75,middle50,True
A-G1.040-C2,42,3,3115.75,1,6.25,middle50,True
A-G1.040-C2,42,3,3130.0,1,14.25,middle50,True
A-G1.040-C2,42,3,3271.75,1,141.75,late25,True
A-G1.040-C2,42,3,3277.75,1,6.0,late25,True
A-G1.040-C2,42,3,3286.25,1,8.5,late25,True
A-G1.040-C2,42,3,3296.25,1,10.0,late25,True
A-G1.040-C2,42,3,3324.75,4,28.5,late25,True
A-G1.040-C2,42,3,3333.75,1,9.0,late25,True
A-G1.040-C2,42,3,3347.25,1,13.5,late25,True
A-G1.040-C2,42,3,3359.25,1,12.0,late25,True
A-G1.040-C2,42,3,3510.0,1,150.75,late25,True
A-G1.040-C2,42,3,3519.5,1,9.5,late25,True
A-G1.040-C2,42,3,3527.75,1,8.25,late25,True
A-G1.040-C2,42,3,3556.5,1,28.75,late25,True
A-G1.040-C2,42,3,3563.25,1,6.75,late25,True
A-G1.040-C2,42,3,3572.5,3,9.25,late25,True
A-G1.040-C2,42,3,3574.25,2,1.75,late25,True
A-G1.040-C2,42,3,3576.25,1,2.0,late25,True
A-G1.040-C2,42,3,3587.25,1,11.0,late25,True
A-G1.040-C2,42,3,3595.5,2,8.25,late25,True
A-G1.040-C2,7961,0,0.25,3,,early25,False
A-G1.040-C2,7961,0,8.25,1,8.0,early25,False
A-G1.040-C2,7961,0,17.25,1,9.0,early25,False
A-G1.040-C2,7961,0,39.25,1,22.0,early25,False
A-G1.040-C2,7961,0,54.5,1,15.25,early25,False
A-G1.040-C2,7961,0,109.0,1,54.5,early25,False
A-G1.040-C2,7961,0,112.25,1,3.25,early25,False
A-G1.040-C2,7961,0,116.75,1,4.5,early25,False
A-G1.040-C2,7961,0,174.5,1,57.75,early25,False
A-G1.040-C2,7961,0,181.75,1,7.25,middle50,False
A-G1.040-C2,7961,0,213.25,1,31.5,middle50,False
A-G1.040-C2,7961,0,222.25,1,9.0,middle50,False
A-G1.040-C2,7961,0,233.0,1,10.75,middle50,False
A-G1.040-C2,7961,0,239.0,1,6.0,middle50,False
A-G1.040-C2,7961,0,242.0,1,3.0,middle50,False
A-G1.040-C2,7961,0,278.25,1,36.25,middle50,False
A-G1.040-C2,7961,0,285.25,1,7.0,middle50,False
A-G1.040-C2,7961,0,290.75,1,5.5,middle50,False
A-G1.040-C2,7961,0,298.0,1,7.25,middle50,False
A-G1.040-C2,7961,0,306.25,1,8.25,middle50,False
A-G1.040-C2,7961,0,340.25,1,34.0,middle50,False
A-G1.040-C2,7961,0,344.5,1,4.25,middle50,False
A-G1.040-C2,7961,0,350.75,1,6.25,middle50,False
A-G1.040-C2,7961,0,356.5,1,5.75,middle50,False
A-G1.040-C2,7961,0,364.0,1,7.5,middle50,False
A-G1.040-C2,7961,0,371.0,1,7.0,middle50,False
A-G1.040-C2,7961,0,530.25,1,159.25,middle50,False
A-G1.040-C2,7961,0,534.75,1,4.5,middle50,False
A-G1.040-C2,7961,0,539.25,1,4.5,middle50,False
A-G1.040-C2,7961,0,544.75,1,5.5,middle50,False
A-G1.040-C2,7961,0,548.5,1,3.75,late25,False
A-G1.040-C2,7961,0,584.25,1,35.75,late25,False
A-G1.040-C2,7961,0,588.25,1,4.0,late25,False
A-G1.040-C2,7961,0,592.5,1,4.25,late25,False
A-G1.040-C2,7961,0,597.5,1,5.0,late25,False
A-G1.040-C2,7961,0,600.0,1,2.5,late25,False
A-G1.040-C2,7961,0,615.5,1,15.5,late25,False
A-G1.040-C2,7961,1,759.75,1,144.25,early25,False
A-G1.040-C2,7961,1,762.25,1,2.5,early25,False
A-G1.040-C2,7961,1,764.5,1,2.25,early25,False
A-G1.040-C2,7961,1,766.25,1,1.75,early25,False
A-G1.040-C2,7961,1,768.0,1,1.75,early25,False
A-G1.040-C2,7961,1,770.5,1,2.5,early25,False
A-G1.040-C2,7961,1,772.25,1,1.75,early25,False
A-G1.040-C2,7961,1,774.0,1,1.75,early25,False
A-G1.040-C2,7961,1,777.0,1,3.0,early25,False
A-G1.040-C2,7961,1,778.75,1,1.75,early25,False
A-G1.040-C2,7961,1,780.25,1,1.5,early25,False
A-G1.040-C2,7961,1,808.0,1,27.75,early25,False
A-G1.040-C2,7961,1,811.75,1,3.75,early25,False
A-G1.040-C2,7961,1,816.25,2,4.5,early25,False
A-G1.040-C2,7961,1,829.25,2,13.0,early25,False
A-G1.040-C2,7961,1,837.5,2,8.25,early25,False
A-G1.040-C2,7961,1,867.0,1,29.5,early25,False
A-G1.040-C2,7961,1,871.75,1,4.75,early25,False
A-G1.040-C2,7961,1,876.5,2,4.75,early25,False
A-G1.040-C2,7961,1,883.5,2,7.0,early25,False
A-G1.040-C2,7961,1,892.0,1,8.5,early25,False
A-G1.040-C2,7961,1,922.0,2,30.0,early25,False
A-G1.040-C2,7961,1,929.75,2,7.75,middle50,False
A-G1.040-C2,7961,1,937.75,2,8.0,middle50,False
A-G1.040-C2,7961,1,942.75,1,5.0,middle50,False
A-G1.040-C2,7961,1,949.0,1,6.25,middle50,False
A-G1.040-C2,7961,1,958.0,1,9.0,middle50,False
A-G1.040-C2,7961,1,984.5,1,26.5,middle50,False
A-G1.040-C2,7961,1,990.5,2,6.0,middle50,False
A-G1.040-C2,7961,1,994.5,2,4.0,middle50,False
A-G1.040-C2,7961,1,999.25,1,4.75,middle50,False
A-G1.040-C2,7961,1,1002.5,1,3.25,middle50,False
A-G1.040-C2,7961,1,1033.0,1,30.5,middle50,False
A-G1.040-C2,7961,1,1037.5,2,4.5,middle50,False
A-G1.040-C2,7961,1,1041.5,2,4.0,middle50,False
A-G1.040-C2,7961,1,1044.25,1,2.75,middle50,False
A-G1.040-C2,7961,1,1048.0,1,3.75,middle50,False
A-G1.040-C2,7961,1,1054.5,1,6.5,middle50,False
A-G1.040-C2,7961,1,1060.75,2,6.25,middle50,False
A-G1.040-C2,7961,1,1087.75,1,27.0,middle50,False
A-G1.040-C2,7961,1,1093.25,1,5.5,middle50,False
A-G1.040-C2,7961,1,1098.0,1,4.75,middle50,False
A-G1.040-C2,7961,1,1104.25,2,6.25,middle50,False
A-G1.040-C2,7961,1,1112.25,2,8.0,middle50,False
A-G1.040-C2,7961,1,1119.25,2,7.0,middle50,False
A-G1.040-C2,7961,1,1141.25,1,22.0,middle50,False
A-G1.040-C2,7961,1,1145.25,1,4.0,middle50,False
A-G1.040-C2,7961,1,1149.75,16,4.5,middle50,False
A-G1.040-C2,7961,1,1151.75,1,2.0,middle50,False
A-G1.040-C2,7961,1,1153.25,1,1.5,middle50,False
A-G1.040-C2,7961,1,1159.25,1,6.0,middle50,False
A-G1.040-C2,7961,1,1161.25,1,2.0,middle50,False
A-G1.040-C2,7961,1,1167.25,2,6.0,middle50,False
A-G1.040-C2,7961,1,1316.5,1,149.25,late25,False
A-G1.040-C2,7961,1,1330.75,1,14.25,late25,False
A-G1.040-C2,7961,1,1336.5,1,5.75,late25,False
A-G1.040-C2,7961,1,1342.25,2,5.75,late25,False
A-G1.040-C2,7961,1,1347.0,1,4.75,late25,False
A-G1.040-C2,7961,1,1371.75,1,24.75,late25,False
A-G1.040-C2,7961,1,1375.75,2,4.0,late25,False
A-G1.040-C2,7961,1,1383.25,2,7.5,late25,False
A-G1.040-C2,7961,1,1387.75,2,4.5,late25,False
A-G1.040-C2,7961,1,1393.25,1,5.5,late25,False
A-G1.040-C2,7961,1,1397.0,13,3.75,late25,False
A-G1.040-C2,7961,1,1398.75,1,1.75,late25,False
A-G1.040-C2,7961,2,1514.0,2,115.25,early25,False
A-G1.040-C2,7961,2,1530.5,2,16.5,early25,False
A-G1.040-C2,7961,2,1533.5,2,3.0,early25,False
A-G1.040-C2,7961,2,1537.5,2,4.0,early25,False
A-G1.040-C2,7961,2,1540.5,2,3.0,early25,False
A-G1.040-C2,7961,2,1542.75,1,2.25,early25,False
A-G1.040-C2,7961,2,1547.25,3,4.5,early25,False
A-G1.040-C2,7961,2,1551.75,2,4.5,early25,False
A-G1.040-C2,7961,2,1556.75,2,5.0,early25,False
A-G1.040-C2,7961,2,1581.5,2,24.75,early25,False
A-G1.040-C2,7961,2,1585.75,2,4.25,early25,False
A-G1.040-C2,7961,2,1587.75,2,2.0,early25,False
A-G1.040-C2,7961,2,1590.0,2,2.25,early25,False
A-G1.040-C2,7961,2,1594.75,2,4.75,early25,False
A-G1.040-C2,7961,2,1596.75,2,2.0,early25,False
A-G1.040-C2,7961,2,1599.75,2,3.0,early25,False
A-G1.040-C2,7961,2,1604.25,3,4.5,early25,False
A-G1.040-C2,7961,2,1607.5,1,3.25,early25,False
A-G1.040-C2,7961,2,1611.5,25,4.0,early25,False
A-G1.040-C2,7961,2,1613.75,1,2.25,early25,False
A-G1.040-C2,7961,2,1619.5,1,5.75,early25,False
A-G1.040-C2,7961,2,1649.0,2,29.5,early25,False
A-G1.040-C2,7961,2,1651.5,1,2.5,early25,False
A-G1.040-C2,7961,2,1655.0,1,3.5,early25,False
A-G1.040-C2,7961,2,1658.0,2,3.0,early25,False
A-G1.040-C2,7961,2,1662.25,1,4.25,early25,False
A-G1.040-C2,7961,2,1666.0,2,3.75,early25,False
A-G1.040-C2,7961,2,1689.5,1,23.5,early25,False
A-G1.040-C2,7961,2,1692.75,1,3.25,early25,False
A-G1.040-C2,7961,2,1695.0,8,2.25,early25,False
A-G1.040-C2,7961,2,1697.75,15,2.75,early25,False
A-G1.040-C2,7961,2,1700.5,1,2.75,middle50,False
A-G1.040-C2,7961,2,1702.0,1,1.5,middle50,False
A-G1.040-C2,7961,2,1702.75,1,0.75,middle50,False
A-G1.040-C2,7961,2,1705.0,1,2.25,middle50,False
A-G1.040-C2,7961,2,1707.5,1,2.5,middle50,False
A-G1.040-C2,7961,2,1710.25,1,2.75,middle50,False
A-G1.040-C2,7961,2,1712.0,1,1.75,middle50,False
A-G1.040-C2,7961,2,1719.0,1,7.0,middle50,False
A-G1.040-C2,7961,2,1721.0,1,2.0,middle50,False
A-G1.040-C2,7961,2,1722.5,1,1.5,middle50,False
A-G1.040-C2,7961,2,1853.0,1,130.5,middle50,False
A-G1.040-C2,7961,2,1858.75,1,5.75,middle50,False
A-G1.040-C2,7961,2,1871.5,1,12.75,middle50,False
A-G1.040-C2,7961,2,1874.5,1,3.0,middle50,False
A-G1.040-C2,7961,2,1879.25,1,4.75,middle50,False
A-G1.040-C2,7961,2,1883.0,1,3.75,middle50,False
A-G1.040-C2,7961,2,1907.0,1,24.0,middle50,False
A-G1.040-C2,7961,2,1911.5,3,4.5,middle50,False
A-G1.040-C2,7961,2,1916.0,2,4.5,middle50,False
A-G1.040-C2,7961,2,1920.5,2,4.5,middle50,False
A-G1.040-C2,7961,2,1923.25,1,2.75,middle50,False
A-G1.040-C2,7961,2,1926.5,1,3.25,middle50,False
A-G1.040-C2,7961,2,1929.0,1,2.5,middle50,False
A-G1.040-C2,7961,2,1932.75,2,3.75,middle50,False
A-G1.040-C2,7961,2,1936.0,1,3.25,middle50,False
A-G1.040-C2,7961,2,1939.75,1,3.75,middle50,False
A-G1.040-C2,7961,2,1946.75,1,7.0,middle50,False
A-G1.040-C2,7961,2,1954.75,8,8.0,middle50,False
A-G1.040-C2,7961,2,2079.0,1,124.25,middle50,False
A-G1.040-C2,7961,2,2082.25,1,3.25,late25,False
A-G1.040-C2,7961,2,2086.5,1,4.25,late25,False
A-G1.040-C2,7961,2,2090.75,2,4.25,late25,False
A-G1.040-C2,7961,2,2097.0,11,6.25,late25,False
A-G1.040-C2,7961,2,2100.0,1,3.0,late25,False
A-G1.040-C2,7961,2,2102.25,1,2.25,late25,False
A-G1.040-C2,7961,2,2130.0,1,27.75,late25,False
A-G1.040-C2,7961,2,2132.75,1,2.75,late25,False
A-G1.040-C2,7961,2,2136.25,1,3.5,late25,False
A-G1.040-C2,7961,2,2139.25,1,3.0,late25,False
A-G1.040-C2,7961,2,2140.0,1,0.75,late25,False
A-G1.040-C2,7961,2,2145.75,1,5.75,late25,False
A-G1.040-C2,7961,2,2148.25,1,2.5,late25,False
A-G1.040-C2,7961,2,2151.75,1,3.5,late25,False
A-G1.040-C2,7961,2,2155.25,1,3.5,late25,False
A-G1.040-C2,7961,2,2160.0,1,4.75,late25,False
A-G1.040-C2,7961,2,2167.0,1,7.0,late25,False
A-G1.040-C2,7961,2,2172.75,3,5.75,late25,False
A-G1.040-C2,7961,2,2269.25,1,96.5,late25,False
A-G1.040-C2,7961,3,2275.75,1,6.5,early25,True
A-G1.040-C2,7961,3,2289.0,3,13.25,early25,True
A-G1.040-C2,7961,3,2292.0,3,3.0,early25,True
A-G1.040-C2,7961,3,2294.0,1,2.0,early25,True
A-G1.040-C2,7961,3,2296.0,1,2.0,early25,True
A-G1.040-C2,7961,3,2299.75,1,3.75,early25,True
A-G1.040-C2,7961,3,2303.0,2,3.25,early25,True
A-G1.040-C2,7961,3,2306.75,1,3.75,early25,True
A-G1.040-C2,7961,3,2309.5,1,2.75,early25,True
A-G1.040-C2,7961,3,2312.75,2,3.25,early25,True
A-G1.040-C2,7961,3,2315.25,1,2.5,early25,True
A-G1.040-C2,7961,3,2340.5,1,25.25,early25,True
A-G1.040-C2,7961,3,2343.0,2,2.5,early25,True
A-G1.040-C2,7961,3,2345.0,6,2.0,early25,True
A-G1.040-C2,7961,3,2346.75,1,1.75,early25,True
A-G1.040-C2,7961,3,2348.0,1,1.25,early25,True
A-G1.040-C2,7961,3,2351.25,1,3.25,early25,True
A-G1.040-C2,7961,3,2353.5,1,2.25,early25,True
A-G1.040-C2,7961,3,2355.75,1,2.25,early25,True
A-G1.040-C2,7961,3,2358.0,2,2.25,early25,True
A-G1.040-C2,7961,3,2362.0,1,4.0,early25,True
A-G1.040-C2,7961,3,2365.25,1,3.25,early25,True
A-G1.040-C2,7961,3,2367.5,1,2.25,early25,True
A-G1.040-C2,7961,3,2368.5,1,1.0,early25,True
A-G1.040-C2,7961,3,2371.5,2,3.0,early25,True
A-G1.040-C2,7961,3,2379.0,2,7.5,early25,True
A-G1.040-C2,7961,3,2399.75,1,20.75,early25,True
A-G1.040-C2,7961,3,2407.75,2,8.0,early25,True
A-G1.040-C2,7961,3,2413.0,2,5.25,early25,True
A-G1.040-C2,7961,3,2428.0,1,15.0,early25,True
A-G1.040-C2,7961,3,2460.0,2,32.0,early25,True
A-G1.040-C2,7961,3,2465.5,2,5.5,early25,True
A-G1.040-C2,7961,3,2472.0,2,6.5,early25,True
A-G1.040-C2,7961,3,2477.25,2,5.25,early25,True
A-G1.040-C2,7961,3,2482.75,2,5.5,early25,True
A-G1.040-C2,7961,3,2496.25,2,13.5,early25,True
A-G1.040-C2,7961,3,2502.0,4,5.75,early25,True
A-G1.040-C2,7961,3,2519.75,2,17.75,early25,True
A-G1.040-C2,7961,3,2524.0,1,4.25,early25,True
A-G1.040-C2,7961,3,2528.25,2,4.25,early25,True
A-G1.040-C2,7961,3,2533.5,1,5.25,early25,True
A-G1.040-C2,7961,3,2567.25,1,33.75,early25,True
A-G1.040-C2,7961,3,2570.0,2,2.75,early25,True
A-G1.040-C2,7961,3,2574.75,1,4.75,early25,True
A-G1.040-C2,7961,3,2586.75,1,12.0,early25,True
A-G1.040-C2,7961,3,2589.5,1,2.75,early25,True
A-G1.040-C2,7961,3,2592.75,1,3.25,early25,True
A-G1.040-C2,7961,3,2597.5,1,4.75,early25,True
A-G1.040-C2,7961,3,2619.0,2,21.5,middle50,True
A-G1.040-C2,7961,3,2626.5,1,7.5,middle50,True
A-G1.040-C2,7961,3,2629.25,1,2.75,middle50,True
A-G1.040-C2,7961,3,2634.5,1,5.25,middle50,True
A-G1.040-C2,7961,3,2638.0,1,3.5,middle50,True
A-G1.040-C2,7961,3,2641.0,1,3.0,middle50,True
A-G1.040-C2,7961,3,2645.75,1,4.75,middle50,True
A-G1.040-C2,7961,3,2669.75,6,24.0,middle50,True
A-G1.040-C2,7961,3,2678.25,1,8.5,middle50,True
A-G1.040-C2,7961,3,2681.25,1,3.0,middle50,True
A-G1.040-C2,7961,3,2685.75,1,4.5,middle50,True
A-G1.040-C2,7961,3,2689.5,1,3.75,middle50,True
A-G1.040-C2,7961,3,2696.0,1,6.5,middle50,True
A-G1.040-C2,7961,3,2699.75,1,3.75,middle50,True
A-G1.040-C2,7961,3,2728.0,1,28.25,middle50,True
A-G1.040-C2,7961,3,2734.5,2,6.5,middle50,True
A-G1.040-C2,7961,3,2741.25,1,6.75,middle50,True
A-G1.040-C2,7961,3,2751.0,1,9.75,middle50,True
A-G1.040-C2,7961,3,2789.25,1,38.25,middle50,True
A-G1.040-C2,7961,3,2796.0,1,6.75,middle50,True
A-G1.040-C2,7961,3,2800.75,1,4.75,middle50,True
A-G1.040-C2,7961,3,2805.5,2,4.75,middle50,True
A-G1.040-C2,7961,3,2810.5,1,5.0,middle50,True
A-G1.040-C2,7961,3,2812.75,1,2.25,middle50,True
A-G1.040-C2,7961,3,2820.5,2,7.75,middle50,True
A-G1.040-C2,7961,3,2961.5,1,141.0,middle50,True
A-G1.040-C2,7961,3,2969.75,1,8.25,middle50,True
A-G1.040-C2,7961,3,2976.25,1,6.5,middle50,True
A-G1.040-C2,7961,3,2982.75,2,6.5,middle50,True
A-G1.040-C2,7961,3,3014.0,1,31.25,middle50,True
A-G1.040-C2,7961,3,3028.75,1,14.75,middle50,True
A-G1.040-C2,7961,3,3036.0,1,7.25,middle50,True
A-G1.040-C2,7961,3,3039.75,1,3.75,middle50,True
A-G1.040-C2,7961,3,3049.5,6,9.75,middle50,True
A-G1.040-C2,7961,3,3208.75,1,159.25,middle50,True
A-G1.040-C2,7961,3,3221.75,1,13.0,middle50,True
A-G1.040-C2,7961,3,3248.25,1,26.5,middle50,True
A-G1.040-C2,7961,3,3254.5,1,6.25,middle50,True
A-G1.040-C2,7961,3,3260.75,1,6.25,middle50,True
A-G1.040-C2,7961,3,3263.75,5,3.0,middle50,True
A-G1.040-C2,7961,3,3270.5,1,6.75,late25,True
A-G1.040-C2,7961,3,3275.25,1,4.75,late25,True
A-G1.040-C2,7961,3,3286.75,3,11.5,late25,True
A-G1.040-C2,7961,3,3429.5,1,142.75,late25,True
A-G1.040-C2,7961,3,3444.0,1,14.5,late25,True
A-G1.040-C2,7961,3,3478.25,1,34.25,late25,True
A-G1.040-C2,7961,3,3483.0,1,4.75,late25,True
A-G1.040-C2,7961,3,3492.75,1,9.75,late25,True
A-G1.040-C2,7961,3,3497.75,1,5.0,late25,True
A-G1.040-C2,7961,3,3506.75,1,9.0,late25,True
A-G1.040-C2,7961,3,3516.0,1,9.25,late25,True
A-G1.040-C2,7961,3,3523.5,3,7.5,late25,True
A-G1.040-C2,15880,0,0.25,3,,early25,False
A-G1.040-C2,15880,0,9.5,1,9.25,early25,False
A-G1.040-C2,15880,0,25.5,1,16.0,early25,False
A-G1.040-C2,15880,0,40.0,1,14.5,early25,False
A-G1.040-C2,15880,0,43.0,1,3.0,early25,False
A-G1.040-C2,15880,0,91.0,1,48.0,early25,False
A-G1.040-C2,15880,0,95.5,1,4.5,early25,False
A-G1.040-C2,15880,0,98.75,1,3.25,early25,False
A-G1.040-C2,15880,0,102.75,1,4.0,early25,False
A-G1.040-C2,15880,0,117.25,1,14.5,early25,False
A-G1.040-C2,15880,0,161.0,1,43.75,early25,False
A-G1.040-C2,15880,0,174.25,1,13.25,early25,False
A-G1.040-C2,15880,0,180.0,1,5.75,early25,False
A-G1.040-C2,15880,0,212.5,1,32.5,early25,False
A-G1.040-C2,15880,0,222.25,1,9.75,early25,False
A-G1.040-C2,15880,0,228.75,1,6.5,early25,False
A-G1.040-C2,15880,0,236.0,1,7.25,early25,False
A-G1.040-C2,15880,0,400.75,1,164.75,middle50,False
A-G1.040-C2,15880,0,409.5,1,8.75,middle50,False
A-G1.040-C2,15880,0,424.0,1,14.5,middle50,False
A-G1.040-C2,15880,0,426.75,1,2.75,middle50,False
A-G1.040-C2,15880,0,457.0,1,30.25,middle50,False
A-G1.040-C2,15880,0,463.75,1,6.75,middle50,False
A-G1.040-C2,15880,0,469.75,1,6.0,middle50,False
A-G1.040-C2,15880,0,474.5,1,4.75,middle50,False
A-G1.040-C2,15880,0,478.75,1,4.25,middle50,False
A-G1.040-C2,15880,0,486.25,1,7.5,middle50,False
A-G1.040-C2,15880,0,647.5,1,161.25,middle50,False
A-G1.040-C2,15880,0,662.0,1,14.5,middle50,False
A-G1.040-C2,15880,0,664.5,1,2.5,middle50,False
A-G1.040-C2,15880,0,703.0,1,38.5,middle50,False
A-G1.040-C2,15880,0,706.0,1,3.0,middle50,False
A-G1.040-C2,15880,0,712.25,1,6.25,middle50,False
A-G1.040-C2,15880,0,718.0,1,5.75,middle50,False
A-G1.040-C2,15880,0,727.75,1,9.75,middle50,False
A-G1.040-C2,15880,0,873.5,1,145.75,late25,False
A-G1.040-C2,15880,0,880.25,1,6.75,late25,False
A-G1.040-C2,15880,0,887.25,1,7.0,late25,False
A-G1.040-C2,15880,0,890.5,1,3.25,late25,False
A-G1.040-C2,15880,0,894.75,1,4.25,late25,False
A-G1.040-C2,15880,0,928.5,1,33.75,late25,False
A-G1.040-C2,15880,0,932.75,1,4.25,late25,False
A-G1.040-C2,15880,0,936.75,1,4.0,late25,False
A-G1.040-C2,15880,0,943.25,1,6.5,late25,False
A-G1.040-C2,15880,0,949.75,1,6.5,late25,False
A-G1.040-C2,15880,0,954.0,1,4.25,late25,False
A-G1.040-C2,15880,1,1091.0,1,137.0,early25,False
A-G1.040-C2,15880,1,1092.5,1,1.5,early25,False
A-G1.040-C2,15880,1,1095.0,1,2.5,early25,False
A-G1.040-C2,15880,1,1098.5,1,3.5,early25,False
A-G1.040-C2,15880,1,1103.25,1,4.75,early25,False
A-G1.040-C2,15880,1,1105.75,1,2.5,early25,False
A-G1.040-C2,15880,1,1111.25,1,5.5,early25,False
A-G1.040-C2,15880,1,1118.0,2,6.75,early25,False
A-G1.040-C2,15880,1,1123.5,1,5.5,early25,False
A-G1.040-C2,15880,1,1150.0,2,26.5,early25,False
A-G1.040-C2,15880,1,1154.25,1,4.25,early25,False
A-G1.040-C2,15880,1,1158.5,2,4.25,early25,False
A-G1.040-C2,15880,1,1163.75,2,5.25,early25,False
A-G1.040-C2,15880,1,1168.5,2,4.75,early25,False
A-G1.040-C2,15880,1,1173.5,2,5.0,early25,False
A-G1.040-C2,15880,1,1176.5,1,3.0,early25,False
A-G1.040-C2,15880,1,1181.0,2,4.5,early25,False
A-G1.040-C2,15880,1,1188.5,1,7.5,early25,False
A-G1.040-C2,15880,1,1222.0,2,33.5,middle50,False
A-G1.040-C2,15880,1,1228.75,1,6.75,middle50,False
A-G1.040-C2,15880,1,1235.75,1,7.0,middle50,False
A-G1.040-C2,15880,1,1239.5,1,3.75,middle50,False
A-G1.040-C2,15880,1,1272.5,1,33.0,middle50,False
A-G1.040-C2,15880,1,1276.25,2,3.75,middle50,False
A-G1.040-C2,15880,1,1279.75,21,3.5,middle50,False
A-G1.040-C2,15880,1,1282.75,18,3.0,middle50,False
A-G1.040-C2,15880,1,1284.25,1,1.5,middle50,False
A-G1.040-C2,15880,1,1289.0,1,4.75,middle50,False
A-G1.040-C2,15880,1,1293.5,1,4.5,middle50,False
A-G1.040-C2,15880,1,1294.75,1,1.25,middle50,False
A-G1.040-C2,15880,1,1298.75,1,4.0,middle50,False
A-G1.040-C2,15880,1,1300.5,1,1.75,middle50,False
A-G1.040-C2,15880,1,1302.75,1,2.25,middle50,False
A-G1.040-C2,15880,1,1436.0,1,133.25,middle50,False
A-G1.040-C2,15880,1,1440.0,1,4.0,middle50,False
A-G1.040-C2,15880,1,1443.5,1,3.5,middle50,False
A-G1.040-C2,15880,1,1446.5,1,3.0,middle50,False
A-G1.040-C2,15880,1,1449.75,1,3.25,middle50,False
A-G1.040-C2,15880,1,1453.75,1,4.0,middle50,False
A-G1.040-C2,15880,1,1457.0,1,3.25,middle50,False
A-G1.040-C2,15880,1,1460.0,1,3.0,middle50,False
A-G1.040-C2,15880,1,1493.0,1,33.0,middle50,False
A-G1.040-C2,15880,1,1498.75,1,5.75,late25,False
A-G1.040-C2,15880,1,1501.5,1,2.75,late25,False
A-G1.040-C2,15880,1,1507.25,1,5.75,late25,False
A-G1.040-C2,15880,1,1513.0,1,5.75,late25,False
A-G1.040-C2,15880,1,1514.25,1,1.25,late25,False
A-G1.040-C2,15880,1,1517.25,1,3.0,late25,False
A-G1.040-C2,15880,1,1519.0,1,1.75,late25,False
A-G1.040-C2,15880,1,1529.0,1,10.0,late25,False
A-G1.040-C2,15880,1,1632.75,1,103.75,late25,False
A-G1.040-C2,15880,2,1648.0,1,15.25,early25,False
A-G1.040-C2,15880,2,1650.5,2,2.5,early25,False
A-G1.040-C2,15880,2,1653.25,1,2.75,early25,False
A-G1.040-C2,15880,2,1658.0,2,4.75,early25,False
A-G1.040-C2,15880,2,1661.75,3,3.75,early25,False
A-G1.040-C2,15880,2,1666.0,2,4.25,early25,False
A-G1.040-C2,15880,2,1668.0,1,2.0,early25,False
A-G1.040-C2,15880,2,1670.25,1,2.25,early25,False
A-G1.040-C2,15880,2,1674.5,1,4.25,early25,False
A-G1.040-C2,15880,2,1676.25,1,1.75,early25,False
A-G1.040-C2,15880,2,1704.25,1,28.0,early25,False
A-G1.040-C2,15880,2,1710.25,5,6.0,early25,False
A-G1.040-C2,15880,2,1717.25,1,7.0,early25,False
A-G1.040-C2,15880,2,1723.25,3,6.0,early25,False
A-G1.040-C2,15880,2,1729.0,2,5.75,early25,False
A-G1.040-C2,15880,2,1735.25,3,6.25,early25,False
A-G1.040-C2,15880,2,1736.25,1,1.0,early25,False
A-G1.040-C2,15880,2,1745.0,7,8.75,early25,False
A-G1.040-C2,15880,2,1760.75,3,15.75,early25,False
A-G1.040-C2,15880,2,1766.75,2,6.0,early25,False
A-G1.040-C2,15880,2,1771.75,2,5.0,early25,False
A-G1.040-C2,15880,2,1777.75,3,6.0,early25,False
A-G1.040-C2,15880,2,1811.5,1,33.75,early25,False
A-G1.040-C2,15880,2,1816.5,3,5.0,early25,False
A-G1.040-C2,15880,2,1821.75,3,5.25,early25,False
A-G1.040-C2,15880,2,1823.75,2,2.0,early25,False
A-G1.040-C2,15880,2,1826.25,1,2.5,early25,False
A-G1.040-C2,15880,2,1836.0,3,9.75,early25,False
A-G1.040-C2,15880,2,1841.0,3,5.0,early25,False
A-G1.040-C2,15880,2,1853.5,6,12.5,early25,False
A-G1.040-C2,15880,2,1864.25,1,10.75,early25,False
A-G1.040-C2,15880,2,1868.25,2,4.0,early25,False
A-G1.040-C2,15880,2,1871.5,1,3.25,early25,False
A-G1.040-C2,15880,2,1876.25,2,4.75,early25,False
A-G1.040-C2,15880,2,1880.5,1,4.25,early25,False
A-G1.040-C2,15880,2,1883.25,1,2.75,early25,False
A-G1.040-C2,15880,2,1887.0,1,3.75,early25,False
A-G1.040-C2,15880,2,1890.25,17,3.25,early25,False
A-G1.040-C2,15880,2,1923.25,1,33.0,middle50,False
A-G1.040-C2,15880,2,1926.5,1,3.25,middle50,False
A-G1.040-C2,15880,2,1930.5,1,4.0,middle50,False
A-G1.040-C2,15880,2,1936.5,3,6.0,middle50,False
A-G1.040-C2,15880,2,1938.5,1,2.0,middle50,False
A-G1.040-C2,15880,2,1941.75,2,3.25,middle50,False
A-G1.040-C2,15880,2,1949.75,2,8.0,middle50,False
A-G1.040-C2,15880,2,2097.0,1,147.25,middle50,False
A-G1.040-C2,15880,2,2102.0,2,5.0,middle50,False
A-G1.040-C2,15880,2,2107.25,2,5.25,middle50,False
A-G1.040-C2,15880,2,2110.75,1,3.5,middle50,False
A-G1.040-C2,15880,2,2116.75,1,6.0,middle50,False
A-G1.040-C2,15880,2,2119.5,1,2.75,middle50,False
A-G1.040-C2,15880,2,2123.25,2,3.75,middle50,False
A-G1.040-C2,15880,2,2127.5,1,4.25,middle50,False
A-G1.040-C2,15880,2,2154.0,2,26.5,middle50,False
A-G1.040-C2,15880,2,2157.5,1,3.5,middle50,False
A-G1.040-C2,15880,2,2160.25,1,2.75,middle50,False
A-G1.040-C2,15880,2,2163.25,14,3.0,middle50,False
A-G1.040-C2,15880,2,2173.25,2,10.0,middle50,False
A-G1.040-C2,15880,2,2175.75,1,2.5,middle50,False
A-G1.040-C2,15880,2,2179.75,2,4.0,middle50,False
A-G1.040-C2,15880,2,2183.5,2,3.75,middle50,False
A-G1.040-C2,15880,2,2203.25,1,19.75,middle50,False
A-G1.040-C2,15880,2,2325.75,1,122.5,middle50,False
A-G1.040-C2,15880,2,2328.0,1,2.25,middle50,False
A-G1.040-C2,15880,2,2333.25,2,5.25,middle50,False
A-G1.040-C2,15880,2,2336.75,1,3.5,middle50,False
A-G1.040-C2,15880,2,2340.5,1,3.75,middle50,False
A-G1.040-C2,15880,2,2345.25,1,4.75,middle50,False
A-G1.040-C2,15880,2,2349.0,1,3.75,middle50,False
A-G1.040-C2,15880,2,2382.75,1,33.75,middle50,False
A-G1.040-C2,15880,2,2391.25,1,8.5,middle50,False
A-G1.040-C2,15880,2,2395.0,2,3.75,middle50,False
A-G1.040-C2,15880,2,2398.75,1,3.75,middle50,False
A-G1.040-C2,15880,2,2401.0,1,2.25,middle50,False
A-G1.040-C2,15880,2,2403.0,1,2.0,middle50,False
A-G1.040-C2,15880,2,2409.5,2,6.5,middle50,False
A-G1.040-C2,15880,2,2415.5,1,6.0,middle50,False
A-G1.040-C2,15880,2,2542.75,1,127.25,late25,False
A-G1.040-C2,15880,2,2547.25,2,4.5,late25,False
A-G1.040-C2,15880,2,2551.75,1,4.5,late25,False
A-G1.040-C2,15880,2,2553.0,1,1.25,late25,False
A-G1.040-C2,15880,2,2557.25,2,4.25,late25,False
A-G1.040-C2,15880,2,2565.0,1,7.75,late25,False
A-G1.040-C2,15880,2,2569.5,2,4.5,late25,False
A-G1.040-C2,15880,2,2592.75,1,23.25,late25,False
A-G1.040-C2,15880,2,2600.5,1,7.75,late25,False
A-G1.040-C2,15880,2,2603.5,1,3.0,late25,False
A-G1.040-C2,15880,2,2609.75,1,6.25,late25,False
A-G1.040-C2,15880,2,2613.75,2,4.0,late25,False
A-G1.040-C2,15880,2,2619.5,1,5.75,late25,False
A-G1.040-C2,15880,2,2622.0,1,2.5,late25,False
A-G1.040-C2,15880,2,2634.75,6,12.75,late25,False
A-G1.040-C2,15880,2,2730.5,1,95.75,late25,False
A-G1.040-C2,15880,2,2733.25,1,2.75,late25,False
A-G1.040-C2,15880,3,2747.75,2,14.5,early25,True
A-G1.040-C2,15880,3,2750.0,9,2.25,early25,True
A-G1.040-C2,15880,3,2753.5,1,3.5,early25,True
A-G1.040-C2,15880,3,2757.0,2,3.5,early25,True
A-G1.040-C2,15880,3,2760.75,2,3.75,early25,True
A-G1.040-C2,15880,3,2766.0,2,5.25,early25,True
A-G1.040-C2,15880,3,2769.5,2,3.5,early25,True
A-G1.040-C2,15880,3,2779.0,3,9.5,early25,True
A-G1.040-C2,15880,3,2802.25,6,23.25,early25,True
A-G1.040-C2,15880,3,2809.75,6,7.5,early25,True
A-G1.040-C2,15880,3,2814.75,1,5.0,early25,True
A-G1.040-C2,15880,3,2816.0,5,1.25,early25,True
A-G1.040-C2,15880,3,2827.5,2,11.5,early25,True
A-G1.040-C2,15880,3,2833.75,3,6.25,early25,True
A-G1.040-C2,15880,3,2855.0,1,21.25,early25,True
A-G1.040-C2,15880,3,2858.75,1,3.75,early25,True
A-G1.040-C2,15880,3,2863.0,1,4.25,early25,True
A-G1.040-C2,15880,3,2867.25,1,4.25,early25,True
A-G1.040-C2,15880,3,2870.75,1,3.5,early25,True
A-G1.040-C2,15880,3,2874.5,1,3.75,early25,True
A-G1.040-C2,15880,3,2877.5,1,3.0,early25,True
A-G1.040-C2,15880,3,2882.0,11,4.5,early25,True
A-G1.040-C2,15880,3,2908.25,1,26.25,early25,True
A-G1.040-C2,15880,3,2911.0,1,2.75,early25,True
A-G1.040-C2,15880,3,2920.0,2,9.0,early25,True
A-G1.040-C2,15880,3,2927.0,1,7.0,early25,True
A-G1.040-C2,15880,3,2934.75,1,7.75,early25,True
A-G1.040-C2,15880,3,2956.25,2,21.5,middle50,True
A-G1.040-C2,15880,3,2962.5,1,6.25,middle50,True
A-G1.040-C2,15880,3,2965.5,1,3.0,middle50,True
A-G1.040-C2,15880,3,2969.0,1,3.5,middle50,True
A-G1.040-C2,15880,3,2972.25,1,3.25,middle50,True
A-G1.040-C2,15880,3,2978.75,1,6.5,middle50,True
A-G1.040-C2,15880,3,2982.75,1,4.0,middle50,True
A-G1.040-C2,15880,3,3008.5,1,25.75,middle50,True
A-G1.040-C2,15880,3,3011.25,7,2.75,middle50,True
A-G1.040-C2,15880,3,3018.25,1,7.0,middle50,True
A-G1.040-C2,15880,3,3029.5,1,11.25,middle50,True
A-G1.040-C2,15880,3,3039.25,1,9.75,middle50,True
A-G1.040-C2,15880,3,3045.25,1,6.0,middle50,True
A-G1.040-C2,15880,3,3053.5,5,8.25,middle50,True
A-G1.040-C2,15880,3,3212.75,4,159.25,middle50,True
A-G1.040-C2,15880,3,3215.25,3,2.5,middle50,True
A-G1.040-C2,15880,3,3223.0,1,7.75,middle50,True
A-G1.040-C2,15880,3,3228.0,1,5.0,middle50,True
A-G1.040-C2,15880,3,3260.75,1,32.75,middle50,True
A-G1.040-C2,15880,3,3271.5,2,10.75,middle50,True
A-G1.040-C2,15880,3,3277.75,3,6.25,middle50,True
A-G1.040-C2,15880,3,3278.75,3,1.0,middle50,True
A-G1.040-C2,15880,3,3280.0,2,1.25,middle50,True
A-G1.040-C2,15880,3,3285.0,1,5.0,middle50,True
A-G1.040-C2,15880,3,3305.25,1,20.25,middle50,True
A-G1.040-C2,15880,3,3446.5,1,141.25,late25,True
A-G1.040-C2,15880,3,3454.25,1,7.75,late25,True
A-G1.040-C2,15880,3,3466.25,1,12.0,late25,True
A-G1.040-C2,15880,3,3472.25,1,6.0,late25,True
A-G1.040-C2,15880,3,3501.5,1,29.25,late25,True
A-G1.040-C2,15880,3,3504.75,1,3.25,late25,True
A-G1.040-C2,15880,3,3509.5,5,4.75,late25,True
A-G1.040-C2,15880,3,3514.25,1,4.75,late25,True
A-G1.040-C2,15880,3,3518.75,1,4.5,late25,True
A-G1.040-C2,15880,3,3531.75,1,13.0,late25,True
A-G1.040-C2,23799,0,0.25,3,,early25,False
A-G1.040-C2,23799,0,8.25,1,8.0,early25,False
A-G1.040-C2,23799,0,16.5,1,8.25,early25,False
A-G1.040-C2,23799,0,45.75,1,29.25,early25,False
A-G1.040-C2,23799,0,58.0,1,12.25,early25,False
A-G1.040-C2,23799,0,88.75,1,30.75,early25,False
A-G1.040-C2,23799,0,112.25,1,23.5,early25,False
A-G1.040-C2,23799,0,123.75,1,11.5,middle50,False
A-G1.040-C2,23799,0,164.5,1,40.75,middle50,False
A-G1.040-C2,23799,0,214.0,1,49.5,middle50,False
A-G1.040-C2,23799,0,223.75,1,9.75,middle50,False
A-G1.040-C2,23799,0,237.75,1,14.0,middle50,False
A-G1.040-C2,23799,0,240.75,1,3.0,middle50,False
A-G1.040-C2,23799,0,244.5,1,3.75,middle50,False
A-G1.040-C2,23799,0,288.25,1,43.75,middle50,False
A-G1.040-C2,23799,0,297.75,1,9.5,middle50,False
A-G1.040-C2,23799,0,304.75,1,7.0,middle50,False
A-G1.040-C2,23799,0,315.75,1,11.0,middle50,False
A-G1.040-C2,23799,0,341.5,2,25.75,middle50,False
A-G1.040-C2,23799,0,352.25,1,10.75,middle50,False
A-G1.040-C2,23799,0,359.0,14,6.75,middle50,False
A-G1.040-C2,23799,1,525.5,1,166.5,early25,False
A-G1.040-C2,23799,1,538.5,1,13.0,early25,False
A-G1.040-C2,23799,1,570.5,1,32.0,early25,False
A-G1.040-C2,23799,1,574.75,1,4.25,early25,False
A-G1.040-C2,23799,1,582.5,2,7.75,early25,False
A-G1.040-C2,23799,1,587.75,1,5.25,early25,False
A-G1.040-C2,23799,1,595.25,2,7.5,early25,False
A-G1.040-C2,23799,1,604.25,3,9.0,early25,False
A-G1.040-C2,23799,1,618.0,3,13.75,early25,False
A-G1.040-C2,23799,1,655.25,1,37.25,early25,False
A-G1.040-C2,23799,1,663.25,2,8.0,early25,False
A-G1.040-C2,23799,1,672.25,22,9.0,early25,False
A-G1.040-C2,23799,1,696.25,2,24.0,middle50,False
A-G1.040-C2,23799,1,702.25,2,6.0,middle50,False
A-G1.040-C2,23799,1,706.75,1,4.5,middle50,False
A-G1.040-C2,23799,1,712.75,2,6.0,middle50,False
A-G1.040-C2,23799,1,718.5,2,5.75,middle50,False
A-G1.040-C2,23799,1,721.5,1,3.0,middle50,False
A-G1.040-C2,23799,1,725.75,1,4.25,middle50,False
A-G1.040-C2,23799,1,735.5,18,9.75,middle50,False
A-G1.040-C2,23799,1,887.25,1,151.75,middle50,False
A-G1.040-C2,23799,1,943.25,1,56.0,middle50,False
A-G1.040-C2,23799,1,949.5,1,6.25,middle50,False
A-G1.040-C2,23799,1,950.5,1,1.0,middle50,False
A-G1.040-C2,23799,1,951.75,1,1.25,middle50,False
A-G1.040-C2,23799,1,956.75,1,5.0,middle50,False
A-G1.040-C2,23799,1,961.0,2,4.25,middle50,False
A-G1.040-C2,23799,1,965.25,1,4.25,middle50,False
A-G1.040-C2,23799,1,965.75,1,0.5,middle50,False
A-G1.040-C2,23799,1,970.0,1,4.25,middle50,False
A-G1.040-C2,23799,1,975.25,1,5.25,middle50,False
A-G1.040-C2,23799,1,975.75,1,0.5,middle50,False
A-G1.040-C2,23799,1,1108.0,1,132.25,late25,False
A-G1.040-C2,23799,1,1112.25,1,4.25,late25,False
A-G1.040-C2,23799,1,1115.5,1,3.25,late25,False
A-G1.040-C2,23799,1,1119.0,1,3.5,late25,False
A-G1.040-C2,23799,1,1121.5,1,2.5,late25,False
A-G1.040-C2,23799,1,1128.25,1,6.75,late25,False
A-G1.040-C2,23799,1,1132.25,1,4.0,late25,False
A-G1.040-C2,23799,1,1138.25,1,6.0,late25,False
A-G1.040-C2,23799,1,1165.75,2,27.5,late25,False
A-G1.040-C2,23799,1,1170.75,2,5.0,late25,False
A-G1.040-C2,23799,1,1173.75,1,3.0,late25,False
A-G1.040-C2,23799,1,1177.5,1,3.75,late25,False
A-G1.040-C2,23799,1,1182.0,13,4.5,late25,False
A-G1.040-C2,23799,1,1183.5,1,1.5,late25,False
A-G1.040-C2,23799,1,1195.5,1,12.0,late25,False
A-G1.040-C2,23799,2,1305.5,2,110.0,early25,False
A-G1.040-C2,23799,2,1319.25,3,13.75,early25,False
A-G1.040-C2,23799,2,1322.5,1,3.25,early25,False
A-G1.040-C2,23799,2,1325.5,1,3.0,early25,False
A-G1.040-C2,23799,2,1329.25,3,3.75,early25,False
A-G1.040-C2,23799,2,1332.5,2,3.25,early25,False
A-G1.040-C2,23799,2,1336.75,2,4.25,early25,False
A-G1.040-C2,23799,2,1341.75,3,5.0,early25,False
A-G1.040-C2,23799,2,1346.25,3,4.5,early25,False
A-G1.040-C2,23799,2,1372.25,2,26.0,early25,False
A-G1.040-C2,23799,2,1375.25,1,3.0,early25,False
A-G1.040-C2,23799,2,1378.5,11,3.25,early25,False
A-G1.040-C2,23799,2,1381.75,2,3.25,early25,False
A-G1.040-C2,23799,2,1384.5,1,2.75,early25,False
A-G1.040-C2,23799,2,1386.25,1,1.75,early25,False
A-G1.040-C2,23799,2,1387.75,2,1.5,early25,False
A-G1.040-C2,23799,2,1393.0,2,5.25,early25,False
A-G1.040-C2,23799,2,1399.25,2,6.25,early25,False
A-G1.040-C2,23799,2,1408.75,2,9.5,early25,False
A-G1.040-C2,23799,2,1425.25,2,16.5,early25,False
A-G1.040-C2,23799,2,1430.0,2,4.75,early25,False
A-G1.040-C2,23799,2,1434.25,1,4.25,early25,False
A-G1.040-C2,23799,2,1439.75,2,5.5,early25,False
A-G1.040-C2,23799,2,1445.25,2,5.5,early25,False
A-G1.040-C2,23799,2,1460.5,3,15.25,early25,False
A-G1.040-C2,23799,2,1481.0,2,20.5,early25,False
A-G1.040-C2,23799,2,1484.0,1,3.0,early25,False
A-G1.040-C2,23799,2,1487.75,21,3.75,early25,False
A-G1.040-C2,23799,2,1491.0,2,3.25,middle50,False
A-G1.040-C2,23799,2,1493.0,1,2.0,middle50,False
A-G1.040-C2,23799,2,1497.75,1,4.75,middle50,False
A-G1.040-C2,23799,2,1500.5,1,2.75,middle50,False
A-G1.040-C2,23799,2,1505.75,2,5.25,middle50,False
A-G1.040-C2,23799,2,1510.5,3,4.75,middle50,False
A-G1.040-C2,23799,2,1518.75,5,8.25,middle50,False
A-G1.040-C2,23799,2,1648.0,1,129.25,middle50,False
A-G1.040-C2,23799,2,1651.0,1,3.0,middle50,False
A-G1.040-C2,23799,2,1654.25,2,3.25,middle50,False
A-G1.040-C2,23799,2,1656.75,1,2.5,middle50,False
A-G1.040-C2,23799,2,1660.25,2,3.5,middle50,False
A-G1.040-C2,23799,2,1661.5,4,1.25,middle50,False
A-G1.040-C2,23799,2,1665.0,1,3.5,middle50,False
A-G1.040-C2,23799,2,1669.0,1,4.0,middle50,False
A-G1.040-C2,23799,2,1673.0,2,4.0,middle50,False
A-G1.040-C2,23799,2,1702.5,1,29.5,middle50,False
A-G1.040-C2,23799,2,1705.0,1,2.5,middle50,False
A-G1.040-C2,23799,2,1708.25,2,3.25,middle50,False
A-G1.040-C2,23799,2,1711.75,1,3.5,middle50,False
A-G1.040-C2,23799,2,1713.25,1,1.5,middle50,False
A-G1.040-C2,23799,2,1715.75,1,2.5,middle50,False
A-G1.040-C2,23799,2,1717.0,1,1.25,middle50,False
A-G1.040-C2,23799,2,1721.0,3,4.0,middle50,False
A-G1.040-C2,23799,2,1730.25,2,9.25,middle50,False
A-G1.040-C2,23799,2,1739.25,1,9.0,middle50,False
A-G1.040-C2,23799,2,1868.75,2,129.5,middle50,False
A-G1.040-C2,23799,2,1876.75,1,8.0,late25,False
A-G1.040-C2,23799,2,1879.25,1,2.5,late25,False
A-G1.040-C2,23799,2,1882.0,1,2.75,late25,False
A-G1.040-C2,23799,2,1884.75,1,2.75,late25,False
A-G1.040-C2,23799,2,1888.25,1,3.5,late25,False
A-G1.040-C2,23799,2,1891.25,1,3.0,late25,False
A-G1.040-C2,23799,2,1893.5,1,2.25,late25,False
A-G1.040-C2,23799,2,1896.25,1,2.75,late25,False
A-G1.040-C2,23799,2,1899.0,10,2.75,late25,False
A-G1.040-C2,23799,2,1924.75,2,25.75,late25,False
A-G1.040-C2,23799,2,1927.75,1,3.0,late25,False
A-G1.040-C2,23799,2,1930.75,1,3.0,late25,False
A-G1.040-C2,23799,2,1931.5,1,0.75,late25,False
A-G1.040-C2,23799,2,1936.75,1,5.25,late25,False
A-G1.040-C2,23799,2,1939.25,1,2.5,late25,False
A-G1.040-C2,23799,2,1943.0,2,3.75,late25,False
A-G1.040-C2,23799,2,1950.75,1,7.75,late25,False
A-G1.040-C2,23799,2,1954.5,1,3.75,late25,False
A-G1.040-C2,23799,2,1955.75,1,1.25,late25,False
A-G1.040-C2,23799,3,2075.25,3,119.5,early25,True
A-G1.040-C2,23799,3,2080.25,3,5.0,early25,True
A-G1.040-C2,23799,3,2083.5,1,3.25,early25,True
A-G1.040-C2,23799,3,2086.75,2,3.25,early25,True
A-G1.040-C2,23799,3,2090.75,2,4.0,early25,True
A-G1.040-C2,23799,3,2094.25,1,3.5,early25,True
A-G1.040-C2,23799,3,2098.75,2,4.5,early25,True
A-G1.040-C2,23799,3,2104.25,2,5.5,early25,True
A-G1.040-C2,23799,3,2132.0,2,27.75,early25,True
A-G1.040-C2,23799,3,2134.25,1,2.25,early25,True
A-G1.040-C2,23799,3,2137.5,2,3.25,early25,True
A-G1.040-C2,23799,3,2141.0,13,3.5,early25,True
A-G1.040-C2,23799,3,2144.5,2,3.5,early25,True
A-G1.040-C2,23799,3,2148.0,2,3.5,early25,True
A-G1.040-C2,23799,3,2151.25,1,3.25,early25,True
A-G1.040-C2,23799,3,2155.0,1,3.75,early25,True
A-G1.040-C2,23799,3,2156.75,1,1.75,early25,True
A-G1.040-C2,23799,3,2166.5,1,9.75,early25,True
A-G1.040-C2,23799,3,2181.0,2,14.5,early25,True
A-G1.040-C2,23799,3,2185.5,1,4.5,early25,True
A-G1.040-C2,23799,3,2189.75,1,4.25,early25,True
A-G1.040-C2,23799,3,2200.25,2,10.5,early25,True
A-G1.040-C2,23799,3,2205.75,1,5.5,early25,True
A-G1.040-C2,23799,3,2240.0,2,34.25,early25,True
A-G1.040-C2,23799,3,2246.5,2,6.5,early25,True
A-G1.040-C2,23799,3,2255.25,3,8.75,early25,True
A-G1.040-C2,23799,3,2261.75,2,6.5,early25,True
A-G1.040-C2,23799,3,2271.75,1,10.0,early25,True
A-G1.040-C2,23799,3,2302.0,3,30.25,early25,True
A-G1.040-C2,23799,3,2309.5,2,7.5,early25,True
A-G1.040-C2,23799,3,2318.0,1,8.5,early25,True
A-G1.040-C2,23799,3,2325.25,2,7.25,early25,True
A-G1.040-C2,23799,3,2355.5,2,30.25,early25,True
A-G1.040-C2,23799,3,2359.75,1,4.25,early25,True
A-G1.040-C2,23799,3,2365.5,2,5.75,early25,True
A-G1.040-C2,23799,3,2369.25,2,3.75,early25,True
A-G1.040-C2,23799,3,2374.75,2,5.5,early25,True
A-G1.040-C2,23799,3,2383.25,1,8.5,early25,True
A-G1.040-C2,23799,3,2389.25,3,6.0,early25,True
A-G1.040-C2,23799,3,2399.5,1,10.25,early25,True
A-G1.040-C2,23799,3,2402.5,1,3.0,early25,True
A-G1.040-C2,23799,3,2406.25,1,3.75,early25,True
A-G1.040-C2,23799,3,2410.25,1,4.0,early25,True
A-G1.040-C2,23799,3,2413.75,1,3.5,early25,True
A-G1.040-C2,23799,3,2417.75,1,4.0,early25,True
A-G1.040-C2,23799,3,2421.0,1,3.25,early25,True
A-G1.040-C2,23799,3,2424.5,9,3.5,early25,True
A-G1.040-C2,23799,3,2457.25,1,32.75,middle50,True
A-G1.040-C2,23799,3,2460.5,2,3.25,middle50,True
A-G1.040-C2,23799,3,2467.0,1,6.5,middle50,True
A-G1.040-C2,23799,3,2474.5,2,7.5,middle50,True
A-G1.040-C2,23799,3,2479.75,1,5.25,middle50,True
A-G1.040-C2,23799,3,2490.5,1,10.75,middle50,True
A-G1.040-C2,23799,3,2508.0,2,17.5,middle50,True
A-G1.040-C2,23799,3,2512.0,1,4.0,middle50,True
A-G1.040-C2,23799,3,2516.75,1,4.75,middle50,True
A-G1.040-C2,23799,3,2521.5,1,4.75,middle50,True
A-G1.040-C2,23799,3,2528.5,1,7.0,middle50,True
A-G1.040-C2,23799,3,2567.0,2,38.5,middle50,True
A-G1.040-C2,23799,3,2575.0,1,8.0,middle50,True
A-G1.040-C2,23799,3,2580.0,1,5.0,middle50,True
A-G1.040-C2,23799,3,2584.75,2,4.75,middle50,True
A-G1.040-C2,23799,3,2612.5,1,27.75,middle50,True
A-G1.040-C2,23799,3,2616.0,1,3.5,middle50,True
A-G1.040-C2,23799,3,2622.25,1,6.25,middle50,True
A-G1.040-C2,23799,3,2626.0,1,3.75,middle50,True
A-G1.040-C2,23799,3,2632.0,7,6.0,middle50,True
A-G1.040-C2,23799,3,2666.75,1,34.75,middle50,True
A-G1.040-C2,23799,3,2682.0,1,15.25,middle50,True
A-G1.040-C2,23799,3,2690.25,2,8.25,middle50,True
A-G1.040-C2,23799,3,2695.75,1,5.5,middle50,True
A-G1.040-C2,23799,3,2710.25,4,14.5,middle50,True
A-G1.040-C2,23799,3,2850.0,1,139.75,middle50,True
A-G1.040-C2,23799,3,2864.25,1,14.25,middle50,True
A-G1.040-C2,23799,3,2870.5,1,6.25,middle50,True
A-G1.040-C2,23799,3,2874.0,1,3.5,middle50,True
A-G1.040-C2,23799,3,2902.75,1,28.75,middle50,True
A-G1.040-C2,23799,3,2905.75,1,3.0,middle50,True
A-G1.040-C2,23799,3,2910.5,1,4.75,middle50,True
A-G1.040-C2,23799,3,2916.25,6,5.75,middle50,True
A-G1.040-C2,23799,3,2932.0,1,15.75,middle50,True
A-G1.040-C2,23799,3,3073.0,1,141.0,middle50,True
A-G1.040-C2,23799,3,3078.5,1,5.5,middle50,True
A-G1.040-C2,23799,3,3084.25,1,5.75,middle50,True
A-G1.040-C2,23799,3,3090.5,1,6.25,middle50,True
A-G1.040-C2,23799,3,3097.0,1,6.5,middle50,True
A-G1.040-C2,23799,3,3122.75,1,25.75,middle50,True
A-G1.040-C2,23799,3,3127.75,3,5.0,middle50,True
A-G1.040-C2,23799,3,3131.0,1,3.25,middle50,True
A-G1.040-C2,23799,3,3146.5,1,15.5,middle50,True
A-G1.040-C2,23799,3,3148.5,1,2.0,middle50,True
A-G1.040-C2,23799,3,3153.75,1,5.25,middle50,True
A-G1.040-C2,23799,3,3302.0,1,148.25,late25,True
A-G1.040-C2,23799,3,3311.0,1,9.0,late25,True
A-G1.040-C2,23799,3,3316.5,1,5.5,late25,True
A-G1.040-C2,23799,3,3322.0,1,5.5,late25,True
A-G1.040-C2,23799,3,3361.25,1,39.25,late25,True
A-G1.040-C2,23799,3,3377.5,1,16.25,late25,True
A-G1.040-C2,23799,3,3382.0,1,4.5,late25,True
A-G1.040-C2,23799,3,3536.0,1,154.0,late25,True
A-G1.040-C2,23799,3,3545.0,1,9.0,late25,True
A-G1.040-C2,23799,3,3552.5,1,7.5,late25,True
A-G1.040-C2,23799,3,3558.75,4,6.25,late25,True
A-G1.040-C2,23799,3,3589.0,1,30.25,late25,True
A-G1.040-C2,23799,3,3599.5,1,10.5,late25,True
A-G1.040-C2,31718,0,0.25,3,,early25,False
A-G1.040-C2,31718,0,8.5,1,8.25,early25,False
A-G1.040-C2,31718,0,17.25,1,8.75,early25,False
A-G1.040-C2,31718,0,33.75,1,16.5,early25,False
A-G1.040-C2,31718,0,50.75,1,17.0,early25,False
A-G1.040-C2,31718,0,93.75,1,43.0,early25,False
A-G1.040-C2,31718,0,100.75,1,7.0,early25,False
A-G1.040-C2,31718,0,116.0,1,15.25,early25,False
A-G1.040-C2,31718,0,158.75,1,42.75,early25,False
A-G1.040-C2,31718,0,161.75,1,3.0,early25,False
A-G1.040-C2,31718,0,168.25,1,6.5,early25,False
A-G1.040-C2,31718,0,175.25,1,7.0,early25,False
A-G1.040-C2,31718,0,179.25,1,4.0,early25,False
A-G1.040-C2,31718,0,217.5,1,38.25,early25,False
A-G1.040-C2,31718,0,223.25,1,5.75,early25,False
A-G1.040-C2,31718,0,227.75,1,4.5,early25,False
A-G1.040-C2,31718,0,234.5,1,6.75,early25,False
A-G1.040-C2,31718,0,247.5,1,13.0,early25,False
A-G1.040-C2,31718,0,404.75,1,157.25,middle50,False
A-G1.040-C2,31718,0,410.0,1,5.25,middle50,False
A-G1.040-C2,31718,0,455.75,1,45.75,middle50,False
A-G1.040-C2,31718,0,460.75,1,5.0,middle50,False
A-G1.040-C2,31718,0,465.75,1,5.0,middle50,False
A-G1.040-C2,31718,0,470.0,1,4.25,middle50,False
A-G1.040-C2,31718,0,474.75,1,4.75,middle50,False
A-G1.040-C2,31718,0,478.5,1,3.75,middle50,False
A-G1.040-C2,31718,0,493.0,1,14.5,middle50,False
A-G1.040-C2,31718,0,649.0,1,156.0,middle50,False
A-G1.040-C2,31718,0,655.25,1,6.25,middle50,False
A-G1.040-C2,31718,0,657.5,1,2.25,middle50,False
A-G1.040-C2,31718,0,667.0,1,9.5,middle50,False
A-G1.040-C2,31718,0,699.5,1,32.5,middle50,False
A-G1.040-C2,31718,0,709.25,1,9.75,middle50,False
A-G1.040-C2,31718,0,715.25,1,6.0,middle50,False
A-G1.040-C2,31718,0,720.0,1,4.75,middle50,False
A-G1.040-C2,31718,0,870.0,1,150.0,late25,False
A-G1.040-C2,31718,0,887.25,1,17.25,late25,False
A-G1.040-C2,31718,0,894.5,1,7.25,late25,False
A-G1.040-C2,31718,0,926.5,1,32.0,late25,False
A-G1.040-C2,31718,0,930.5,1,4.0,late25,False
A-G1.040-C2,31718,0,934.25,1,3.75,late25,False
A-G1.040-C2,31718,0,938.5,1,4.25,late25,False
A-G1.040-C2,31718,0,943.75,1,5.25,late25,False
A-G1.040-C2,31718,0,948.25,1,4.5,late25,False
A-G1.040-C2,31718,0,953.0,1,4.75,late25,False
A-G1.040-C2,31718,0,963.25,1,10.25,late25,False
A-G1.040-C2,31718,1,1094.75,1,131.5,early25,False
A-G1.040-C2,31718,1,1098.5,1,3.75,early25,False
A-G1.040-C2,31718,1,1100.0,1,1.5,early25,False
A-G1.040-C2,31718,1,1104.0,2,4.0,early25,False
A-G1.040-C2,31718,1,1106.5,1,2.5,early25,False
A-G1.040-C2,31718,1,1111.25,2,4.75,early25,False
A-G1.040-C2,31718,1,1116.25,1,5.0,early25,False
A-G1.040-C2,31718,1,1121.5,2,5.25,early25,False
A-G1.040-C2,31718,1,1128.25,2,6.75,early25,False
A-G1.040-C2,31718,1,1152.0,2,23.75,early25,False
A-G1.040-C2,31718,1,1155.0,1,3.0,early25,False
A-G1.040-C2,31718,1,1159.25,1,4.25,early25,False
A-G1.040-C2,31718,1,1163.25,24,4.0,early25,False
A-G1.040-C2,31718,1,1164.25,1,1.0,early25,False
A-G1.040-C2,31718,1,1174.25,1,10.0,early25,False
A-G1.040-C2,31718,1,1180.25,1,6.0,early25,False
A-G1.040-C2,31718,1,1181.5,1,1.25,early25,False
A-G1.040-C2,31718,1,1333.25,1,151.75,middle50,False
A-G1.040-C2,31718,1,1338.5,1,5.25,middle50,False
A-G1.040-C2,31718,1,1343.25,2,4.75,middle50,False
A-G1.040-C2,31718,1,1348.25,1,5.0,middle50,False
A-G1.040-C2,31718,1,1354.75,2,6.5,middle50,False
A-G1.040-C2,31718,1,1360.25,1,5.5,middle50,False
A-G1.040-C2,31718,1,1383.25,1,23.0,middle50,False
A-G1.040-C2,31718,1,1387.25,1,4.0,middle50,False
A-G1.040-C2,31718,1,1390.75,18,3.5,middle50,False
A-G1.040-C2,31718,1,1400.0,1,9.25,middle50,False
A-G1.040-C2,31718,1,1402.0,1,2.0,middle50,False
A-G1.040-C2,31718,1,1405.5,1,3.5,middle50,False
A-G1.040-C2,31718,1,1407.5,1,2.0,middle50,False
A-G1.040-C2,31718,1,1410.5,1,3.0,middle50,False
A-G1.040-C2,31718,1,1413.0,1,2.5,middle50,False
A-G1.040-C2,31718,1,1422.5,4,9.5,middle50,False
A-G1.040-C2,31718,1,1549.0,1,126.5,middle50,False
A-G1.040-C2,31718,1,1551.75,1,2.75,middle50,False
A-G1.040-C2,31718,1,1554.75,1,3.0,middle50,False
A-G1.040-C2,31718,1,1557.75,1,3.0,middle50,False
A-G1.040-C2,31718,1,1561.25,1,3.5,middle50,False
A-G1.040-C2,31718,1,1564.25,1,3.0,middle50,False
A-G1.040-C2,31718,1,1568.75,1,4.5,middle50,False
A-G1.040-C2,31718,1,1572.25,2,3.5,middle50,False
A-G1.040-C2,31718,1,1578.25,1,6.0,late25,False
A-G1.040-C2,31718,1,1604.25,14,26.0,late25,False
A-G1.040-C2,31718,1,1609.25,1,5.0,late25,False
A-G1.040-C2,31718,1,1612.5,1,3.25,late25,False
A-G1.040-C2,31718,1,1619.75,1,7.25,late25,False
A-G1.040-C2,31718,1,1622.5,1,2.75,late25,False
A-G1.040-C2,31718,1,1624.75,1,2.25,late25,False
A-G1.040-C2,31718,1,1627.75,1,3.0,late25,False
A-G1.040-C2,31718,1,1631.0,1,3.25,late25,False
A-G1.040-C2,31718,1,1632.5,1,1.5,late25,False
A-G1.040-C2,31718,1,1634.5,1,2.0,late25,False
A-G1.040-C2,31718,1,1737.75,1,103.25,late25,False
A-G1.040-C2,31718,1,1740.25,1,2.5,late25,False
A-G1.040-C2,31718,1,1743.0,1,2.75,late25,False
A-G1.040-C2,31718,1,1744.5,1,1.5,late25,False
A-G1.040-C2,31718,2,1758.75,1,14.25,early25,False
A-G1.040-C2,31718,2,1761.25,2,2.5,early25,False
A-G1.040-C2,31718,2,1764.75,3,3.5,early25,False
A-G1.040-C2,31718,2,1768.0,2,3.25,early25,False
A-G1.040-C2,31718,2,1770.5,1,2.5,early25,False
A-G1.040-C2,31718,2,1773.25,2,2.75,early25,False
A-G1.040-C2,31718,2,1775.0,2,1.75,early25,False
A-G1.040-C2,31718,2,1777.75,1,2.75,early25,False
A-G1.040-C2,31718,2,1782.75,2,5.0,early25,False
A-G1.040-C2,31718,2,1787.5,2,4.75,early25,False
A-G1.040-C2,31718,2,1793.75,4,6.25,early25,False
A-G1.040-C2,31718,2,1815.5,2,21.75,early25,False
A-G1.040-C2,31718,2,1817.75,2,2.25,early25,False
A-G1.040-C2,31718,2,1819.5,1,1.75,early25,False
A-G1.040-C2,31718,2,1821.75,2,2.25,early25,False
A-G1.040-C2,31718,2,1823.5,2,1.75,early25,False
A-G1.040-C2,31718,2,1825.5,1,2.0,early25,False
A-G1.040-C2,31718,2,1828.75,1,3.25,early25,False
A-G1.040-C2,31718,2,1832.25,1,3.5,early25,False
A-G1.040-C2,31718,2,1837.25,2,5.0,early25,False
A-G1.040-C2,31718,2,1839.0,1,1.75,early25,False
A-G1.040-C2,31718,2,1845.0,2,6.0,early25,False
A-G1.040-C2,31718,2,1855.5,6,10.5,early25,False
A-G1.040-C2,31718,2,1866.25,1,10.75,early25,False
A-G1.040-C2,31718,2,1870.5,2,4.25,early25,False
A-G1.040-C2,31718,2,1874.75,1,4.25,early25,False
A-G1.040-C2,31718,2,1880.5,2,5.75,early25,False
A-G1.040-C2,31718,2,1886.5,2,6.0,early25,False
A-G1.040-C2,31718,2,1893.25,2,6.75,early25,False
A-G1.040-C2,31718,2,1899.75,2,6.5,early25,False
A-G1.040-C2,31718,2,1922.75,1,23.0,early25,False
A-G1.040-C2,31718,2,1927.0,19,4.25,early25,False
A-G1.040-C2,31718,2,1930.75,1,3.75,early25,False
A-G1.040-C2,31718,2,1934.5,2,3.75,early25,False
A-G1.040-C2,31718,2,1943.0,1,8.5,middle50,False
A-G1.040-C2,31718,2,1946.75,2,3.75,middle50,False
A-G1.040-C2,31718,2,2103.75,3,157.0,middle50,False
A-G1.040-C2,31718,2,2109.75,1,6.0,middle50,False
A-G1.040-C2,31718,2,2115.0,1,5.25,middle50,False
A-G1.040-C2,31718,2,2121.5,1,6.5,middle50,False
A-G1.040-C2,31718,2,2124.75,1,3.25,middle50,False
A-G1.040-C2,31718,2,2132.0,2,7.25,middle50,False
A-G1.040-C2,31718,2,2162.25,1,30.25,middle50,False
A-G1.040-C2,31718,2,2166.25,1,4.0,middle50,False
A-G1.040-C2,31718,2,2168.75,1,2.5,middle50,False
A-G1.040-C2,31718,2,2172.75,2,4.0,middle50,False
A-G1.040-C2,31718,2,2178.75,2,6.0,middle50,False
A-G1.040-C2,31718,2,2182.75,1,4.0,middle50,False
A-G1.040-C2,31718,2,2186.5,2,3.75,middle50,False
A-G1.040-C2,31718,2,2189.25,1,2.75,middle50,False
A-G1.040-C2,31718,2,2197.25,2,8.0,middle50,False
A-G1.040-C2,31718,2,2325.25,1,128.0,middle50,False
A-G1.040-C2,31718,2,2332.5,1,7.25,late25,False
A-G1.040-C2,31718,2,2337.75,2,5.25,late25,False
A-G1.040-C2,31718,2,2346.75,1,9.0,late25,False
A-G1.040-C2,31718,2,2352.0,1,5.25,late25,False
A-G1.040-C2,31718,2,2383.25,1,31.25,late25,False
A-G1.040-C2,31718,2,2388.0,1,4.75,late25,False
A-G1.040-C2,31718,2,2393.0,1,5.0,late25,False
A-G1.040-C2,31718,2,2394.5,1,1.5,late25,False
A-G1.040-C2,31718,2,2399.0,1,4.5,late25,False
A-G1.040-C2,31718,2,2401.0,1,2.0,late25,False
A-G1.040-C2,31718,2,2404.5,2,3.5,late25,False
A-G1.040-C2,31718,2,2409.25,1,4.75,late25,False
A-G1.040-C2,31718,2,2418.0,1,8.75,late25,False
A-G1.040-C2,31718,3,2539.5,1,121.5,early25,True
A-G1.040-C2,31718,3,2545.5,3,6.0,early25,True
A-G1.040-C2,31718,3,2548.0,1,2.5,early25,True
A-G1.040-C2,31718,3,2550.75,2,2.75,early25,True
A-G1.040-C2,31718,3,2553.25,2,2.5,early25,True
A-G1.040-C2,31718,3,2564.5,2,11.25,early25,True
A-G1.040-C2,31718,3,2592.5,1,28.0,early25,True
A-G1.040-C2,31718,3,2599.0,2,6.5,early25,True
A-G1.040-C2,31718,3,2608.25,5,9.25,early25,True
A-G1.040-C2,31718,3,2619.5,1,11.25,early25,True
A-G1.040-C2,31718,3,2630.75,5,11.25,early25,True
A-G1.040-C2,31718,3,2637.0,6,6.25,early25,True
A-G1.040-C2,31718,3,2673.0,2,36.0,early25,True
A-G1.040-C2,31718,3,2709.0,3,36.0,early25,True
A-G1.040-C2,31718,3,2714.25,1,5.25,early25,True
A-G1.040-C2,31718,3,2724.75,4,10.5,early25,True
A-G1.040-C2,31718,3,2753.75,2,29.0,early25,True
A-G1.040-C2,31718,3,2761.0,2,7.25,early25,True
A-G1.040-C2,31718,3,2770.75,3,9.75,early25,True
A-G1.040-C2,31718,3,2807.75,1,37.0,middle50,True
A-G1.040-C2,31718,3,2811.25,1,3.5,middle50,True
A-G1.040-C2,31718,3,2817.25,1,6.0,middle50,True
A-G1.040-C2,31718,3,2821.0,2,3.75,middle50,True
A-G1.040-C2,31718,3,2824.75,1,3.75,middle50,True
A-G1.040-C2,31718,3,2832.5,2,7.75,middle50,True
A-G1.040-C2,31718,3,2843.25,2,10.75,middle50,True
A-G1.040-C2,31718,3,2858.25,1,15.0,middle50,True
A-G1.040-C2,31718,3,2862.5,2,4.25,middle50,True
A-G1.040-C2,31718,3,2867.75,1,5.25,middle50,True
A-G1.040-C2,31718,3,2872.75,2,5.0,middle50,True
A-G1.040-C2,31718,3,2877.0,1,4.25,middle50,True
A-G1.040-C2,31718,3,2880.75,2,3.75,middle50,True
A-G1.040-C2,31718,3,2885.0,1,4.25,middle50,True
A-G1.040-C2,31718,3,2890.25,15,5.25,middle50,True
A-G1.040-C2,31718,3,2914.75,1,24.5,middle50,True
A-G1.040-C2,31718,3,2922.25,1,7.5,middle50,True
A-G1.040-C2,31718,3,2925.0,1,2.75,middle50,True
A-G1.040-C2,31718,3,2929.0,1,4.0,middle50,True
A-G1.040-C2,31718,3,2935.75,1,6.75,middle50,True
A-G1.040-C2,31718,3,2938.0,1,2.25,middle50,True
A-G1.040-C2,31718,3,2940.25,1,2.25,middle50,True
A-G1.040-C2,31718,3,2942.75,1,2.5,middle50,True
A-G1.040-C2,31718,3,2973.0,2,30.25,middle50,True
A-G1.040-C2,31718,3,2980.25,1,7.25,middle50,True
A-G1.040-C2,31718,3,2987.5,2,7.25,middle50,True
A-G1.040-C2,31718,3,2990.75,1,3.25,middle50,True
A-G1.040-C2,31718,3,2993.5,1,2.75,middle50,True
A-G1.040-C2,31718,3,3031.5,2,38.0,middle50,True
A-G1.040-C2,31718,3,3036.5,2,5.0,middle50,True
A-G1.040-C2,31718,3,3041.75,2,5.25,middle50,True
A-G1.040-C2,31718,3,3050.25,1,8.5,middle50,True
A-G1.040-C2,31718,3,3053.75,2,3.5,middle50,True
A-G1.040-C2,31718,3,3061.25,1,7.5,middle50,True
A-G1.040-C2,31718,3,3068.75,6,7.5,middle50,True
A-G1.040-C2,31718,3,3088.0,2,19.25,middle50,True
A-G1.040-C2,31718,3,3094.75,1,6.75,middle50,True
A-G1.040-C2,31718,3,3138.25,2,43.5,middle50,True
A-G1.040-C2,31718,3,3144.0,1,5.75,middle50,True
A-G1.040-C2,31718,3,3150.0,1,6.0,middle50,True
A-G1.040-C2,31718,3,3155.0,1,5.0,middle50,True
A-G1.040-C2,31718,3,3158.25,2,3.25,middle50,True
A-G1.040-C2,31718,3,3161.5,1,3.25,middle50,True
A-G1.040-C2,31718,3,3174.75,5,13.25,middle50,True
A-G1.040-C2,31718,3,3189.75,1,15.0,middle50,True
A-G1.040-C2,31718,3,3192.75,1,3.0,middle50,True
A-G1.040-C2,31718,3,3200.75,1,8.0,middle50,True
A-G1.040-C2,31718,3,3206.75,1,6.0,middle50,True
A-G1.040-C2,31718,3,3242.25,1,35.5,middle50,True
A-G1.040-C2,31718,3,3253.5,2,11.25,middle50,True
A-G1.040-C2,31718,3,3258.75,1,5.25,middle50,True
A-G1.040-C2,31718,3,3264.0,1,5.25,middle50,True
A-G1.040-C2,31718,3,3269.5,1,5.5,middle50,True
A-G1.040-C2,31718,3,3281.25,5,11.75,middle50,True
A-G1.040-C2,31718,3,3427.0,1,145.75,late25,True
A-G1.040-C2,31718,3,3432.75,1,5.75,late25,True
A-G1.040-C2,31718,3,3438.5,2,5.75,late25,True
A-G1.040-C2,31718,3,3445.0,1,6.5,late25,True
A-G1.040-C2,31718,3,3452.0,1,7.0,late25,True
A-G1.040-C2,31718,3,3475.0,1,23.0,late25,True
A-G1.040-C2,31718,3,3483.0,1,8.0,late25,True
A-G1.040-C2,31718,3,3494.0,1,11.0,late25,True
A-G1.040-C2,31718,3,3498.5,1,4.5,late25,True
A-G1.040-C2,39637,0,0.25,3,,early25,False
A-G1.040-C2,39637,0,9.5,1,9.25,early25,False
A-G1.040-C2,39637,0,18.0,1,8.5,early25,False
A-G1.040-C2,39637,0,29.0,1,11.0,early25,False
A-G1.040-C2,39637,0,33.75,1,4.75,early25,False
A-G1.040-C2,39637,0,50.4999999999,1,16.749999999899998,early25,False
A-G1.040-C2,39637,0,92.4999999999,1,42.0,early25,False
A-G1.040-C2,39637,0,102.4999999999,1,10.0,early25,False
A-G1.040-C2,39637,0,111.9999999999,1,9.5,early25,False
A-G1.040-C2,39637,0,156.4999999999,1,44.500000000000014,early25,False
A-G1.040-C2,39637,0,167.9999999999,1,11.5,early25,False
A-G1.040-C2,39637,0,171.9999999999,1,4.0,early25,False
A-G1.040-C2,39637,0,180.7499999999,1,8.75,early25,False
A-G1.040-C2,39637,0,215.9999999999,1,35.25,middle50,False
A-G1.040-C2,39637,0,222.7499999999,1,6.75,middle50,False
A-G1.040-C2,39637,0,225.2499999999,1,2.5,middle50,False
A-G1.040-C2,39637,0,230.7499999999,1,5.5,middle50,False
A-G1.040-C2,39637,0,234.9999999999,1,4.25,middle50,False
A-G1.040-C2,39637,0,238.2499999999,1,3.25,middle50,False
A-G1.040-C2,39637,0,245.4999999999,1,7.25,middle50,False
A-G1.040-C2,39637,0,398.7499999999,1,153.25,middle50,False
A-G1.040-C2,39637,0,410.4999999999,1,11.75,middle50,False
A-G1.040-C2,39637,0,415.4999999999,1,5.0,middle50,False
A-G1.040-C2,39637,0,454.7499999999,1,39.25,middle50,False
A-G1.040-C2,39637,0,457.2499999999,1,2.5,middle50,False
A-G1.040-C2,39637,0,463.4999999999,1,6.25,middle50,False
A-G1.040-C2,39637,0,467.7499999999,1,4.25,middle50,False
A-G1.040-C2,39637,0,473.4999999999,1,5.75,middle50,False
A-G1.040-C2,39637,0,477.9999999999,1,4.5,middle50,False
A-G1.040-C2,39637,0,482.4999999999,1,4.5,middle50,False
A-G1.040-C2,39637,0,490.7499999999,1,8.25,middle50,False
A-G1.040-C2,39637,0,637.2499999999,1,146.49999999999994,late25,False
A-G1.040-C2,39637,0,645.7499999999,1,8.5,late25,False
A-G1.040-C2,39637,0,650.9999999999,1,5.25,late25,False
A-G1.040-C2,39637,0,657.9999999999,1,7.0,late25,False
A-G1.040-C2,39637,0,666.2499999999,1,8.25,late25,False
A-G1.040-C2,39637,0,692.9999999999,1,26.75,late25,False
A-G1.040-C2,39637,0,696.4999999999,1,3.5,late25,False
A-G1.040-C2,39637,0,701.2499999999,1,4.75,late25,False
A-G1.040-C2,39637,0,706.7499999999,12,5.5,late25,False
A-G1.040-C2,39637,0,712.2499999999,1,5.5,late25,False
A-G1.040-C2,39637,0,713.4999999999,1,1.25,late25,False
A-G1.040-C2,39637,0,826.4999999999,1,113.0,late25,False
A-G1.040-C2,39637,1,853.7499999999,1,27.25,early25,False
A-G1.040-C2,39637,1,866.2499999999,1,12.5,early25,False
A-G1.040-C2,39637,1,869.7499999999,1,3.5,early25,False
A-G1.040-C2,39637,1,875.9999999999,2,6.25,early25,False
A-G1.040-C2,39637,1,882.9999999999,2,7.0,early25,False
A-G1.040-C2,39637,1,908.7499999999,1,25.75,early25,False
A-G1.040-C2,39637,1,915.9999999999,3,7.25,early25,False
A-G1.040-C2,39637,1,921.9999999999,2,6.0,early25,False
A-G1.040-C2,39637,1,925.4999999999,1,3.5,early25,False
A-G1.040-C2,39637,1,930.2499999999,2,4.75,early25,False
A-G1.040-C2,39637,1,935.4999999999,20,5.25,early25,False
A-G1.040-C2,39637,1,1085.4999999999,1,150.0,middle50,False
A-G1.040-C2,39637,1,1105.4999999999,1,20.0,middle50,False
A-G1.040-C2,39637,1,1110.2499999999,1,4.75,middle50,False
A-G1.040-C2,39637,1,1114.7499999999,2,4.5,middle50,False
A-G1.040-C2,39637,1,1140.4999999999,1,25.75,middle50,False
A-G1.040-C2,39637,1,1143.4999999999,1,3.0,middle50,False
A-G1.040-C2,39637,1,1147.9999999999,1,4.5,middle50,False
A-G1.040-C2,39637,1,1151.9999999999,2,4.0,middle50,False
A-G1.040-C2,39637,1,1155.2499999999,1,3.25,middle50,False
A-G1.040-C2,39637,1,1158.4999999999,2,3.25,middle50,False
A-G1.040-C2,39637,1,1161.7499999999,1,3.25,middle50,False
A-G1.040-C2,39637,1,1171.4999999999,2,9.75,middle50,False
A-G1.040-C2,39637,1,1312.2499999999,1,140.75,middle50,False
A-G1.040-C2,39637,1,1314.9999999999,2,2.75,middle50,False
A-G1.040-C2,39637,1,1317.4999999999,1,2.5,middle50,False
A-G1.040-C2,39637,1,1321.4999999999,1,4.0,middle50,False
A-G1.040-C2,39637,1,1324.2499999999,1,2.75,middle50,False
A-G1.040-C2,39637,1,1326.4999999999,1,2.25,middle50,False
A-G1.040-C2,39637,1,1328.9999999999,1,2.5,middle50,False
A-G1.040-C2,39637,1,1331.4999999999,1,2.5,middle50,False
A-G1.040-C2,39637,1,1335.2499999999,1,3.75,middle50,False
A-G1.040-C2,39637,1,1337.9999999999,1,2.75,middle50,False
A-G1.040-C2,39637,1,1368.2499999999,1,30.25,middle50,False
A-G1.040-C2,39637,1,1370.2499999999,1,2.0,middle50,False
A-G1.040-C2,39637,1,1372.4999999999,1,2.25,middle50,False
A-G1.040-C2,39637,1,1374.4999999999,1,2.0,middle50,False
A-G1.040-C2,39637,1,1379.2499999999,1,4.75,middle50,False
A-G1.040-C2,39637,1,1382.7499999999,1,3.5,middle50,False
A-G1.040-C2,39637,1,1387.2499999999,1,4.5,middle50,False
A-G1.040-C2,39637,1,1389.9999999999,1,2.75,middle50,False
A-G1.040-C2,39637,1,1392.4999999999,1,2.5,middle50,False
A-G1.040-C2,39637,1,1394.9999999999,1,2.5,middle50,False
A-G1.040-C2,39637,1,1397.4999999999,1,2.5,middle50,False
A-G1.040-C2,39637,1,1404.9999999999,1,7.5,middle50,False
A-G1.040-C2,39637,1,1541.7499999999,1,136.75,late25,False
A-G1.040-C2,39637,1,1547.4999999999,1,5.75,late25,False
A-G1.040-C2,39637,1,1550.9999999999,1,3.5,late25,False
A-G1.040-C2,39637,1,1553.4999999999,1,2.5,late25,False
A-G1.040-C2,39637,1,1559.2499999999,1,5.75,late25,False
A-G1.040-C2,39637,1,1561.7499999999,1,2.5,late25,False
A-G1.040-C2,39637,1,1566.9999999999,1,5.25,late25,False
A-G1.040-C2,39637,1,1598.2499999999,1,31.25,late25,False
A-G1.040-C2,39637,1,1600.9999999999,1,2.75,late25,False
A-G1.040-C2,39637,1,1603.7499999999,1,2.75,late25,False
A-G1.040-C2,39637,1,1606.2499999999,1,2.5,late25,False
A-G1.040-C2,39637,1,1611.4999999999,1,5.25,late25,False
A-G1.040-C2,39637,1,1613.2499999999,1,1.75,late25,False
A-G1.040-C2,39637,1,1614.9999999999,1,1.75,late25,False
A-G1.040-C2,39637,1,1618.4999999999,1,3.5,late25,False
A-G1.040-C2,39637,1,1621.7499999999,1,3.25,late25,False
A-G1.040-C2,39637,1,1623.4999999999,1,1.75,late25,False
A-G1.040-C2,39637,1,1625.4999999999,1,2.0,late25,False
A-G1.040-C2,39637,1,1637.4999999999,4,12.0,late25,False
A-G1.040-C2,39637,2,1755.2499999999,2,117.75,early25,False
A-G1.040-C2,39637,2,1757.7499999999,1,2.5,early25,False
A-G1.040-C2,39637,2,1758.9999999999,7,1.25,early25,False
A-G1.040-C2,39637,2,1760.4999999999,1,1.5,early25,False
A-G1.040-C2,39637,2,1761.9999999999,1,1.5,early25,False
A-G1.040-C2,39637,2,1765.7499999999,1,3.75,early25,False
A-G1.040-C2,39637,2,1769.4999999999,2,3.75,early25,False
A-G1.040-C2,39637,2,1772.2499999999,2,2.75,early25,False
A-G1.040-C2,39637,2,1776.7499999999,2,4.5,early25,False
A-G1.040-C2,39637,2,1781.7499999999,3,5.0,early25,False
A-G1.040-C2,39637,2,1785.4999999999,1,3.75,early25,False
A-G1.040-C2,39637,2,1812.75,3,27.250000000100044,early25,False
A-G1.040-C2,39637,2,1817.25,2,4.5,early25,False
A-G1.040-C2,39637,2,1822.0,3,4.75,early25,False
A-G1.040-C2,39637,2,1825.25,2,3.25,early25,False
A-G1.040-C2,39637,2,1829.25,24,4.0,early25,False
A-G1.040-C2,39637,2,1833.25,2,4.0,early25,False
A-G1.040-C2,39637,2,1835.0,1,1.75,early25,False
A-G1.040-C2,39637,2,1839.75,1,4.75,early25,False
A-G1.040-C2,39637,2,1841.25,2,1.5,early25,False
A-G1.040-C2,39637,2,1848.5,1,7.25,early25,False
A-G1.040-C2,39637,2,1855.0,6,6.5,early25,False
A-G1.040-C2,39637,2,1999.25,1,144.25,middle50,False
A-G1.040-C2,39637,2,2001.25,1,2.0,middle50,False
A-G1.040-C2,39637,2,2004.75,1,3.5,middle50,False
A-G1.040-C2,39637,2,2006.75,1,2.0,middle50,False
A-G1.040-C2,39637,2,2008.75,1,2.0,middle50,False
A-G1.040-C2,39637,2,2014.0,1,5.25,middle50,False
A-G1.040-C2,39637,2,2016.0,1,2.0,middle50,False
A-G1.040-C2,39637,2,2018.75,1,2.75,middle50,False
A-G1.040-C2,39637,2,2020.5,2,1.75,middle50,False
A-G1.040-C2,39637,2,2021.75,1,1.25,middle50,False
A-G1.040-C2,39637,2,2049.75,1,28.0,middle50,False
A-G1.040-C2,39637,2,2051.0,2,1.25,middle50,False
A-G1.040-C2,39637,2,2053.0,1,2.0,middle50,False
A-G1.040-C2,39637,2,2057.75,2,4.75,middle50,False
A-G1.040-C2,39637,2,2064.0,2,6.25,middle50,False
A-G1.040-C2,39637,2,2070.25,2,6.25,middle50,False
A-G1.040-C2,39637,2,2076.25,2,6.0,middle50,False
A-G1.040-C2,39637,2,2082.5,2,6.25,middle50,False
A-G1.040-C2,39637,2,2217.5,1,135.0,middle50,False
A-G1.040-C2,39637,2,2219.5,1,2.0,middle50,False
A-G1.040-C2,39637,2,2224.75,2,5.25,middle50,False
A-G1.040-C2,39637,2,2230.0,2,5.25,middle50,False
A-G1.040-C2,39637,2,2233.25,1,3.25,middle50,False
A-G1.040-C2,39637,2,2237.0,1,3.75,middle50,False
A-G1.040-C2,39637,2,2239.75,1,2.75,middle50,False
A-G1.040-C2,39637,2,2243.5,2,3.75,middle50,False
A-G1.040-C2,39637,2,2247.75,1,4.25,middle50,False
A-G1.040-C2,39637,2,2271.25,2,23.5,middle50,False
A-G1.040-C2,39637,2,2274.0,1,2.75,middle50,False
A-G1.040-C2,39637,2,2277.5,14,3.5,middle50,False
A-G1.040-C2,39637,2,2283.0,2,5.5,middle50,False
A-G1.040-C2,39637,2,2298.0,1,15.0,middle50,False
A-G1.040-C2,39637,2,2301.5,2,3.5,middle50,False
A-G1.040-C2,39637,2,2303.25,1,1.75,middle50,False
A-G1.040-C2,39637,2,2310.0,3,6.75,middle50,False
A-G1.040-C2,39637,2,2431.0,1,121.0,late25,False
A-G1.040-C2,39637,2,2433.25,3,2.25,late25,False
A-G1.040-C2,39637,2,2436.0,1,2.75,late25,False
A-G1.040-C2,39637,2,2438.5,1,2.5,late25,False
A-G1.040-C2,39637,2,2441.0,1,2.5,late25,False
A-G1.040-C2,39637,2,2442.5,1,1.5,late25,False
A-G1.040-C2,39637,2,2443.5,3,1.0,late25,False
A-G1.040-C2,39637,2,2446.25,1,2.75,late25,False
A-G1.040-C2,39637,2,2448.5,1,2.25,late25,False
A-G1.040-C2,39637,2,2451.25,1,2.75,late25,False
A-G1.040-C2,39637,2,2453.5,1,2.25,late25,False
A-G1.040-C2,39637,2,2458.5,3,5.0,late25,False
A-G1.040-C2,39637,2,2484.75,1,26.25,late25,False
A-G1.040-C2,39637,2,2486.5,3,1.75,late25,False
A-G1.040-C2,39637,2,2488.5,1,2.0,late25,False
A-G1.040-C2,39637,2,2492.75,2,4.25,late25,False
A-G1.040-C2,39637,2,2496.75,1,4.0,late25,False
A-G1.040-C2,39637,2,2503.0,2,6.25,late25,False
A-G1.040-C2,39637,2,2509.25,1,6.25,late25,False
A-G1.040-C2,39637,2,2515.75,2,6.5,late25,False
A-G1.040-C2,39637,2,2522.75,1,7.0,late25,False
A-G1.040-C2,39637,2,2528.25,3,5.5,late25,False
A-G1.040-C2,39637,3,2639.5,3,111.25,early25,True
A-G1.040-C2,39637,3,2641.5,1,2.0,early25,True
A-G1.040-C2,39637,3,2642.5,4,1.0,early25,True
A-G1.040-C2,39637,3,2643.5,1,1.0,early25,True
A-G1.040-C2,39637,3,2647.5,1,4.0,early25,True
A-G1.040-C2,39637,3,2649.25,1,1.75,early25,True
A-G1.040-C2,39637,3,2651.0,1,1.75,early25,True
A-G1.040-C2,39637,3,2657.0,2,6.0,early25,True
A-G1.040-C2,39637,3,2661.25,2,4.25,early25,True
A-G1.040-C2,39637,3,2664.25,1,3.0,early25,True
A-G1.040-C2,39637,3,2667.75,2,3.5,early25,True
A-G1.040-C2,39637,3,2670.75,1,3.0,early25,True
A-G1.040-C2,39637,3,2698.0,1,27.25,early25,True
A-G1.040-C2,39637,3,2701.5,2,3.5,early25,True
A-G1.040-C2,39637,3,2704.75,2,3.25,early25,True
A-G1.040-C2,39637,3,2708.5,1,3.75,early25,True
A-G1.040-C2,39637,3,2711.25,2,2.75,early25,True
A-G1.040-C2,39637,3,2714.5,13,3.25,early25,True
A-G1.040-C2,39637,3,2722.75,2,8.25,early25,True
A-G1.040-C2,39637,3,2726.0,2,3.25,early25,True
A-G1.040-C2,39637,3,2755.25,3,29.25,early25,True
A-G1.040-C2,39637,3,2755.75,2,0.5,early25,True
A-G1.040-C2,39637,3,2758.25,2,2.5,early25,True
A-G1.040-C2,39637,3,2759.0,2,0.75,early25,True
A-G1.040-C2,39637,3,2761.5,1,2.5,early25,True
A-G1.040-C2,39637,3,2763.75,1,2.25,early25,True
A-G1.040-C2,39637,3,2766.5,1,2.75,early25,True
A-G1.040-C2,39637,3,2769.5,1,3.0,early25,True
A-G1.040-C2,39637,3,2772.25,1,2.75,early25,True
A-G1.040-C2,39637,3,2778.75,2,6.5,early25,True
A-G1.040-C2,39637,3,2782.0,1,3.25,early25,True
A-G1.040-C2,39637,3,2815.25,2,33.25,early25,True
A-G1.040-C2,39637,3,2820.75,2,5.5,early25,True
A-G1.040-C2,39637,3,2827.75,1,7.0,early25,True
A-G1.040-C2,39637,3,2838.5,2,10.75,early25,True
A-G1.040-C2,39637,3,2854.0,3,15.5,early25,True
A-G1.040-C2,39637,3,2866.25,1,12.25,early25,True
A-G1.040-C2,39637,3,2870.25,1,4.0,early25,True
A-G1.040-C2,39637,3,2876.0,2,5.75,middle50,True
A-G1.040-C2,39637,3,2888.0,2,12.0,middle50,True
A-G1.040-C2,39637,3,2924.5,2,36.5,middle50,True
A-G1.040-C2,39637,3,2929.75,1,5.25,middle50,True
A-G1.040-C2,39637,3,2934.75,2,5.0,middle50,True
A-G1.040-C2,39637,3,2940.25,1,5.5,middle50,True
A-G1.040-C2,39637,3,2942.25,1,2.0,middle50,True
A-G1.040-C2,39637,3,2947.5,1,5.25,middle50,True
A-G1.040-C2,39637,3,2971.5,1,24.0,middle50,True
A-G1.040-C2,39637,3,2974.0,1,2.5,middle50,True
A-G1.040-C2,39637,3,2981.5,1,7.5,middle50,True
A-G1.040-C2,39637,3,2985.0,1,3.5,middle50,True
A-G1.040-C2,39637,3,2988.75,1,3.75,middle50,True
A-G1.040-C2,39637,3,2991.75,1,3.0,middle50,True
A-G1.040-C2,39637,3,2995.0,7,3.25,middle50,True
A-G1.040-C2,39637,3,3027.75,1,32.75,middle50,True
A-G1.040-C2,39637,3,3037.25,2,9.5,middle50,True
A-G1.040-C2,39637,3,3050.0,2,12.75,middle50,True
A-G1.040-C2,39637,3,3075.75,1,25.75,middle50,True
A-G1.040-C2,39637,3,3078.0,1,2.25,middle50,True
A-G1.040-C2,39637,3,3082.25,1,4.25,middle50,True
A-G1.040-C2,39637,3,3086.0,1,3.75,middle50,True
A-G1.040-C2,39637,3,3089.75,1,3.75,middle50,True
A-G1.040-C2,39637,3,3092.75,1,3.0,middle50,True
A-G1.040-C2,39637,3,3097.5,1,4.75,middle50,True
A-G1.040-C2,39637,3,3129.5,1,32.0,middle50,True
A-G1.040-C2,39637,3,3134.25,2,4.75,middle50,True
A-G1.040-C2,39637,3,3141.75,1,7.5,middle50,True
A-G1.040-C2,39637,3,3148.0,1,6.25,middle50,True
A-G1.040-C2,39637,3,3156.0,1,8.0,middle50,True
A-G1.040-C2,39637,3,3305.75,1,149.75,middle50,True
A-G1.040-C2,39637,3,3314.75,1,9.0,middle50,True
A-G1.040-C2,39637,3,3318.0,1,3.25,middle50,True
A-G1.040-C2,39637,3,3326.0,1,8.0,middle50,True
A-G1.040-C2,39637,3,3330.0,1,4.0,middle50,True
A-G1.040-C2,39637,3,3358.25,1,28.25,late25,True
A-G1.040-C2,39637,3,3365.75,6,7.5,late25,True
A-G1.040-C2,39637,3,3370.75,1,5.0,late25,True
A-G1.040-C2,39637,3,3382.25,1,11.5,late25,True
A-G1.040-C2,39637,3,3389.25,1,7.0,late25,True
A-G1.040-C2,39637,3,3531.25,1,142.0,late25,True
A-G1.040-C2,39637,3,3538.5,1,7.25,late25,True
A-G1.040-C2,39637,3,3544.0,1,5.5,late25,True
A-G1.040-C2,39637,3,3549.5,1,5.5,late25,True
A-G1.040-C2,39637,3,3560.75,1,11.25,late25,True
A-G1.040-C2,39637,3,3563.25,1,2.5,late25,True
A-G1.040-C2,39637,3,3589.25,1,26.0,late25,True
A-G1.040-C2,39637,3,3594.75,1,5.5,late25,True
A-G1.040-C2,39637,3,3599.75,1,5.0,late25,True
A-G1.040-C2,47556,0,0.25,3,,early25,False
A-G1.040-C2,47556,0,9.5,1,9.25,early25,False
A-G1.040-C2,47556,0,24.0,1,14.5,early25,False
A-G1.040-C2,47556,0,33.0,1,9.0,early25,False
A-G1.040-C2,47556,0,38.5,1,5.5,early25,False
A-G1.040-C2,47556,0,45.0,1,6.5,early25,False
A-G1.040-C2,47556,0,87.25,1,42.25,early25,False
A-G1.040-C2,47556,0,92.5,1,5.25,early25,False
A-G1.040-C2,47556,0,98.0,1,5.5,early25,False
A-G1.040-C2,47556,0,102.25,1,4.25,early25,False
A-G1.040-C2,47556,0,105.75,1,3.5,early25,False
A-G1.040-C2,47556,0,111.75,1,6.0,early25,False
A-G1.040-C2,47556,0,155.5,1,43.75,early25,False
A-G1.040-C2,47556,0,161.5,1,6.0,early25,False
A-G1.040-C2,47556,0,164.5,1,3.0,early25,False
A-G1.040-C2,47556,0,174.0,1,9.5,early25,False
A-G1.040-C2,47556,0,208.25,1,34.25,middle50,False
A-G1.040-C2,47556,0,212.25,1,4.0,middle50,False
A-G1.040-C2,47556,0,216.25,1,4.0,middle50,False
A-G1.040-C2,47556,0,221.25,1,5.0,middle50,False
A-G1.040-C2,47556,0,226.5,1,5.25,middle50,False
A-G1.040-C2,47556,0,228.75,1,2.25,middle50,False
A-G1.040-C2,47556,0,231.5,1,2.75,middle50,False
A-G1.040-C2,47556,0,237.0,1,5.5,middle50,False
A-G1.040-C2,47556,0,399.0,1,162.0,middle50,False
A-G1.040-C2,47556,0,403.0,1,4.0,middle50,False
A-G1.040-C2,47556,0,415.75,1,12.75,middle50,False
A-G1.040-C2,47556,0,418.5,1,2.75,middle50,False
A-G1.040-C2,47556,0,450.75,1,32.25,middle50,False
A-G1.040-C2,47556,0,454.5,1,3.75,middle50,False
A-G1.040-C2,47556,0,460.25,1,5.75,middle50,False
A-G1.040-C2,47556,0,466.5,1,6.25,middle50,False
A-G1.040-C2,47556,0,468.5,1,2.0,middle50,False
A-G1.040-C2,47556,0,475.25,1,6.75,middle50,False
A-G1.040-C2,47556,0,625.75,1,150.5,late25,False
A-G1.040-C2,47556,0,632.25,1,6.5,late25,False
A-G1.040-C2,47556,0,638.0,1,5.75,late25,False
A-G1.040-C2,47556,0,649.75,1,11.75,late25,False
A-G1.040-C2,47556,0,658.0,2,8.25,late25,False
A-G1.040-C2,47556,0,686.25,1,28.25,late25,False
A-G1.040-C2,47556,0,694.25,1,8.0,late25,False
A-G1.040-C2,47556,0,699.5,12,5.25,late25,False
A-G1.040-C2,47556,0,704.5,1,5.0,late25,False
A-G1.040-C2,47556,0,711.0,1,6.5,late25,False
A-G1.040-C2,47556,0,715.75,1,4.75,late25,False
A-G1.040-C2,47556,0,723.0,3,7.25,late25,False
A-G1.040-C2,47556,0,818.75,1,95.75,late25,False
A-G1.040-C2,47556,0,820.5,2,1.75,late25,False
A-G1.040-C2,47556,0,824.5,1,4.0,late25,False
A-G1.040-C2,47556,0,827.0,2,2.5,late25,False
A-G1.040-C2,47556,1,848.75,1,21.75,early25,False
A-G1.040-C2,47556,1,854.5,1,5.75,early25,False
A-G1.040-C2,47556,1,856.5,1,2.0,early25,False
A-G1.040-C2,47556,1,861.25,1,4.75,early25,False
A-G1.040-C2,47556,1,866.25,2,5.0,early25,False
A-G1.040-C2,47556,1,871.5,1,5.25,early25,False
A-G1.040-C2,47556,1,878.25,2,6.75,early25,False
A-G1.040-C2,47556,1,903.75,2,25.5,early25,False
A-G1.040-C2,47556,1,906.75,1,3.0,early25,False
A-G1.040-C2,47556,1,911.0,1,4.25,early25,False
A-G1.040-C2,47556,1,914.75,21,3.75,early25,False
A-G1.040-C2,47556,1,924.5,1,9.75,early25,False
A-G1.040-C2,47556,1,925.5,1,1.0,early25,False
A-G1.040-C2,47556,1,928.75,2,3.25,early25,False
A-G1.040-C2,47556,1,930.75,1,2.0,early25,False
A-G1.040-C2,47556,1,931.75,4,1.0,early25,False
A-G1.040-C2,47556,1,1071.75,1,140.0,middle50,False
A-G1.040-C2,47556,1,1075.0,1,3.25,middle50,False
A-G1.040-C2,47556,1,1078.25,2,3.25,middle50,False
A-G1.040-C2,47556,1,1082.5,1,4.25,middle50,False
A-G1.040-C2,47556,1,1085.5,2,3.0,middle50,False
A-G1.040-C2,47556,1,1090.75,2,5.25,middle50,False
A-G1.040-C2,47556,1,1094.75,1,4.0,middle50,False
A-G1.040-C2,47556,1,1098.5,1,3.75,middle50,False
A-G1.040-C2,47556,1,1101.5,1,3.0,middle50,False
A-G1.040-C2,47556,1,1127.5,1,26.0,middle50,False
A-G1.040-C2,47556,1,1130.25,1,2.75,middle50,False
A-G1.040-C2,47556,1,1134.0,2,3.75,middle50,False
A-G1.040-C2,47556,1,1137.25,1,3.25,middle50,False
A-G1.040-C2,47556,1,1139.25,1,2.0,middle50,False
A-G1.040-C2,47556,1,1142.25,1,3.0,middle50,False
A-G1.040-C2,47556,1,1145.0,14,2.75,middle50,False
A-G1.040-C2,47556,1,1146.75,1,1.75,middle50,False
A-G1.040-C2,47556,1,1155.25,1,8.5,middle50,False
A-G1.040-C2,47556,1,1158.25,1,3.0,middle50,False
A-G1.040-C2,47556,2,1292.0,1,133.75,early25,False
A-G1.040-C2,47556,2,1294.25,2,2.25,early25,False
A-G1.040-C2,47556,2,1296.0,1,1.75,early25,False
A-G1.040-C2,47556,2,1298.25,2,2.25,early25,False
A-G1.040-C2,47556,2,1300.0,1,1.75,early25,False
A-G1.040-C2,47556,2,1304.0,3,4.0,early25,False
A-G1.040-C2,47556,2,1307.0,2,3.0,early25,False
A-G1.040-C2,47556,2,1310.5,2,3.5,early25,False
A-G1.040-C2,47556,2,1315.25,2,4.75,early25,False
A-G1.040-C2,47556,2,1319.0,2,3.75,early25,False
A-G1.040-C2,47556,2,1323.25,2,4.25,early25,False
A-G1.040-C2,47556,2,1349.75,2,26.5,early25,False
A-G1.040-C2,47556,2,1353.25,2,3.5,early25,False
A-G1.040-C2,47556,2,1355.75,2,2.5,early25,False
A-G1.040-C2,47556,2,1359.25,1,3.5,early25,False
A-G1.040-C2,47556,2,1362.25,24,3.0,early25,False
A-G1.040-C2,47556,2,1364.25,1,2.0,early25,False
A-G1.040-C2,47556,2,1377.0,3,12.75,early25,False
A-G1.040-C2,47556,2,1380.25,2,3.25,early25,False
A-G1.040-C2,47556,2,1387.75,6,7.5,early25,False
A-G1.040-C2,47556,2,1399.5,5,11.75,early25,False
A-G1.040-C2,47556,2,1402.0,1,2.5,early25,False
A-G1.040-C2,47556,2,1404.25,2,2.25,early25,False
A-G1.040-C2,47556,2,1405.75,4,1.5,early25,False
A-G1.040-C2,47556,2,1417.5,4,11.75,early25,False
A-G1.040-C2,47556,2,1423.25,2,5.75,early25,False
A-G1.040-C2,47556,2,1457.5,1,34.25,early25,False
A-G1.040-C2,47556,2,1462.0,3,4.5,early25,False
A-G1.040-C2,47556,2,1465.5,1,3.5,early25,False
A-G1.040-C2,47556,2,1469.75,3,4.25,early25,False
A-G1.040-C2,47556,2,1474.25,2,4.5,middle50,False
A-G1.040-C2,47556,2,1477.5,1,3.25,middle50,False
A-G1.040-C2,47556,2,1482.0,2,4.5,middle50,False
A-G1.040-C2,47556,2,1484.75,2,2.75,middle50,False
A-G1.040-C2,47556,2,1640.5,2,155.75,middle50,False
A-G1.040-C2,47556,2,1644.0,1,3.5,middle50,False
A-G1.040-C2,47556,2,1647.5,2,3.5,middle50,False
A-G1.040-C2,47556,2,1649.75,1,2.25,middle50,False
A-G1.040-C2,47556,2,1654.0,1,4.25,middle50,False
A-G1.040-C2,47556,2,1657.5,1,3.5,middle50,False
A-G1.040-C2,47556,2,1660.5,1,3.0,middle50,False
A-G1.040-C2,47556,2,1664.75,1,4.25,middle50,False
A-G1.040-C2,47556,2,1669.75,2,5.0,middle50,False
A-G1.040-C2,47556,2,1696.75,2,27.0,middle50,False
A-G1.040-C2,47556,2,1701.75,1,5.0,middle50,False
A-G1.040-C2,47556,2,1705.0,12,3.25,middle50,False
A-G1.040-C2,47556,2,1711.5,1,6.5,middle50,False
A-G1.040-C2,47556,2,1717.25,2,5.75,middle50,False
A-G1.040-C2,47556,2,1722.75,1,5.5,middle50,False
A-G1.040-C2,47556,2,1725.25,1,2.5,middle50,False
A-G1.040-C2,47556,2,1863.25,1,138.0,middle50,False
A-G1.040-C2,47556,2,1866.5,1,3.25,middle50,False
A-G1.040-C2,47556,2,1868.75,1,2.25,late25,False
A-G1.040-C2,47556,2,1870.75,1,2.0,late25,False
A-G1.040-C2,47556,2,1878.0,1,7.25,late25,False
A-G1.040-C2,47556,2,1881.0,2,3.0,late25,False
A-G1.040-C2,47556,2,1886.0,1,5.0,late25,False
A-G1.040-C2,47556,2,1889.5,1,3.5,late25,False
A-G1.040-C2,47556,2,1893.0,1,3.5,late25,False
A-G1.040-C2,47556,2,1919.75,1,26.75,late25,False
A-G1.040-C2,47556,2,1923.75,2,4.0,late25,False
A-G1.040-C2,47556,2,1927.0,1,3.25,late25,False
A-G1.040-C2,47556,2,1934.25,2,7.25,late25,False
A-G1.040-C2,47556,2,1939.75,1,5.5,late25,False
A-G1.040-C2,47556,2,1942.25,1,2.5,late25,False
A-G1.040-C2,47556,2,1945.5,1,3.25,late25,False
A-G1.040-C2,47556,2,1950.0,1,4.5,late25,False
A-G1.040-C2,47556,2,1959.5,2,9.5,late25,False
A-G1.040-C2,47556,2,1965.5,4,6.0,late25,False
A-G1.040-C2,47556,3,2082.5,3,117.0,early25,True
A-G1.040-C2,47556,3,2086.75,1,4.25,early25,True
A-G1.040-C2,47556,3,2091.0,3,4.25,early25,True
A-G1.040-C2,47556,3,2095.5,2,4.5,early25,True
A-G1.040-C2,47556,3,2097.5,2,2.0,early25,True
A-G1.040-C2,47556,3,2106.75,3,9.25,early25,True
A-G1.040-C2,47556,3,2111.0,2,4.25,early25,True
A-G1.040-C2,47556,3,2137.75,3,26.75,early25,True
A-G1.040-C2,47556,3,2139.75,2,2.0,early25,True
A-G1.040-C2,47556,3,2142.0,3,2.25,early25,True
A-G1.040-C2,47556,3,2146.75,1,4.75,early25,True
A-G1.040-C2,47556,3,2153.75,4,7.0,early25,True
A-G1.040-C2,47556,3,2155.5,1,1.75,early25,True
A-G1.040-C2,47556,3,2157.5,1,2.0,early25,True
A-G1.040-C2,47556,3,2164.5,2,7.0,early25,True
A-G1.040-C2,47556,3,2192.5,1,28.0,early25,True
A-G1.040-C2,47556,3,2197.25,3,4.75,early25,True
A-G1.040-C2,47556,3,2201.5,1,4.25,early25,True
A-G1.040-C2,47556,3,2204.5,1,3.0,early25,True
A-G1.040-C2,47556,3,2213.75,2,9.25,early25,True
A-G1.040-C2,47556,3,2220.75,3,7.0,early25,True
A-G1.040-C2,47556,3,2258.5,2,37.75,early25,True
A-G1.040-C2,47556,3,2272.75,3,14.25,early25,True
A-G1.040-C2,47556,3,2277.75,2,5.0,early25,True
A-G1.040-C2,47556,3,2280.5,2,2.75,early25,True
A-G1.040-C2,47556,3,2294.5,9,14.0,early25,True
A-G1.040-C2,47556,3,2311.25,2,16.75,early25,True
A-G1.040-C2,47556,3,2322.0,2,10.75,early25,True
A-G1.040-C2,47556,3,2326.75,1,4.75,early25,True
A-G1.040-C2,47556,3,2331.75,1,5.0,early25,True
A-G1.040-C2,47556,3,2364.5,2,32.75,early25,True
A-G1.040-C2,47556,3,2370.25,2,5.75,early25,True
A-G1.040-C2,47556,3,2376.0,1,5.75,early25,True
A-G1.040-C2,47556,3,2378.25,1,2.25,early25,True
A-G1.040-C2,47556,3,2383.75,3,5.5,early25,True
A-G1.040-C2,47556,3,2389.0,1,5.25,early25,True
A-G1.040-C2,47556,3,2396.75,1,7.75,early25,True
A-G1.040-C2,47556,3,2427.0,2,30.25,early25,True
A-G1.040-C2,47556,3,2442.5,1,15.5,early25,True
A-G1.040-C2,47556,3,2468.75,2,26.25,middle50,True
A-G1.040-C2,47556,3,2474.0,2,5.25,middle50,True
A-G1.040-C2,47556,3,2479.25,1,5.25,middle50,True
A-G1.040-C2,47556,3,2492.0,2,12.75,middle50,True
A-G1.040-C2,47556,3,2497.25,1,5.25,middle50,True
A-G1.040-C2,47556,3,2516.5,2,19.25,middle50,True
A-G1.040-C2,47556,3,2520.75,1,4.25,middle50,True
A-G1.040-C2,47556,3,2524.75,1,4.0,middle50,True
A-G1.040-C2,47556,3,2529.5,2,4.75,middle50,True
A-G1.040-C2,47556,3,2533.75,1,4.25,middle50,True
A-G1.040-C2,47556,3,2540.25,1,6.5,middle50,True
A-G1.040-C2,47556,3,2572.5,1,32.25,middle50,True
A-G1.040-C2,47556,3,2575.75,1,3.25,middle50,True
A-G1.040-C2,47556,3,2580.75,2,5.0,middle50,True
A-G1.040-C2,47556,3,2589.0,2,8.25,middle50,True
A-G1.040-C2,47556,3,2594.25,2,5.25,middle50,True
A-G1.040-C2,47556,3,2599.25,1,5.0,middle50,True
A-G1.040-C2,47556,3,2627.25,1,28.0,middle50,True
A-G1.040-C2,47556,3,2635.75,1,8.5,middle50,True
A-G1.040-C2,47556,3,2640.5,1,4.75,middle50,True
A-G1.040-C2,47556,3,2672.25,1,31.75,middle50,True
A-G1.040-C2,47556,3,2678.0,2,5.75,middle50,True
A-G1.040-C2,47556,3,2681.75,1,3.75,middle50,True
A-G1.040-C2,47556,3,2690.5,2,8.75,middle50,True
A-G1.040-C2,47556,3,2696.0,1,5.5,middle50,True
A-G1.040-C2,47556,3,2713.25,3,17.25,middle50,True
A-G1.040-C2,47556,3,2733.5,1,20.25,middle50,True
A-G1.040-C2,47556,3,2739.5,1,6.0,middle50,True
A-G1.040-C2,47556,3,2745.5,1,6.0,middle50,True
A-G1.040-C2,47556,3,2780.25,1,34.75,middle50,True
A-G1.040-C2,47556,3,2784.5,1,4.25,middle50,True
A-G1.040-C2,47556,3,2789.75,1,5.25,middle50,True
A-G1.040-C2,47556,3,2795.25,1,5.5,middle50,True
A-G1.040-C2,47556,3,2800.5,2,5.25,middle50,True
A-G1.040-C2,47556,3,2953.25,1,152.75,middle50,True
A-G1.040-C2,47556,3,2956.25,1,3.0,middle50,True
A-G1.040-C2,47556,3,2965.75,1,9.5,middle50,True
A-G1.040-C2,47556,3,2971.5,1,5.75,middle50,True
A-G1.040-C2,47556,3,2977.25,1,5.75,middle50,True
A-G1.040-C2,47556,3,3009.25,1,32.0,middle50,True
A-G1.040-C2,47556,3,3013.0,1,3.75,middle50,True
A-G1.040-C2,47556,3,3016.75,1,3.75,middle50,True
A-G1.040-C2,47556,3,3020.5,1,3.75,middle50,True
A-G1.040-C2,47556,3,3024.25,1,3.75,middle50,True
A-G1.040-C2,47556,3,3037.25,1,13.0,middle50,True
A-G1.040-C2,47556,3,3045.25,1,8.0,middle50,True
A-G1.040-C2,47556,3,3199.25,1,154.0,middle50,True
A-G1.040-C2,47556,3,3209.25,1,10.0,middle50,True
A-G1.040-C2,47556,3,3216.5,1,7.25,late25,True
A-G1.040-C2,47556,3,3223.5,1,7.0,late25,True
A-G1.040-C2,47556,3,3254.5,1,31.0,late25,True
A-G1.040-C2,47556,3,3258.75,1,4.25,late25,True
A-G1.040-C2,47556,3,3263.25,1,4.5,late25,True
A-G1.040-C2,47556,3,3272.5,1,9.25,late25,True
A-G1.040-C2,47556,3,3278.0,1,5.5,late25,True
A-G1.040-C2,47556,3,3430.75,1,152.75,late25,True
A-G1.040-C2,47556,3,3436.25,1,5.5,late25,True
A-G1.040-C2,47556,3,3438.25,1,2.0,late25,True
A-G1.040-C2,47556,3,3446.25,1,8.0,late25,True
A-G1.040-C2,47556,3,3451.0,1,4.75,late25,True
A-G1.040-C2,47556,3,3479.25,4,28.25,late25,True
A-G1.040-C2,47556,3,3485.75,1,6.5,late25,True
A-G1.040-C2,47556,3,3496.0,1,10.25,late25,True
A-G1.040-C2,47556,3,3507.0,1,11.0,late25,True
A-G1.040-C2,47556,3,3508.25,1,1.25,late25,True
A-G1.040-C2,55475,0,0.25,3,,early25,False
A-G1.040-C2,55475,0,8.5,1,8.25,early25,False
A-G1.040-C2,55475,0,24.25,1,15.75,early25,False
A-G1.040-C2,55475,0,52.5,1,28.25,early25,False
A-G1.040-C2,55475,0,93.5,1,41.0,early25,False
A-G1.040-C2,55475,0,116.0,1,22.5,early25,False
A-G1.040-C2,55475,0,119.0,1,3.0,early25,False
A-G1.040-C2,55475,0,160.5,1,41.5,early25,False
A-G1.040-C2,55475,0,178.25,1,17.75,early25,False
A-G1.040-C2,55475,0,215.75,1,37.5,early25,False
A-G1.040-C2,55475,0,218.5,1,2.75,early25,False
A-G1.040-C2,55475,0,224.0,1,5.5,early25,False
A-G1.040-C2,55475,0,226.5,1,2.5,early25,False
A-G1.040-C2,55475,0,239.25,1,12.75,early25,False
A-G1.040-C2,55475,0,242.25,1,3.0,early25,False
A-G1.040-C2,55475,0,287.75,1,45.5,middle50,False
A-G1.040-C2,55475,0,300.25,1,12.5,middle50,False
A-G1.040-C2,55475,0,332.0,1,31.75,middle50,False
A-G1.040-C2,55475,0,347.25,1,15.25,middle50,False
A-G1.040-C2,55475,0,350.25,1,3.0,middle50,False
A-G1.040-C2,55475,0,361.0,1,10.75,middle50,False
A-G1.040-C2,55475,0,363.75,1,2.75,middle50,False
A-G1.040-C2,55475,0,525.5,1,161.75,middle50,False
A-G1.040-C2,55475,0,533.25,1,7.75,middle50,False
A-G1.040-C2,55475,0,535.25,1,2.0,middle50,False
A-G1.040-C2,55475,0,543.75,1,8.5,middle50,False
A-G1.040-C2,55475,0,581.25,1,37.5,middle50,False
A-G1.040-C2,55475,0,588.25,1,7.0,middle50,False
A-G1.040-C2,55475,0,591.25,1,3.0,middle50,False
A-G1.040-C2,55475,0,599.0,1,7.75,middle50,False
A-G1.040-C2,55475,0,608.25,1,9.25,middle50,False
A-G1.040-C2,55475,0,768.5,1,160.25,late25,False
A-G1.040-C2,55475,0,779.25,1,10.75,late25,False
A-G1.040-C2,55475,0,784.5,1,5.25,late25,False
A-G1.040-C2,55475,0,792.5,1,8.0,late25,False
A-G1.040-C2,55475,0,824.25,1,31.75,late25,False
A-G1.040-C2,55475,0,831.25,2,7.0,late25,False
A-G1.040-C2,55475,0,841.0,1,9.75,late25,False
A-G1.040-C2,55475,0,846.5,1,5.5,late25,False
A-G1.040-C2,55475,0,857.25,12,10.75,late25,False
A-G1.040-C2,55475,0,864.75,3,7.5,late25,False
A-G1.040-C2,55475,0,964.25,1,99.5,late25,False
A-G1.040-C2,55475,1,974.0,1,9.75,early25,False
A-G1.040-C2,55475,1,997.5,1,23.5,early25,False
A-G1.040-C2,55475,1,1016.75,2,19.25,early25,False
A-G1.040-C2,55475,1,1021.25,1,4.5,early25,False
A-G1.040-C2,55475,1,1044.75,1,23.5,early25,False
A-G1.040-C2,55475,1,1049.25,2,4.5,early25,False
A-G1.040-C2,55475,1,1052.75,1,3.5,early25,False
A-G1.040-C2,55475,1,1058.25,3,5.5,early25,False
A-G1.040-C2,55475,1,1063.25,2,5.0,early25,False
A-G1.040-C2,55475,1,1065.75,1,2.5,early25,False
A-G1.040-C2,55475,1,1069.5,2,3.75,early25,False
A-G1.040-C2,55475,1,1073.75,10,4.25,early25,False
A-G1.040-C2,55475,1,1076.5,1,2.75,early25,False
A-G1.040-C2,55475,1,1102.5,1,26.0,early25,False
A-G1.040-C2,55475,1,1105.75,1,3.25,early25,False
A-G1.040-C2,55475,1,1106.25,1,0.5,early25,False
A-G1.040-C2,55475,1,1110.0,2,3.75,early25,False
A-G1.040-C2,55475,1,1114.5,1,4.5,early25,False
A-G1.040-C2,55475,1,1117.5,1,3.0,early25,False
A-G1.040-C2,55475,1,1122.75,2,5.25,early25,False
A-G1.040-C2,55475,1,1153.25,1,30.5,early25,False
A-G1.040-C2,55475,1,1157.25,1,4.0,early25,False
A-G1.040-C2,55475,1,1160.0,1,2.75,early25,False
A-G1.040-C2,55475,1,1164.25,2,4.25,early25,False
A-G1.040-C2,55475,1,1166.25,1,2.0,early25,False
A-G1.040-C2,55475,1,1169.75,1,3.5,early25,False
A-G1.040-C2,55475,1,1173.25,2,3.5,early25,False
A-G1.040-C2,55475,1,1176.25,1,3.0,early25,False
A-G1.040-C2,55475,1,1182.75,1,6.5,early25,False
A-G1.040-C2,55475,1,1331.0,1,148.25,middle50,False
A-G1.040-C2,55475,1,1334.0,1,3.0,middle50,False
A-G1.040-C2,55475,1,1336.0,1,2.0,middle50,False
A-G1.040-C2,55475,1,1343.0,1,7.0,middle50,False
A-G1.040-C2,55475,1,1347.5,1,4.5,middle50,False
A-G1.040-C2,55475,1,1351.25,1,3.75,middle50,False
A-G1.040-C2,55475,1,1385.25,2,34.0,middle50,False
A-G1.040-C2,55475,1,1388.0,1,2.75,middle50,False
A-G1.040-C2,55475,1,1391.75,1,3.75,middle50,False
A-G1.040-C2,55475,1,1400.25,1,8.5,middle50,False
A-G1.040-C2,55475,1,1402.25,1,2.0,middle50,False
A-G1.040-C2,55475,1,1404.75,1,2.5,middle50,False
A-G1.040-C2,55475,1,1407.5,1,2.75,middle50,False
A-G1.040-C2,55475,1,1410.5,1,3.0,middle50,False
A-G1.040-C2,55475,1,1413.0,1,2.5,middle50,False
A-G1.040-C2,55475,1,1415.5,1,2.5,middle50,False
A-G1.040-C2,55475,1,1547.25,1,131.75,middle50,False
A-G1.040-C2,55475,1,1554.75,2,7.5,middle50,False
A-G1.040-C2,55475,1,1558.25,1,3.5,middle50,False
A-G1.040-C2,55475,1,1565.0,1,6.75,middle50,False
A-G1.040-C2,55475,1,1569.75,1,4.75,middle50,False
A-G1.040-C2,55475,1,1574.0,2,4.25,middle50,False
A-G1.040-C2,55475,1,1607.75,1,33.75,middle50,False
A-G1.040-C2,55475,1,1611.25,2,3.5,middle50,False
A-G1.040-C2,55475,1,1616.25,1,5.0,middle50,False
A-G1.040-C2,55475,1,1619.5,1,3.25,middle50,False
A-G1.040-C2,55475,1,1624.25,1,4.75,middle50,False
A-G1.040-C2,55475,1,1627.0,1,2.75,middle50,False
A-G1.040-C2,55475,1,1632.25,1,5.25,middle50,False
A-G1.040-C2,55475,1,1639.75,1,7.5,middle50,False
A-G1.040-C2,55475,1,1780.25,1,140.5,late25,False
A-G1.040-C2,55475,1,1787.5,1,7.25,late25,False
A-G1.040-C2,55475,1,1789.75,1,2.25,late25,False
A-G1.040-C2,55475,1,1793.0,1,3.25,late25,False
A-G1.040-C2,55475,1,1795.75,1,2.75,late25,False
A-G1.040-C2,55475,1,1798.25,1,2.5,late25,False
A-G1.040-C2,55475,1,1802.25,1,4.0,late25,False
A-G1.040-C2,55475,1,1805.0,1,2.75,late25,False
A-G1.040-C2,55475,1,1809.5,1,4.5,late25,False
A-G1.040-C2,55475,1,1837.25,1,27.75,late25,False
A-G1.040-C2,55475,1,1841.5,1,4.25,late25,False
A-G1.040-C2,55475,1,1844.75,1,3.25,late25,False
A-G1.040-C2,55475,1,1847.0,1,2.25,late25,False
A-G1.040-C2,55475,1,1849.25,1,2.25,late25,False
A-G1.040-C2,55475,1,1854.0,1,4.75,late25,False
A-G1.040-C2,55475,1,1858.5,1,4.5,late25,False
A-G1.040-C2,55475,1,1862.0,1,3.5,late25,False
A-G1.040-C2,55475,1,1864.75,1,2.75,late25,False
A-G1.040-C2,55475,1,1866.5,1,1.75,late25,False
A-G1.040-C2,55475,1,1970.5,1,104.0,late25,False
A-G1.040-C2,55475,1,1972.5,1,2.0,late25,False
A-G1.040-C2,55475,1,1976.5,1,4.0,late25,False
A-G1.040-C2,55475,2,1991.5,1,15.0,early25,False
A-G1.040-C2,55475,2,1993.5,2,2.0,early25,False
A-G1.040-C2,55475,2,1995.5,2,2.0,early25,False
A-G1.040-C2,55475,2,1997.75,1,2.25,early25,False
A-G1.040-C2,55475,2,2002.25,2,4.5,early25,False
A-G1.040-C2,55475,2,2007.0,2,4.75,early25,False
A-G1.040-C2,55475,2,2012.75,2,5.75,early25,False
A-G1.040-C2,55475,2,2016.5,2,3.75,early25,False
A-G1.040-C2,55475,2,2021.5,3,5.0,early25,False
A-G1.040-C2,55475,2,2049.75,2,28.25,early25,False
A-G1.040-C2,55475,2,2054.25,3,4.5,early25,False
A-G1.040-C2,55475,2,2057.75,1,3.5,early25,False
A-G1.040-C2,55475,2,2061.75,25,4.0,early25,False
A-G1.040-C2,55475,2,2063.75,1,2.0,early25,False
A-G1.040-C2,55475,2,2065.5,2,1.75,early25,False
A-G1.040-C2,55475,2,2072.25,1,6.75,early25,False
A-G1.040-C2,55475,2,2075.25,2,3.0,early25,False
A-G1.040-C2,55475,2,2076.5,1,1.25,early25,False
A-G1.040-C2,55475,2,2078.75,1,2.25,early25,False
A-G1.040-C2,55475,2,2244.25,2,165.5,middle50,False
A-G1.040-C2,55475,2,2250.25,3,6.0,middle50,False
A-G1.040-C2,55475,2,2253.25,1,3.0,middle50,False
A-G1.040-C2,55475,2,2256.5,1,3.25,middle50,False
A-G1.040-C2,55475,2,2291.75,1,35.25,middle50,False
A-G1.040-C2,55475,2,2293.5,1,1.75,middle50,False
A-G1.040-C2,55475,2,2295.5,1,2.0,middle50,False
A-G1.040-C2,55475,2,2305.25,1,9.75,middle50,False
A-G1.040-C2,55475,2,2308.75,2,3.5,middle50,False
A-G1.040-C2,55475,2,2313.5,2,4.75,middle50,False
A-G1.040-C2,55475,2,2318.25,2,4.75,middle50,False
A-G1.040-C2,55475,2,2323.75,1,5.5,middle50,False
A-G1.040-C2,55475,2,2329.75,5,6.0,middle50,False
A-G1.040-C2,55475,2,2469.25,1,139.5,middle50,False
A-G1.040-C2,55475,2,2473.0,1,3.75,middle50,False
A-G1.040-C2,55475,2,2479.75,2,6.75,middle50,False
A-G1.040-C2,55475,2,2483.25,1,3.5,middle50,False
A-G1.040-C2,55475,2,2486.0,2,2.75,middle50,False
A-G1.040-C2,55475,2,2490.0,1,4.0,middle50,False
A-G1.040-C2,55475,2,2494.25,2,4.25,middle50,False
A-G1.040-C2,55475,2,2498.25,1,4.0,middle50,False
A-G1.040-C2,55475,2,2523.75,2,25.5,middle50,False
A-G1.040-C2,55475,2,2526.5,1,2.75,middle50,False
A-G1.040-C2,55475,2,2529.5,15,3.0,middle50,False
A-G1.040-C2,55475,2,2539.0,1,9.5,middle50,False
A-G1.040-C2,55475,2,2543.25,1,4.25,middle50,False
A-G1.040-C2,55475,2,2546.25,1,3.0,middle50,False
A-G1.040-C2,55475,2,2549.25,1,3.0,middle50,False
A-G1.040-C2,55475,2,2552.25,2,3.0,middle50,False
A-G1.040-C2,55475,2,2685.25,2,133.0,late25,False
A-G1.040-C2,55475,2,2688.25,1,3.0,late25,False
A-G1.040-C2,55475,2,2693.25,1,5.0,late25,False
A-G1.040-C2,55475,2,2696.5,1,3.25,late25,False
A-G1.040-C2,55475,2,2735.0,1,38.5,late25,False
A-G1.040-C2,55475,2,2739.0,2,4.0,late25,False
A-G1.040-C2,55475,2,2741.0,2,2.0,late25,False
A-G1.040-C2,55475,2,2744.75,1,3.75,late25,False
A-G1.040-C2,55475,2,2747.0,1,2.25,late25,False
A-G1.040-C2,55475,2,2750.0,1,3.0,late25,False
A-G1.040-C2,55475,2,2753.75,1,3.75,late25,False
A-G1.040-C2,55475,2,2756.0,1,2.25,late25,False
A-G1.040-C2,55475,2,2759.75,2,3.75,late25,False
A-G1.040-C2,55475,2,2762.75,1,3.0,late25,False
A-G1.040-C2,55475,3,2890.0,1,127.25,early25,True
A-G1.040-C2,55475,3,2894.25,2,4.25,early25,True
A-G1.040-C2,55475,3,2906.0,2,11.75,early25,True
A-G1.040-C2,55475,3,2909.75,3,3.75,early25,True
A-G1.040-C2,55475,3,2913.25,2,3.5,early25,True
A-G1.040-C2,55475,3,2916.5,2,3.25,early25,True
A-G1.040-C2,55475,3,2944.75,3,28.25,early25,True
A-G1.040-C2,55475,3,2947.5,2,2.75,early25,True
A-G1.040-C2,55475,3,2951.75,3,4.25,early25,True
A-G1.040-C2,55475,3,2956.0,2,4.25,early25,True
A-G1.040-C2,55475,3,2959.75,2,3.75,early25,True
A-G1.040-C2,55475,3,2963.0,1,3.25,early25,True
A-G1.040-C2,55475,3,2967.5,2,4.5,early25,True
A-G1.040-C2,55475,3,2972.75,2,5.25,early25,True
A-G1.040-C2,55475,3,2982.0,3,9.25,early25,True
A-G1.040-C2,55475,3,2996.25,2,14.25,early25,True
A-G1.040-C2,55475,3,2997.25,1,1.0,early25,True
A-G1.040-C2,55475,3,3008.75,3,11.5,early25,True
A-G1.040-C2,55475,3,3019.0,1,10.25,early25,True
A-G1.040-C2,55475,3,3022.75,1,3.75,early25,True
A-G1.040-C2,55475,3,3027.0,13,4.25,early25,True
A-G1.040-C2,55475,3,3051.25,1,24.25,early25,True
A-G1.040-C2,55475,3,3054.0,2,2.75,early25,True
A-G1.040-C2,55475,3,3056.5,1,2.5,middle50,True
A-G1.040-C2,55475,3,3061.25,1,4.75,middle50,True
A-G1.040-C2,55475,3,3063.0,1,1.75,middle50,True
A-G1.040-C2,55475,3,3067.0,2,4.0,middle50,True
A-G1.040-C2,55475,3,3072.5,3,5.5,middle50,True
A-G1.040-C2,55475,3,3077.75,1,5.25,middle50,True
A-G1.040-C2,55475,3,3083.5,3,5.75,middle50,True
A-G1.040-C2,55475,3,3100.25,1,16.75,middle50,True
A-G1.040-C2,55475,3,3103.75,1,3.5,middle50,True
A-G1.040-C2,55475,3,3107.75,2,4.0,middle50,True
A-G1.040-C2,55475,3,3112.25,1,4.5,middle50,True
A-G1.040-C2,55475,3,3116.5,1,4.25,middle50,True
A-G1.040-C2,55475,3,3120.25,2,3.75,middle50,True
A-G1.040-C2,55475,3,3123.5,1,3.25,middle50,True
A-G1.040-C2,55475,3,3127.0,1,3.5,middle50,True
A-G1.040-C2,55475,3,3131.5,13,4.5,middle50,True
A-G1.040-C2,55475,3,3155.25,1,23.75,middle50,True
A-G1.040-C2,55475,3,3158.5,1,3.25,middle50,True
A-G1.040-C2,55475,3,3162.0,1,3.5,middle50,True
A-G1.040-C2,55475,3,3166.5,1,4.5,middle50,True
A-G1.040-C2,55475,3,3174.0,2,7.5,middle50,True
A-G1.040-C2,55475,3,3176.0,1,2.0,middle50,True
A-G1.040-C2,55475,3,3179.5,1,3.5,middle50,True
A-G1.040-C2,55475,3,3181.5,1,2.0,middle50,True
A-G1.040-C2,55475,3,3211.5,2,30.0,middle50,True
A-G1.040-C2,55475,3,3218.25,1,6.75,middle50,True
A-G1.040-C2,55475,3,3225.5,2,7.25,middle50,True
A-G1.040-C2,55475,3,3230.0,1,4.5,middle50,True
A-G1.040-C2,55475,3,3234.5,1,4.5,middle50,True
A-G1.040-C2,55475,3,3265.5,1,31.0,middle50,True
A-G1.040-C2,55475,3,3270.0,1,4.5,middle50,True
A-G1.040-C2,55475,3,3275.75,2,5.75,middle50,True
A-G1.040-C2,55475,3,3281.5,1,5.75,middle50,True
A-G1.040-C2,55475,3,3289.5,1,8.0,middle50,True
A-G1.040-C2,55475,3,3310.75,1,21.25,middle50,True
A-G1.040-C2,55475,3,3314.25,1,3.5,middle50,True
A-G1.040-C2,55475,3,3320.25,1,6.0,middle50,True
A-G1.040-C2,55475,3,3324.0,1,3.75,middle50,True
A-G1.040-C2,55475,3,3328.0,1,4.0,middle50,True
A-G1.040-C2,55475,3,3331.0,1,3.0,middle50,True
A-G1.040-C2,55475,3,3334.25,7,3.25,middle50,True
A-G1.040-C2,55475,3,3367.5,1,33.25,middle50,True
A-G1.040-C2,55475,3,3373.75,1,6.25,middle50,True
A-G1.040-C2,55475,3,3379.25,1,5.5,middle50,True
A-G1.040-C2,55475,3,3382.25,1,3.0,middle50,True
A-G1.040-C2,55475,3,3385.5,1,3.25,middle50,True
A-G1.040-C2,55475,3,3388.5,1,3.0,middle50,True
A-G1.040-C2,55475,3,3397.5,1,9.0,middle50,True
A-G1.040-C2,55475,3,3547.0,1,149.5,late25,True
A-G1.040-C2,55475,3,3553.0,1,6.0,late25,True
A-G1.040-C2,55475,3,3569.25,1,16.25,late25,True
A-G1.040-C2,55475,3,3572.25,1,3.0,late25,True
A-G1.040-C2,63394,0,0.25,3,,early25,False
A-G1.040-C2,63394,0,8.25,1,8.0,early25,False
A-G1.040-C2,63394,0,34.25,1,26.0,early25,False
A-G1.040-C2,63394,0,39.25,1,5.0,early25,False
A-G1.040-C2,63394,0,46.5,1,7.25,early25,False
A-G1.040-C2,63394,0,97.5,1,51.0,early25,False
A-G1.040-C2,63394,0,112.4999999998,1,14.999999999799996,early25,False
A-G1.040-C2,63394,0,131.9999999998,5,19.5,early25,False
A-G1.040-C2,63394,0,164.2499999998,3,32.25,early25,False
A-G1.040-C2,63394,0,174.7499999998,1,10.5,early25,False
A-G1.040-C2,63394,0,221.4999999998,1,46.75,middle50,False
A-G1.040-C2,63394,0,233.4999999998,1,12.0,middle50,False
A-G1.040-C2,63394,0,239.2499999998,1,5.75,middle50,False
A-G1.040-C2,63394,0,242.9999999998,1,3.75,middle50,False
A-G1.040-C2,63394,0,407.9999999998,1,165.00000000000003,middle50,False
A-G1.040-C2,63394,0,413.4999999998,1,5.5,middle50,False
A-G1.040-C2,63394,0,415.9999999998,1,2.5,middle50,False
A-G1.040-C2,63394,0,430.4999999998,1,14.5,middle50,False
A-G1.040-C2,63394,0,435.9999999998,1,5.5,middle50,False
A-G1.040-C2,63394,0,462.4999999998,2,26.5,middle50,False
A-G1.040-C2,63394,0,469.2499999998,1,6.75,middle50,False
A-G1.040-C2,63394,0,472.9999999998,1,3.75,middle50,False
A-G1.040-C2,63394,0,483.9999999998,13,11.0,middle50,False
A-G1.040-C2,63394,0,638.4999999998,1,154.5,late25,False
A-G1.040-C2,63394,0,688.2499999998,1,49.75,late25,False
A-G1.040-C2,63394,0,692.4999999998,1,4.25,late25,False
A-G1.040-C2,63394,0,701.2499999998,1,8.75,late25,False
A-G1.040-C2,63394,0,709.7499999998,1,8.5,late25,False
A-G1.040-C2,63394,0,714.2499999998,1,4.5,late25,False
A-G1.040-C2,63394,0,829.4999999998,1,115.25,late25,False
A-G1.040-C2,63394,1,849.4999999998,1,20.0,early25,False
A-G1.040-C2,63394,1,852.2499999998,1,2.75,early25,False
A-G1.040-C2,63394,1,853.7499999998,1,1.5,early25,False
A-G1.040-C2,63394,1,855.4999999998,1,1.75,early25,False
A-G1.040-C2,63394,1,860.7499999998,2,5.25,early25,False
A-G1.040-C2,63394,1,869.7499999998,2,9.0,early25,False
A-G1.040-C2,63394,1,916.2499999998,2,46.5,early25,False
A-G1.040-C2,63394,1,921.2499999998,2,5.0,early25,False
A-G1.040-C2,63394,1,931.2499999998,2,10.0,early25,False
A-G1.040-C2,63394,1,977.4999999998,2,46.25,early25,False
A-G1.040-C2,63394,1,985.2499999998,1,7.75,early25,False
A-G1.040-C2,63394,1,988.9999999998,1,3.75,early25,False
A-G1.040-C2,63394,1,1018.4999999998,2,29.5,early25,False
A-G1.040-C2,63394,1,1022.7499999998,1,4.25,early25,False
A-G1.040-C2,63394,1,1025.4999999998,1,2.7499999999998863,early25,False
A-G1.040-C2,63394,1,1029.7499999998,2,4.25,early25,False
A-G1.040-C2,63394,1,1036.9999999998,1,7.25,early25,False
A-G1.040-C2,63394,1,1043.9999999998,2,7.0,early25,False
A-G1.040-C2,63394,1,1052.4999999998,1,8.5,early25,False
A-G1.040-C2,63394,1,1076.9999999998,2,24.5,middle50,False
A-G1.040-C2,63394,1,1080.4999999998,1,3.5,middle50,False
A-G1.040-C2,63394,1,1083.7499999998,1,3.25,middle50,False
A-G1.040-C2,63394,1,1092.9999999998,1,9.25,middle50,False
A-G1.040-C2,63394,1,1097.7499999998,2,4.75,middle50,False
A-G1.040-C2,63394,1,1130.2499999998,1,32.5,middle50,False
A-G1.040-C2,63394,1,1133.9999999998,2,3.75,middle50,False
A-G1.040-C2,63394,1,1141.9999999998,1,8.0,middle50,False
A-G1.040-C2,63394,1,1143.7499999998,1,1.75,middle50,False
A-G1.040-C2,63394,1,1146.2499999998,1,2.5,middle50,False
A-G1.040-C2,63394,1,1147.9999999998,1,1.75,middle50,False
A-G1.040-C2,63394,1,1150.9999999998,1,3.0,middle50,False
A-G1.040-C2,63394,1,1154.4999999998,1,3.5,middle50,False
A-G1.040-C2,63394,1,1165.9999999998,6,11.5,middle50,False
A-G1.040-C2,63394,1,1305.2499999998,1,139.25,middle50,False
A-G1.040-C2,63394,1,1310.4999999998,1,5.25,middle50,False
A-G1.040-C2,63394,1,1314.4999999998,1,4.0,middle50,False
A-G1.040-C2,63394,1,1318.7499999998,1,4.25,middle50,False
A-G1.040-C2,63394,1,1323.4999999998,2,4.75,middle50,False
A-G1.040-C2,63394,1,1326.4999999998,1,3.0,middle50,False
A-G1.040-C2,63394,1,1332.4999999998,1,6.0,middle50,False
A-G1.040-C2,63394,1,1361.7499999998,1,29.25,middle50,False
A-G1.040-C2,63394,1,1366.9999999998,2,5.25,middle50,False
A-G1.040-C2,63394,1,1369.4999999998,1,2.5,middle50,False
A-G1.040-C2,63394,1,1371.9999999998,1,2.5,middle50,False
A-G1.040-C2,63394,1,1374.4999999998,1,2.5,middle50,False
A-G1.040-C2,63394,1,1378.2499999998,1,3.75,middle50,False
A-G1.040-C2,63394,1,1382.2499999998,1,4.0,middle50,False
A-G1.040-C2,63394,1,1385.2499999998,2,3.0,middle50,False
A-G1.040-C2,63394,1,1387.7499999998,1,2.5,middle50,False
A-G1.040-C2,63394,1,1390.2499999998,1,2.5,middle50,False
A-G1.040-C2,63394,1,1398.7499999998,1,8.5,middle50,False
A-G1.040-C2,63394,1,1404.9999999998,4,6.25,middle50,False
A-G1.040-C2,63394,1,1527.4999999998,1,122.5,late25,False
A-G1.040-C2,63394,1,1529.4999999998,1,2.0,late25,False
A-G1.040-C2,63394,1,1533.7499999998,2,4.25,late25,False
A-G1.040-C2,63394,1,1539.7499999998,1,6.0,late25,False
A-G1.040-C2,63394,1,1552.2499999998,1,12.5,late25,False
A-G1.040-C2,63394,1,1556.7499999998,1,4.5,late25,False
A-G1.040-C2,63394,1,1586.7499999998,1,30.0,late25,False
A-G1.040-C2,63394,1,1588.9999999998,1,2.25,late25,False
A-G1.040-C2,63394,1,1592.9999999998,1,4.0,late25,False
A-G1.040-C2,63394,1,1595.4999999998,1,2.5,late25,False
A-G1.040-C2,63394,1,1598.4999999998,1,3.0,late25,False
A-G1.040-C2,63394,1,1602.4999999998,1,4.0,late25,False
A-G1.040-C2,63394,1,1607.2499999998,1,4.75,late25,False
A-G1.040-C2,63394,1,1611.7499999998,1,4.5,late25,False
A-G1.040-C2,63394,1,1613.7499999998,1,2.0,late25,False
A-G1.040-C2,63394,1,1615.4999999998,1,1.75,late25,False
A-G1.040-C2,63394,1,1724.9999999998,1,109.5,late25,False
A-G1.040-C2,63394,2,1731.7499999998,2,6.75,early25,False
A-G1.040-C2,63394,2,1744.9999999998,2,13.25,early25,False
A-G1.040-C2,63394,2,1746.9999999998,2,2.0,early25,False
A-G1.040-C2,63394,2,1749.2499999998,2,2.25,early25,False
A-G1.040-C2,63394,2,1751.7499999998,1,2.5,early25,False
A-G1.040-C2,63394,2,1754.2499999998,2,2.5,early25,False
A-G1.040-C2,63394,2,1756.9999999998,2,2.75,early25,False
A-G1.040-C2,63394,2,1760.2499999998,2,3.25,early25,False
A-G1.040-C2,63394,2,1764.7499999998,2,4.5,early25,False
A-G1.040-C2,63394,2,1768.7499999998,2,4.0,early25,False
A-G1.040-C2,63394,2,1773.7499999998,3,5.0,early25,False
A-G1.040-C2,63394,2,1798.7499999998,1,25.0,early25,False
A-G1.040-C2,63394,2,1803.5,3,4.750000000200089,early25,False
A-G1.040-C2,63394,2,1806.5,3,3.0,early25,False
A-G1.040-C2,63394,2,1809.25,2,2.75,early25,False
A-G1.040-C2,63394,2,1813.25,2,4.0,early25,False
A-G1.040-C2,63394,2,1815.0,1,1.75,early25,False
A-G1.040-C2,63394,2,1819.75,3,4.75,early25,False
A-G1.040-C2,63394,2,1822.25,2,2.5,early25,False
A-G1.040-C2,63394,2,1826.0,1,3.75,early25,False
A-G1.040-C2,63394,2,1828.25,11,2.25,early25,False
A-G1.040-C2,63394,2,1836.75,23,8.5,early25,False
A-G1.040-C2,63394,2,1978.75,1,142.0,middle50,False
A-G1.040-C2,63394,2,1989.75,1,11.0,middle50,False
A-G1.040-C2,63394,2,1993.5,1,3.75,middle50,False
A-G1.040-C2,63394,2,1998.25,1,4.75,middle50,False
A-G1.040-C2,63394,2,2005.25,2,7.0,middle50,False
A-G1.040-C2,63394,2,2008.25,1,3.0,middle50,False
A-G1.040-C2,63394,2,2032.75,1,24.5,middle50,False
A-G1.040-C2,63394,2,2038.5,2,5.75,middle50,False
A-G1.040-C2,63394,2,2044.5,2,6.0,middle50,False
A-G1.040-C2,63394,2,2051.25,3,6.75,middle50,False
A-G1.040-C2,63394,2,2053.75,1,2.5,middle50,False
A-G1.040-C2,63394,2,2058.75,2,5.0,middle50,False
A-G1.040-C2,63394,2,2063.25,2,4.5,middle50,False
A-G1.040-C2,63394,2,2070.5,1,7.25,middle50,False
A-G1.040-C2,63394,2,2228.75,2,158.25,middle50,False
A-G1.040-C2,63394,2,2232.0,1,3.25,middle50,False
A-G1.040-C2,63394,2,2238.0,2,6.0,middle50,False
A-G1.040-C2,63394,2,2241.75,1,3.75,middle50,False
A-G1.040-C2,63394,2,2246.0,1,4.25,middle50,False
A-G1.040-C2,63394,2,2249.25,1,3.25,middle50,False
A-G1.040-C2,63394,2,2254.25,2,5.0,middle50,False
A-G1.040-C2,63394,2,2277.0,2,22.75,middle50,False
A-G1.040-C2,63394,2,2280.75,1,3.75,middle50,False
A-G1.040-C2,63394,2,2283.5,1,2.75,middle50,False
A-G1.040-C2,63394,2,2286.5,16,3.0,middle50,False
A-G1.040-C2,63394,2,2293.5,1,7.0,middle50,False
A-G1.040-C2,63394,2,2299.5,2,6.0,middle50,False
A-G1.040-C2,63394,2,2305.0,1,5.5,middle50,False
A-G1.040-C2,63394,2,2309.75,1,4.75,middle50,False
A-G1.040-C2,63394,2,2315.75,4,6.0,middle50,False
A-G1.040-C2,63394,2,2438.25,1,122.5,late25,False
A-G1.040-C2,63394,2,2440.75,1,2.5,late25,False
A-G1.040-C2,63394,2,2444.5,1,3.75,late25,False
A-G1.040-C2,63394,2,2448.5,1,4.0,late25,False
A-G1.040-C2,63394,2,2451.25,1,2.75,late25,False
A-G1.040-C2,63394,2,2456.0,1,4.75,late25,False
A-G1.040-C2,63394,2,2460.25,2,4.25,late25,False
A-G1.040-C2,63394,2,2465.75,1,5.5,late25,False
A-G1.040-C2,63394,2,2490.5,9,24.75,late25,False
A-G1.040-C2,63394,2,2495.5,1,5.0,late25,False
A-G1.040-C2,63394,2,2500.5,1,5.0,late25,False
A-G1.040-C2,63394,2,2504.25,1,3.75,late25,False
A-G1.040-C2,63394,2,2508.0,2,3.75,late25,False
A-G1.040-C2,63394,2,2511.75,2,3.75,late25,False
A-G1.040-C2,63394,2,2516.5,1,4.75,late25,False
A-G1.040-C2,63394,2,2520.25,1,3.75,late25,False
A-G1.040-C2,63394,2,2530.75,7,10.5,late25,False
A-G1.040-C2,63394,2,2629.75,5,99.0,late25,False
A-G1.040-C2,63394,3,2642.25,1,12.5,early25,True
A-G1.040-C2,63394,3,2643.5,1,1.25,early25,True
A-G1.040-C2,63394,3,2647.0,10,3.5,early25,True
A-G1.040-C2,63394,3,2653.25,3,6.25,early25,True
A-G1.040-C2,63394,3,2658.0,3,4.75,early25,True
A-G1.040-C2,63394,3,2661.75,2,3.75,early25,True
A-G1.040-C2,63394,3,2668.5,2,6.75,early25,True
A-G1.040-C2,63394,3,2670.75,1,2.25,early25,True
A-G1.040-C2,63394,3,2700.5,3,29.75,early25,True
A-G1.040-C2,63394,3,2704.0,2,3.5,early25,True
A-G1.040-C2,63394,3,2709.75,2,5.75,early25,True
A-G1.040-C2,63394,3,2713.75,2,4.0,early25,True
A-G1.040-C2,63394,3,2721.25,2,7.5,early25,True
A-G1.040-C2,63394,3,2729.75,2,8.5,early25,True
A-G1.040-C2,63394,3,2736.5,2,6.75,early25,True
A-G1.040-C2,63394,3,2745.25,9,8.75,early25,True
A-G1.040-C2,63394,3,2754.75,1,9.5,early25,True
A-G1.040-C2,63394,3,2757.0,2,2.25,early25,True
A-G1.040-C2,63394,3,2758.75,1,1.75,early25,True
A-G1.040-C2,63394,3,2761.0,1,2.25,early25,True
A-G1.040-C2,63394,3,2763.75,1,2.75,early25,True
A-G1.040-C2,63394,3,2771.25,2,7.5,early25,True
A-G1.040-C2,63394,3,2778.5,3,7.25,early25,True
A-G1.040-C2,63394,3,2814.0,2,35.5,early25,True
A-G1.040-C2,63394,3,2822.75,1,8.75,early25,True
A-G1.040-C2,63394,3,2828.0,2,5.25,early25,True
A-G1.040-C2,63394,3,2832.0,1,4.0,early25,True
A-G1.040-C2,63394,3,2835.5,2,3.5,early25,True
A-G1.040-C2,63394,3,2839.0,1,3.5,early25,True
A-G1.040-C2,63394,3,2864.0,2,25.0,early25,True
A-G1.040-C2,63394,3,2871.25,2,7.25,early25,True
A-G1.040-C2,63394,3,2883.25,1,12.0,middle50,True
A-G1.040-C2,63394,3,2917.25,2,34.0,middle50,True
A-G1.040-C2,63394,3,2924.75,2,7.5,middle50,True
A-G1.040-C2,63394,3,2930.5,1,5.75,middle50,True
A-G1.040-C2,63394,3,2936.25,1,5.75,middle50,True
A-G1.040-C2,63394,3,2940.0,2,3.75,middle50,True
A-G1.040-C2,63394,3,2964.25,1,24.25,middle50,True
A-G1.040-C2,63394,3,2967.0,1,2.75,middle50,True
A-G1.040-C2,63394,3,2973.25,2,6.25,middle50,True
A-G1.040-C2,63394,3,2979.5,1,6.25,middle50,True
A-G1.040-C2,63394,3,2985.75,1,6.25,middle50,True
A-G1.040-C2,63394,3,2991.75,2,6.0,middle50,True
A-G1.040-C2,63394,3,3033.25,1,41.5,middle50,True
A-G1.040-C2,63394,3,3038.25,1,5.0,middle50,True
A-G1.040-C2,63394,3,3043.25,2,5.0,middle50,True
A-G1.040-C2,63394,3,3048.25,1,5.0,middle50,True
A-G1.040-C2,63394,3,3075.75,2,27.5,middle50,True
A-G1.040-C2,63394,3,3088.0,1,12.25,middle50,True
A-G1.040-C2,63394,3,3095.25,1,7.25,middle50,True
A-G1.040-C2,63394,3,3129.25,2,34.0,middle50,True
A-G1.040-C2,63394,3,3134.25,1,5.0,middle50,True
A-G1.040-C2,63394,3,3139.25,1,5.0,middle50,True
A-G1.040-C2,63394,3,3142.75,1,3.5,middle50,True
A-G1.040-C2,63394,3,3147.5,1,4.75,middle50,True
A-G1.040-C2,63394,3,3152.5,1,5.0,middle50,True
A-G1.040-C2,63394,3,3172.0,1,19.5,middle50,True
A-G1.040-C2,63394,3,3175.5,1,3.5,middle50,True
A-G1.040-C2,63394,3,3179.5,1,4.0,middle50,True
A-G1.040-C2,63394,3,3186.5,1,7.0,middle50,True
A-G1.040-C2,63394,3,3189.5,1,3.0,middle50,True
A-G1.040-C2,63394,3,3196.75,8,7.25,middle50,True
A-G1.040-C2,63394,3,3228.0,1,31.25,middle50,True
A-G1.040-C2,63394,3,3232.0,1,4.0,middle50,True
A-G1.040-C2,63394,3,3238.25,1,6.25,middle50,True
A-G1.040-C2,63394,3,3245.25,1,7.0,middle50,True
A-G1.040-C2,63394,3,3250.0,1,4.75,middle50,True
A-G1.040-C2,63394,3,3252.5,1,2.5,middle50,True
A-G1.040-C2,63394,3,3257.25,1,4.75,middle50,True
A-G1.040-C2,63394,3,3419.0,1,161.75,late25,True
A-G1.040-C2,63394,3,3422.75,1,3.75,late25,True
A-G1.040-C2,63394,3,3436.25,1,13.5,late25,True
A-G1.040-C2,63394,3,3439.25,1,3.0,late25,True
A-G1.040-C2,63394,3,3468.25,1,29.0,late25,True
A-G1.040-C2,63394,3,3474.0,1,5.75,late25,True
A-G1.040-C2,63394,3,3477.0,1,3.0,late25,True
A-G1.040-C2,63394,3,3483.0,1,6.0,late25,True
A-G1.040-C2,63394,3,3485.75,1,2.75,late25,True
A-G1.040-C2,63394,3,3494.5,6,8.75,late25,True
A-G1.040-C2,63394,3,3497.5,1,3.0,late25,True
A-G1.040-C2,63394,3,3508.0,1,10.5,late25,True
A-G1.040-C2,71313,0,0.25,3,,early25,False
A-G1.040-C2,71313,0,8.5,1,8.25,early25,False
A-G1.040-C2,71313,0,18.25,1,9.75,early25,False
A-G1.040-C2,71313,0,45.75,1,27.5,early25,False
A-G1.040-C2,71313,0,63.5,1,17.75,early25,False
A-G1.040-C2,71313,0,101.25,1,37.75,early25,False
A-G1.040-C2,71313,0,104.25,1,3.0,early25,False
A-G1.040-C2,71313,0,159.75,1,55.5,early25,False
A-G1.040-C2,71313,0,163.75,1,4.0,early25,False
A-G1.040-C2,71313,0,172.25,1,8.5,early25,False
A-G1.040-C2,71313,0,175.5,1,3.25,early25,False
A-G1.040-C2,71313,0,182.25,1,6.75,middle50,False
A-G1.040-C2,71313,0,219.5,1,37.25,middle50,False
A-G1.040-C2,71313,0,225.5,1,6.0,middle50,False
A-G1.040-C2,71313,0,230.75,1,5.25,middle50,False
A-G1.040-C2,71313,0,238.25,1,7.5,middle50,False
A-G1.040-C2,71313,0,276.75,1,38.5,middle50,False
A-G1.040-C2,71313,0,286.0,1,9.25,middle50,False
A-G1.040-C2,71313,0,292.0,1,6.0,middle50,False
A-G1.040-C2,71313,0,300.75,1,8.75,middle50,False
A-G1.040-C2,71313,0,336.5,1,35.75,middle50,False
A-G1.040-C2,71313,0,345.0,1,8.5,middle50,False
A-G1.040-C2,71313,0,350.75,1,5.75,middle50,False
A-G1.040-C2,71313,0,355.25,1,4.5,middle50,False
A-G1.040-C2,71313,0,366.75,1,11.5,middle50,False
A-G1.040-C2,71313,0,520.5,1,153.75,middle50,False
A-G1.040-C2,71313,0,525.0,1,4.5,middle50,False
A-G1.040-C2,71313,0,532.0,1,7.0,middle50,False
A-G1.040-C2,71313,0,534.25,1,2.25,middle50,False
A-G1.040-C2,71313,0,548.0,1,13.75,late25,False
A-G1.040-C2,71313,0,575.0,1,27.0,late25,False
A-G1.040-C2,71313,0,582.25,2,7.25,late25,False
A-G1.040-C2,71313,0,588.75,1,6.5,late25,False
A-G1.040-C2,71313,0,597.25,1,8.5,late25,False
A-G1.040-C2,71313,0,602.75,12,5.5,late25,False
A-G1.040-C2,71313,0,604.0,1,1.25,late25,False
A-G1.040-C2,71313,0,718.75,1,114.75,late25,False
A-G1.040-C2,71313,1,747.25,1,28.5,early25,False
A-G1.040-C2,71313,1,761.25,1,14.0,early25,False
A-G1.040-C2,71313,1,798.0,2,36.75,early25,False
A-G1.040-C2,71313,1,799.25,1,1.25,early25,False
A-G1.040-C2,71313,1,807.5,2,8.25,early25,False
A-G1.040-C2,71313,1,818.25,1,10.75,early25,False
A-G1.040-C2,71313,1,821.75,1,3.5,early25,False
A-G1.040-C2,71313,1,827.0,2,5.25,early25,False
A-G1.040-C2,71313,1,851.5,1,24.5,early25,False
A-G1.040-C2,71313,1,855.75,1,4.25,early25,False
A-G1.040-C2,71313,1,859.0,2,3.25,early25,False
A-G1.040-C2,71313,1,864.5,1,5.5,early25,False
A-G1.040-C2,71313,1,867.5,1,3.0,early25,False
A-G1.040-C2,71313,1,876.25,2,8.75,early25,False
A-G1.040-C2,71313,1,908.25,2,32.0,early25,False
A-G1.040-C2,71313,1,913.5,2,5.25,early25,False
A-G1.040-C2,71313,1,918.0,2,4.5,early25,False
A-G1.040-C2,71313,1,921.75,1,3.75,early25,False
A-G1.040-C2,71313,1,928.25,2,6.5,early25,False
A-G1.040-C2,71313,1,931.5,1,3.25,early25,False
A-G1.040-C2,71313,1,941.0,2,9.5,early25,False
A-G1.040-C2,71313,1,976.75,1,35.75,early25,False
A-G1.040-C2,71313,1,987.0,1,10.25,early25,False
A-G1.040-C2,71313,1,992.0,2,5.0,early25,False
A-G1.040-C2,71313,1,996.25,1,4.25,early25,False
A-G1.040-C2,71313,1,1028.75,1,32.5,middle50,False
A-G1.040-C2,71313,1,1035.25,2,6.5,middle50,False
A-G1.040-C2,71313,1,1038.75,2,3.5,middle50,False
A-G1.040-C2,71313,1,1046.0,2,7.25,middle50,False
A-G1.040-C2,71313,1,1053.5,1,7.5,middle50,False
A-G1.040-C2,71313,1,1204.5,1,151.0,middle50,False
A-G1.040-C2,71313,1,1209.25,1,4.75,middle50,False
A-G1.040-C2,71313,1,1211.75,1,2.5,middle50,False
A-G1.040-C2,71313,1,1214.25,1,2.5,middle50,False
A-G1.040-C2,71313,1,1217.75,1,3.5,middle50,False
A-G1.040-C2,71313,1,1221.0,1,3.25,middle50,False
A-G1.040-C2,71313,1,1226.75,1,5.75,middle50,False
A-G1.040-C2,71313,1,1260.75,2,34.0,middle50,False
A-G1.040-C2,71313,1,1264.5,1,3.75,middle50,False
A-G1.040-C2,71313,1,1266.0,1,1.5,middle50,False
A-G1.040-C2,71313,1,1269.25,1,3.25,middle50,False
A-G1.040-C2,71313,1,1270.75,1,1.5,middle50,False
A-G1.040-C2,71313,1,1274.0,1,3.25,middle50,False
A-G1.040-C2,71313,1,1278.75,1,4.75,middle50,False
A-G1.040-C2,71313,1,1279.75,1,1.0,middle50,False
A-G1.040-C2,71313,1,1284.25,1,4.5,middle50,False
A-G1.040-C2,71313,1,1289.25,1,5.0,middle50,False
A-G1.040-C2,71313,1,1291.5,1,2.25,middle50,False
A-G1.040-C2,71313,1,1428.75,1,137.25,middle50,False
A-G1.040-C2,71313,1,1434.5,1,5.75,middle50,False
A-G1.040-C2,71313,1,1439.0,1,4.5,middle50,False
A-G1.040-C2,71313,1,1442.5,1,3.5,middle50,False
A-G1.040-C2,71313,1,1453.0,2,10.5,middle50,False
A-G1.040-C2,71313,1,1488.0,1,35.0,middle50,False
A-G1.040-C2,71313,1,1493.5,1,5.5,middle50,False
A-G1.040-C2,71313,1,1497.5,1,4.0,middle50,False
A-G1.040-C2,71313,1,1500.75,1,3.25,middle50,False
A-G1.040-C2,71313,1,1504.5,1,3.75,middle50,False
A-G1.040-C2,71313,1,1507.0,1,2.5,middle50,False
A-G1.040-C2,71313,1,1513.25,2,6.25,middle50,False
A-G1.040-C2,71313,1,1649.5,1,136.25,late25,False
A-G1.040-C2,71313,1,1651.5,1,2.0,late25,False
A-G1.040-C2,71313,1,1658.5,1,7.0,late25,False
A-G1.040-C2,71313,1,1672.0,1,13.5,late25,False
A-G1.040-C2,71313,1,1677.25,1,5.25,late25,False
A-G1.040-C2,71313,1,1681.0,1,3.75,late25,False
A-G1.040-C2,71313,1,1706.5,2,25.5,late25,False
A-G1.040-C2,71313,1,1711.25,1,4.75,late25,False
A-G1.040-C2,71313,1,1713.75,1,2.5,late25,False
A-G1.040-C2,71313,1,1717.25,1,3.5,late25,False
A-G1.040-C2,71313,1,1721.25,12,4.0,late25,False
A-G1.040-C2,71313,1,1723.25,1,2.0,late25,False
A-G1.040-C2,71313,1,1725.25,1,2.0,late25,False
A-G1.040-C2,71313,1,1726.75,1,1.5,late25,False
A-G1.040-C2,71313,1,1732.0,1,5.25,late25,False
A-G1.040-C2,71313,1,1736.0,1,4.0,late25,False
A-G1.040-C2,71313,2,1857.0,1,121.0,early25,False
A-G1.040-C2,71313,2,1859.75,1,2.75,early25,False
A-G1.040-C2,71313,2,1861.75,1,2.0,early25,False
A-G1.040-C2,71313,2,1864.0,1,2.25,early25,False
A-G1.040-C2,71313,2,1867.25,2,3.25,early25,False
A-G1.040-C2,71313,2,1870.75,2,3.5,early25,False
A-G1.040-C2,71313,2,1880.5,4,9.75,early25,False
A-G1.040-C2,71313,2,1915.25,3,34.75,early25,False
A-G1.040-C2,71313,2,1917.25,1,2.0,early25,False
A-G1.040-C2,71313,2,1919.0,1,1.75,early25,False
A-G1.040-C2,71313,2,1924.25,2,5.25,early25,False
A-G1.040-C2,71313,2,1925.0,1,0.75,early25,False
A-G1.040-C2,71313,2,1930.25,2,5.25,early25,False
A-G1.040-C2,71313,2,1933.5,1,3.25,early25,False
A-G1.040-C2,71313,2,1939.0,3,5.5,early25,False
A-G1.040-C2,71313,2,1950.0,1,11.0,early25,False
A-G1.040-C2,71313,2,1956.25,8,6.25,early25,False
A-G1.040-C2,71313,2,1968.5,2,12.25,early25,False
A-G1.040-C2,71313,2,1971.75,1,3.25,early25,False
A-G1.040-C2,71313,2,1976.5,2,4.75,early25,False
A-G1.040-C2,71313,2,1981.75,2,5.25,early25,False
A-G1.040-C2,71313,2,1986.25,2,4.5,early25,False
A-G1.040-C2,71313,2,1991.5,3,5.25,early25,False
A-G1.040-C2,71313,2,1995.25,1,3.75,early25,False
A-G1.040-C2,71313,2,1999.75,22,4.5,early25,False
A-G1.040-C2,71313,2,2022.0,1,22.25,early25,False
A-G1.040-C2,71313,2,2025.25,1,3.25,early25,False
A-G1.040-C2,71313,2,2028.0,1,2.75,early25,False
A-G1.040-C2,71313,2,2031.75,2,3.75,early25,False
A-G1.040-C2,71313,2,2043.75,1,12.0,middle50,False
A-G1.040-C2,71313,2,2048.75,2,5.0,middle50,False
A-G1.040-C2,71313,2,2053.25,1,4.5,middle50,False
A-G1.040-C2,71313,2,2198.0,1,144.75,middle50,False
A-G1.040-C2,71313,2,2203.5,1,5.5,middle50,False
A-G1.040-C2,71313,2,2207.5,1,4.0,middle50,False
A-G1.040-C2,71313,2,2210.5,1,3.0,middle50,False
A-G1.040-C2,71313,2,2214.0,2,3.5,middle50,False
A-G1.040-C2,71313,2,2217.25,1,3.25,middle50,False
A-G1.040-C2,71313,2,2221.5,1,4.25,middle50,False
A-G1.040-C2,71313,2,2225.25,1,3.75,middle50,False
A-G1.040-C2,71313,2,2228.0,1,2.75,middle50,False
A-G1.040-C2,71313,2,2253.5,1,25.5,middle50,False
A-G1.040-C2,71313,2,2256.25,14,2.75,middle50,False
A-G1.040-C2,71313,2,2260.75,1,4.5,middle50,False
A-G1.040-C2,71313,2,2262.75,1,2.0,middle50,False
A-G1.040-C2,71313,2,2268.5,1,5.75,middle50,False
A-G1.040-C2,71313,2,2273.5,1,5.0,middle50,False
A-G1.040-C2,71313,2,2277.0,1,3.5,middle50,False
A-G1.040-C2,71313,2,2279.0,1,2.0,middle50,False
A-G1.040-C2,71313,2,2284.0,2,5.0,middle50,False
A-G1.040-C2,71313,2,2290.5,1,6.5,middle50,False
A-G1.040-C2,71313,2,2418.75,2,128.25,late25,False
A-G1.040-C2,71313,2,2421.75,1,3.0,late25,False
A-G1.040-C2,71313,2,2425.0,1,3.25,late25,False
A-G1.040-C2,71313,2,2428.5,1,3.5,late25,False
A-G1.040-C2,71313,2,2431.25,1,2.75,late25,False
A-G1.040-C2,71313,2,2435.25,1,4.0,late25,False
A-G1.040-C2,71313,2,2438.75,2,3.5,late25,False
A-G1.040-C2,71313,2,2443.0,1,4.25,late25,False
A-G1.040-C2,71313,2,2446.0,1,3.0,late25,False
A-G1.040-C2,71313,2,2471.25,12,25.25,late25,False
A-G1.040-C2,71313,2,2472.5,1,1.25,late25,False
A-G1.040-C2,71313,2,2478.75,1,6.25,late25,False
A-G1.040-C2,71313,2,2483.0,1,4.25,late25,False
A-G1.040-C2,71313,2,2486.75,1,3.75,late25,False
A-G1.040-C2,71313,2,2490.5,1,3.75,late25,False
A-G1.040-C2,71313,2,2493.0,1,2.5,late25,False
A-G1.040-C2,71313,2,2496.75,2,3.75,late25,False
A-G1.040-C2,71313,2,2500.5,1,3.75,late25,False
A-G1.040-C2,71313,2,2511.75,7,11.25,late25,False
A-G1.040-C2,71313,3,2624.0,1,112.25,early25,True
A-G1.040-C2,71313,3,2626.25,2,2.25,early25,True
A-G1.040-C2,71313,3,2630.75,2,4.5,early25,True
A-G1.040-C2,71313,3,2639.25,4,8.5,early25,True
A-G1.040-C2,71313,3,2642.25,1,3.0,early25,True
A-G1.040-C2,71313,3,2650.5,4,8.25,early25,True
A-G1.040-C2,71313,3,2685.0,2,34.5,early25,True
A-G1.040-C2,71313,3,2691.25,4,6.25,early25,True
A-G1.040-C2,71313,3,2697.25,3,6.0,early25,True
A-G1.040-C2,71313,3,2700.25,2,3.0,early25,True
A-G1.040-C2,71313,3,2704.5,2,4.25,early25,True
A-G1.040-C2,71313,3,2710.5,2,6.0,early25,True
A-G1.040-C2,71313,3,2722.0,5,11.5,early25,True
A-G1.040-C2,71313,3,2732.5,2,10.5,early25,True
A-G1.040-C2,71313,3,2736.5,1,4.0,early25,True
A-G1.040-C2,71313,3,2741.25,2,4.75,early25,True
A-G1.040-C2,71313,3,2745.75,2,4.5,early25,True
A-G1.040-C2,71313,3,2749.75,1,4.0,early25,True
A-G1.040-C2,71313,3,2753.0,1,3.25,early25,True
A-G1.040-C2,71313,3,2757.0,2,4.0,early25,True
A-G1.040-C2,71313,3,2761.75,15,4.75,early25,True
A-G1.040-C2,71313,3,2788.0,4,26.25,early25,True
A-G1.040-C2,71313,3,2794.5,2,6.5,early25,True
A-G1.040-C2,71313,3,2800.0,1,5.5,early25,True
A-G1.040-C2,71313,3,2802.25,1,2.25,early25,True
A-G1.040-C2,71313,3,2807.75,2,5.5,early25,True
A-G1.040-C2,71313,3,2812.75,1,5.0,early25,True
A-G1.040-C2,71313,3,2815.0,1,2.25,early25,True
A-G1.040-C2,71313,3,2819.0,1,4.0,early25,True
A-G1.040-C2,71313,3,2845.25,1,26.25,early25,True
A-G1.040-C2,71313,3,2846.25,3,1.0,early25,True
A-G1.040-C2,71313,3,2850.0,2,3.75,early25,True
A-G1.040-C2,71313,3,2857.25,2,7.25,early25,True
A-G1.040-C2,71313,3,2868.0,2,10.75,middle50,True
A-G1.040-C2,71313,3,2875.0,2,7.0,middle50,True
A-G1.040-C2,71313,3,2902.75,2,27.75,middle50,True
A-G1.040-C2,71313,3,2908.5,1,5.75,middle50,True
A-G1.040-C2,71313,3,2913.25,2,4.75,middle50,True
A-G1.040-C2,71313,3,2917.75,1,4.5,middle50,True
A-G1.040-C2,71313,3,2926.0,2,8.25,middle50,True
A-G1.040-C2,71313,3,2950.0,1,24.0,middle50,True
A-G1.040-C2,71313,3,2954.5,1,4.5,middle50,True
A-G1.040-C2,71313,3,2960.0,2,5.5,middle50,True
A-G1.040-C2,71313,3,2965.5,2,5.5,middle50,True
A-G1.040-C2,71313,3,2974.0,1,8.5,middle50,True
A-G1.040-C2,71313,3,3004.0,1,30.0,middle50,True
A-G1.040-C2,71313,3,3011.75,2,7.75,middle50,True
A-G1.040-C2,71313,3,3015.5,1,3.75,middle50,True
A-G1.040-C2,71313,3,3021.25,2,5.75,middle50,True
A-G1.040-C2,71313,3,3031.0,1,9.75,middle50,True
A-G1.040-C2,71313,3,3038.25,1,7.25,middle50,True
A-G1.040-C2,71313,3,3046.25,5,8.0,middle50,True
A-G1.040-C2,71313,3,3055.25,1,9.0,middle50,True
A-G1.040-C2,71313,3,3081.5,2,26.25,middle50,True
A-G1.040-C2,71313,3,3118.25,1,36.75,middle50,True
A-G1.040-C2,71313,3,3124.75,1,6.5,middle50,True
A-G1.040-C2,71313,3,3136.5,1,11.75,middle50,True
A-G1.040-C2,71313,3,3149.25,2,12.75,middle50,True
A-G1.040-C2,71313,3,3299.75,1,150.5,middle50,True
A-G1.040-C2,71313,3,3304.0,1,4.25,middle50,True
A-G1.040-C2,71313,3,3310.5,1,6.5,middle50,True
A-G1.040-C2,71313,3,3322.0,1,11.5,middle50,True
A-G1.040-C2,71313,3,3325.25,1,3.25,middle50,True
A-G1.040-C2,71313,3,3353.75,1,28.5,late25,True
A-G1.040-C2,71313,3,3360.0,1,6.25,late25,True
A-G1.040-C2,71313,3,3363.25,1,3.25,late25,True
A-G1.040-C2,71313,3,3371.25,1,8.0,late25,True
A-G1.040-C2,71313,3,3377.25,6,6.0,late25,True
A-G1.040-C2,71313,3,3383.0,1,5.75,late25,True
A-G1.040-C2,71313,3,3391.75,1,8.75,late25,True
A-G1.040-C2,71313,3,3399.75,4,8.0,late25,True
A-G1.040-C2,71313,3,3552.25,1,152.5,late25,True
A-G1.040-C2,71313,3,3561.0,1,8.75,late25,True
A-G1.040-C2,71313,3,3565.5,1,4.5,late25,True
A-G1.040-C2,71313,3,3593.5,1,28.0,late25,True
A-G1.040-C2,71313,3,3599.25,1,5.75,late25,True
A-G1.040-C3,42,0,0.25,3,,early25,False
A-G1.040-C3,42,0,8.25,1,8.0,early25,False
A-G1.040-C3,42,0,22.0,1,13.75,early25,False
A-G1.040-C3,42,0,46.75,1,24.75,early25,False
A-G1.040-C3,42,0,58.0,1,11.25,early25,False
A-G1.040-C3,42,0,98.25,1,40.25,early25,False
A-G1.040-C3,42,0,108.25,1,10.0,early25,False
A-G1.040-C3,42,0,159.25,1,51.0,early25,False
A-G1.040-C3,42,0,169.75,1,10.5,early25,False
A-G1.040-C3,42,0,173.75,1,4.0,early25,False
A-G1.040-C3,42,0,215.25,1,41.5,middle50,False
A-G1.040-C3,42,0,223.0,1,7.75,middle50,False
A-G1.040-C3,42,0,232.5,1,9.5,middle50,False
A-G1.040-C3,42,0,241.0,1,8.5,middle50,False
A-G1.040-C3,42,0,247.25,1,6.25,middle50,False
A-G1.040-C3,42,0,278.25,1,31.0,middle50,False
A-G1.040-C3,42,0,284.25,1,6.0,middle50,False
A-G1.040-C3,42,0,290.75,1,6.5,middle50,False
A-G1.040-C3,42,0,295.0,1,4.25,middle50,False
A-G1.040-C3,42,0,299.75,1,4.75,middle50,False
A-G1.040-C3,42,0,335.25,1,35.5,middle50,False
A-G1.040-C3,42,0,338.25,1,3.0,middle50,False
A-G1.040-C3,42,0,346.75,1,8.5,middle50,False
A-G1.040-C3,42,0,351.0,1,4.25,middle50,False
A-G1.040-C3,42,0,356.5,1,5.5,middle50,False
A-G1.040-C3,42,0,359.25,1,2.75,middle50,False
A-G1.040-C3,42,0,362.5,1,3.25,middle50,False
A-G1.040-C3,42,0,376.25,4,13.75,middle50,False
A-G1.040-C3,42,0,531.75,1,155.5,middle50,False
A-G1.040-C3,42,0,537.0,3,5.25,middle50,False
A-G1.040-C3,42,0,539.5,3,2.5,middle50,False
A-G1.040-C3,42,0,543.0,1,3.5,middle50,False
A-G1.040-C3,42,0,549.5,1,6.5,middle50,False
A-G1.040-C3,42,0,582.75,1,33.25,middle50,False
A-G1.040-C3,42,0,587.5,1,4.75,middle50,False
A-G1.040-C3,42,0,593.25,1,5.75,middle50,False
A-G1.040-C3,42,0,595.75,1,2.5,middle50,False
A-G1.040-C3,42,0,599.25,1,3.5,middle50,False
A-G1.040-C3,42,0,603.0,1,3.75,middle50,False
A-G1.040-C3,42,0,607.75,1,4.75,middle50,False
A-G1.040-C3,42,0,637.75,1,30.0,late25,False
A-G1.040-C3,42,0,644.75,1,7.0,late25,False
A-G1.040-C3,42,0,650.0,1,5.25,late25,False
A-G1.040-C3,42,0,658.5,1,8.5,late25,False
A-G1.040-C3,42,0,689.25,1,30.75,late25,False
A-G1.040-C3,42,0,694.75,1,5.5,late25,False
A-G1.040-C3,42,0,700.0,1,5.25,late25,False
A-G1.040-C3,42,0,704.5,1,4.5,late25,False
A-G1.040-C3,42,0,708.0,1,3.5,late25,False
A-G1.040-C3,42,0,713.0,1,5.0,late25,False
A-G1.040-C3,42,0,718.75,1,5.75,late25,False
A-G1.040-C3,42,0,831.5,1,112.75,late25,False
A-G1.040-C3,42,1,854.0,1,22.5,early25,False
A-G1.040-C3,42,1,858.5,2,4.5,early25,False
A-G1.040-C3,42,1,863.5,1,5.0,early25,False
A-G1.040-C3,42,1,868.25,2,4.75,early25,False
A-G1.040-C3,42,1,874.5,2,6.25,early25,False
A-G1.040-C3,42,1,880.0,1,5.5,early25,False
A-G1.040-C3,42,1,883.75,2,3.75,early25,False
A-G1.040-C3,42,1,910.5,1,26.75,early25,False
A-G1.040-C3,42,1,914.0,22,3.5,early25,False
A-G1.040-C3,42,1,927.0,2,13.0,early25,False
A-G1.040-C3,42,1,929.75,1,2.75,early25,False
A-G1.040-C3,42,1,932.5,1,2.75,early25,False
A-G1.040-C3,42,1,934.75,1,2.25,early25,False
A-G1.040-C3,42,1,939.25,1,4.5,early25,False
A-G1.040-C3,42,1,940.75,1,1.5,early25,False
A-G1.040-C3,42,1,1088.25,1,147.5,middle50,False
A-G1.040-C3,42,1,1092.25,1,4.0,middle50,False
A-G1.040-C3,42,1,1096.25,1,4.0,middle50,False
A-G1.040-C3,42,1,1099.25,1,3.0,middle50,False
A-G1.040-C3,42,1,1102.25,1,3.0,middle50,False
A-G1.040-C3,42,1,1105.5,1,3.25,middle50,False
A-G1.040-C3,42,1,1108.75,1,3.25,middle50,False
A-G1.040-C3,42,1,1112.0,2,3.25,middle50,False
A-G1.040-C3,42,1,1142.5,1,30.5,middle50,False
A-G1.040-C3,42,1,1145.75,1,3.25,middle50,False
A-G1.040-C3,42,1,1147.0,1,1.25,middle50,False
A-G1.040-C3,42,1,1152.5,2,5.5,middle50,False
A-G1.040-C3,42,1,1158.0,1,5.5,middle50,False
A-G1.040-C3,42,1,1162.25,1,4.25,middle50,False
A-G1.040-C3,42,1,1164.5,1,2.25,middle50,False
A-G1.040-C3,42,1,1168.0,1,3.5,middle50,False
A-G1.040-C3,42,1,1172.5,1,4.5,middle50,False
A-G1.040-C3,42,1,1178.75,1,6.25,middle50,False
A-G1.040-C3,42,1,1198.25,2,19.5,middle50,False
A-G1.040-C3,42,1,1202.5,1,4.25,middle50,False
A-G1.040-C3,42,1,1205.25,1,2.75,middle50,False
A-G1.040-C3,42,1,1211.25,1,6.0,middle50,False
A-G1.040-C3,42,1,1214.75,1,3.5,middle50,False
A-G1.040-C3,42,1,1250.25,1,35.5,middle50,False
A-G1.040-C3,42,1,1254.25,2,4.0,late25,False
A-G1.040-C3,42,1,1258.25,1,4.0,late25,False
A-G1.040-C3,42,1,1261.75,1,3.5,late25,False
A-G1.040-C3,42,1,1264.25,1,2.5,late25,False
A-G1.040-C3,42,1,1271.0,1,6.75,late25,False
A-G1.040-C3,42,1,1272.25,1,1.25,late25,False
A-G1.040-C3,42,1,1275.75,1,3.5,late25,False
A-G1.040-C3,42,1,1278.25,1,2.5,late25,False
A-G1.040-C3,42,1,1281.5,2,3.25,late25,False
A-G1.040-C3,42,1,1292.75,4,11.25,late25,False
A-G1.040-C3,42,1,1392.0,1,99.25,late25,False
A-G1.040-C3,42,2,1409.0,2,17.0,early25,False
A-G1.040-C3,42,2,1411.0,2,2.0,early25,False
A-G1.040-C3,42,2,1413.0,2,2.0,early25,False
A-G1.040-C3,42,2,1416.0,2,3.0,early25,False
A-G1.040-C3,42,2,1418.25,2,2.25,early25,False
A-G1.040-C3,42,2,1419.25,1,1.0,early25,False
A-G1.040-C3,42,2,1425.0,2,5.75,early25,False
A-G1.040-C3,42,2,1427.5,1,2.5,early25,False
A-G1.040-C3,42,2,1430.25,2,2.75,early25,False
A-G1.040-C3,42,2,1433.25,2,3.0,early25,False
A-G1.040-C3,42,2,1438.75,2,5.5,early25,False
A-G1.040-C3,42,2,1466.0,1,27.25,early25,False
A-G1.040-C3,42,2,1470.5,3,4.5,early25,False
A-G1.040-C3,42,2,1476.25,3,5.75,early25,False
A-G1.040-C3,42,2,1481.0,3,4.75,early25,False
A-G1.040-C3,42,2,1483.75,1,2.75,early25,False
A-G1.040-C3,42,2,1487.75,2,4.0,early25,False
A-G1.040-C3,42,2,1492.0,20,4.25,early25,False
A-G1.040-C3,42,2,1501.0,2,9.0,early25,False
A-G1.040-C3,42,2,1513.75,1,12.75,early25,False
A-G1.040-C3,42,2,1517.5,1,3.75,early25,False
A-G1.040-C3,42,2,1519.25,1,1.75,early25,False
A-G1.040-C3,42,2,1526.5,1,7.25,early25,False
A-G1.040-C3,42,2,1530.5,2,4.0,early25,False
A-G1.040-C3,42,2,1533.25,1,2.75,early25,False
A-G1.040-C3,42,2,1535.0,1,1.75,early25,False
A-G1.040-C3,42,2,1538.75,2,3.75,early25,False
A-G1.040-C3,42,2,1545.5,3,6.75,early25,False
A-G1.040-C3,42,2,1571.0,1,25.5,early25,False
A-G1.040-C3,42,2,1576.25,3,5.25,early25,False
A-G1.040-C3,42,2,1589.25,1,13.0,early25,False
A-G1.040-C3,42,2,1593.0,2,3.75,early25,False
A-G1.040-C3,42,2,1596.75,1,3.75,early25,False
A-G1.040-C3,42,2,1601.5,2,4.75,early25,False
A-G1.040-C3,42,2,1758.75,1,157.25,middle50,False
A-G1.040-C3,42,2,1762.5,1,3.75,middle50,False
A-G1.040-C3,42,2,1767.25,1,4.75,middle50,False
A-G1.040-C3,42,2,1771.25,2,4.0,middle50,False
A-G1.040-C3,42,2,1775.25,1,4.0,middle50,False
A-G1.040-C3,42,2,1780.0,2,4.75,middle50,False
A-G1.040-C3,42,2,1784.5,1,4.5,middle50,False
A-G1.040-C3,42,2,1811.0,2,26.5,middle50,False
A-G1.040-C3,42,2,1814.5,1,3.5,middle50,False
A-G1.040-C3,42,2,1818.25,2,3.75,middle50,False
A-G1.040-C3,42,2,1822.0,2,3.75,middle50,False
A-G1.040-C3,42,2,1825.25,1,3.25,middle50,False
A-G1.040-C3,42,2,1828.25,2,3.0,middle50,False
A-G1.040-C3,42,2,1831.25,16,3.0,middle50,False
A-G1.040-C3,42,2,1833.75,1,2.5,middle50,False
A-G1.040-C3,42,2,1837.75,2,4.0,middle50,False
A-G1.040-C3,42,2,1841.5,1,3.75,middle50,False
A-G1.040-C3,42,2,1849.0,1,7.5,middle50,False
A-G1.040-C3,42,2,1862.25,1,13.25,middle50,False
A-G1.040-C3,42,2,1865.5,1,3.25,middle50,False
A-G1.040-C3,42,2,1868.5,1,3.0,middle50,False
A-G1.040-C3,42,2,1874.25,1,5.75,middle50,False
A-G1.040-C3,42,2,1881.75,1,7.5,middle50,False
A-G1.040-C3,42,2,1887.25,14,5.5,middle50,False
A-G1.040-C3,42,2,1890.0,1,2.75,middle50,False
A-G1.040-C3,42,2,1891.75,1,1.75,middle50,False
A-G1.040-C3,42,2,1919.5,1,27.75,middle50,False
A-G1.040-C3,42,2,1922.0,1,2.5,middle50,False
A-G1.040-C3,42,2,1927.5,1,5.5,middle50,False
A-G1.040-C3,42,2,1930.5,2,3.0,middle50,False
A-G1.040-C3,42,2,1933.5,1,3.0,middle50,False
A-G1.040-C3,42,2,1938.0,1,4.5,middle50,False
A-G1.040-C3,42,2,1939.5,1,1.5,middle50,False
A-G1.040-C3,42,2,1941.25,1,1.75,middle50,False
A-G1.040-C3,42,2,1945.75,1,4.5,middle50,False
A-G1.040-C3,42,2,1948.75,1,3.0,middle50,False
A-G1.040-C3,42,2,1955.0,1,6.25,middle50,False
A-G1.040-C3,42,2,1961.25,4,6.25,middle50,False
A-G1.040-C3,42,2,2084.0,1,122.75,middle50,False
A-G1.040-C3,42,2,2086.5,1,2.5,middle50,False
A-G1.040-C3,42,2,2089.75,1,3.25,middle50,False
A-G1.040-C3,42,2,2093.75,1,4.0,middle50,False
A-G1.040-C3,42,2,2097.0,1,3.25,middle50,False
A-G1.040-C3,42,2,2100.75,1,3.75,middle50,False
A-G1.040-C3,42,2,2103.75,1,3.0,middle50,False
A-G1.040-C3,42,2,2107.0,10,3.25,middle50,False
A-G1.040-C3,42,2,2109.0,1,2.0,middle50,False
A-G1.040-C3,42,2,2139.0,1,30.0,late25,False
A-G1.040-C3,42,2,2141.25,1,2.25,late25,False
A-G1.040-C3,42,2,2143.5,1,2.25,late25,False
A-G1.040-C3,42,2,2145.75,1,2.25,late25,False
A-G1.040-C3,42,2,2149.25,1,3.5,late25,False
A-G1.040-C3,42,2,2154.5,1,5.25,late25,False
A-G1.040-C3,42,2,2158.0,2,3.5,late25,False
A-G1.040-C3,42,2,2161.75,1,3.75,late25,False
A-G1.040-C3,42,2,2164.0,1,2.25,late25,False
A-G1.040-C3,42,2,2166.0,1,2.0,late25,False
A-G1.040-C3,42,2,2174.0,1,8.0,late25,False
A-G1.040-C3,42,2,2179.75,3,5.75,late25,False
A-G1.040-C3,42,2,2191.5,1,11.75,late25,False
A-G1.040-C3,42,2,2194.75,1,3.25,late25,False
A-G1.040-C3,42,2,2199.5,1,4.75,late25,False
A-G1.040-C3,42,2,2204.25,1,4.75,late25,False
A-G1.040-C3,42,2,2210.0,1,5.75,late25,False
A-G1.040-C3,42,2,2218.25,1,8.25,late25,False
A-G1.040-C3,42,2,2245.75,1,27.5,late25,False
A-G1.040-C3,42,2,2251.0,1,5.25,late25,False
A-G1.040-C3,42,2,2258.75,1,7.75,late25,False
A-G1.040-C3,42,2,2264.25,1,5.5,late25,False
A-G1.040-C3,42,2,2267.5,1,3.25,late25,False
A-G1.040-C3,42,2,2269.75,1,2.25,late25,False
A-G1.040-C3,42,2,2273.25,1,3.5,late25,False
A-G1.040-C3,42,2,2276.5,1,3.25,late25,False
A-G1.040-C3,42,2,2378.5,1,102.0,late25,False
A-G1.040-C3,42,2,2383.75,1,5.25,late25,False
A-G1.040-C3,42,3,2391.25,2,7.5,early25,True
A-G1.040-C3,42,3,2401.25,1,10.0,early25,True
A-G1.040-C3,42,3,2405.5,1,4.25,early25,True
A-G1.040-C3,42,3,2408.5,1,3.0,early25,True
A-G1.040-C3,42,3,2410.75,1,2.25,early25,True
A-G1.040-C3,42,3,2418.0,2,7.25,early25,True
A-G1.040-C3,42,3,2425.25,1,7.25,early25,True
A-G1.040-C3,42,3,2429.0,2,3.75,early25,True
A-G1.040-C3,42,3,2433.0,1,4.0,early25,True
A-G1.040-C3,42,3,2456.25,1,23.25,early25,True
A-G1.040-C3,42,3,2458.75,7,2.5,early25,True
A-G1.040-C3,42,3,2462.25,1,3.5,early25,True
A-G1.040-C3,42,3,2466.25,2,4.0,early25,True
A-G1.040-C3,42,3,2469.25,1,3.0,early25,True
A-G1.040-C3,42,3,2470.75,1,1.5,early25,True
A-G1.040-C3,42,3,2476.0,2,5.25,early25,True
A-G1.040-C3,42,3,2482.75,2,6.75,early25,True
A-G1.040-C3,42,3,2483.5,1,0.75,early25,True
A-G1.040-C3,42,3,2496.0,4,12.5,early25,True
A-G1.040-C3,42,3,2504.0,2,8.0,early25,True
A-G1.040-C3,42,3,2506.25,1,2.25,early25,True
A-G1.040-C3,42,3,2507.75,3,1.5,early25,True
A-G1.040-C3,42,3,2512.25,1,4.5,early25,True
A-G1.040-C3,42,3,2519.25,2,7.0,early25,True
A-G1.040-C3,42,3,2528.25,1,9.0,early25,True
A-G1.040-C3,42,3,2563.0,1,34.75,early25,True
A-G1.040-C3,42,3,2567.0,2,4.0,early25,True
A-G1.040-C3,42,3,2571.25,1,4.25,early25,True
A-G1.040-C3,42,3,2571.75,2,0.5,early25,True
A-G1.040-C3,42,3,2572.25,2,0.5,early25,True
A-G1.040-C3,42,3,2577.5,2,5.25,early25,True
A-G1.040-C3,42,3,2582.5,1,5.0,early25,True
A-G1.040-C3,42,3,2587.5,2,5.0,early25,True
A-G1.040-C3,42,3,2602.75,3,15.25,early25,True
A-G1.040-C3,42,3,2616.0,1,13.25,early25,True
A-G1.040-C3,42,3,2616.75,1,0.75,early25,True
A-G1.040-C3,42,3,2628.25,1,11.5,early25,True
A-G1.040-C3,42,3,2634.25,1,6.0,early25,True
A-G1.040-C3,42,3,2640.25,1,6.0,early25,True
A-G1.040-C3,42,3,2669.25,1,29.0,early25,True
A-G1.040-C3,42,3,2673.25,1,4.0,early25,True
A-G1.040-C3,42,3,2685.5,1,12.25,early25,True
A-G1.040-C3,42,3,2690.5,1,5.0,middle50,True
A-G1.040-C3,42,3,2695.5,1,5.0,middle50,True
A-G1.040-C3,42,3,2704.5,2,9.0,middle50,True
A-G1.040-C3,42,3,2710.25,2,5.75,middle50,True
A-G1.040-C3,42,3,2723.25,1,13.0,middle50,True
A-G1.040-C3,42,3,2725.75,1,2.5,middle50,True
A-G1.040-C3,42,3,2731.5,1,5.75,middle50,True
A-G1.040-C3,42,3,2735.25,1,3.75,middle50,True
A-G1.040-C3,42,3,2743.5,1,8.25,middle50,True
A-G1.040-C3,42,3,2746.25,5,2.75,middle50,True
A-G1.040-C3,42,3,2747.75,2,1.5,middle50,True
A-G1.040-C3,42,3,2748.5,1,0.75,middle50,True
A-G1.040-C3,42,3,2775.75,1,27.25,middle50,True
A-G1.040-C3,42,3,2784.5,1,8.75,middle50,True
A-G1.040-C3,42,3,2800.25,2,15.75,middle50,True
A-G1.040-C3,42,3,2801.75,1,1.5,middle50,True
A-G1.040-C3,42,3,2811.0,1,9.25,middle50,True
A-G1.040-C3,42,3,2949.0,1,138.0,middle50,True
A-G1.040-C3,42,3,2949.75,1,0.75,middle50,True
A-G1.040-C3,42,3,2950.75,1,1.0,middle50,True
A-G1.040-C3,42,3,2969.5,1,18.75,middle50,True
A-G1.040-C3,42,3,2973.75,1,4.25,middle50,True
A-G1.040-C3,42,3,2980.0,1,6.25,middle50,True
A-G1.040-C3,42,3,2983.75,1,3.75,middle50,True
A-G1.040-C3,42,3,3011.0,1,27.25,middle50,True
A-G1.040-C3,42,3,3016.75,1,5.75,middle50,True
A-G1.040-C3,42,3,3020.25,5,3.5,middle50,True
A-G1.040-C3,42,3,3023.75,1,3.5,middle50,True
A-G1.040-C3,42,3,3034.75,1,11.0,middle50,True
A-G1.040-C3,42,3,3039.5,1,4.75,middle50,True
A-G1.040-C3,42,3,3046.5,1,7.0,middle50,True
A-G1.040-C3,42,3,3059.2499999999,1,12.749999999899956,middle50,True
A-G1.040-C3,42,3,3064.4999999999,1,5.25,middle50,True
A-G1.040-C3,42,3,3070.9999999999,1,6.5,middle50,True
A-G1.040-C3,42,3,3077.2499999999,1,6.25,middle50,True
A-G1.040-C3,42,3,3080.2499999999,4,3.0,middle50,True
A-G1.040-C3,42,3,3111.7499999999,1,31.5,middle50,True
A-G1.040-C3,42,3,3120.2499999999,1,8.5,middle50,True
A-G1.040-C3,42,3,3123.9999999999,1,3.75,middle50,True
A-G1.040-C3,42,3,3128.2499999999,1,4.25,middle50,True
A-G1.040-C3,42,3,3134.9999999999,1,6.75,middle50,True
A-G1.040-C3,42,3,3142.2499999999,1,7.25,middle50,True
A-G1.040-C3,42,3,3151.4999999999,1,9.25,middle50,True
A-G1.040-C3,42,3,3295.4999999999,1,144.0,middle50,True
A-G1.040-C3,42,3,3300.7499999999,1,5.25,late25,True
A-G1.040-C3,42,3,3306.2499999999,1,5.5,late25,True
A-G1.040-C3,42,3,3336.2499999999,1,30.0,late25,True
A-G1.040-C3,42,3,3341.9999999999,1,5.75,late25,True
A-G1.040-C3,42,3,3347.2499999999,1,5.25,late25,True
A-G1.040-C3,42,3,3354.7499999999,1,7.5,late25,True
A-G1.040-C3,42,3,3356.9999999999,3,2.25,late25,True
A-G1.040-C3,42,3,3359.4999999999,1,2.5,late25,True
A-G1.040-C3,42,3,3364.4999999999,4,5.0,late25,True
A-G1.040-C3,42,3,3392.9999999999,1,28.5,late25,True
A-G1.040-C3,42,3,3402.2499999999,1,9.25,late25,True
A-G1.040-C3,42,3,3406.7499999999,3,4.5,late25,True
A-G1.040-C3,42,3,3412.9999999999,1,6.25,late25,True
A-G1.040-C3,42,3,3447.7499999999,1,34.75,late25,True
A-G1.040-C3,42,3,3453.4999999999,1,5.75,late25,True
A-G1.040-C3,42,3,3459.4999999999,1,6.0,late25,True
A-G1.040-C3,42,3,3468.2499999999,1,8.75,late25,True
A-G1.040-C3,7961,0,0.25,3,,early25,False
A-G1.040-C3,7961,0,8.25,1,8.0,early25,False
A-G1.040-C3,7961,0,17.25,1,9.0,early25,False
A-G1.040-C3,7961,0,39.25,1,22.0,early25,False
A-G1.040-C3,7961,0,54.5,1,15.25,early25,False
A-G1.040-C3,7961,0,109.0,1,54.5,early25,False
A-G1.040-C3,7961,0,112.25,1,3.25,early25,False
A-G1.040-C3,7961,0,116.75,1,4.5,early25,False
A-G1.040-C3,7961,0,174.5,1,57.75,early25,False
A-G1.040-C3,7961,0,181.75,1,7.25,early25,False
A-G1.040-C3,7961,0,213.25,1,31.5,middle50,False
A-G1.040-C3,7961,0,222.25,1,9.0,middle50,False
A-G1.040-C3,7961,0,233.0,1,10.75,middle50,False
A-G1.040-C3,7961,0,239.0,1,6.0,middle50,False
A-G1.040-C3,7961,0,242.0,1,3.0,middle50,False
A-G1.040-C3,7961,0,278.25,1,36.25,middle50,False
A-G1.040-C3,7961,0,285.25,1,7.0,middle50,False
A-G1.040-C3,7961,0,290.75,1,5.5,middle50,False
A-G1.040-C3,7961,0,298.0,1,7.25,middle50,False
A-G1.040-C3,7961,0,306.25,1,8.25,middle50,False
A-G1.040-C3,7961,0,340.25,1,34.0,middle50,False
A-G1.040-C3,7961,0,344.5,1,4.25,middle50,False
A-G1.040-C3,7961,0,350.75,1,6.25,middle50,False
A-G1.040-C3,7961,0,356.5,1,5.75,middle50,False
A-G1.040-C3,7961,0,364.0,1,7.5,middle50,False
A-G1.040-C3,7961,0,371.0,1,7.0,middle50,False
A-G1.040-C3,7961,0,530.25,1,159.25,middle50,False
A-G1.040-C3,7961,0,534.75,1,4.5,middle50,False
A-G1.040-C3,7961,0,539.25,1,4.5,middle50,False
A-G1.040-C3,7961,0,544.75,1,5.5,middle50,False
A-G1.040-C3,7961,0,548.5,1,3.75,middle50,False
A-G1.040-C3,7961,0,584.25,1,35.75,middle50,False
A-G1.040-C3,7961,0,588.25,1,4.0,middle50,False
A-G1.040-C3,7961,0,592.5,1,4.25,middle50,False
A-G1.040-C3,7961,0,597.5,1,5.0,middle50,False
A-G1.040-C3,7961,0,600.0,1,2.5,middle50,False
A-G1.040-C3,7961,0,615.5,1,15.5,middle50,False
A-G1.040-C3,7961,0,636.5,1,21.0,late25,False
A-G1.040-C3,7961,0,640.25,1,3.75,late25,False
A-G1.040-C3,7961,0,646.5,1,6.25,late25,False
A-G1.040-C3,7961,0,652.0,1,5.5,late25,False
A-G1.040-C3,7961,0,659.75,1,7.75,late25,False
A-G1.040-C3,7961,0,665.0,1,5.25,late25,False
A-G1.040-C3,7961,0,694.5,1,29.5,late25,False
A-G1.040-C3,7961,0,702.75,1,8.25,late25,False
A-G1.040-C3,7961,0,709.0,1,6.25,late25,False
A-G1.040-C3,7961,0,714.25,1,5.25,late25,False
A-G1.040-C3,7961,0,718.75,1,4.5,late25,False
A-G1.040-C3,7961,0,728.75,1,10.0,late25,False
A-G1.040-C3,7961,1,857.25,1,128.5,early25,False
A-G1.040-C3,7961,1,859.0,1,1.75,early25,False
A-G1.040-C3,7961,1,860.5,1,1.5,early25,False
A-G1.040-C3,7961,1,863.25,1,2.75,early25,False
A-G1.040-C3,7961,1,866.0,1,2.75,early25,False
A-G1.040-C3,7961,1,868.5,2,2.5,early25,False
A-G1.040-C3,7961,1,869.75,1,1.25,early25,False
A-G1.040-C3,7961,1,875.0,1,5.25,early25,False
A-G1.040-C3,7961,1,879.0,1,4.0,early25,False
A-G1.040-C3,7961,1,884.25,2,5.25,early25,False
A-G1.040-C3,7961,1,913.25,1,29.0,early25,False
A-G1.040-C3,7961,1,919.5,2,6.25,early25,False
A-G1.040-C3,7961,1,927.5,2,8.0,early25,False
A-G1.040-C3,7961,1,931.75,2,4.25,early25,False
A-G1.040-C3,7961,1,933.0,1,1.25,early25,False
A-G1.040-C3,7961,1,934.25,1,1.25,early25,False
A-G1.040-C3,7961,1,936.5,1,2.25,early25,False
A-G1.040-C3,7961,1,939.25,1,2.75,early25,False
A-G1.040-C3,7961,1,943.0,1,3.75,early25,False
A-G1.040-C3,7961,1,950.75,2,7.75,early25,False
A-G1.040-C3,7961,1,982.0,2,31.25,early25,False
A-G1.040-C3,7961,1,985.5,1,3.5,early25,False
A-G1.040-C3,7961,1,990.25,2,4.75,early25,False
A-G1.040-C3,7961,1,995.0,1,4.75,early25,False
A-G1.040-C3,7961,1,1036.5,1,41.5,middle50,False
A-G1.040-C3,7961,1,1045.5,2,9.0,middle50,False
A-G1.040-C3,7961,1,1053.0,2,7.5,middle50,False
A-G1.040-C3,7961,1,1055.5,1,2.5,middle50,False
A-G1.040-C3,7961,1,1079.25,2,23.75,middle50,False
A-G1.040-C3,7961,1,1083.5,1,4.25,middle50,False
A-G1.040-C3,7961,1,1089.25,2,5.75,middle50,False
A-G1.040-C3,7961,1,1096.5,2,7.25,middle50,False
A-G1.040-C3,7961,1,1099.25,1,2.75,middle50,False
A-G1.040-C3,7961,1,1130.5,1,31.25,middle50,False
A-G1.040-C3,7961,1,1132.75,1,2.25,middle50,False
A-G1.040-C3,7961,1,1136.25,1,3.5,middle50,False
A-G1.040-C3,7961,1,1138.0,1,1.75,middle50,False
A-G1.040-C3,7961,1,1144.25,1,6.25,middle50,False
A-G1.040-C3,7961,1,1148.75,1,4.5,middle50,False
A-G1.040-C3,7961,1,1151.75,1,3.0,middle50,False
A-G1.040-C3,7961,1,1155.75,2,4.0,middle50,False
A-G1.040-C3,7961,1,1166.5,1,10.75,middle50,False
A-G1.040-C3,7961,1,1309.5,1,143.0,middle50,False
A-G1.040-C3,7961,1,1313.5,1,4.0,middle50,False
A-G1.040-C3,7961,1,1321.0,1,7.5,middle50,False
A-G1.040-C3,7961,1,1326.75,1,5.75,middle50,False
A-G1.040-C3,7961,1,1335.0,1,8.25,middle50,False
A-G1.040-C3,7961,1,1366.25,1,31.25,middle50,False
A-G1.040-C3,7961,1,1370.25,1,4.0,middle50,False
A-G1.040-C3,7961,1,1377.5,1,7.25,middle50,False
A-G1.040-C3,7961,1,1380.5,1,3.0,middle50,False
A-G1.040-C3,7961,1,1384.75,1,4.25,middle50,False
A-G1.040-C3,7961,1,1387.25,1,2.5,middle50,False
A-G1.040-C3,7961,1,1403.25,2,16.0,middle50,False
A-G1.040-C3,7961,1,1410.25,4,7.0,middle50,False
A-G1.040-C3,7961,1,1421.25,1,11.0,middle50,False
A-G1.040-C3,7961,1,1422.75,1,1.5,middle50,False
A-G1.040-C3,7961,1,1424.25,4,1.5,middle50,False
A-G1.040-C3,7961,1,1430.0,1,5.75,late25,False
A-G1.040-C3,7961,1,1435.0,1,5.0,late25,False
A-G1.040-C3,7961,1,1439.75,1,4.75,late25,False
A-G1.040-C3,7961,1,1443.5,1,3.75,late25,False
A-G1.040-C3,7961,1,1448.5,1,5.0,late25,False
A-G1.040-C3,7961,1,1476.25,3,27.75,late25,False
A-G1.040-C3,7961,1,1477.25,1,1.0,late25,False
A-G1.040-C3,7961,1,1482.25,1,5.0,late25,False
A-G1.040-C3,7961,1,1485.25,1,3.0,late25,False
A-G1.040-C3,7961,1,1488.5,2,3.25,late25,False
A-G1.040-C3,7961,1,1491.25,1,2.75,late25,False
A-G1.040-C3,7961,1,1495.75,1,4.5,late25,False
A-G1.040-C3,7961,1,1499.25,1,3.5,late25,False
A-G1.040-C3,7961,1,1501.0,1,1.75,late25,False
A-G1.040-C3,7961,1,1504.25,1,3.25,late25,False
A-G1.040-C3,7961,1,1506.5,1,2.25,late25,False
A-G1.040-C3,7961,1,1515.0,1,8.5,late25,False
A-G1.040-C3,7961,1,1521.0,4,6.0,late25,False
A-G1.040-C3,7961,2,1639.25,2,118.25,early25,False
A-G1.040-C3,7961,2,1640.75,1,1.5,early25,False
A-G1.040-C3,7961,2,1643.0,1,2.25,early25,False
A-G1.040-C3,7961,2,1644.75,2,1.75,early25,False
A-G1.040-C3,7961,2,1646.25,7,1.5,early25,False
A-G1.040-C3,7961,2,1647.5,6,1.25,early25,False
A-G1.040-C3,7961,2,1650.5,2,3.0,early25,False
A-G1.040-C3,7961,2,1653.75,2,3.25,early25,False
A-G1.040-C3,7961,2,1655.5,1,1.75,early25,False
A-G1.040-C3,7961,2,1657.25,2,1.75,early25,False
A-G1.040-C3,7961,2,1660.0,2,2.75,early25,False
A-G1.040-C3,7961,2,1664.75,1,4.75,early25,False
A-G1.040-C3,7961,2,1668.5,2,3.75,early25,False
A-G1.040-C3,7961,2,1674.0,2,5.5,early25,False
A-G1.040-C3,7961,2,1697.75,3,23.75,early25,False
A-G1.040-C3,7961,2,1701.25,1,3.5,early25,False
A-G1.040-C3,7961,2,1705.5,2,4.25,early25,False
A-G1.040-C3,7961,2,1709.75,2,4.25,early25,False
A-G1.040-C3,7961,2,1714.25,3,4.5,early25,False
A-G1.040-C3,7961,2,1718.25,2,4.0,early25,False
A-G1.040-C3,7961,2,1721.0,1,2.75,early25,False
A-G1.040-C3,7961,2,1724.25,2,3.25,early25,False
A-G1.040-C3,7961,2,1728.5,2,4.25,early25,False
A-G1.040-C3,7961,2,1737.5,2,9.0,early25,False
A-G1.040-C3,7961,2,1755.0,2,17.5,early25,False
A-G1.040-C3,7961,2,1763.75,6,8.75,early25,False
A-G1.040-C3,7961,2,1774.25,1,10.5,early25,False
A-G1.040-C3,7961,2,1778.5,1,4.25,early25,False
A-G1.040-C3,7961,2,1779.5,1,1.0,early25,False
A-G1.040-C3,7961,2,1806.0,1,26.5,middle50,False
A-G1.040-C3,7961,2,1810.5,1,4.5,middle50,False
A-G1.040-C3,7961,2,1814.0,20,3.5,middle50,False
A-G1.040-C3,7961,2,1817.25,16,3.25,middle50,False
A-G1.040-C3,7961,2,1819.5,1,2.25,middle50,False
A-G1.040-C3,7961,2,1821.25,1,1.75,middle50,False
A-G1.040-C3,7961,2,1823.25,1,2.0,middle50,False
A-G1.040-C3,7961,2,1825.5,1,2.25,middle50,False
A-G1.040-C3,7961,2,1827.5,1,2.0,middle50,False
A-G1.040-C3,7961,2,1829.5,1,2.0,middle50,False
A-G1.040-C3,7961,2,1834.0,1,4.5,middle50,False
A-G1.040-C3,7961,2,1979.25,2,145.25,middle50,False
A-G1.040-C3,7961,2,1982.25,1,3.0,middle50,False
A-G1.040-C3,7961,2,1987.25,2,5.0,middle50,False
A-G1.040-C3,7961,2,1989.75,1,2.5,middle50,False
A-G1.040-C3,7961,2,1992.75,1,3.0,middle50,False
A-G1.040-C3,7961,2,1995.75,1,3.0,middle50,False
A-G1.040-C3,7961,2,1998.5,1,2.75,middle50,False
A-G1.040-C3,7961,2,2001.25,1,2.75,middle50,False
A-G1.040-C3,7961,2,2004.75,1,3.5,middle50,False
A-G1.040-C3,7961,2,2031.5,1,26.75,middle50,False
A-G1.040-C3,7961,2,2034.75,1,3.25,middle50,False
A-G1.040-C3,7961,2,2038.75,2,4.0,middle50,False
A-G1.040-C3,7961,2,2042.25,1,3.5,middle50,False
A-G1.040-C3,7961,2,2045.25,1,3.0,middle50,False
A-G1.040-C3,7961,2,2048.5,12,3.25,middle50,False
A-G1.040-C3,7961,2,2051.5,1,3.0,middle50,False
A-G1.040-C3,7961,2,2053.5,1,2.0,middle50,False
A-G1.040-C3,7961,2,2056.0,1,2.5,middle50,False
A-G1.040-C3,7961,2,2058.5,9,2.5,middle50,False
A-G1.040-C3,7961,2,2059.5,1,1.0,middle50,False
A-G1.040-C3,7961,2,2073.25,4,13.75,middle50,False
A-G1.040-C3,7961,2,2087.25,1,14.0,middle50,False
A-G1.040-C3,7961,2,2095.0,1,7.75,middle50,False
A-G1.040-C3,7961,2,2097.75,1,2.75,middle50,False
A-G1.040-C3,7961,2,2101.0,1,3.25,middle50,False
A-G1.040-C3,7961,2,2104.0,1,3.0,middle50,False
A-G1.040-C3,7961,2,2108.5,1,4.5,middle50,False
A-G1.040-C3,7961,2,2111.0,8,2.5,middle50,False
A-G1.040-C3,7961,2,2140.75,1,29.75,late25,False
A-G1.040-C3,7961,2,2142.5,1,1.75,late25,False
A-G1.040-C3,7961,2,2143.5,2,1.0,late25,False
A-G1.040-C3,7961,2,2145.25,1,1.75,late25,False
A-G1.040-C3,7961,2,2147.75,1,2.5,late25,False
A-G1.040-C3,7961,2,2152.5,1,4.75,late25,False
A-G1.040-C3,7961,2,2155.0,1,2.5,late25,False
A-G1.040-C3,7961,2,2156.0,2,1.0,late25,False
A-G1.040-C3,7961,2,2157.0,2,1.0,late25,False
A-G1.040-C3,7961,2,2158.5,1,1.5,late25,False
A-G1.040-C3,7961,2,2162.75,1,4.25,late25,False
A-G1.040-C3,7961,2,2166.25,1,3.5,late25,False
A-G1.040-C3,7961,2,2177.75,3,11.5,late25,False
A-G1.040-C3,7961,2,2272.5,1,94.75,late25,False
A-G1.040-C3,7961,3,2281.75,2,9.25,early25,True
A-G1.040-C3,7961,3,2293.5,2,11.75,early25,True
A-G1.040-C3,7961,3,2297.5,2,4.0,early25,True
A-G1.040-C3,7961,3,2301.25,1,3.75,early25,True
A-G1.040-C3,7961,3,2305.0,2,3.75,early25,True
A-G1.040-C3,7961,3,2309.75,1,4.75,early25,True
A-G1.040-C3,7961,3,2312.25,2,2.5,early25,True
A-G1.040-C3,7961,3,2316.5,1,4.25,early25,True
A-G1.040-C3,7961,3,2318.75,6,2.25,early25,True
A-G1.040-C3,7961,3,2323.0,2,4.25,early25,True
A-G1.040-C3,7961,3,2348.25,1,25.25,early25,True
A-G1.040-C3,7961,3,2351.5,1,3.25,early25,True
A-G1.040-C3,7961,3,2355.25,1,3.75,early25,True
A-G1.040-C3,7961,3,2359.5,14,4.25,early25,True
A-G1.040-C3,7961,3,2365.25,1,5.75,early25,True
A-G1.040-C3,7961,3,2369.5,1,4.25,early25,True
A-G1.040-C3,7961,3,2370.75,1,1.25,early25,True
A-G1.040-C3,7961,3,2376.0,1,5.25,early25,True
A-G1.040-C3,7961,3,2394.75,1,18.75,early25,True
A-G1.040-C3,7961,3,2397.25,1,2.5,early25,True
A-G1.040-C3,7961,3,2402.5,1,5.25,early25,True
A-G1.040-C3,7961,3,2414.5,1,12.0,early25,True
A-G1.040-C3,7961,3,2421.5,2,7.0,early25,True
A-G1.040-C3,7961,3,2453.25,2,31.75,early25,True
A-G1.040-C3,7961,3,2459.25,1,6.0,early25,True
A-G1.040-C3,7961,3,2463.25,1,4.0,early25,True
A-G1.040-C3,7961,3,2469.75,1,6.5,early25,True
A-G1.040-C3,7961,3,2475.0,2,5.25,early25,True
A-G1.040-C3,7961,3,2477.5,1,2.5,early25,True
A-G1.040-C3,7961,3,2507.25,1,29.75,early25,True
A-G1.040-C3,7961,3,2512.75,1,5.5,early25,True
A-G1.040-C3,7961,3,2517.0,1,4.25,early25,True
A-G1.040-C3,7961,3,2522.5,1,5.5,early25,True
A-G1.040-C3,7961,3,2528.0,2,5.5,early25,True
A-G1.040-C3,7961,3,2561.5,1,33.5,early25,True
A-G1.040-C3,7961,3,2565.5,1,4.0,early25,True
A-G1.040-C3,7961,3,2581.75,2,16.25,early25,True
A-G1.040-C3,7961,3,2592.25,1,10.5,early25,True
A-G1.040-C3,7961,3,2598.25,1,6.0,early25,True
A-G1.040-C3,7961,3,2605.75,5,7.5,early25,True
A-G1.040-C3,7961,3,2626.75,1,21.0,middle50,True
A-G1.040-C3,7961,3,2631.25,1,4.5,middle50,True
A-G1.040-C3,7961,3,2671.5,1,40.25,middle50,True
A-G1.040-C3,7961,3,2676.5,1,5.0,middle50,True
A-G1.040-C3,7961,3,2681.25,1,4.75,middle50,True
A-G1.040-C3,7961,3,2683.75,1,2.5,middle50,True
A-G1.040-C3,7961,3,2690.0,1,6.25,middle50,True
A-G1.040-C3,7961,3,2695.0,1,5.0,middle50,True
A-G1.040-C3,7961,3,2703.0,1,8.0,middle50,True
A-G1.040-C3,7961,3,2723.5,1,20.5,middle50,True
A-G1.040-C3,7961,3,2731.75,1,8.25,middle50,True
A-G1.040-C3,7961,3,2743.5,1,11.75,middle50,True
A-G1.040-C3,7961,3,2772.5,1,29.0,middle50,True
A-G1.040-C3,7961,3,2779.0,1,6.5,middle50,True
A-G1.040-C3,7961,3,2783.75,1,4.75,middle50,True
A-G1.040-C3,7961,3,2788.75,1,5.0,middle50,True
A-G1.040-C3,7961,3,2791.75,1,3.0,middle50,True
A-G1.040-C3,7961,3,2797.75,2,6.0,middle50,True
A-G1.040-C3,7961,3,2804.25,1,6.5,middle50,True
A-G1.040-C3,7961,3,2958.25,1,154.0,middle50,True
A-G1.040-C3,7961,3,2962.75,1,4.5,middle50,True
A-G1.040-C3,7961,3,2969.5,1,6.75,middle50,True
A-G1.040-C3,7961,3,2973.0,1,3.5,middle50,True
A-G1.040-C3,7961,3,3015.0,1,42.0,middle50,True
A-G1.040-C3,7961,3,3019.5,1,4.5,middle50,True
A-G1.040-C3,7961,3,3024.0,1,4.5,middle50,True
A-G1.040-C3,7961,3,3028.75,1,4.75,middle50,True
A-G1.040-C3,7961,3,3033.5,1,4.75,middle50,True
A-G1.040-C3,7961,3,3057.25,1,23.75,middle50,True
A-G1.040-C3,7961,3,3065.0,1,7.75,middle50,True
A-G1.040-C3,7961,3,3070.5,1,5.5,middle50,True
A-G1.040-C3,7961,3,3076.25,1,5.75,middle50,True
A-G1.040-C3,7961,3,3110.0,1,33.75,middle50,True
A-G1.040-C3,7961,3,3119.25,1,9.25,middle50,True
A-G1.040-C3,7961,3,3123.75,1,4.5,middle50,True
A-G1.040-C3,7961,3,3128.25,1,4.5,middle50,True
A-G1.040-C3,7961,3,3133.0,1,4.75,middle50,True
A-G1.040-C3,7961,3,3137.5,1,4.5,middle50,True
A-G1.040-C3,7961,3,3145.0,1,7.5,middle50,True
A-G1.040-C3,7961,3,3150.5,1,5.5,middle50,True
A-G1.040-C3,7961,3,3278.5,1,128.0,late25,True
A-G1.040-C3,7961,3,3286.5,1,8.0,late25,True
A-G1.040-C3,7961,3,3292.75,1,6.25,late25,True
A-G1.040-C3,7961,3,3296.25,1,3.5,late25,True
A-G1.040-C3,7961,3,3303.25,1,7.0,late25,True
A-G1.040-C3,7961,3,3336.0,1,32.75,late25,True
A-G1.040-C3,7961,3,3344.75,1,8.75,late25,True
A-G1.040-C3,7961,3,3358.5,1,13.75,late25,True
A-G1.040-C3,7961,3,3358.75,1,0.25,late25,True
A-G1.040-C3,7961,3,3359.25,1,0.5,late25,True
A-G1.040-C3,7961,3,3384.0,1,24.75,late25,True
A-G1.040-C3,7961,3,3395.25,1,11.25,late25,True
A-G1.040-C3,7961,3,3400.75,1,5.5,late25,True
A-G1.040-C3,7961,3,3438.0,1,37.25,late25,True
A-G1.040-C3,7961,3,3441.75,1,3.75,late25,True
A-G1.040-C3,7961,3,3452.0,1,10.25,late25,True
A-G1.040-C3,7961,3,3461.0,1,9.0,late25,True
A-G1.040-C3,7961,3,3465.75,1,4.75,late25,True
A-G1.040-C3,7961,3,3478.0,3,12.25,late25,True
A-G1.040-C3,15880,0,0.25,3,,early25,False
A-G1.040-C3,15880,0,9.5,1,9.25,early25,False
A-G1.040-C3,15880,0,25.5,1,16.0,early25,False
A-G1.040-C3,15880,0,40.0,1,14.5,early25,False
A-G1.040-C3,15880,0,43.0,1,3.0,early25,False
A-G1.040-C3,15880,0,91.0,1,48.0,early25,False
A-G1.040-C3,15880,0,95.5,1,4.5,early25,False
A-G1.040-C3,15880,0,98.75,1,3.25,early25,False
A-G1.040-C3,15880,0,102.75,1,4.0,early25,False
A-G1.040-C3,15880,0,117.25,1,14.5,early25,False
A-G1.040-C3,15880,0,161.0,1,43.75,early25,False
A-G1.040-C3,15880,0,174.25,1,13.25,early25,False
A-G1.040-C3,15880,0,180.0,1,5.75,early25,False
A-G1.040-C3,15880,0,212.5,1,32.5,early25,False
A-G1.040-C3,15880,0,222.25,1,9.75,early25,False
A-G1.040-C3,15880,0,228.75,1,6.5,early25,False
A-G1.040-C3,15880,0,236.0,1,7.25,early25,False
A-G1.040-C3,15880,0,400.75,1,164.75,middle50,False
A-G1.040-C3,15880,0,409.5,1,8.75,middle50,False
A-G1.040-C3,15880,0,424.0,1,14.5,middle50,False
A-G1.040-C3,15880,0,426.75,1,2.75,middle50,False
A-G1.040-C3,15880,0,457.0,1,30.25,middle50,False
A-G1.040-C3,15880,0,463.75,1,6.75,middle50,False
A-G1.040-C3,15880,0,469.75,1,6.0,middle50,False
A-G1.040-C3,15880,0,474.5,1,4.75,middle50,False
A-G1.040-C3,15880,0,478.75,1,4.25,middle50,False
A-G1.040-C3,15880,0,486.25,1,7.5,middle50,False
A-G1.040-C3,15880,0,519.0,1,32.75,middle50,False
A-G1.040-C3,15880,0,533.75,1,14.75,middle50,False
A-G1.040-C3,15880,0,543.0,1,9.25,middle50,False
A-G1.040-C3,15880,0,574.25,1,31.25,middle50,False
A-G1.040-C3,15880,0,577.0,1,2.75,middle50,False
A-G1.040-C3,15880,0,580.75,1,3.75,middle50,False
A-G1.040-C3,15880,0,584.5,1,3.75,middle50,False
A-G1.040-C3,15880,0,589.75,1,5.25,middle50,False
A-G1.040-C3,15880,0,593.25,1,3.5,middle50,False
A-G1.040-C3,15880,0,598.75,1,5.5,middle50,False
A-G1.040-C3,15880,0,609.0,1,10.25,middle50,False
A-G1.040-C3,15880,0,755.5,1,146.5,middle50,False
A-G1.040-C3,15880,0,761.0,1,5.5,middle50,False
A-G1.040-C3,15880,0,768.5,1,7.5,middle50,False
A-G1.040-C3,15880,0,772.5,1,4.0,middle50,False
A-G1.040-C3,15880,0,781.0,1,8.5,middle50,False
A-G1.040-C3,15880,0,814.25,1,33.25,late25,False
A-G1.040-C3,15880,0,817.75,1,3.5,late25,False
A-G1.040-C3,15880,0,820.5,1,2.75,late25,False
A-G1.040-C3,15880,0,825.5,1,5.0,late25,False
A-G1.040-C3,15880,0,828.5,1,3.0,late25,False
A-G1.040-C3,15880,0,836.25,1,7.75,late25,False
A-G1.040-C3,15880,0,876.25,1,40.0,late25,False
A-G1.040-C3,15880,0,882.25,1,6.0,late25,False
A-G1.040-C3,15880,0,886.5,1,4.25,late25,False
A-G1.040-C3,15880,0,894.0,1,7.5,late25,False
A-G1.040-C3,15880,0,900.75,1,6.75,late25,False
A-G1.040-C3,15880,0,904.25,1,3.5,late25,False
A-G1.040-C3,15880,0,934.75,11,30.5,late25,False
A-G1.040-C3,15880,0,940.25,1,5.5,late25,False
A-G1.040-C3,15880,0,953.75,1,13.5,late25,False
A-G1.040-C3,15880,0,957.75,1,4.0,late25,False
A-G1.040-C3,15880,0,1069.5,1,111.75,late25,False
A-G1.040-C3,15880,0,1074.0,1,4.5,late25,False
A-G1.040-C3,15880,1,1099.5,2,25.5,early25,False
A-G1.040-C3,15880,1,1101.75,1,2.25,early25,False
A-G1.040-C3,15880,1,1104.0,1,2.25,early25,False
A-G1.040-C3,15880,1,1108.75,1,4.75,early25,False
A-G1.040-C3,15880,1,1112.25,1,3.5,early25,False
A-G1.040-C3,15880,1,1116.75,1,4.5,early25,False
A-G1.040-C3,15880,1,1123.0,1,6.25,early25,False
A-G1.040-C3,15880,1,1158.5,2,35.5,early25,False
A-G1.040-C3,15880,1,1167.5,1,9.0,early25,False
A-G1.040-C3,15880,1,1172.5,2,5.0,early25,False
A-G1.040-C3,15880,1,1174.25,1,1.75,early25,False
A-G1.040-C3,15880,1,1176.75,1,2.5,early25,False
A-G1.040-C3,15880,1,1215.25,1,38.5,early25,False
A-G1.040-C3,15880,1,1227.25,1,12.0,early25,False
A-G1.040-C3,15880,1,1228.25,1,1.0,early25,False
A-G1.040-C3,15880,1,1232.75,1,4.5,early25,False
A-G1.040-C3,15880,1,1238.0,2,5.25,early25,False
A-G1.040-C3,15880,1,1242.75,1,4.75,middle50,False
A-G1.040-C3,15880,1,1264.75,1,22.0,middle50,False
A-G1.040-C3,15880,1,1268.25,2,3.5,middle50,False
A-G1.040-C3,15880,1,1271.5,18,3.25,middle50,False
A-G1.040-C3,15880,1,1276.25,1,4.75,middle50,False
A-G1.040-C3,15880,1,1278.5,1,2.25,middle50,False
A-G1.040-C3,15880,1,1285.0,1,6.5,middle50,False
A-G1.040-C3,15880,1,1287.75,1,2.75,middle50,False
A-G1.040-C3,15880,1,1290.75,1,3.0,middle50,False
A-G1.040-C3,15880,1,1293.5,1,2.75,middle50,False
A-G1.040-C3,15880,1,1431.25,1,137.75,middle50,False
A-G1.040-C3,15880,1,1433.25,1,2.0,middle50,False
A-G1.040-C3,15880,1,1435.25,1,2.0,middle50,False
A-G1.040-C3,15880,1,1439.5,1,4.25,middle50,False
A-G1.040-C3,15880,1,1443.0,1,3.5,middle50,False
A-G1.040-C3,15880,1,1447.75,1,4.75,middle50,False
A-G1.040-C3,15880,1,1453.75,2,6.0,middle50,False
A-G1.040-C3,15880,1,1459.25,1,5.5,middle50,False
A-G1.040-C3,15880,1,1484.5,1,25.25,middle50,False
A-G1.040-C3,15880,1,1488.0,1,3.5,middle50,False
A-G1.040-C3,15880,1,1491.75,13,3.75,middle50,False
A-G1.040-C3,15880,1,1494.25,1,2.5,middle50,False
A-G1.040-C3,15880,1,1496.5,1,2.25,middle50,False
A-G1.040-C3,15880,1,1503.5,1,7.0,middle50,False
A-G1.040-C3,15880,1,1505.25,1,1.75,middle50,False
A-G1.040-C3,15880,1,1512.5,2,7.25,middle50,False
A-G1.040-C3,15880,1,1516.5,1,4.0,middle50,False
A-G1.040-C3,15880,1,1533.75,1,17.25,middle50,False
A-G1.040-C3,15880,1,1536.75,1,3.0,middle50,False
A-G1.040-C3,15880,1,1539.75,1,3.0,middle50,False
A-G1.040-C3,15880,1,1544.75,1,5.0,middle50,False
A-G1.040-C3,15880,1,1549.0,1,4.25,middle50,False
A-G1.040-C3,15880,1,1553.0,1,4.0,middle50,False
A-G1.040-C3,15880,1,1556.25,1,3.25,middle50,False
A-G1.040-C3,15880,1,1559.0,1,2.75,middle50,False
A-G1.040-C3,15880,1,1591.0,1,32.0,late25,False
A-G1.040-C3,15880,1,1592.75,1,1.75,late25,False
A-G1.040-C3,15880,1,1595.25,1,2.5,late25,False
A-G1.040-C3,15880,1,1597.5,1,2.25,late25,False
A-G1.040-C3,15880,1,1605.25,1,7.75,late25,False
A-G1.040-C3,15880,1,1607.25,1,2.0,late25,False
A-G1.040-C3,15880,1,1610.5,1,3.25,late25,False
A-G1.040-C3,15880,1,1614.25,1,3.75,late25,False
A-G1.040-C3,15880,1,1624.75,1,10.5,late25,False
A-G1.040-C3,15880,1,1631.0,3,6.25,late25,False
A-G1.040-C3,15880,1,1723.5,1,92.5,late25,False
A-G1.040-C3,15880,1,1726.5,1,3.0,late25,False
A-G1.040-C3,15880,2,1744.75,1,18.25,early25,False
A-G1.040-C3,15880,2,1746.25,1,1.5,early25,False
A-G1.040-C3,15880,2,1748.75,1,2.5,early25,False
A-G1.040-C3,15880,2,1750.0,1,1.25,early25,False
A-G1.040-C3,15880,2,1752.5,1,2.5,early25,False
A-G1.040-C3,15880,2,1754.75,1,2.25,early25,False
A-G1.040-C3,15880,2,1759.0,2,4.25,early25,False
A-G1.040-C3,15880,2,1763.75,2,4.75,early25,False
A-G1.040-C3,15880,2,1767.25,2,3.5,early25,False
A-G1.040-C3,15880,2,1772.75,2,5.5,early25,False
A-G1.040-C3,15880,2,1777.5,2,4.75,early25,False
A-G1.040-C3,15880,2,1804.0,3,26.5,early25,False
A-G1.040-C3,15880,2,1807.25,2,3.25,early25,False
A-G1.040-C3,15880,2,1811.0,23,3.75,early25,False
A-G1.040-C3,15880,2,1814.0,1,3.0,early25,False
A-G1.040-C3,15880,2,1819.25,1,5.25,early25,False
A-G1.040-C3,15880,2,1823.75,1,4.5,early25,False
A-G1.040-C3,15880,2,1825.25,1,1.5,early25,False
A-G1.040-C3,15880,2,1826.25,1,1.0,early25,False
A-G1.040-C3,15880,2,1840.25,3,14.0,early25,False
A-G1.040-C3,15880,2,1846.25,5,6.0,early25,False
A-G1.040-C3,15880,2,1985.0,1,138.75,middle50,False
A-G1.040-C3,15880,2,1988.0,2,3.0,middle50,False
A-G1.040-C3,15880,2,1996.5,2,8.5,middle50,False
A-G1.040-C3,15880,2,1997.5,3,1.0,middle50,False
A-G1.040-C3,15880,2,2000.25,2,2.75,middle50,False
A-G1.040-C3,15880,2,2009.0,2,8.75,middle50,False
A-G1.040-C3,15880,2,2041.0,2,32.0,middle50,False
A-G1.040-C3,15880,2,2045.5,3,4.5,middle50,False
A-G1.040-C3,15880,2,2052.5,2,7.0,middle50,False
A-G1.040-C3,15880,2,2059.5,2,7.0,middle50,False
A-G1.040-C3,15880,2,2066.75,2,7.25,middle50,False
A-G1.040-C3,15880,2,2068.0,1,1.25,middle50,False
A-G1.040-C3,15880,2,2078.75,4,10.75,middle50,False
A-G1.040-C3,15880,2,2090.75,1,12.0,middle50,False
A-G1.040-C3,15880,2,2093.75,1,3.0,middle50,False
A-G1.040-C3,15880,2,2097.75,1,4.0,middle50,False
A-G1.040-C3,15880,2,2102.75,2,5.0,middle50,False
A-G1.040-C3,15880,2,2107.25,2,4.5,middle50,False
A-G1.040-C3,15880,2,2113.0,1,5.75,middle50,False
A-G1.040-C3,15880,2,2117.0,11,4.0,middle50,False
A-G1.040-C3,15880,2,2149.25,1,32.25,late25,False
A-G1.040-C3,15880,2,2154.0,2,4.75,late25,False
A-G1.040-C3,15880,2,2165.25,2,11.25,late25,False
A-G1.040-C3,15880,2,2171.0,1,5.75,late25,False
A-G1.040-C3,15880,2,2173.25,1,2.25,late25,False
A-G1.040-C3,15880,2,2186.25,4,13.0,late25,False
A-G1.040-C3,15880,3,2303.5,1,117.25,early25,True
A-G1.040-C3,15880,3,2308.0,2,4.5,early25,True
A-G1.040-C3,15880,3,2312.5,2,4.5,early25,True
A-G1.040-C3,15880,3,2316.5,2,4.0,early25,True
A-G1.040-C3,15880,3,2320.75,2,4.25,early25,True
A-G1.040-C3,15880,3,2325.25,3,4.5,early25,True
A-G1.040-C3,15880,3,2328.5,1,3.25,early25,True
A-G1.040-C3,15880,3,2333.5,3,5.0,early25,True
A-G1.040-C3,15880,3,2359.25,2,25.75,early25,True
A-G1.040-C3,15880,3,2362.25,2,3.0,early25,True
A-G1.040-C3,15880,3,2365.75,20,3.5,early25,True
A-G1.040-C3,15880,3,2367.5,2,1.75,early25,True
A-G1.040-C3,15880,3,2370.25,1,2.75,early25,True
A-G1.040-C3,15880,3,2372.25,1,2.0,early25,True
A-G1.040-C3,15880,3,2373.75,1,1.5,early25,True
A-G1.040-C3,15880,3,2377.75,2,4.0,early25,True
A-G1.040-C3,15880,3,2383.0,1,5.25,early25,True
A-G1.040-C3,15880,3,2387.0,1,4.0,early25,True
A-G1.040-C3,15880,3,2389.0,2,2.0,early25,True
A-G1.040-C3,15880,3,2413.75,1,24.75,early25,True
A-G1.040-C3,15880,3,2417.0,1,3.25,early25,True
A-G1.040-C3,15880,3,2418.5,1,1.5,early25,True
A-G1.040-C3,15880,3,2419.75,1,1.25,early25,True
A-G1.040-C3,15880,3,2427.25,1,7.5,early25,True
A-G1.040-C3,15880,3,2435.0,3,7.75,early25,True
A-G1.040-C3,15880,3,2442.75,2,7.75,early25,True
A-G1.040-C3,15880,3,2471.5,1,28.75,early25,True
A-G1.040-C3,15880,3,2477.25,2,5.75,early25,True
A-G1.040-C3,15880,3,2485.75,2,8.5,early25,True
A-G1.040-C3,15880,3,2491.0,1,5.25,early25,True
A-G1.040-C3,15880,3,2494.5,1,3.5,early25,True
A-G1.040-C3,15880,3,2497.5,1,3.0,early25,True
A-G1.040-C3,15880,3,2505.0,1,7.5,early25,True
A-G1.040-C3,15880,3,2513.25,9,8.25,early25,True
A-G1.040-C3,15880,3,2523.5,1,10.25,early25,True
A-G1.040-C3,15880,3,2527.25,1,3.75,early25,True
A-G1.040-C3,15880,3,2531.75,1,4.5,early25,True
A-G1.040-C3,15880,3,2536.0,2,4.25,early25,True
A-G1.040-C3,15880,3,2539.75,1,3.75,early25,True
A-G1.040-C3,15880,3,2543.0,1,3.25,early25,True
A-G1.040-C3,15880,3,2555.5,1,12.5,early25,True
A-G1.040-C3,15880,3,2579.75,12,24.25,early25,True
A-G1.040-C3,15880,3,2582.5,1,2.75,early25,True
A-G1.040-C3,15880,3,2586.0,1,3.5,early25,True
A-G1.040-C3,15880,3,2593.25,1,7.25,early25,True
A-G1.040-C3,15880,3,2596.25,1,3.0,early25,True
A-G1.040-C3,15880,3,2600.25,1,4.0,early25,True
A-G1.040-C3,15880,3,2611.0,1,10.75,early25,True
A-G1.040-C3,15880,3,2631.25,1,20.25,middle50,True
A-G1.040-C3,15880,3,2634.5,1,3.25,middle50,True
A-G1.040-C3,15880,3,2641.0,1,6.5,middle50,True
A-G1.040-C3,15880,3,2648.0,1,7.0,middle50,True
A-G1.040-C3,15880,3,2651.0,1,3.0,middle50,True
A-G1.040-C3,15880,3,2684.0,2,33.0,middle50,True
A-G1.040-C3,15880,3,2689.0,1,5.0,middle50,True
A-G1.040-C3,15880,3,2694.0,2,5.0,middle50,True
A-G1.040-C3,15880,3,2702.0,1,8.0,middle50,True
A-G1.040-C3,15880,3,2707.25,1,5.25,middle50,True
A-G1.040-C3,15880,3,2712.25,2,5.0,middle50,True
A-G1.040-C3,15880,3,2732.75,1,20.5,middle50,True
A-G1.040-C3,15880,3,2740.25,1,7.5,middle50,True
A-G1.040-C3,15880,3,2744.25,1,4.0,middle50,True
A-G1.040-C3,15880,3,2747.5,1,3.25,middle50,True
A-G1.040-C3,15880,3,2751.0,1,3.5,middle50,True
A-G1.040-C3,15880,3,2754.25,1,3.25,middle50,True
A-G1.040-C3,15880,3,2758.75,8,4.5,middle50,True
A-G1.040-C3,15880,3,2785.5,1,26.75,middle50,True
A-G1.040-C3,15880,3,2790.5,1,5.0,middle50,True
A-G1.040-C3,15880,3,2799.0,1,8.5,middle50,True
A-G1.040-C3,15880,3,2803.0,1,4.0,middle50,True
A-G1.040-C3,15880,3,2811.75,2,8.75,middle50,True
A-G1.040-C3,15880,3,2821.25,1,9.5,middle50,True
A-G1.040-C3,15880,3,2827.0,2,5.75,middle50,True
A-G1.040-C3,15880,3,2967.75,1,140.75,middle50,True
A-G1.040-C3,15880,3,2974.5,1,6.75,middle50,True
A-G1.040-C3,15880,3,2978.5,1,4.0,middle50,True
A-G1.040-C3,15880,3,2982.25,2,3.75,middle50,True
A-G1.040-C3,15880,3,2987.0,2,4.75,middle50,True
A-G1.040-C3,15880,3,2990.25,1,3.25,middle50,True
A-G1.040-C3,15880,3,2991.75,2,1.5,middle50,True
A-G1.040-C3,15880,3,3022.75,1,31.0,middle50,True
A-G1.040-C3,15880,3,3027.75,1,5.0,middle50,True
A-G1.040-C3,15880,3,3028.75,1,1.0,middle50,True
A-G1.040-C3,15880,3,3032.0,1,3.25,middle50,True
A-G1.040-C3,15880,3,3035.25,1,3.25,middle50,True
A-G1.040-C3,15880,3,3045.0,1,9.75,middle50,True
A-G1.040-C3,15880,3,3045.75,2,0.75,middle50,True
A-G1.040-C3,15880,3,3057.0,1,11.25,middle50,True
A-G1.040-C3,15880,3,3065.0,4,8.0,middle50,True
A-G1.040-C3,15880,3,3082.75,1,17.75,middle50,True
A-G1.040-C3,15880,3,3089.5,1,6.75,middle50,True
A-G1.040-C3,15880,3,3096.25,1,6.75,middle50,True
A-G1.040-C3,15880,3,3103.0,1,6.75,middle50,True
A-G1.040-C3,15880,3,3131.0,1,28.0,middle50,True
A-G1.040-C3,15880,3,3143.25,1,12.25,middle50,True
A-G1.040-C3,15880,3,3150.75,1,7.5,middle50,True
A-G1.040-C3,15880,3,3160.75,1,10.0,middle50,True
A-G1.040-C3,15880,3,3170.75,3,10.0,middle50,True
A-G1.040-C3,15880,3,3309.5,1,138.75,late25,True
A-G1.040-C3,15880,3,3318.5,1,9.0,late25,True
A-G1.040-C3,15880,3,3329.5,1,11.0,late25,True
A-G1.040-C3,15880,3,3332.0,1,2.5,late25,True
A-G1.040-C3,15880,3,3364.75,1,32.75,late25,True
A-G1.040-C3,15880,3,3374.75,1,10.0,late25,True
A-G1.040-C3,15880,3,3379.25,1,4.5,late25,True
A-G1.040-C3,15880,3,3383.5,1,4.25,late25,True
A-G1.040-C3,15880,3,3394.0,1,10.5,late25,True
A-G1.040-C3,15880,3,3417.5,1,23.5,late25,True
A-G1.040-C3,15880,3,3421.5,1,4.0,late25,True
A-G1.040-C3,15880,3,3435.75,1,14.25,late25,True
A-G1.040-C3,15880,3,3470.5,1,34.75,late25,True
A-G1.040-C3,15880,3,3475.0,1,4.5,late25,True
A-G1.040-C3,15880,3,3480.25,1,5.25,late25,True
A-G1.040-C3,15880,3,3484.5,1,4.25,late25,True
A-G1.040-C3,15880,3,3497.75,1,13.25,late25,True
A-G1.040-C3,15880,3,3511.75,3,14.0,late25,True
A-G1.040-C3,23799,0,0.25,3,,early25,False
A-G1.040-C3,23799,0,8.25,1,8.0,early25,False
A-G1.040-C3,23799,0,16.5,1,8.25,early25,False
A-G1.040-C3,23799,0,45.75,1,29.25,early25,False
A-G1.040-C3,23799,0,58.0,1,12.25,early25,False
A-G1.040-C3,23799,0,88.75,1,30.75,early25,False
A-G1.040-C3,23799,0,112.25,1,23.5,early25,False
A-G1.040-C3,23799,0,123.75,1,11.5,middle50,False
A-G1.040-C3,23799,0,164.5,1,40.75,middle50,False
A-G1.040-C3,23799,0,214.0,1,49.5,middle50,False
A-G1.040-C3,23799,0,223.75,1,9.75,middle50,False
A-G1.040-C3,23799,0,237.75,1,14.0,middle50,False
A-G1.040-C3,23799,0,240.75,1,3.0,middle50,False
A-G1.040-C3,23799,0,244.5,1,3.75,middle50,False
A-G1.040-C3,23799,0,288.25,1,43.75,middle50,False
A-G1.040-C3,23799,0,297.75,1,9.5,middle50,False
A-G1.040-C3,23799,0,304.75,1,7.0,middle50,False
A-G1.040-C3,23799,0,315.75,1,11.0,middle50,False
A-G1.040-C3,23799,0,341.5,2,25.75,middle50,False
A-G1.040-C3,23799,0,352.25,1,10.75,middle50,False
A-G1.040-C3,23799,0,359.0,14,6.75,middle50,False
A-G1.040-C3,23799,1,525.5,1,166.5,early25,False
A-G1.040-C3,23799,1,538.5,1,13.0,early25,False
A-G1.040-C3,23799,1,570.5,1,32.0,early25,False
A-G1.040-C3,23799,1,574.75,1,4.25,early25,False
A-G1.040-C3,23799,1,582.5,2,7.75,early25,False
A-G1.040-C3,23799,1,587.75,1,5.25,early25,False
A-G1.040-C3,23799,1,595.25,2,7.5,early25,False
A-G1.040-C3,23799,1,604.25,3,9.0,early25,False
A-G1.040-C3,23799,1,618.0,3,13.75,early25,False
A-G1.040-C3,23799,1,655.25,1,37.25,early25,False
A-G1.040-C3,23799,1,663.25,2,8.0,early25,False
A-G1.040-C3,23799,1,672.25,22,9.0,middle50,False
A-G1.040-C3,23799,1,696.25,2,24.0,middle50,False
A-G1.040-C3,23799,1,702.25,2,6.0,middle50,False
A-G1.040-C3,23799,1,706.75,1,4.5,middle50,False
A-G1.040-C3,23799,1,712.75,2,6.0,middle50,False
A-G1.040-C3,23799,1,718.5,2,5.75,middle50,False
A-G1.040-C3,23799,1,721.5,1,3.0,middle50,False
A-G1.040-C3,23799,1,725.75,1,4.25,middle50,False
A-G1.040-C3,23799,1,735.5,18,9.75,middle50,False
A-G1.040-C3,23799,1,887.25,1,151.75,middle50,False
A-G1.040-C3,23799,1,943.25,1,56.0,middle50,False
A-G1.040-C3,23799,1,949.5,1,6.25,middle50,False
A-G1.040-C3,23799,1,950.5,1,1.0,middle50,False
A-G1.040-C3,23799,1,951.75,1,1.25,middle50,False
A-G1.040-C3,23799,1,956.75,1,5.0,middle50,False
A-G1.040-C3,23799,1,961.0,2,4.25,middle50,False
A-G1.040-C3,23799,1,965.25,1,4.25,middle50,False
A-G1.040-C3,23799,1,965.75,1,0.5,middle50,False
A-G1.040-C3,23799,1,970.0,1,4.25,middle50,False
A-G1.040-C3,23799,1,975.25,1,5.25,middle50,False
A-G1.040-C3,23799,1,975.75,1,0.5,middle50,False
A-G1.040-C3,23799,1,993.75,1,18.0,middle50,False
A-G1.040-C3,23799,1,998.25,1,4.5,middle50,False
A-G1.040-C3,23799,1,1002.0,1,3.75,middle50,False
A-G1.040-C3,23799,1,1006.75,1,4.75,middle50,False
A-G1.040-C3,23799,1,1013.0,2,6.25,late25,False
A-G1.040-C3,23799,1,1018.5,2,5.5,late25,False
A-G1.040-C3,23799,1,1021.5,1,3.0,late25,False
A-G1.040-C3,23799,1,1025.5,1,4.0,late25,False
A-G1.040-C3,23799,1,1049.75,13,24.25,late25,False
A-G1.040-C3,23799,1,1053.0,1,3.25,late25,False
A-G1.040-C3,23799,1,1057.0,1,4.0,late25,False
A-G1.040-C3,23799,1,1058.5,1,1.5,late25,False
A-G1.040-C3,23799,1,1065.25,1,6.75,late25,False
A-G1.040-C3,23799,1,1067.75,1,2.5,late25,False
A-G1.040-C3,23799,1,1070.25,1,2.5,late25,False
A-G1.040-C3,23799,1,1073.5,1,3.25,late25,False
A-G1.040-C3,23799,1,1078.75,1,5.25,late25,False
A-G1.040-C3,23799,1,1185.5,1,106.75,late25,False
A-G1.040-C3,23799,2,1206.25,2,20.75,early25,False
A-G1.040-C3,23799,2,1209.75,2,3.5,early25,False
A-G1.040-C3,23799,2,1214.0,3,4.25,early25,False
A-G1.040-C3,23799,2,1217.5,3,3.5,early25,False
A-G1.040-C3,23799,2,1219.5,1,2.0,early25,False
A-G1.040-C3,23799,2,1221.25,1,1.75,early25,False
A-G1.040-C3,23799,2,1224.25,2,3.0,early25,False
A-G1.040-C3,23799,2,1257.5,2,33.25,early25,False
A-G1.040-C3,23799,2,1259.5,2,2.0,early25,False
A-G1.040-C3,23799,2,1261.5,2,2.0,early25,False
A-G1.040-C3,23799,2,1267.75,4,6.25,early25,False
A-G1.040-C3,23799,2,1273.25,1,5.5,early25,False
A-G1.040-C3,23799,2,1277.25,1,4.0,early25,False
A-G1.040-C3,23799,2,1280.0,1,2.75,early25,False
A-G1.040-C3,23799,2,1281.0,1,1.0,early25,False
A-G1.040-C3,23799,2,1286.75,4,5.75,early25,False
A-G1.040-C3,23799,2,1306.5,1,19.75,early25,False
A-G1.040-C3,23799,2,1310.25,2,3.75,early25,False
A-G1.040-C3,23799,2,1314.0,1,3.75,early25,False
A-G1.040-C3,23799,2,1318.75,3,4.75,early25,False
A-G1.040-C3,23799,2,1322.75,1,4.0,early25,False
A-G1.040-C3,23799,2,1325.75,2,3.0,early25,False
A-G1.040-C3,23799,2,1329.25,1,3.5,early25,False
A-G1.040-C3,23799,2,1332.75,20,3.5,early25,False
A-G1.040-C3,23799,2,1361.75,2,29.0,middle50,False
A-G1.040-C3,23799,2,1371.0,2,9.25,middle50,False
A-G1.040-C3,23799,2,1374.75,3,3.75,middle50,False
A-G1.040-C3,23799,2,1382.5,2,7.75,middle50,False
A-G1.040-C3,23799,2,1384.25,1,1.75,middle50,False
A-G1.040-C3,23799,2,1389.75,3,5.5,middle50,False
A-G1.040-C3,23799,2,1398.5,2,8.75,middle50,False
A-G1.040-C3,23799,2,1541.25,1,142.75,middle50,False
A-G1.040-C3,23799,2,1544.75,1,3.5,middle50,False
A-G1.040-C3,23799,2,1552.0,1,7.25,middle50,False
A-G1.040-C3,23799,2,1555.25,1,3.25,middle50,False
A-G1.040-C3,23799,2,1559.0,2,3.75,middle50,False
A-G1.040-C3,23799,2,1563.75,1,4.75,middle50,False
A-G1.040-C3,23799,2,1567.75,2,4.0,middle50,False
A-G1.040-C3,23799,2,1595.75,2,28.0,middle50,False
A-G1.040-C3,23799,2,1598.5,14,2.75,middle50,False
A-G1.040-C3,23799,2,1602.25,2,3.75,middle50,False
A-G1.040-C3,23799,2,1606.0,2,3.75,middle50,False
A-G1.040-C3,23799,2,1610.0,1,4.0,middle50,False
A-G1.040-C3,23799,2,1617.0,1,7.0,middle50,False
A-G1.040-C3,23799,2,1619.75,1,2.75,middle50,False
A-G1.040-C3,23799,2,1626.0,1,6.25,middle50,False
A-G1.040-C3,23799,2,1628.25,1,2.25,middle50,False
A-G1.040-C3,23799,2,1635.0,5,6.75,middle50,False
A-G1.040-C3,23799,2,1645.0,1,10.0,middle50,False
A-G1.040-C3,23799,2,1648.0,1,3.0,middle50,False
A-G1.040-C3,23799,2,1651.5,1,3.5,middle50,False
A-G1.040-C3,23799,2,1658.5,1,7.0,middle50,False
A-G1.040-C3,23799,2,1664.0,2,5.5,middle50,False
A-G1.040-C3,23799,2,1672.75,2,8.75,middle50,False
A-G1.040-C3,23799,2,1700.5,1,27.75,late25,False
A-G1.040-C3,23799,2,1702.75,1,2.25,late25,False
A-G1.040-C3,23799,2,1708.25,2,5.5,late25,False
A-G1.040-C3,23799,2,1715.0,1,6.75,late25,False
A-G1.040-C3,23799,2,1721.75,2,6.75,late25,False
A-G1.040-C3,23799,2,1724.0,1,2.25,late25,False
A-G1.040-C3,23799,2,1726.5,1,2.5,late25,False
A-G1.040-C3,23799,2,1729.0,1,2.5,late25,False
A-G1.040-C3,23799,2,1732.25,1,3.25,late25,False
A-G1.040-C3,23799,3,1858.25,2,126.0,early25,True
A-G1.040-C3,23799,3,1861.75,2,3.5,early25,True
A-G1.040-C3,23799,3,1863.75,1,2.0,early25,True
A-G1.040-C3,23799,3,1867.0,2,3.25,early25,True
A-G1.040-C3,23799,3,1872.0,3,5.0,early25,True
A-G1.040-C3,23799,3,1875.5,2,3.5,early25,True
A-G1.040-C3,23799,3,1879.0,2,3.5,early25,True
A-G1.040-C3,23799,3,1883.0,1,4.0,early25,True
A-G1.040-C3,23799,3,1887.75,3,4.75,early25,True
A-G1.040-C3,23799,3,1914.5,1,26.75,early25,True
A-G1.040-C3,23799,3,1917.0,2,2.5,early25,True
A-G1.040-C3,23799,3,1920.0,1,3.0,early25,True
A-G1.040-C3,23799,3,1923.0,18,3.0,early25,True
A-G1.040-C3,23799,3,1929.0,3,6.0,early25,True
A-G1.040-C3,23799,3,1934.5,1,5.5,early25,True
A-G1.040-C3,23799,3,1937.5,3,3.0,early25,True
A-G1.040-C3,23799,3,1940.25,2,2.75,early25,True
A-G1.040-C3,23799,3,1943.5,2,3.25,early25,True
A-G1.040-C3,23799,3,1950.25,2,6.75,early25,True
A-G1.040-C3,23799,3,1963.0,1,12.75,early25,True
A-G1.040-C3,23799,3,1966.0,1,3.0,early25,True
A-G1.040-C3,23799,3,1969.0,2,3.0,early25,True
A-G1.040-C3,23799,3,1978.25,2,9.25,early25,True
A-G1.040-C3,23799,3,1982.75,1,4.5,early25,True
A-G1.040-C3,23799,3,1988.0,2,5.25,early25,True
A-G1.040-C3,23799,3,1992.75,1,4.75,early25,True
A-G1.040-C3,23799,3,1997.25,2,4.5,early25,True
A-G1.040-C3,23799,3,2020.75,1,23.5,early25,True
A-G1.040-C3,23799,3,2024.75,1,4.0,early25,True
A-G1.040-C3,23799,3,2029.75,16,5.0,early25,True
A-G1.040-C3,23799,3,2032.25,1,2.5,early25,True
A-G1.040-C3,23799,3,2042.0,1,9.75,early25,True
A-G1.040-C3,23799,3,2045.75,1,3.75,early25,True
A-G1.040-C3,23799,3,2047.75,1,2.0,early25,True
A-G1.040-C3,23799,3,2053.0,1,5.25,early25,True
A-G1.040-C3,23799,3,2066.75,1,13.75,early25,True
A-G1.040-C3,23799,3,2068.75,1,2.0,early25,True
A-G1.040-C3,23799,3,2071.75,1,3.0,early25,True
A-G1.040-C3,23799,3,2074.0,1,2.25,early25,True
A-G1.040-C3,23799,3,2083.5,2,9.5,early25,True
A-G1.040-C3,23799,3,2086.5,1,3.0,early25,True
A-G1.040-C3,23799,3,2095.0,2,8.5,early25,True
A-G1.040-C3,23799,3,2125.25,1,30.25,early25,True
A-G1.040-C3,23799,3,2131.25,2,6.0,early25,True
A-G1.040-C3,23799,3,2135.5,1,4.25,early25,True
A-G1.040-C3,23799,3,2142.25,2,6.75,early25,True
A-G1.040-C3,23799,3,2147.5,1,5.25,early25,True
A-G1.040-C3,23799,3,2150.75,2,3.25,early25,True
A-G1.040-C3,23799,3,2170.75,1,20.0,early25,True
A-G1.040-C3,23799,3,2174.75,1,4.0,early25,True
A-G1.040-C3,23799,3,2178.25,1,3.5,early25,True
A-G1.040-C3,23799,3,2185.75,1,7.5,early25,True
A-G1.040-C3,23799,3,2192.0,1,6.25,early25,True
A-G1.040-C3,23799,3,2198.25,2,6.25,early25,True
A-G1.040-C3,23799,3,2229.0,2,30.75,early25,True
A-G1.040-C3,23799,3,2234.25,1,5.25,early25,True
A-G1.040-C3,23799,3,2238.75,1,4.5,early25,True
A-G1.040-C3,23799,3,2244.0,1,5.25,early25,True
A-G1.040-C3,23799,3,2249.0,1,5.0,early25,True
A-G1.040-C3,23799,3,2254.0,2,5.0,early25,True
A-G1.040-C3,23799,3,2256.5,1,2.5,early25,True
A-G1.040-C3,23799,3,2270.0,6,13.5,early25,True
A-G1.040-C3,23799,3,2280.75,1,10.75,early25,True
A-G1.040-C3,23799,3,2285.25,1,4.5,middle50,True
A-G1.040-C3,23799,3,2290.5,1,5.25,middle50,True
A-G1.040-C3,23799,3,2297.25,1,6.75,middle50,True
A-G1.040-C3,23799,3,2300.5,1,3.25,middle50,True
A-G1.040-C3,23799,3,2305.25,1,4.75,middle50,True
A-G1.040-C3,23799,3,2307.75,5,2.5,middle50,True
A-G1.040-C3,23799,3,2333.75,1,26.0,middle50,True
A-G1.040-C3,23799,3,2340.75,1,7.0,middle50,True
A-G1.040-C3,23799,3,2343.5,1,2.75,middle50,True
A-G1.040-C3,23799,3,2348.5,1,5.0,middle50,True
A-G1.040-C3,23799,3,2353.25,1,4.75,middle50,True
A-G1.040-C3,23799,3,2357.25,2,4.0,middle50,True
A-G1.040-C3,23799,3,2365.25,2,8.0,middle50,True
A-G1.040-C3,23799,3,2522.5,2,157.25,middle50,True
A-G1.040-C3,23799,3,2534.0,2,11.5,middle50,True
A-G1.040-C3,23799,3,2580.0,1,46.0,middle50,True
A-G1.040-C3,23799,3,2586.25,1,6.25,middle50,True
A-G1.040-C3,23799,3,2589.25,1,3.0,middle50,True
A-G1.040-C3,23799,3,2592.25,1,3.0,middle50,True
A-G1.040-C3,23799,3,2597.25,1,5.0,middle50,True
A-G1.040-C3,23799,3,2604.5,1,7.25,middle50,True
A-G1.040-C3,23799,3,2611.75,3,7.25,middle50,True
A-G1.040-C3,23799,3,2620.75,1,9.0,middle50,True
A-G1.040-C3,23799,3,2625.0,3,4.25,middle50,True
A-G1.040-C3,23799,3,2627.25,2,2.25,middle50,True
A-G1.040-C3,23799,3,2632.75,1,5.5,middle50,True
A-G1.040-C3,23799,3,2638.25,1,5.5,middle50,True
A-G1.040-C3,23799,3,2649.75,1,11.5,middle50,True
A-G1.040-C3,23799,3,2684.0,1,34.25,middle50,True
A-G1.040-C3,23799,3,2691.25,2,7.25,middle50,True
A-G1.040-C3,23799,3,2692.5,3,1.25,middle50,True
A-G1.040-C3,23799,3,2702.5,1,10.0,middle50,True
A-G1.040-C3,23799,3,2846.25,1,143.75,middle50,True
A-G1.040-C3,23799,3,2852.5,1,6.25,middle50,True
A-G1.040-C3,23799,3,2859.25,1,6.75,middle50,True
A-G1.040-C3,23799,3,2879.25,1,20.0,middle50,True
A-G1.040-C3,23799,3,2901.25,1,22.0,middle50,True
A-G1.040-C3,23799,3,2908.75,1,7.5,middle50,True
A-G1.040-C3,23799,3,2920.5,1,11.75,middle50,True
A-G1.040-C3,23799,3,2929.25,1,8.75,middle50,True
A-G1.040-C3,23799,3,2933.75,1,4.5,middle50,True
A-G1.040-C3,23799,3,2950.75,1,17.0,middle50,True
A-G1.040-C3,23799,3,2963.75,1,13.0,middle50,True
A-G1.040-C3,23799,3,2971.75,1,8.0,middle50,True
A-G1.040-C3,23799,3,3009.5,1,37.75,middle50,True
A-G1.040-C3,23799,3,3014.0,1,4.5,middle50,True
A-G1.040-C3,23799,3,3018.25,1,4.25,middle50,True
A-G1.040-C3,23799,3,3031.75,1,13.5,middle50,True
A-G1.040-C3,23799,3,3169.25,1,137.5,late25,True
A-G1.040-C3,23799,3,3179.0,1,9.75,late25,True
A-G1.040-C3,23799,3,3185.5,1,6.5,late25,True
A-G1.040-C3,23799,3,3192.5,1,7.0,late25,True
A-G1.040-C3,23799,3,3224.75,1,32.25,late25,True
A-G1.040-C3,23799,3,3230.0,1,5.25,late25,True
A-G1.040-C3,23799,3,3233.5,4,3.5,late25,True
A-G1.040-C3,23799,3,3250.5,1,17.0,late25,True
A-G1.040-C3,23799,3,3265.5,3,15.0,late25,True
A-G1.040-C3,23799,3,3277.25,1,11.75,late25,True
A-G1.040-C3,23799,3,3281.5,2,4.25,late25,True
A-G1.040-C3,23799,3,3288.0,1,6.5,late25,True
A-G1.040-C3,23799,3,3295.75,1,7.75,late25,True
A-G1.040-C3,23799,3,3303.5,1,7.75,late25,True
A-G1.040-C3,23799,3,3334.25,1,30.75,late25,True
A-G1.040-C3,23799,3,3342.0,1,7.75,late25,True
A-G1.040-C3,23799,3,3348.75,1,6.75,late25,True
A-G1.040-C3,23799,3,3352.75,1,4.0,late25,True
A-G1.040-C3,23799,3,3361.75,1,9.0,late25,True
A-G1.040-C3,23799,3,3375.25,2,13.5,late25,True
A-G1.040-C3,23799,3,3502.0,1,126.75,late25,True
A-G1.040-C3,23799,3,3514.25,1,12.25,late25,True
A-G1.040-C3,23799,3,3523.75,3,9.5,late25,True
A-G1.040-C3,23799,3,3558.25,1,34.5,late25,True
A-G1.040-C3,23799,3,3567.0,1,8.75,late25,True
A-G1.040-C3,23799,3,3575.25,1,8.25,late25,True
A-G1.040-C3,31718,0,0.25,3,,early25,False
A-G1.040-C3,31718,0,8.5,1,8.25,early25,False
A-G1.040-C3,31718,0,17.25,1,8.75,early25,False
A-G1.040-C3,31718,0,33.75,1,16.5,early25,False
A-G1.040-C3,31718,0,50.75,1,17.0,early25,False
A-G1.040-C3,31718,0,93.75,1,43.0,early25,False
A-G1.040-C3,31718,0,100.75,1,7.0,early25,False
A-G1.040-C3,31718,0,116.0,1,15.25,early25,False
A-G1.040-C3,31718,0,158.75,1,42.75,early25,False
A-G1.040-C3,31718,0,161.75,1,3.0,early25,False
A-G1.040-C3,31718,0,168.25,1,6.5,early25,False
A-G1.040-C3,31718,0,175.25,1,7.0,early25,False
A-G1.040-C3,31718,0,179.25,1,4.0,early25,False
A-G1.040-C3,31718,0,217.5,1,38.25,early25,False
A-G1.040-C3,31718,0,223.25,1,5.75,early25,False
A-G1.040-C3,31718,0,227.75,1,4.5,early25,False
A-G1.040-C3,31718,0,234.5,1,6.75,early25,False
A-G1.040-C3,31718,0,247.5,1,13.0,early25,False
A-G1.040-C3,31718,0,404.75,1,157.25,middle50,False
A-G1.040-C3,31718,0,410.0,1,5.25,middle50,False
A-G1.040-C3,31718,0,455.75,1,45.75,middle50,False
A-G1.040-C3,31718,0,460.75,1,5.0,middle50,False
A-G1.040-C3,31718,0,465.75,1,5.0,middle50,False
A-G1.040-C3,31718,0,470.0,1,4.25,middle50,False
A-G1.040-C3,31718,0,474.75,1,4.75,middle50,False
A-G1.040-C3,31718,0,478.5,1,3.75,middle50,False
A-G1.040-C3,31718,0,493.0,1,14.5,middle50,False
A-G1.040-C3,31718,0,519.25,1,26.25,middle50,False
A-G1.040-C3,31718,0,527.25,1,8.0,middle50,False
A-G1.040-C3,31718,0,533.0,1,5.75,middle50,False
A-G1.040-C3,31718,0,541.25,1,8.25,middle50,False
A-G1.040-C3,31718,0,543.75,1,2.5,middle50,False
A-G1.040-C3,31718,0,579.0,1,35.25,middle50,False
A-G1.040-C3,31718,0,583.0,1,4.0,middle50,False
A-G1.040-C3,31718,0,589.75,1,6.75,middle50,False
A-G1.040-C3,31718,0,593.5,1,3.75,middle50,False
A-G1.040-C3,31718,0,598.0,1,4.5,middle50,False
A-G1.040-C3,31718,0,604.0,1,6.0,middle50,False
A-G1.040-C3,31718,0,753.75,1,149.75,middle50,False
A-G1.040-C3,31718,0,756.5,1,2.75,middle50,False
A-G1.040-C3,31718,0,763.25,1,6.75,middle50,False
A-G1.040-C3,31718,0,769.5,1,6.25,middle50,False
A-G1.040-C3,31718,0,776.75,1,7.25,middle50,False
A-G1.040-C3,31718,0,791.0,2,14.25,middle50,False
A-G1.040-C3,31718,0,813.0,1,22.0,late25,False
A-G1.040-C3,31718,0,820.5,1,7.5,late25,False
A-G1.040-C3,31718,0,825.5,11,5.0,late25,False
A-G1.040-C3,31718,0,832.25,1,6.75,late25,False
A-G1.040-C3,31718,0,841.0,1,8.75,late25,False
A-G1.040-C3,31718,0,849.25,3,8.25,late25,False
A-G1.040-C3,31718,0,862.75,1,13.5,late25,False
A-G1.040-C3,31718,0,875.75,1,13.0,late25,False
A-G1.040-C3,31718,0,883.0,1,7.25,late25,False
A-G1.040-C3,31718,0,885.5,3,2.5,late25,False
A-G1.040-C3,31718,0,891.5,1,6.0,late25,False
A-G1.040-C3,31718,0,921.0,1,29.5,late25,False
A-G1.040-C3,31718,0,924.5,1,3.5,late25,False
A-G1.040-C3,31718,0,927.25,1,2.75,late25,False
A-G1.040-C3,31718,0,930.75,1,3.5,late25,False
A-G1.040-C3,31718,0,935.5,1,4.75,late25,False
A-G1.040-C3,31718,0,939.25,1,3.75,late25,False
A-G1.040-C3,31718,0,942.75,1,3.5,late25,False
A-G1.040-C3,31718,0,947.75,1,5.0,late25,False
A-G1.040-C3,31718,0,951.0,1,3.25,late25,False
A-G1.040-C3,31718,0,1046.75,1,95.75,late25,False
A-G1.040-C3,31718,0,1053.75,1,7.0,late25,False
A-G1.040-C3,31718,0,1058.0,1,4.25,late25,False
A-G1.040-C3,31718,0,1063.25,1,5.25,late25,False
A-G1.040-C3,31718,1,1080.25,1,17.0,early25,False
A-G1.040-C3,31718,1,1083.75,1,3.5,early25,False
A-G1.040-C3,31718,1,1085.5,1,1.75,early25,False
A-G1.040-C3,31718,1,1088.5,1,3.0,early25,False
A-G1.040-C3,31718,1,1089.5,1,1.0,early25,False
A-G1.040-C3,31718,1,1095.0,1,5.5,early25,False
A-G1.040-C3,31718,1,1107.75,1,12.75,early25,False
A-G1.040-C3,31718,1,1140.0,2,32.25,early25,False
A-G1.040-C3,31718,1,1144.5,1,4.5,early25,False
A-G1.040-C3,31718,1,1145.5,1,1.0,early25,False
A-G1.040-C3,31718,1,1148.25,1,2.75,early25,False
A-G1.040-C3,31718,1,1151.5,1,3.25,early25,False
A-G1.040-C3,31718,1,1154.75,2,3.25,early25,False
A-G1.040-C3,31718,1,1156.5,1,1.75,early25,False
A-G1.040-C3,31718,1,1165.0,1,8.5,early25,False
A-G1.040-C3,31718,1,1174.5,1,9.5,early25,False
A-G1.040-C3,31718,1,1314.9999999999,1,140.49999999989996,middle50,False
A-G1.040-C3,31718,1,1319.9999999999,2,5.0,middle50,False
A-G1.040-C3,31718,1,1327.9999999999,1,8.0,middle50,False
A-G1.040-C3,31718,1,1332.7499999999,2,4.75,middle50,False
A-G1.040-C3,31718,1,1337.2499999999,1,4.5,middle50,False
A-G1.040-C3,31718,1,1343.2499999999,1,6.0,middle50,False
A-G1.040-C3,31718,1,1371.2499999999,2,28.0,middle50,False
A-G1.040-C3,31718,1,1377.7499999999,2,6.5,middle50,False
A-G1.040-C3,31718,1,1380.9999999999,16,3.25,middle50,False
A-G1.040-C3,31718,1,1385.4999999999,1,4.5,middle50,False
A-G1.040-C3,31718,1,1396.2499999999,1,10.75,middle50,False
A-G1.040-C3,31718,1,1405.2499999999,1,9.0,middle50,False
A-G1.040-C3,31718,1,1411.4999999999,4,6.25,middle50,False
A-G1.040-C3,31718,1,1423.2499999999,1,11.75,middle50,False
A-G1.040-C3,31718,1,1426.4999999999,4,3.25,middle50,False
A-G1.040-C3,31718,1,1429.2499999999,1,2.75,middle50,False
A-G1.040-C3,31718,1,1431.4999999999,4,2.25,middle50,False
A-G1.040-C3,31718,1,1439.2499999999,1,7.75,middle50,False
A-G1.040-C3,31718,1,1442.7499999999,1,3.5,middle50,False
A-G1.040-C3,31718,1,1445.7499999999,1,3.0,middle50,False
A-G1.040-C3,31718,1,1447.4999999999,1,1.75,middle50,False
A-G1.040-C3,31718,1,1452.2499999999,1,4.75,middle50,False
A-G1.040-C3,31718,1,1480.7499999999,1,28.5,middle50,False
A-G1.040-C3,31718,1,1483.7499999999,1,3.0,late25,False
A-G1.040-C3,31718,1,1486.2499999999,1,2.5,late25,False
A-G1.040-C3,31718,1,1488.7499999999,1,2.5,late25,False
A-G1.040-C3,31718,1,1489.7499999999,2,1.0,late25,False
A-G1.040-C3,31718,1,1490.4999999999,3,0.75,late25,False
A-G1.040-C3,31718,1,1492.2499999999,1,1.75,late25,False
A-G1.040-C3,31718,1,1494.7499999999,1,2.5,late25,False
A-G1.040-C3,31718,1,1499.4999999999,1,4.75,late25,False
A-G1.040-C3,31718,1,1502.4999999999,1,3.0,late25,False
A-G1.040-C3,31718,1,1504.7499999999,1,2.25,late25,False
A-G1.040-C3,31718,1,1506.2499999999,1,1.5,late25,False
A-G1.040-C3,31718,1,1507.9999999999,1,1.75,late25,False
A-G1.040-C3,31718,1,1516.2499999999,1,8.25,late25,False
A-G1.040-C3,31718,1,1613.2499999999,1,97.0,late25,False
A-G1.040-C3,31718,1,1615.2499999999,1,2.0,late25,False
A-G1.040-C3,31718,1,1619.7499999999,1,4.5,late25,False
A-G1.040-C3,31718,2,1637.9999999999,1,18.25,early25,False
A-G1.040-C3,31718,2,1642.4999999999,2,4.5,early25,False
A-G1.040-C3,31718,2,1648.4999999999,2,6.0,early25,False
A-G1.040-C3,31718,2,1655.7499999999,3,7.25,early25,False
A-G1.040-C3,31718,2,1662.2499999999,3,6.5,early25,False
A-G1.040-C3,31718,2,1665.7499999999,1,3.5,early25,False
A-G1.040-C3,31718,2,1692.9999999999,1,27.25,early25,False
A-G1.040-C3,31718,2,1697.4999999999,20,4.5,early25,False
A-G1.040-C3,31718,2,1705.9999999999,2,8.5,early25,False
A-G1.040-C3,31718,2,1706.9999999999,1,1.0,early25,False
A-G1.040-C3,31718,2,1712.4999999999,2,5.5,early25,False
A-G1.040-C3,31718,2,1717.9999999999,1,5.5,early25,False
A-G1.040-C3,31718,2,1718.9999999999,1,1.0,early25,False
A-G1.040-C3,31718,2,1720.2499999999,1,1.25,early25,False
A-G1.040-C3,31718,2,1722.2499999999,1,2.0,early25,False
A-G1.040-C3,31718,2,1727.9999999999,1,5.75,early25,False
A-G1.040-C3,31718,2,1741.7499999999,2,13.75,early25,False
A-G1.040-C3,31718,2,1743.4999999999,1,1.75,early25,False
A-G1.040-C3,31718,2,1752.2499999999,2,8.75,early25,False
A-G1.040-C3,31718,2,1757.9999999999,3,5.75,early25,False
A-G1.040-C3,31718,2,1763.7499999999,2,5.75,early25,False
A-G1.040-C3,31718,2,1769.9999999999,2,6.25,early25,False
A-G1.040-C3,31718,2,1803.25,3,33.250000000100044,middle50,False
A-G1.040-C3,31718,2,1807.5,2,4.25,middle50,False
A-G1.040-C3,31718,2,1812.5,2,5.0,middle50,False
A-G1.040-C3,31718,2,1817.5,1,5.0,middle50,False
A-G1.040-C3,31718,2,1834.5,1,17.0,middle50,False
A-G1.040-C3,31718,2,1841.0,5,6.5,middle50,False
A-G1.040-C3,31718,2,1973.25,2,132.25,middle50,False
A-G1.040-C3,31718,2,1976.75,1,3.5,middle50,False
A-G1.040-C3,31718,2,1980.75,1,4.0,middle50,False
A-G1.040-C3,31718,2,1984.5,2,3.75,middle50,False
A-G1.040-C3,31718,2,1987.5,1,3.0,middle50,False
A-G1.040-C3,31718,2,1991.75,2,4.25,middle50,False
A-G1.040-C3,31718,2,1996.25,1,4.5,middle50,False
A-G1.040-C3,31718,2,1999.5,1,3.25,middle50,False
A-G1.040-C3,31718,2,2025.25,16,25.75,middle50,False
A-G1.040-C3,31718,2,2028.0,1,2.75,middle50,False
A-G1.040-C3,31718,2,2031.75,1,3.75,middle50,False
A-G1.040-C3,31718,2,2034.25,1,2.5,middle50,False
A-G1.040-C3,31718,2,2036.75,1,2.5,middle50,False
A-G1.040-C3,31718,2,2040.5,1,3.75,middle50,False
A-G1.040-C3,31718,2,2044.0,1,3.5,middle50,False
A-G1.040-C3,31718,2,2049.0,2,5.0,middle50,False
A-G1.040-C3,31718,2,2054.25,2,5.25,middle50,False
A-G1.040-C3,31718,2,2072.5,1,18.25,middle50,False
A-G1.040-C3,31718,2,2078.25,1,5.75,middle50,False
A-G1.040-C3,31718,2,2083.5,2,5.25,middle50,False
A-G1.040-C3,31718,2,2091.75,2,8.25,middle50,False
A-G1.040-C3,31718,2,2097.0,1,5.25,middle50,False
A-G1.040-C3,31718,2,2101.25,1,4.25,middle50,False
A-G1.040-C3,31718,2,2128.75,1,27.5,late25,False
A-G1.040-C3,31718,2,2130.0,1,1.25,late25,False
A-G1.040-C3,31718,2,2133.75,1,3.75,late25,False
A-G1.040-C3,31718,2,2140.25,2,6.5,late25,False
A-G1.040-C3,31718,2,2146.5,2,6.25,late25,False
A-G1.040-C3,31718,2,2150.25,2,3.75,late25,False
A-G1.040-C3,31718,2,2158.75,1,8.5,late25,False
A-G1.040-C3,31718,2,2165.0,1,6.25,late25,False
A-G1.040-C3,31718,3,2283.5,3,118.5,early25,True
A-G1.040-C3,31718,3,2287.75,3,4.25,early25,True
A-G1.040-C3,31718,3,2290.5,2,2.75,early25,True
A-G1.040-C3,31718,3,2293.5,3,3.0,early25,True
A-G1.040-C3,31718,3,2296.5,3,3.0,early25,True
A-G1.040-C3,31718,3,2301.0,3,4.5,early25,True
A-G1.040-C3,31718,3,2304.0,2,3.0,early25,True
A-G1.040-C3,31718,3,2306.25,2,2.25,early25,True
A-G1.040-C3,31718,3,2310.75,2,4.5,early25,True
A-G1.040-C3,31718,3,2315.0,3,4.25,early25,True
A-G1.040-C3,31718,3,2339.75,1,24.75,early25,True
A-G1.040-C3,31718,3,2343.0,2,3.25,early25,True
A-G1.040-C3,31718,3,2346.0,2,3.0,early25,True
A-G1.040-C3,31718,3,2349.25,1,3.25,early25,True
A-G1.040-C3,31718,3,2352.75,2,3.5,early25,True
A-G1.040-C3,31718,3,2356.0,2,3.25,early25,True
A-G1.040-C3,31718,3,2360.0,2,4.0,early25,True
A-G1.040-C3,31718,3,2362.5,1,2.5,early25,True
A-G1.040-C3,31718,3,2366.25,2,3.75,early25,True
A-G1.040-C3,31718,3,2369.5,1,3.25,early25,True
A-G1.040-C3,31718,3,2372.5,2,3.0,early25,True
A-G1.040-C3,31718,3,2380.25,1,7.75,early25,True
A-G1.040-C3,31718,3,2394.5,3,14.25,early25,True
A-G1.040-C3,31718,3,2407.25,2,12.75,early25,True
A-G1.040-C3,31718,3,2412.0,17,4.75,early25,True
A-G1.040-C3,31718,3,2416.5,1,4.5,early25,True
A-G1.040-C3,31718,3,2420.75,1,4.25,early25,True
A-G1.040-C3,31718,3,2424.0,1,3.25,early25,True
A-G1.040-C3,31718,3,2450.25,12,26.25,early25,True
A-G1.040-C3,31718,3,2454.0,1,3.75,early25,True
A-G1.040-C3,31718,3,2456.0,1,2.0,early25,True
A-G1.040-C3,31718,3,2457.5,1,1.5,early25,True
A-G1.040-C3,31718,3,2461.25,1,3.75,early25,True
A-G1.040-C3,31718,3,2463.0,1,1.75,early25,True
A-G1.040-C3,31718,3,2465.0,1,2.0,early25,True
A-G1.040-C3,31718,3,2468.25,1,3.25,early25,True
A-G1.040-C3,31718,3,2469.25,1,1.0,early25,True
A-G1.040-C3,31718,3,2476.75,2,7.5,early25,True
A-G1.040-C3,31718,3,2492.25,4,15.5,early25,True
A-G1.040-C3,31718,3,2502.75,1,10.5,early25,True
A-G1.040-C3,31718,3,2510.25,1,7.5,early25,True
A-G1.040-C3,31718,3,2515.0,1,4.75,early25,True
A-G1.040-C3,31718,3,2519.25,1,4.25,early25,True
A-G1.040-C3,31718,3,2524.25,1,5.0,early25,True
A-G1.040-C3,31718,3,2527.75,1,3.5,early25,True
A-G1.040-C3,31718,3,2532.25,8,4.5,early25,True
A-G1.040-C3,31718,3,2557.25,1,25.0,early25,True
A-G1.040-C3,31718,3,2561.75,1,4.5,early25,True
A-G1.040-C3,31718,3,2566.0,1,4.25,early25,True
A-G1.040-C3,31718,3,2569.5,1,3.5,early25,True
A-G1.040-C3,31718,3,2573.5,2,4.0,early25,True
A-G1.040-C3,31718,3,2580.5,2,7.0,early25,True
A-G1.040-C3,31718,3,2604.0,1,23.5,middle50,True
A-G1.040-C3,31718,3,2617.0,1,13.0,middle50,True
A-G1.040-C3,31718,3,2625.5,1,8.5,middle50,True
A-G1.040-C3,31718,3,2632.25,1,6.75,middle50,True
A-G1.040-C3,31718,3,2639.0,2,6.75,middle50,True
A-G1.040-C3,31718,3,2675.25,1,36.25,middle50,True
A-G1.040-C3,31718,3,2680.5,1,5.25,middle50,True
A-G1.040-C3,31718,3,2687.75,2,7.25,middle50,True
A-G1.040-C3,31718,3,2855.5,1,167.75,middle50,True
A-G1.040-C3,31718,3,2862.5,1,7.0,middle50,True
A-G1.040-C3,31718,3,2868.25,1,5.75,middle50,True
A-G1.040-C3,31718,3,2870.75,1,2.5,middle50,True
A-G1.040-C3,31718,3,2875.5,1,4.75,middle50,True
A-G1.040-C3,31718,3,2912.5,2,37.0,middle50,True
A-G1.040-C3,31718,3,2920.75,2,8.25,middle50,True
A-G1.040-C3,31718,3,2930.0,1,9.25,middle50,True
A-G1.040-C3,31718,3,2935.5,1,5.5,middle50,True
A-G1.040-C3,31718,3,2973.25,1,37.75,middle50,True
A-G1.040-C3,31718,3,2976.5,1,3.25,middle50,True
A-G1.040-C3,31718,3,2980.25,1,3.75,middle50,True
A-G1.040-C3,31718,3,2984.0,1,3.75,middle50,True
A-G1.040-C3,31718,3,2990.0,1,6.0,middle50,True
A-G1.040-C3,31718,3,3017.0,1,27.0,middle50,True
A-G1.040-C3,31718,3,3023.25,1,6.25,middle50,True
A-G1.040-C3,31718,3,3025.5,1,2.25,middle50,True
A-G1.040-C3,31718,3,3035.0,1,9.5,middle50,True
A-G1.040-C3,31718,3,3038.0,1,3.0,middle50,True
A-G1.040-C3,31718,3,3044.0,1,6.0,middle50,True
A-G1.040-C3,31718,3,3053.0,1,9.0,middle50,True
A-G1.040-C3,31718,3,3202.75,1,149.75,middle50,True
A-G1.040-C3,31718,3,3206.5,1,3.75,middle50,True
A-G1.040-C3,31718,3,3210.25,1,3.75,middle50,True
A-G1.040-C3,31718,3,3218.75,1,8.5,middle50,True
A-G1.040-C3,31718,3,3224.75,1,6.0,middle50,True
A-G1.040-C3,31718,3,3231.75,1,7.0,middle50,True
A-G1.040-C3,31718,3,3258.0,1,26.25,middle50,True
A-G1.040-C3,31718,3,3264.0,1,6.0,middle50,True
A-G1.040-C3,31718,3,3269.75,1,5.75,late25,True
A-G1.040-C3,31718,3,3275.0,1,5.25,late25,True
A-G1.040-C3,31718,3,3280.25,1,5.25,late25,True
A-G1.040-C3,31718,3,3283.5,5,3.25,late25,True
A-G1.040-C3,31718,3,3286.75,5,3.25,late25,True
A-G1.040-C3,31718,3,3312.0,1,25.25,late25,True
A-G1.040-C3,31718,3,3321.75,1,9.75,late25,True
A-G1.040-C3,31718,3,3328.5,1,6.75,late25,True
A-G1.040-C3,31718,3,3337.5,1,9.0,late25,True
A-G1.040-C3,31718,3,3366.25,5,28.75,late25,True
A-G1.040-C3,31718,3,3373.25,1,7.0,late25,True
A-G1.040-C3,31718,3,3378.75,1,5.5,late25,True
A-G1.040-C3,31718,3,3387.0,1,8.25,late25,True
A-G1.040-C3,31718,3,3394.0,1,7.0,late25,True
A-G1.040-C3,31718,3,3407.25,2,13.25,late25,True
A-G1.040-C3,31718,3,3542.5,1,135.25,late25,True
A-G1.040-C3,31718,3,3555.25,3,12.75,late25,True
A-G1.040-C3,31718,3,3566.5,1,11.25,late25,True
A-G1.040-C3,31718,3,3599.25,1,32.75,late25,True
A-G1.040-C3,39637,0,0.25,3,,early25,False
A-G1.040-C3,39637,0,9.5,1,9.25,early25,False
A-G1.040-C3,39637,0,18.0,1,8.5,early25,False
A-G1.040-C3,39637,0,29.0,1,11.0,early25,False
A-G1.040-C3,39637,0,33.75,1,4.75,early25,False
A-G1.040-C3,39637,0,50.4999999999,1,16.749999999899998,early25,False
A-G1.040-C3,39637,0,92.4999999999,1,42.0,early25,False
A-G1.040-C3,39637,0,102.4999999999,1,10.0,early25,False
A-G1.040-C3,39637,0,111.9999999999,1,9.5,early25,False
A-G1.040-C3,39637,0,156.4999999999,1,44.500000000000014,early25,False
A-G1.040-C3,39637,0,167.9999999999,1,11.5,early25,False
A-G1.040-C3,39637,0,171.9999999999,1,4.0,early25,False
A-G1.040-C3,39637,0,180.7499999999,1,8.75,middle50,False
A-G1.040-C3,39637,0,215.9999999999,1,35.25,middle50,False
A-G1.040-C3,39637,0,222.7499999999,1,6.75,middle50,False
A-G1.040-C3,39637,0,225.2499999999,1,2.5,middle50,False
A-G1.040-C3,39637,0,230.7499999999,1,5.5,middle50,False
A-G1.040-C3,39637,0,234.9999999999,1,4.25,middle50,False
A-G1.040-C3,39637,0,238.2499999999,1,3.25,middle50,False
A-G1.040-C3,39637,0,245.4999999999,1,7.25,middle50,False
A-G1.040-C3,39637,0,398.7499999999,1,153.25,middle50,False
A-G1.040-C3,39637,0,410.4999999999,1,11.75,middle50,False
A-G1.040-C3,39637,0,415.4999999999,1,5.0,middle50,False
A-G1.040-C3,39637,0,454.7499999999,1,39.25,middle50,False
A-G1.040-C3,39637,0,457.2499999999,1,2.5,middle50,False
A-G1.040-C3,39637,0,463.4999999999,1,6.25,middle50,False
A-G1.040-C3,39637,0,467.7499999999,1,4.25,middle50,False
A-G1.040-C3,39637,0,473.4999999999,1,5.75,middle50,False
A-G1.040-C3,39637,0,477.9999999999,1,4.5,middle50,False
A-G1.040-C3,39637,0,482.4999999999,1,4.5,middle50,False
A-G1.040-C3,39637,0,490.7499999999,1,8.25,middle50,False
A-G1.040-C3,39637,0,516.7499999999,1,25.999999999999943,middle50,False
A-G1.040-C3,39637,0,524.2499999999,1,7.5,middle50,False
A-G1.040-C3,39637,0,539.7499999999,2,15.5,late25,False
A-G1.040-C3,39637,0,548.2499999999,1,8.5,late25,False
A-G1.040-C3,39637,0,570.4999999999,1,22.25,late25,False
A-G1.040-C3,39637,0,581.7499999999,12,11.25,late25,False
A-G1.040-C3,39637,0,582.9999999999,1,1.25,late25,False
A-G1.040-C3,39637,0,589.4999999999,1,6.5,late25,False
A-G1.040-C3,39637,0,598.7499999999,1,9.25,late25,False
A-G1.040-C3,39637,0,601.2499999999,1,2.5,late25,False
A-G1.040-C3,39637,0,709.4999999999,1,108.25,late25,False
A-G1.040-C3,39637,1,733.4999999999,1,24.0,early25,False
A-G1.040-C3,39637,1,735.4999999999,1,2.0,early25,False
A-G1.040-C3,39637,1,742.4999999999,1,7.0,early25,False
A-G1.040-C3,39637,1,745.9999999999,1,3.5,early25,False
A-G1.040-C3,39637,1,747.4999999999,1,1.5,early25,False
A-G1.040-C3,39637,1,749.4999999999,1,2.0,early25,False
A-G1.040-C3,39637,1,750.9999999999,1,1.5,early25,False
A-G1.040-C3,39637,1,755.9999999999,2,5.0,early25,False
A-G1.040-C3,39637,1,760.7499999999,1,4.75,early25,False
A-G1.040-C3,39637,1,788.4999999999,2,27.75,early25,False
A-G1.040-C3,39637,1,792.7499999999,1,4.25,early25,False
A-G1.040-C3,39637,1,797.7499999999,2,5.0,early25,False
A-G1.040-C3,39637,1,802.2499999999,2,4.5,early25,False
A-G1.040-C3,39637,1,805.4999999999,1,3.25,early25,False
A-G1.040-C3,39637,1,809.7499999999,2,4.25,early25,False
A-G1.040-C3,39637,1,812.7499999999,1,3.0,early25,False
A-G1.040-C3,39637,1,816.4999999999,1,3.75,early25,False
A-G1.040-C3,39637,1,826.2499999999,3,9.75,early25,False
A-G1.040-C3,39637,1,858.7499999999,1,32.5,early25,False
A-G1.040-C3,39637,1,869.9999999999,21,11.25,early25,False
A-G1.040-C3,39637,1,875.4999999999,1,5.5,middle50,False
A-G1.040-C3,39637,1,899.2499999999,1,23.75,middle50,False
A-G1.040-C3,39637,1,902.4999999999,2,3.25,middle50,False
A-G1.040-C3,39637,1,905.9999999999,8,3.5,middle50,False
A-G1.040-C3,39637,1,908.4999999999,1,2.5,middle50,False
A-G1.040-C3,39637,1,910.7499999999,1,2.25,middle50,False
A-G1.040-C3,39637,1,912.7499999999,1,2.0,middle50,False
A-G1.040-C3,39637,1,914.7499999999,1,2.0,middle50,False
A-G1.040-C3,39637,1,916.9999999999,1,2.25,middle50,False
A-G1.040-C3,39637,1,920.4999999999,1,3.5,middle50,False
A-G1.040-C3,39637,1,924.4999999999,2,4.0,middle50,False
A-G1.040-C3,39637,1,931.7499999999,2,7.25,middle50,False
A-G1.040-C3,39637,1,1063.9999999999,1,132.25,middle50,False
A-G1.040-C3,39637,1,1068.7499999999,1,4.75,middle50,False
A-G1.040-C3,39637,1,1072.4999999999,2,3.75,middle50,False
A-G1.040-C3,39637,1,1075.9999999999,1,3.5,middle50,False
A-G1.040-C3,39637,1,1080.2499999999,1,4.25,middle50,False
A-G1.040-C3,39637,1,1083.2499999999,1,3.0,middle50,False
A-G1.040-C3,39637,1,1086.2499999999,2,3.0,middle50,False
A-G1.040-C3,39637,1,1089.7499999999,1,3.5,middle50,False
A-G1.040-C3,39637,1,1120.2499999999,1,30.5,middle50,False
A-G1.040-C3,39637,1,1122.9999999999,2,2.75,middle50,False
A-G1.040-C3,39637,1,1128.2499999999,1,5.25,middle50,False
A-G1.040-C3,39637,1,1132.9999999999,1,4.75,middle50,False
A-G1.040-C3,39637,1,1136.2499999999,2,3.25,middle50,False
A-G1.040-C3,39637,1,1139.7499999999,1,3.5,middle50,False
A-G1.040-C3,39637,1,1142.2499999999,1,2.5,middle50,False
A-G1.040-C3,39637,1,1145.4999999999,1,3.25,middle50,False
A-G1.040-C3,39637,1,1154.9999999999,1,9.5,middle50,False
A-G1.040-C3,39637,1,1172.7499999999,1,17.75,middle50,False
A-G1.040-C3,39637,1,1176.4999999999,1,3.75,middle50,False
A-G1.040-C3,39637,1,1179.7499999999,1,3.25,middle50,False
A-G1.040-C3,39637,1,1184.2499999999,1,4.5,middle50,False
A-G1.040-C3,39637,1,1188.2499999999,1,4.0,middle50,False
A-G1.040-C3,39637,1,1190.7499999999,1,2.5,middle50,False
A-G1.040-C3,39637,1,1194.4999999999,1,3.75,middle50,False
A-G1.040-C3,39637,1,1197.7499999999,12,3.25,middle50,False
A-G1.040-C3,39637,1,1199.2499999999,1,1.5,middle50,False
A-G1.040-C3,39637,1,1229.2499999999,1,30.0,late25,False
A-G1.040-C3,39637,1,1241.9999999999,1,12.75,late25,False
A-G1.040-C3,39637,1,1246.2499999999,1,4.25,late25,False
A-G1.040-C3,39637,1,1248.9999999999,1,2.75,late25,False
A-G1.040-C3,39637,1,1252.4999999999,1,3.5,late25,False
A-G1.040-C3,39637,1,1256.7499999999,1,4.25,late25,False
A-G1.040-C3,39637,2,1372.7499999999,2,116.0,early25,False
A-G1.040-C3,39637,2,1385.2499999999,1,12.5,early25,False
A-G1.040-C3,39637,2,1389.4999999999,2,4.25,early25,False
A-G1.040-C3,39637,2,1394.4999999999,2,5.0,early25,False
A-G1.040-C3,39637,2,1397.9999999999,2,3.5,early25,False
A-G1.040-C3,39637,2,1403.7499999999,2,5.75,early25,False
A-G1.040-C3,39637,2,1408.4999999999,3,4.75,early25,False
A-G1.040-C3,39637,2,1413.9999999999,2,5.5,early25,False
A-G1.040-C3,39637,2,1440.2499999999,2,26.25,early25,False
A-G1.040-C3,39637,2,1444.2499999999,24,4.0,early25,False
A-G1.040-C3,39637,2,1447.7499999999,1,3.5,early25,False
A-G1.040-C3,39637,2,1451.9999999999,1,4.25,early25,False
A-G1.040-C3,39637,2,1453.9999999999,1,2.0,early25,False
A-G1.040-C3,39637,2,1454.7499999999,1,0.75,early25,False
A-G1.040-C3,39637,2,1465.4999999999,1,10.75,early25,False
A-G1.040-C3,39637,2,1468.2499999999,2,2.75,early25,False
A-G1.040-C3,39637,2,1476.2499999999,2,8.0,early25,False
A-G1.040-C3,39637,2,1617.4999999999,1,141.25,middle50,False
A-G1.040-C3,39637,2,1620.2499999999,1,2.75,middle50,False
A-G1.040-C3,39637,2,1627.9999999999,2,7.75,middle50,False
A-G1.040-C3,39637,2,1630.4999999999,1,2.5,middle50,False
A-G1.040-C3,39637,2,1635.9999999999,3,5.5,middle50,False
A-G1.040-C3,39637,2,1640.4999999999,1,4.5,middle50,False
A-G1.040-C3,39637,2,1645.9999999999,3,5.5,middle50,False
A-G1.040-C3,39637,2,1681.7499999999,2,35.75,middle50,False
A-G1.040-C3,39637,2,1692.2499999999,3,10.5,middle50,False
A-G1.040-C3,39637,2,1695.9999999999,1,3.75,middle50,False
A-G1.040-C3,39637,2,1701.7499999999,1,5.75,middle50,False
A-G1.040-C3,39637,2,1708.9999999999,2,7.25,middle50,False
A-G1.040-C3,39637,2,1715.4999999999,5,6.5,middle50,False
A-G1.040-C3,39637,2,1726.2499999999,1,10.75,middle50,False
A-G1.040-C3,39637,2,1733.9999999999,2,7.75,middle50,False
A-G1.040-C3,39637,2,1737.2499999999,1,3.25,middle50,False
A-G1.040-C3,39637,2,1747.4999999999,1,10.25,middle50,False
A-G1.040-C3,39637,2,1750.7499999999,1,3.25,middle50,False
A-G1.040-C3,39637,2,1783.9999999999,2,33.25,middle50,False
A-G1.040-C3,39637,2,1788.2499999999,2,4.25,middle50,False
A-G1.040-C3,39637,2,1791.9999999999,1,3.75,middle50,False
A-G1.040-C3,39637,2,1795.2499999999,1,3.25,middle50,False
A-G1.040-C3,39637,2,1799.4999999999,2,4.25,middle50,False
A-G1.040-C3,39637,2,1801.75,1,2.2500000001000444,middle50,False
A-G1.040-C3,39637,2,1805.5,1,3.75,middle50,False
A-G1.040-C3,39637,2,1809.25,2,3.75,middle50,False
A-G1.040-C3,39637,2,1812.5,1,3.25,middle50,False
A-G1.040-C3,39637,2,1942.25,1,129.75,middle50,False
A-G1.040-C3,39637,2,1946.5,1,4.25,middle50,False
A-G1.040-C3,39637,2,1948.25,1,1.75,middle50,False
A-G1.040-C3,39637,2,1951.5,1,3.25,middle50,False
A-G1.040-C3,39637,2,1956.25,2,4.75,middle50,False
A-G1.040-C3,39637,2,1959.5,1,3.25,middle50,False
A-G1.040-C3,39637,2,1968.0,1,8.5,middle50,False
A-G1.040-C3,39637,2,1998.75,2,30.75,middle50,False
A-G1.040-C3,39637,2,2002.0,2,3.25,middle50,False
A-G1.040-C3,39637,2,2006.5,2,4.5,middle50,False
A-G1.040-C3,39637,2,2008.75,1,2.25,middle50,False
A-G1.040-C3,39637,2,2011.0,1,2.25,middle50,False
A-G1.040-C3,39637,2,2016.0,1,5.0,middle50,False
A-G1.040-C3,39637,2,2021.5,2,5.5,late25,False
A-G1.040-C3,39637,2,2025.25,2,3.75,late25,False
A-G1.040-C3,39637,2,2037.5,4,12.25,late25,False
A-G1.040-C3,39637,2,2046.75,1,9.25,late25,False
A-G1.040-C3,39637,2,2049.5,1,2.75,late25,False
A-G1.040-C3,39637,2,2055.5,1,6.0,late25,False
A-G1.040-C3,39637,2,2058.5,1,3.0,late25,False
A-G1.040-C3,39637,2,2060.75,1,2.25,late25,False
A-G1.040-C3,39637,2,2063.5,1,2.75,late25,False
A-G1.040-C3,39637,2,2066.0,9,2.5,late25,False
A-G1.040-C3,39637,2,2069.5,3,3.5,late25,False
A-G1.040-C3,39637,2,2070.75,3,1.25,late25,False
A-G1.040-C3,39637,2,2074.75,3,4.0,late25,False
A-G1.040-C3,39637,2,2105.5,1,30.75,late25,False
A-G1.040-C3,39637,2,2109.5,2,4.0,late25,False
A-G1.040-C3,39637,2,2114.75,1,5.25,late25,False
A-G1.040-C3,39637,2,2119.0,1,4.25,late25,False
A-G1.040-C3,39637,2,2123.0,1,4.0,late25,False
A-G1.040-C3,39637,2,2128.25,1,5.25,late25,False
A-G1.040-C3,39637,3,2256.5,2,128.25,early25,True
A-G1.040-C3,39637,3,2261.25,2,4.75,early25,True
A-G1.040-C3,39637,3,2265.0,2,3.75,early25,True
A-G1.040-C3,39637,3,2268.75,1,3.75,early25,True
A-G1.040-C3,39637,3,2273.0,2,4.25,early25,True
A-G1.040-C3,39637,3,2277.75,1,4.75,early25,True
A-G1.040-C3,39637,3,2281.75,2,4.0,early25,True
A-G1.040-C3,39637,3,2285.75,1,4.0,early25,True
A-G1.040-C3,39637,3,2313.0,2,27.25,early25,True
A-G1.040-C3,39637,3,2315.75,1,2.75,early25,True
A-G1.040-C3,39637,3,2319.5,2,3.75,early25,True
A-G1.040-C3,39637,3,2322.75,2,3.25,early25,True
A-G1.040-C3,39637,3,2325.5,1,2.75,early25,True
A-G1.040-C3,39637,3,2329.75,2,4.25,early25,True
A-G1.040-C3,39637,3,2333.75,2,4.0,early25,True
A-G1.040-C3,39637,3,2337.0,1,3.25,early25,True
A-G1.040-C3,39637,3,2340.75,16,3.75,early25,True
A-G1.040-C3,39637,3,2342.75,1,2.0,early25,True
A-G1.040-C3,39637,3,2350.25,1,7.5,early25,True
A-G1.040-C3,39637,3,2368.0,1,17.75,early25,True
A-G1.040-C3,39637,3,2372.0,1,4.0,early25,True
A-G1.040-C3,39637,3,2380.75,8,8.75,early25,True
A-G1.040-C3,39637,3,2384.5,1,3.75,early25,True
A-G1.040-C3,39637,3,2387.5,1,3.0,early25,True
A-G1.040-C3,39637,3,2390.75,1,3.25,early25,True
A-G1.040-C3,39637,3,2419.75,1,29.0,early25,True
A-G1.040-C3,39637,3,2422.25,1,2.5,early25,True
A-G1.040-C3,39637,3,2425.0,1,2.75,early25,True
A-G1.040-C3,39637,3,2427.75,1,2.75,early25,True
A-G1.040-C3,39637,3,2430.0,1,2.25,early25,True
A-G1.040-C3,39637,3,2439.5,2,9.5,early25,True
A-G1.040-C3,39637,3,2479.5,1,40.0,early25,True
A-G1.040-C3,39637,3,2486.75,2,7.25,early25,True
A-G1.040-C3,39637,3,2493.75,1,7.0,early25,True
A-G1.040-C3,39637,3,2500.75,2,7.0,early25,True
A-G1.040-C3,39637,3,2532.75,1,32.0,early25,True
A-G1.040-C3,39637,3,2544.0,2,11.25,early25,True
A-G1.040-C3,39637,3,2549.75,1,5.75,early25,True
A-G1.040-C3,39637,3,2555.25,2,5.5,early25,True
A-G1.040-C3,39637,3,2560.75,1,5.5,early25,True
A-G1.040-C3,39637,3,2579.25,1,18.5,early25,True
A-G1.040-C3,39637,3,2583.25,1,4.0,middle50,True
A-G1.040-C3,39637,3,2586.25,1,3.0,middle50,True
A-G1.040-C3,39637,3,2589.75,1,3.5,middle50,True
A-G1.040-C3,39637,3,2595.75,1,6.0,middle50,True
A-G1.040-C3,39637,3,2599.75,1,4.0,middle50,True
A-G1.040-C3,39637,3,2603.5,1,3.75,middle50,True
A-G1.040-C3,39637,3,2606.5,1,3.0,middle50,True
A-G1.040-C3,39637,3,2610.0,7,3.5,middle50,True
A-G1.040-C3,39637,3,2636.5,1,26.5,middle50,True
A-G1.040-C3,39637,3,2639.75,1,3.25,middle50,True
A-G1.040-C3,39637,3,2650.0,2,10.25,middle50,True
A-G1.040-C3,39637,3,2656.5,2,6.5,middle50,True
A-G1.040-C3,39637,3,2663.25,1,6.75,middle50,True
A-G1.040-C3,39637,3,2665.25,1,2.0,middle50,True
A-G1.040-C3,39637,3,2693.25,1,28.0,middle50,True
A-G1.040-C3,39637,3,2697.25,1,4.0,middle50,True
A-G1.040-C3,39637,3,2701.0,1,3.75,middle50,True
A-G1.040-C3,39637,3,2707.0,1,6.0,middle50,True
A-G1.040-C3,39637,3,2710.25,1,3.25,middle50,True
A-G1.040-C3,39637,3,2714.5,7,4.25,middle50,True
A-G1.040-C3,39637,3,2749.0,1,34.5,middle50,True
A-G1.040-C3,39637,3,2753.25,1,4.25,middle50,True
A-G1.040-C3,39637,3,2758.0,1,4.75,middle50,True
A-G1.040-C3,39637,3,2767.25,1,9.25,middle50,True
A-G1.040-C3,39637,3,2771.25,1,4.0,middle50,True
A-G1.040-C3,39637,3,2775.0,1,3.75,middle50,True
A-G1.040-C3,39637,3,2922.0,1,147.0,middle50,True
A-G1.040-C3,39637,3,2927.75,1,5.75,middle50,True
A-G1.040-C3,39637,3,2935.75,1,8.0,middle50,True
A-G1.040-C3,39637,3,2942.0,1,6.25,middle50,True
A-G1.040-C3,39637,3,2949.25,1,7.25,middle50,True
A-G1.040-C3,39637,3,2974.75,1,25.5,middle50,True
A-G1.040-C3,39637,3,2979.75,1,5.0,middle50,True
A-G1.040-C3,39637,3,2982.75,6,3.0,middle50,True
A-G1.040-C3,39637,3,2988.25,1,5.5,middle50,True
A-G1.040-C3,39637,3,2999.0,1,10.75,middle50,True
A-G1.040-C3,39637,3,3025.25,1,26.25,middle50,True
A-G1.040-C3,39637,3,3030.5,1,5.25,middle50,True
A-G1.040-C3,39637,3,3038.25,1,7.75,middle50,True
A-G1.040-C3,39637,3,3051.25,1,13.0,middle50,True
A-G1.040-C3,39637,3,3087.5,1,36.25,middle50,True
A-G1.040-C3,39637,3,3097.5,1,10.0,middle50,True
A-G1.040-C3,39637,3,3111.5,1,14.0,middle50,True
A-G1.040-C3,39637,3,3121.25,3,9.75,middle50,True
A-G1.040-C3,39637,3,3248.25,1,127.0,middle50,True
A-G1.040-C3,39637,3,3261.5,1,13.25,late25,True
A-G1.040-C3,39637,3,3266.75,1,5.25,late25,True
A-G1.040-C3,39637,3,3276.5,1,9.75,late25,True
A-G1.040-C3,39637,3,3279.75,1,3.25,late25,True
A-G1.040-C3,39637,3,3307.75,1,28.0,late25,True
A-G1.040-C3,39637,3,3310.75,4,3.0,late25,True
A-G1.040-C3,39637,3,3317.0,1,6.25,late25,True
A-G1.040-C3,39637,3,3325.5,1,8.5,late25,True
A-G1.040-C3,39637,3,3335.0,1,9.5,late25,True
A-G1.040-C3,39637,3,3351.5,1,16.5,late25,True
A-G1.040-C3,39637,3,3362.0,1,10.5,late25,True
A-G1.040-C3,39637,3,3366.25,1,4.25,late25,True
A-G1.040-C3,39637,3,3376.75,1,10.5,late25,True
A-G1.040-C3,39637,3,3412.25,1,35.5,late25,True
A-G1.040-C3,39637,3,3421.0,1,8.75,late25,True
A-G1.040-C3,39637,3,3428.0,1,7.0,late25,True
A-G1.040-C3,39637,3,3432.25,1,4.25,late25,True
A-G1.040-C3,39637,3,3576.0,1,143.75,late25,True
A-G1.040-C3,39637,3,3583.5,1,7.5,late25,True
A-G1.040-C3,39637,3,3590.5,1,7.0,late25,True
A-G1.040-C3,39637,3,3599.0,1,8.5,late25,True
A-G1.040-C3,47556,0,0.25,3,,early25,False
A-G1.040-C3,47556,0,9.5,1,9.25,early25,False
A-G1.040-C3,47556,0,24.0,1,14.5,early25,False
A-G1.040-C3,47556,0,33.0,1,9.0,early25,False
A-G1.040-C3,47556,0,38.5,1,5.5,early25,False
A-G1.040-C3,47556,0,45.0,1,6.5,early25,False
A-G1.040-C3,47556,0,87.25,1,42.25,early25,False
A-G1.040-C3,47556,0,92.5,1,5.25,early25,False
A-G1.040-C3,47556,0,98.0,1,5.5,early25,False
A-G1.040-C3,47556,0,102.25,1,4.25,early25,False
A-G1.040-C3,47556,0,105.75,1,3.5,early25,False
A-G1.040-C3,47556,0,111.75,1,6.0,early25,False
A-G1.040-C3,47556,0,155.5,1,43.75,early25,False
A-G1.040-C3,47556,0,161.5,1,6.0,early25,False
A-G1.040-C3,47556,0,164.5,1,3.0,early25,False
A-G1.040-C3,47556,0,174.0,1,9.5,early25,False
A-G1.040-C3,47556,0,208.25,1,34.25,middle50,False
A-G1.040-C3,47556,0,212.25,1,4.0,middle50,False
A-G1.040-C3,47556,0,216.25,1,4.0,middle50,False
A-G1.040-C3,47556,0,221.25,1,5.0,middle50,False
A-G1.040-C3,47556,0,226.5,1,5.25,middle50,False
A-G1.040-C3,47556,0,228.75,1,2.25,middle50,False
A-G1.040-C3,47556,0,231.5,1,2.75,middle50,False
A-G1.040-C3,47556,0,237.0,1,5.5,middle50,False
A-G1.040-C3,47556,0,399.0,1,162.0,middle50,False
A-G1.040-C3,47556,0,403.0,1,4.0,middle50,False
A-G1.040-C3,47556,0,415.75,1,12.75,middle50,False
A-G1.040-C3,47556,0,418.5,1,2.75,middle50,False
A-G1.040-C3,47556,0,450.75,1,32.25,middle50,False
A-G1.040-C3,47556,0,454.5,1,3.75,middle50,False
A-G1.040-C3,47556,0,460.25,1,5.75,middle50,False
A-G1.040-C3,47556,0,466.5,1,6.25,middle50,False
A-G1.040-C3,47556,0,468.5,1,2.0,middle50,False
A-G1.040-C3,47556,0,475.25,1,6.75,middle50,False
A-G1.040-C3,47556,0,506.75,1,31.5,middle50,False
A-G1.040-C3,47556,0,514.0,1,7.25,middle50,False
A-G1.040-C3,47556,0,520.5,1,6.5,middle50,False
A-G1.040-C3,47556,0,534.0,2,13.5,late25,False
A-G1.040-C3,47556,0,541.5,1,7.5,late25,False
A-G1.040-C3,47556,0,564.5,1,23.0,late25,False
A-G1.040-C3,47556,0,574.25,12,9.75,late25,False
A-G1.040-C3,47556,0,585.5,1,11.25,late25,False
A-G1.040-C3,47556,1,731.25,1,145.75,early25,False
A-G1.040-C3,47556,1,738.75,2,7.5,early25,False
A-G1.040-C3,47556,1,748.0,2,9.25,early25,False
A-G1.040-C3,47556,1,781.0,1,33.0,early25,False
A-G1.040-C3,47556,1,793.0,3,12.0,early25,False
A-G1.040-C3,47556,1,800.75,1,7.75,early25,False
A-G1.040-C3,47556,1,804.25,2,3.5,early25,False
A-G1.040-C3,47556,1,811.0,2,6.75,early25,False
A-G1.040-C3,47556,1,895.25,2,84.25,early25,False
A-G1.040-C3,47556,1,901.0,1,5.75,middle50,False
A-G1.040-C3,47556,1,906.5,1,5.5,middle50,False
A-G1.040-C3,47556,1,910.5,2,4.0,middle50,False
A-G1.040-C3,47556,1,918.5,2,8.0,middle50,False
A-G1.040-C3,47556,1,923.75,1,5.25,middle50,False
A-G1.040-C3,47556,1,947.0,1,23.25,middle50,False
A-G1.040-C3,47556,1,953.25,2,6.25,middle50,False
A-G1.040-C3,47556,1,960.0,1,6.75,middle50,False
A-G1.040-C3,47556,1,965.0,2,5.0,middle50,False
A-G1.040-C3,47556,1,973.0,2,8.0,middle50,False
A-G1.040-C3,47556,1,979.5,2,6.5,middle50,False
A-G1.040-C3,47556,1,1001.75,1,22.25,middle50,False
A-G1.040-C3,47556,1,1006.75,1,5.0,middle50,False
A-G1.040-C3,47556,1,1012.5,18,5.75,middle50,False
A-G1.040-C3,47556,1,1017.0,1,4.5,middle50,False
A-G1.040-C3,47556,1,1023.5,1,6.5,middle50,False
A-G1.040-C3,47556,1,1031.75,1,8.25,middle50,False
A-G1.040-C3,47556,1,1167.25,1,135.5,middle50,False
A-G1.040-C3,47556,1,1180.0,1,12.75,middle50,False
A-G1.040-C3,47556,1,1183.0,1,3.0,middle50,False
A-G1.040-C3,47556,1,1186.25,1,3.25,middle50,False
A-G1.040-C3,47556,1,1189.75,1,3.5,middle50,False
A-G1.040-C3,47556,1,1194.5,1,4.75,middle50,False
A-G1.040-C3,47556,1,1198.75,1,4.25,middle50,False
A-G1.040-C3,47556,1,1225.5,2,26.75,middle50,False
A-G1.040-C3,47556,1,1231.25,2,5.75,middle50,False
A-G1.040-C3,47556,1,1236.5,1,5.25,middle50,False
A-G1.040-C3,47556,1,1239.5,1,3.0,middle50,False
A-G1.040-C3,47556,1,1243.5,1,4.0,middle50,False
A-G1.040-C3,47556,1,1248.25,14,4.75,middle50,False
A-G1.040-C3,47556,1,1253.75,1,5.5,middle50,False
A-G1.040-C3,47556,1,1264.0,4,10.25,middle50,False
A-G1.040-C3,47556,1,1276.75,1,12.75,middle50,False
A-G1.040-C3,47556,1,1280.0,4,3.25,middle50,False
A-G1.040-C3,47556,1,1289.25,2,9.25,late25,False
A-G1.040-C3,47556,1,1291.75,3,2.5,late25,False
A-G1.040-C3,47556,1,1297.0,1,5.25,late25,False
A-G1.040-C3,47556,1,1304.25,1,7.25,late25,False
A-G1.040-C3,47556,1,1332.25,1,28.0,late25,False
A-G1.040-C3,47556,1,1338.25,1,6.0,late25,False
A-G1.040-C3,47556,1,1340.5,1,2.25,late25,False
A-G1.040-C3,47556,1,1343.25,1,2.75,late25,False
A-G1.040-C3,47556,1,1345.25,1,2.0,late25,False
A-G1.040-C3,47556,1,1347.5,1,2.25,late25,False
A-G1.040-C3,47556,1,1349.5,1,2.0,late25,False
A-G1.040-C3,47556,1,1352.25,3,2.75,late25,False
A-G1.040-C3,47556,1,1354.25,2,2.0,late25,False
A-G1.040-C3,47556,1,1358.0,1,3.75,late25,False
A-G1.040-C3,47556,1,1360.0,1,2.0,late25,False
A-G1.040-C3,47556,1,1362.0,1,2.0,late25,False
A-G1.040-C3,47556,1,1373.5,3,11.5,late25,False
A-G1.040-C3,47556,1,1472.75,1,99.25,late25,False
A-G1.040-C3,47556,2,1487.75,1,15.0,early25,False
A-G1.040-C3,47556,2,1489.25,2,1.5,early25,False
A-G1.040-C3,47556,2,1495.0,2,5.75,early25,False
A-G1.040-C3,47556,2,1497.5,2,2.5,early25,False
A-G1.040-C3,47556,2,1499.5,1,2.0,early25,False
A-G1.040-C3,47556,2,1502.75,1,3.25,early25,False
A-G1.040-C3,47556,2,1506.75,2,4.0,early25,False
A-G1.040-C3,47556,2,1510.0,1,3.25,early25,False
A-G1.040-C3,47556,2,1514.75,3,4.75,early25,False
A-G1.040-C3,47556,2,1519.0,1,4.25,early25,False
A-G1.040-C3,47556,2,1544.25,2,25.25,early25,False
A-G1.040-C3,47556,2,1547.5,1,3.25,early25,False
A-G1.040-C3,47556,2,1550.25,20,2.75,early25,False
A-G1.040-C3,47556,2,1560.5,4,10.25,early25,False
A-G1.040-C3,47556,2,1566.5,2,6.0,early25,False
A-G1.040-C3,47556,2,1568.0,1,1.5,early25,False
A-G1.040-C3,47556,2,1569.75,1,1.75,early25,False
A-G1.040-C3,47556,2,1571.5,1,1.75,early25,False
A-G1.040-C3,47556,2,1573.0,1,1.5,early25,False
A-G1.040-C3,47556,2,1576.25,1,3.25,early25,False
A-G1.040-C3,47556,2,1584.25,6,8.0,early25,False
A-G1.040-C3,47556,2,1721.5,1,137.25,middle50,False
A-G1.040-C3,47556,2,1724.25,1,2.75,middle50,False
A-G1.040-C3,47556,2,1727.25,1,3.0,middle50,False
A-G1.040-C3,47556,2,1732.25,2,5.0,middle50,False
A-G1.040-C3,47556,2,1735.25,1,3.0,middle50,False
A-G1.040-C3,47556,2,1741.25,3,6.0,middle50,False
A-G1.040-C3,47556,2,1747.25,2,6.0,middle50,False
A-G1.040-C3,47556,2,1752.0,1,4.75,middle50,False
A-G1.040-C3,47556,2,1777.75,1,25.75,middle50,False
A-G1.040-C3,47556,2,1781.25,2,3.5,middle50,False
A-G1.040-C3,47556,2,1784.25,1,3.0,middle50,False
A-G1.040-C3,47556,2,1786.75,1,2.5,middle50,False
A-G1.040-C3,47556,2,1790.25,2,3.5,middle50,False
A-G1.040-C3,47556,2,1793.75,1,3.5,middle50,False
A-G1.040-C3,47556,2,1796.5,2,2.75,middle50,False
A-G1.040-C3,47556,2,1799.75,15,3.25,middle50,False
A-G1.040-C3,47556,2,1803.25,1,3.5,middle50,False
A-G1.040-C3,47556,2,1809.25,2,6.0,middle50,False
A-G1.040-C3,47556,2,1832.0,1,22.75,middle50,False
A-G1.040-C3,47556,2,1834.5,1,2.5,middle50,False
A-G1.040-C3,47556,2,1838.25,1,3.75,middle50,False
A-G1.040-C3,47556,2,1842.25,2,4.0,middle50,False
A-G1.040-C3,47556,2,1845.75,1,3.5,middle50,False
A-G1.040-C3,47556,2,1850.0,1,4.25,middle50,False
A-G1.040-C3,47556,2,1853.0,1,3.0,middle50,False
A-G1.040-C3,47556,2,1856.5,13,3.5,middle50,False
A-G1.040-C3,47556,2,1882.25,1,25.75,late25,False
A-G1.040-C3,47556,2,1886.0,1,3.75,late25,False
A-G1.040-C3,47556,2,1887.75,1,1.75,late25,False
A-G1.040-C3,47556,2,1892.5,1,4.75,late25,False
A-G1.040-C3,47556,2,1900.0,1,7.5,late25,False
A-G1.040-C3,47556,2,1901.75,1,1.75,late25,False
A-G1.040-C3,47556,2,1905.5,2,3.75,late25,False
A-G1.040-C3,47556,2,1909.75,1,4.25,late25,False
A-G1.040-C3,47556,2,1913.5,2,3.75,late25,False
A-G1.040-C3,47556,3,2033.0,2,119.5,early25,True
A-G1.040-C3,47556,3,2037.25,1,4.25,early25,True
A-G1.040-C3,47556,3,2041.75,3,4.5,early25,True
A-G1.040-C3,47556,3,2055.75,4,14.0,early25,True
A-G1.040-C3,47556,3,2092.5,3,36.75,early25,True
A-G1.040-C3,47556,3,2102.5,3,10.0,early25,True
A-G1.040-C3,47556,3,2112.25,3,9.75,early25,True
A-G1.040-C3,47556,3,2118.5,3,6.25,early25,True
A-G1.040-C3,47556,3,2138.5,3,20.0,early25,True
A-G1.040-C3,47556,3,2155.5,1,17.0,early25,True
A-G1.040-C3,47556,3,2165.0,3,9.5,early25,True
A-G1.040-C3,47556,3,2195.75,4,30.75,early25,True
A-G1.040-C3,47556,3,2214.0,3,18.25,early25,True
A-G1.040-C3,47556,3,2220.5,3,6.5,early25,True
A-G1.040-C3,47556,3,2233.75,10,13.25,early25,True
A-G1.040-C3,47556,3,2259.25,3,25.5,early25,True
A-G1.040-C3,47556,3,2275.0,2,15.75,early25,True
A-G1.040-C3,47556,3,2307.25,1,32.25,early25,True
A-G1.040-C3,47556,3,2315.75,2,8.5,early25,True
A-G1.040-C3,47556,3,2321.25,2,5.5,early25,True
A-G1.040-C3,47556,3,2326.75,2,5.5,early25,True
A-G1.040-C3,47556,3,2331.25,1,4.5,early25,True
A-G1.040-C3,47556,3,2346.25,1,15.0,early25,True
A-G1.040-C3,47556,3,2352.75,2,6.5,early25,True
A-G1.040-C3,47556,3,2357.25,1,4.5,early25,True
A-G1.040-C3,47556,3,2366.5,3,9.25,early25,True
A-G1.040-C3,47556,3,2373.25,1,6.75,early25,True
A-G1.040-C3,47556,3,2403.0,1,29.75,early25,True
A-G1.040-C3,47556,3,2408.5,2,5.5,early25,True
A-G1.040-C3,47556,3,2412.25,1,3.75,early25,True
A-G1.040-C3,47556,3,2417.75,1,5.5,middle50,True
A-G1.040-C3,47556,3,2423.5,1,5.75,middle50,True
A-G1.040-C3,47556,3,2425.75,2,2.25,middle50,True
A-G1.040-C3,47556,3,2431.0,2,5.25,middle50,True
A-G1.040-C3,47556,3,2441.25,3,10.25,middle50,True
A-G1.040-C3,47556,3,2452.0,2,10.75,middle50,True
A-G1.040-C3,47556,3,2462.75,2,10.75,middle50,True
A-G1.040-C3,47556,3,2474.75,1,12.0,middle50,True
A-G1.040-C3,47556,3,2510.75,2,36.0,middle50,True
A-G1.040-C3,47556,3,2524.5,1,13.75,middle50,True
A-G1.040-C3,47556,3,2528.25,2,3.75,middle50,True
A-G1.040-C3,47556,3,2530.5,1,2.25,middle50,True
A-G1.040-C3,47556,3,2536.0,1,5.5,middle50,True
A-G1.040-C3,47556,3,2559.0,1,23.0,middle50,True
A-G1.040-C3,47556,3,2573.25,2,14.25,middle50,True
A-G1.040-C3,47556,3,2579.5,1,6.25,middle50,True
A-G1.040-C3,47556,3,2585.75,2,6.25,middle50,True
A-G1.040-C3,47556,3,2615.0,1,29.25,middle50,True
A-G1.040-C3,47556,3,2620.25,1,5.25,middle50,True
A-G1.040-C3,47556,3,2624.25,1,4.0,middle50,True
A-G1.040-C3,47556,3,2629.25,2,5.0,middle50,True
A-G1.040-C3,47556,3,2634.25,1,5.0,middle50,True
A-G1.040-C3,47556,3,2639.25,2,5.0,middle50,True
A-G1.040-C3,47556,3,2655.5,3,16.25,middle50,True
A-G1.040-C3,47556,3,2668.0,1,12.5,middle50,True
A-G1.040-C3,47556,3,2671.25,1,3.25,middle50,True
A-G1.040-C3,47556,3,2678.75,1,7.5,middle50,True
A-G1.040-C3,47556,3,2688.0,2,9.25,middle50,True
A-G1.040-C3,47556,3,2722.0,1,34.0,middle50,True
A-G1.040-C3,47556,3,2726.0,1,4.0,middle50,True
A-G1.040-C3,47556,3,2729.75,1,3.75,middle50,True
A-G1.040-C3,47556,3,2737.25,1,7.5,middle50,True
A-G1.040-C3,47556,3,2742.25,1,5.0,middle50,True
A-G1.040-C3,47556,3,2747.5,1,5.25,middle50,True
A-G1.040-C3,47556,3,2757.75,1,10.25,middle50,True
A-G1.040-C3,47556,3,2765.5,5,7.75,middle50,True
A-G1.040-C3,47556,3,2903.5,3,138.0,middle50,True
A-G1.040-C3,47556,3,2907.25,1,3.75,middle50,True
A-G1.040-C3,47556,3,2909.25,4,2.0,middle50,True
A-G1.040-C3,47556,3,2919.25,1,10.0,middle50,True
A-G1.040-C3,47556,3,2925.0,1,5.75,middle50,True
A-G1.040-C3,47556,3,2931.25,1,6.25,middle50,True
A-G1.040-C3,47556,3,2958.0,1,26.75,middle50,True
A-G1.040-C3,47556,3,2963.5,1,5.5,middle50,True
A-G1.040-C3,47556,3,2968.5,1,5.0,middle50,True
A-G1.040-C3,47556,3,2971.5,6,3.0,middle50,True
A-G1.040-C3,47556,3,2974.5,2,3.0,middle50,True
A-G1.040-C3,47556,3,2980.25,1,5.75,middle50,True
A-G1.040-C3,47556,3,2988.25,1,8.0,middle50,True
A-G1.040-C3,47556,3,3008.5,1,20.25,middle50,True
A-G1.040-C3,47556,3,3016.5,1,8.0,middle50,True
A-G1.040-C3,47556,3,3020.75,1,4.25,middle50,True
A-G1.040-C3,47556,3,3032.0,1,11.25,middle50,True
A-G1.040-C3,47556,3,3063.5,1,31.5,middle50,True
A-G1.040-C3,47556,3,3068.75,1,5.25,middle50,True
A-G1.040-C3,47556,3,3073.75,1,5.0,middle50,True
A-G1.040-C3,47556,3,3078.75,1,5.0,middle50,True
A-G1.040-C3,47556,3,3089.0,1,10.25,middle50,True
A-G1.040-C3,47556,3,3230.5,1,141.5,late25,True
A-G1.040-C3,47556,3,3243.0,1,12.5,late25,True
A-G1.040-C3,47556,3,3254.0,1,11.0,late25,True
A-G1.040-C3,47556,3,3282.25,1,28.25,late25,True
A-G1.040-C3,47556,3,3287.75,3,5.5,late25,True
A-G1.040-C3,47556,3,3295.5,1,7.75,late25,True
A-G1.040-C3,47556,3,3306.5,1,11.0,late25,True
A-G1.040-C3,47556,3,3315.5,1,9.0,late25,True
A-G1.040-C3,47556,3,3341.0,1,25.5,late25,True
A-G1.040-C3,47556,3,3353.5,1,12.5,late25,True
A-G1.040-C3,47556,3,3361.5,1,8.0,late25,True
A-G1.040-C3,47556,3,3367.0,1,5.5,late25,True
A-G1.040-C3,47556,3,3397.75,1,30.75,late25,True
A-G1.040-C3,47556,3,3406.25,1,8.5,late25,True
A-G1.040-C3,47556,3,3412.75,1,6.5,late25,True
A-G1.040-C3,47556,3,3422.0,1,9.25,late25,True
A-G1.040-C3,47556,3,3431.0,1,9.0,late25,True
A-G1.040-C3,47556,3,3438.25,2,7.25,late25,True
A-G1.040-C3,47556,3,3561.25,1,123.0,late25,True
A-G1.040-C3,47556,3,3572.0,1,10.75,late25,True
A-G1.040-C3,47556,3,3580.0,1,8.0,late25,True
A-G1.040-C3,47556,3,3587.75,1,7.75,late25,True
A-G1.040-C3,55475,0,0.25,3,,early25,False
A-G1.040-C3,55475,0,8.5,1,8.25,early25,False
A-G1.040-C3,55475,0,24.25,1,15.75,early25,False
A-G1.040-C3,55475,0,52.5,1,28.25,early25,False
A-G1.040-C3,55475,0,93.5,1,41.0,early25,False
A-G1.040-C3,55475,0,116.0,1,22.5,early25,False
A-G1.040-C3,55475,0,119.0,1,3.0,early25,False
A-G1.040-C3,55475,0,160.5,1,41.5,early25,False
A-G1.040-C3,55475,0,178.25,1,17.75,early25,False
A-G1.040-C3,55475,0,215.75,1,37.5,middle50,False
A-G1.040-C3,55475,0,218.5,1,2.75,middle50,False
A-G1.040-C3,55475,0,224.0,1,5.5,middle50,False
A-G1.040-C3,55475,0,226.5,1,2.5,middle50,False
A-G1.040-C3,55475,0,239.25,1,12.75,middle50,False
A-G1.040-C3,55475,0,242.25,1,3.0,middle50,False
A-G1.040-C3,55475,0,287.75,1,45.5,middle50,False
A-G1.040-C3,55475,0,300.25,1,12.5,middle50,False
A-G1.040-C3,55475,0,332.0,1,31.75,middle50,False
A-G1.040-C3,55475,0,347.25,1,15.25,middle50,False
A-G1.040-C3,55475,0,350.25,1,3.0,middle50,False
A-G1.040-C3,55475,0,361.0,1,10.75,middle50,False
A-G1.040-C3,55475,0,363.75,1,2.75,middle50,False
A-G1.040-C3,55475,0,525.5,1,161.75,middle50,False
A-G1.040-C3,55475,0,533.25,1,7.75,middle50,False
A-G1.040-C3,55475,0,535.25,1,2.0,middle50,False
A-G1.040-C3,55475,0,543.75,1,8.5,middle50,False
A-G1.040-C3,55475,0,581.25,1,37.5,middle50,False
A-G1.040-C3,55475,0,588.25,1,7.0,middle50,False
A-G1.040-C3,55475,0,591.25,1,3.0,middle50,False
A-G1.040-C3,55475,0,599.0,1,7.75,middle50,False
A-G1.040-C3,55475,0,608.25,1,9.25,middle50,False
A-G1.040-C3,55475,0,645.25,1,37.0,late25,False
A-G1.040-C3,55475,0,652.0,1,6.75,late25,False
A-G1.040-C3,55475,0,659.75,1,7.75,late25,False
A-G1.040-C3,55475,0,669.5,1,9.75,late25,False
A-G1.040-C3,55475,0,696.0,1,26.5,late25,False
A-G1.040-C3,55475,0,699.75,1,3.75,late25,False
A-G1.040-C3,55475,0,704.75,1,5.0,late25,False
A-G1.040-C3,55475,0,710.75,12,6.0,late25,False
A-G1.040-C3,55475,0,716.75,1,6.0,late25,False
A-G1.040-C3,55475,0,724.75,1,8.0,late25,False
A-G1.040-C3,55475,0,732.0,3,7.25,late25,False
A-G1.040-C3,55475,0,834.5,1,102.5,late25,False
A-G1.040-C3,55475,1,858.0,1,23.5,early25,False
A-G1.040-C3,55475,1,868.0,1,10.0,early25,False
A-G1.040-C3,55475,1,873.25,2,5.25,early25,False
A-G1.040-C3,55475,1,875.0,1,1.75,early25,False
A-G1.040-C3,55475,1,881.5,1,6.5,early25,False
A-G1.040-C3,55475,1,887.25,2,5.75,early25,False
A-G1.040-C3,55475,1,915.5,1,28.25,early25,False
A-G1.040-C3,55475,1,923.0,3,7.5,early25,False
A-G1.040-C3,55475,1,929.75,2,6.75,early25,False
A-G1.040-C3,55475,1,933.25,1,3.5,early25,False
A-G1.040-C3,55475,1,938.5,2,5.25,early25,False
A-G1.040-C3,55475,1,944.25,19,5.75,early25,False
A-G1.040-C3,55475,1,1095.0,1,150.75,middle50,False
A-G1.040-C3,55475,1,1112.5,1,17.5,middle50,False
A-G1.040-C3,55475,1,1117.75,1,5.25,middle50,False
A-G1.040-C3,55475,1,1146.0,2,28.25,middle50,False
A-G1.040-C3,55475,1,1152.75,1,6.75,middle50,False
A-G1.040-C3,55475,1,1158.5,1,5.75,middle50,False
A-G1.040-C3,55475,1,1162.25,2,3.75,middle50,False
A-G1.040-C3,55475,1,1172.75,2,10.5,middle50,False
A-G1.040-C3,55475,1,1183.25,1,10.5,middle50,False
A-G1.040-C3,55475,1,1190.0,5,6.75,middle50,False
A-G1.040-C3,55475,1,1203.0,1,13.0,middle50,False
A-G1.040-C3,55475,1,1206.75,2,3.75,middle50,False
A-G1.040-C3,55475,1,1210.25,1,3.5,middle50,False
A-G1.040-C3,55475,1,1215.25,1,5.0,middle50,False
A-G1.040-C3,55475,1,1219.25,1,4.0,middle50,False
A-G1.040-C3,55475,1,1222.0,1,2.75,middle50,False
A-G1.040-C3,55475,1,1225.75,1,3.75,middle50,False
A-G1.040-C3,55475,1,1229.25,16,3.5,middle50,False
A-G1.040-C3,55475,1,1261.75,1,32.5,late25,False
A-G1.040-C3,55475,1,1265.5,1,3.75,late25,False
A-G1.040-C3,55475,1,1274.0,1,8.5,late25,False
A-G1.040-C3,55475,1,1276.75,1,2.75,late25,False
A-G1.040-C3,55475,1,1279.25,1,2.5,late25,False
A-G1.040-C3,55475,1,1281.75,1,2.5,late25,False
A-G1.040-C3,55475,1,1284.0,1,2.25,late25,False
A-G1.040-C3,55475,1,1288.5,1,4.5,late25,False
A-G1.040-C3,55475,1,1301.75,5,13.25,late25,False
A-G1.040-C3,55475,2,1409.75,2,108.0,early25,False
A-G1.040-C3,55475,2,1422.0,1,12.25,early25,False
A-G1.040-C3,55475,2,1427.5,2,5.5,early25,False
A-G1.040-C3,55475,2,1433.5,3,6.0,early25,False
A-G1.040-C3,55475,2,1437.75,2,4.25,early25,False
A-G1.040-C3,55475,2,1444.5,3,6.75,early25,False
A-G1.040-C3,55475,2,1450.5,2,6.0,early25,False
A-G1.040-C3,55475,2,1479.75,3,29.25,early25,False
A-G1.040-C3,55475,2,1483.5,2,3.75,early25,False
A-G1.040-C3,55475,2,1487.75,28,4.25,early25,False
A-G1.040-C3,55475,2,1501.25,2,13.5,early25,False
A-G1.040-C3,55475,2,1508.25,4,7.0,early25,False
A-G1.040-C3,55475,2,1529.25,1,21.0,early25,False
A-G1.040-C3,55475,2,1533.75,2,4.5,early25,False
A-G1.040-C3,55475,2,1538.25,3,4.5,early25,False
A-G1.040-C3,55475,2,1548.25,3,10.0,early25,False
A-G1.040-C3,55475,2,1585.75,3,37.5,middle50,False
A-G1.040-C3,55475,2,1590.5,3,4.75,middle50,False
A-G1.040-C3,55475,2,1596.5,2,6.0,middle50,False
A-G1.040-C3,55475,2,1603.5,2,7.0,middle50,False
A-G1.040-C3,55475,2,1611.75,2,8.25,middle50,False
A-G1.040-C3,55475,2,1766.25,2,154.5,middle50,False
A-G1.040-C3,55475,2,1772.75,2,6.5,middle50,False
A-G1.040-C3,55475,2,1776.25,1,3.5,middle50,False
A-G1.040-C3,55475,2,1781.75,2,5.5,middle50,False
A-G1.040-C3,55475,2,1818.0,2,36.25,middle50,False
A-G1.040-C3,55475,2,1820.75,1,2.75,middle50,False
A-G1.040-C3,55475,2,1829.5,2,8.75,middle50,False
A-G1.040-C3,55475,2,1835.75,1,6.25,middle50,False
A-G1.040-C3,55475,2,1842.5,2,6.75,middle50,False
A-G1.040-C3,55475,2,1845.25,2,2.75,middle50,False
A-G1.040-C3,55475,2,1848.25,2,3.0,middle50,False
A-G1.040-C3,55475,2,1858.5,5,10.25,middle50,False
A-G1.040-C3,55475,2,1874.5,1,16.0,middle50,False
A-G1.040-C3,55475,2,1877.25,1,2.75,middle50,False
A-G1.040-C3,55475,2,1881.25,2,4.0,middle50,False
A-G1.040-C3,55475,2,1885.5,1,4.25,middle50,False
A-G1.040-C3,55475,2,1889.25,2,3.75,middle50,False
A-G1.040-C3,55475,2,1893.75,1,4.5,middle50,False
A-G1.040-C3,55475,2,1897.0,2,3.25,middle50,False
A-G1.040-C3,55475,2,1900.75,14,3.75,late25,False
A-G1.040-C3,55475,2,1924.75,1,24.0,late25,False
A-G1.040-C3,55475,2,1931.25,1,6.5,late25,False
A-G1.040-C3,55475,2,1940.0,2,8.75,late25,False
A-G1.040-C3,55475,2,1944.25,1,4.25,late25,False
A-G1.040-C3,55475,2,1948.25,3,4.0,late25,False
A-G1.040-C3,55475,2,1950.5,1,2.25,late25,False
A-G1.040-C3,55475,2,1954.25,2,3.75,late25,False
A-G1.040-C3,55475,2,1957.25,1,3.0,late25,False
A-G1.040-C3,55475,2,1963.75,3,6.5,late25,False
A-G1.040-C3,55475,3,2079.5,3,115.75,early25,True
A-G1.040-C3,55475,3,2087.5,3,8.0,early25,True
A-G1.040-C3,55475,3,2092.5,3,5.0,early25,True
A-G1.040-C3,55475,3,2097.75,4,5.25,early25,True
A-G1.040-C3,55475,3,2100.25,1,2.5,early25,True
A-G1.040-C3,55475,3,2102.0,2,1.75,early25,True
A-G1.040-C3,55475,3,2105.0,2,3.0,early25,True
A-G1.040-C3,55475,3,2108.0,2,3.0,early25,True
A-G1.040-C3,55475,3,2134.25,1,26.25,early25,True
A-G1.040-C3,55475,3,2142.75,2,8.5,early25,True
A-G1.040-C3,55475,3,2149.0,2,6.25,early25,True
A-G1.040-C3,55475,3,2155.25,4,6.25,early25,True
A-G1.040-C3,55475,3,2158.25,2,3.0,early25,True
A-G1.040-C3,55475,3,2166.5,3,8.25,early25,True
A-G1.040-C3,55475,3,2177.75,6,11.25,early25,True
A-G1.040-C3,55475,3,2203.75,2,26.0,early25,True
A-G1.040-C3,55475,3,2212.0,3,8.25,early25,True
A-G1.040-C3,55475,3,2220.0,3,8.0,early25,True
A-G1.040-C3,55475,3,2246.75,3,26.75,early25,True
A-G1.040-C3,55475,3,2259.25,4,12.5,early25,True
A-G1.040-C3,55475,3,2265.75,2,6.5,early25,True
A-G1.040-C3,55475,3,2272.0,2,6.25,early25,True
A-G1.040-C3,55475,3,2283.0,5,11.0,early25,True
A-G1.040-C3,55475,3,2296.75,3,13.75,early25,True
A-G1.040-C3,55475,3,2312.75,3,16.0,early25,True
A-G1.040-C3,55475,3,2319.5,2,6.75,early25,True
A-G1.040-C3,55475,3,2326.25,2,6.75,early25,True
A-G1.040-C3,55475,3,2350.25,2,24.0,early25,True
A-G1.040-C3,55475,3,2354.75,3,4.5,early25,True
A-G1.040-C3,55475,3,2361.25,2,6.5,early25,True
A-G1.040-C3,55475,3,2366.75,1,5.5,early25,True
A-G1.040-C3,55475,3,2372.25,2,5.5,early25,True
A-G1.040-C3,55475,3,2375.75,1,3.5,early25,True
A-G1.040-C3,55475,3,2397.25,1,21.5,early25,True
A-G1.040-C3,55475,3,2401.25,1,4.0,early25,True
A-G1.040-C3,55475,3,2405.25,1,4.0,early25,True
A-G1.040-C3,55475,3,2410.25,1,5.0,early25,True
A-G1.040-C3,55475,3,2415.0,2,4.75,early25,True
A-G1.040-C3,55475,3,2419.0,1,4.0,early25,True
A-G1.040-C3,55475,3,2423.75,1,4.75,early25,True
A-G1.040-C3,55475,3,2427.75,1,4.0,early25,True
A-G1.040-C3,55475,3,2453.0,12,25.25,middle50,True
A-G1.040-C3,55475,3,2458.5,1,5.5,middle50,True
A-G1.040-C3,55475,3,2461.25,1,2.75,middle50,True
A-G1.040-C3,55475,3,2464.5,1,3.25,middle50,True
A-G1.040-C3,55475,3,2467.5,1,3.0,middle50,True
A-G1.040-C3,55475,3,2470.75,1,3.25,middle50,True
A-G1.040-C3,55475,3,2477.0,1,6.25,middle50,True
A-G1.040-C3,55475,3,2482.75,2,5.75,middle50,True
A-G1.040-C3,55475,3,2505.0,1,22.25,middle50,True
A-G1.040-C3,55475,3,2512.0,1,7.0,middle50,True
A-G1.040-C3,55475,3,2516.25,1,4.25,middle50,True
A-G1.040-C3,55475,3,2526.0,2,9.75,middle50,True
A-G1.040-C3,55475,3,2557.75,1,31.75,middle50,True
A-G1.040-C3,55475,3,2563.25,1,5.5,middle50,True
A-G1.040-C3,55475,3,2571.0,1,7.75,middle50,True
A-G1.040-C3,55475,3,2577.0,2,6.0,middle50,True
A-G1.040-C3,55475,3,2595.5,5,18.5,middle50,True
A-G1.040-C3,55475,3,2608.25,2,12.75,middle50,True
A-G1.040-C3,55475,3,2619.75,2,11.5,middle50,True
A-G1.040-C3,55475,3,2627.75,1,8.0,middle50,True
A-G1.040-C3,55475,3,2663.25,1,35.5,middle50,True
A-G1.040-C3,55475,3,2666.25,1,3.0,middle50,True
A-G1.040-C3,55475,3,2671.0,1,4.75,middle50,True
A-G1.040-C3,55475,3,2678.75,1,7.75,middle50,True
A-G1.040-C3,55475,3,2682.5,1,3.75,middle50,True
A-G1.040-C3,55475,3,2687.5,1,5.0,middle50,True
A-G1.040-C3,55475,3,2848.25,2,160.75,middle50,True
A-G1.040-C3,55475,3,2854.5,1,6.25,middle50,True
A-G1.040-C3,55475,3,2864.25,1,9.75,middle50,True
A-G1.040-C3,55475,3,2867.5,1,3.25,middle50,True
A-G1.040-C3,55475,3,2874.5,1,7.0,middle50,True
A-G1.040-C3,55475,3,2878.25,1,3.75,middle50,True
A-G1.040-C3,55475,3,2905.25,1,27.0,middle50,True
A-G1.040-C3,55475,3,2908.0,1,2.75,middle50,True
A-G1.040-C3,55475,3,2911.25,6,3.25,middle50,True
A-G1.040-C3,55475,3,2912.75,1,1.5,middle50,True
A-G1.040-C3,55475,3,2917.75,1,5.0,middle50,True
A-G1.040-C3,55475,3,2925.5,1,7.75,middle50,True
A-G1.040-C3,55475,3,2953.75,1,28.25,middle50,True
A-G1.040-C3,55475,3,2962.0,1,8.25,middle50,True
A-G1.040-C3,55475,3,2965.75,1,3.75,middle50,True
A-G1.040-C3,55475,3,2972.25,1,6.5,middle50,True
A-G1.040-C3,55475,3,2976.0,6,3.75,middle50,True
A-G1.040-C3,55475,3,3013.75,1,37.75,middle50,True
A-G1.040-C3,55475,3,3019.0,1,5.25,middle50,True
A-G1.040-C3,55475,3,3024.5,1,5.5,middle50,True
A-G1.040-C3,55475,3,3028.75,1,4.25,middle50,True
A-G1.040-C3,55475,3,3043.0,1,14.25,middle50,True
A-G1.040-C3,55475,3,3050.75,4,7.75,middle50,True
A-G1.040-C3,55475,3,3182.75,1,132.0,middle50,True
A-G1.040-C3,55475,3,3186.25,1,3.5,middle50,True
A-G1.040-C3,55475,3,3195.5,1,9.25,middle50,True
A-G1.040-C3,55475,3,3197.25,2,1.75,middle50,True
A-G1.040-C3,55475,3,3204.25,1,7.0,middle50,True
A-G1.040-C3,55475,3,3209.25,1,5.0,middle50,True
A-G1.040-C3,55475,3,3237.0,1,27.75,late25,True
A-G1.040-C3,55475,3,3242.25,1,5.25,late25,True
A-G1.040-C3,55475,3,3246.75,4,4.5,late25,True
A-G1.040-C3,55475,3,3250.25,1,3.5,late25,True
A-G1.040-C3,55475,3,3256.25,1,6.0,late25,True
A-G1.040-C3,55475,3,3259.75,1,3.5,late25,True
A-G1.040-C3,55475,3,3295.75,1,36.0,late25,True
A-G1.040-C3,55475,3,3308.5,2,12.75,late25,True
A-G1.040-C3,55475,3,3314.5,1,6.0,late25,True
A-G1.040-C3,55475,3,3350.75,1,36.25,late25,True
A-G1.040-C3,55475,3,3355.0,1,4.25,late25,True
A-G1.040-C3,55475,3,3363.75,1,8.75,late25,True
A-G1.040-C3,55475,3,3368.0,1,4.25,late25,True
A-G1.040-C3,55475,3,3376.5,1,8.5,late25,True
A-G1.040-C3,55475,3,3511.0,1,134.5,late25,True
A-G1.040-C3,55475,3,3519.75,1,8.75,late25,True
A-G1.040-C3,55475,3,3528.5,1,8.75,late25,True
A-G1.040-C3,55475,3,3533.75,1,5.25,late25,True
A-G1.040-C3,55475,3,3563.5,1,29.75,late25,True
A-G1.040-C3,55475,3,3572.75,1,9.25,late25,True
A-G1.040-C3,55475,3,3578.0,1,5.25,late25,True
A-G1.040-C3,55475,3,3585.5,1,7.5,late25,True
A-G1.040-C3,63394,0,0.25,3,,early25,False
A-G1.040-C3,63394,0,8.25,1,8.0,early25,False
A-G1.040-C3,63394,0,34.25,1,26.0,early25,False
A-G1.040-C3,63394,0,39.25,1,5.0,early25,False
A-G1.040-C3,63394,0,46.5,1,7.25,early25,False
A-G1.040-C3,63394,0,97.5,1,51.0,early25,False
A-G1.040-C3,63394,0,112.4999999998,1,14.999999999799996,early25,False
A-G1.040-C3,63394,0,131.9999999998,5,19.5,early25,False
A-G1.040-C3,63394,0,164.2499999998,3,32.25,early25,False
A-G1.040-C3,63394,0,174.7499999998,1,10.5,early25,False
A-G1.040-C3,63394,0,221.4999999998,1,46.75,middle50,False
A-G1.040-C3,63394,0,233.4999999998,1,12.0,middle50,False
A-G1.040-C3,63394,0,239.2499999998,1,5.75,middle50,False
A-G1.040-C3,63394,0,242.9999999998,1,3.75,middle50,False
A-G1.040-C3,63394,0,407.9999999998,1,165.00000000000003,middle50,False
A-G1.040-C3,63394,0,413.4999999998,1,5.5,middle50,False
A-G1.040-C3,63394,0,415.9999999998,1,2.5,middle50,False
A-G1.040-C3,63394,0,430.4999999998,1,14.5,middle50,False
A-G1.040-C3,63394,0,435.9999999998,1,5.5,middle50,False
A-G1.040-C3,63394,0,462.4999999998,2,26.5,middle50,False
A-G1.040-C3,63394,0,469.2499999998,1,6.75,middle50,False
A-G1.040-C3,63394,0,472.9999999998,1,3.75,middle50,False
A-G1.040-C3,63394,0,483.9999999998,13,11.0,middle50,False
A-G1.040-C3,63394,0,513.9999999998,1,30.0,middle50,False
A-G1.040-C3,63394,0,528.9999999998,1,15.0,middle50,False
A-G1.040-C3,63394,0,572.7499999998,1,43.75,late25,False
A-G1.040-C3,63394,0,576.9999999998,1,4.25,late25,False
A-G1.040-C3,63394,0,583.2499999998,1,6.25,late25,False
A-G1.040-C3,63394,0,585.7499999998,1,2.5,late25,False
A-G1.040-C3,63394,0,590.7499999998,1,5.0,late25,False
A-G1.040-C3,63394,0,593.9999999998,1,3.25,late25,False
A-G1.040-C3,63394,0,597.7499999998,1,3.75,late25,False
A-G1.040-C3,63394,1,732.4999999998,1,134.75,early25,False
A-G1.040-C3,63394,1,736.9999999998,1,4.5,early25,False
A-G1.040-C3,63394,1,738.9999999998,1,2.0,early25,False
A-G1.040-C3,63394,1,740.9999999998,1,2.0,early25,False
A-G1.040-C3,63394,1,742.4999999998,1,1.5,early25,False
A-G1.040-C3,63394,1,750.9999999998,2,8.5,early25,False
A-G1.040-C3,63394,1,756.2499999998,1,5.25,early25,False
A-G1.040-C3,63394,1,757.9999999998,1,1.75,early25,False
A-G1.040-C3,63394,1,787.4999999998,1,29.5,early25,False
A-G1.040-C3,63394,1,788.2499999998,1,0.75,early25,False
A-G1.040-C3,63394,1,792.4999999998,1,4.25,early25,False
A-G1.040-C3,63394,1,798.4999999998,1,6.0,early25,False
A-G1.040-C3,63394,1,802.4999999998,1,4.0,early25,False
A-G1.040-C3,63394,1,807.4999999998,1,5.0,early25,False
A-G1.040-C3,63394,1,811.4999999998,1,4.0,early25,False
A-G1.040-C3,63394,1,815.2499999998,2,3.75,early25,False
A-G1.040-C3,63394,1,823.7499999998,1,8.5,early25,False
A-G1.040-C3,63394,1,836.7499999998,1,13.0,early25,False
A-G1.040-C3,63394,1,851.4999999998,1,14.75,early25,False
A-G1.040-C3,63394,1,866.4999999998,2,15.0,early25,False
A-G1.040-C3,63394,1,874.2499999998,2,7.75,early25,False
A-G1.040-C3,63394,1,878.4999999998,1,4.25,early25,False
A-G1.040-C3,63394,1,907.2499999998,1,28.75,early25,False
A-G1.040-C3,63394,1,911.2499999998,1,4.0,early25,False
A-G1.040-C3,63394,1,914.7499999998,2,3.5,early25,False
A-G1.040-C3,63394,1,923.7499999998,2,9.0,early25,False
A-G1.040-C3,63394,1,926.9999999998,2,3.25,early25,False
A-G1.040-C3,63394,1,934.2499999998,1,7.25,early25,False
A-G1.040-C3,63394,1,937.2499999998,1,3.0,early25,False
A-G1.040-C3,63394,1,950.2499999998,6,13.0,early25,False
A-G1.040-C3,63394,1,1098.9999999998,1,148.7499999999999,middle50,False
A-G1.040-C3,63394,1,1102.9999999998,1,4.0,middle50,False
A-G1.040-C3,63394,1,1109.7499999998,2,6.75,middle50,False
A-G1.040-C3,63394,1,1117.9999999998,2,8.25,middle50,False
A-G1.040-C3,63394,1,1122.2499999998,1,4.25,middle50,False
A-G1.040-C3,63394,1,1151.4999999998,1,29.25,middle50,False
A-G1.040-C3,63394,1,1156.2499999998,1,4.75,middle50,False
A-G1.040-C3,63394,1,1159.2499999998,1,3.0,middle50,False
A-G1.040-C3,63394,1,1162.7499999998,1,3.5,middle50,False
A-G1.040-C3,63394,1,1169.7499999998,1,7.0,middle50,False
A-G1.040-C3,63394,1,1173.7499999998,1,4.0,middle50,False
A-G1.040-C3,63394,1,1175.2499999998,1,1.5,middle50,False
A-G1.040-C3,63394,1,1180.4999999998,1,5.25,middle50,False
A-G1.040-C3,63394,1,1187.9999999998,2,7.5,middle50,False
A-G1.040-C3,63394,1,1212.9999999998,1,25.0,middle50,False
A-G1.040-C3,63394,1,1220.2499999998,2,7.25,middle50,False
A-G1.040-C3,63394,1,1222.2499999998,1,2.0,middle50,False
A-G1.040-C3,63394,1,1226.4999999998,1,4.25,middle50,False
A-G1.040-C3,63394,1,1233.2499999998,2,6.75,middle50,False
A-G1.040-C3,63394,1,1240.7499999998,1,7.5,middle50,False
A-G1.040-C3,63394,1,1269.9999999998,1,29.25,middle50,False
A-G1.040-C3,63394,1,1272.9999999998,1,3.0,middle50,False
A-G1.040-C3,63394,1,1277.7499999998,1,4.75,middle50,False
A-G1.040-C3,63394,1,1281.2499999998,1,3.5,middle50,False
A-G1.040-C3,63394,1,1288.9999999998,2,7.75,middle50,False
A-G1.040-C3,63394,1,1290.9999999998,1,2.0,middle50,False
A-G1.040-C3,63394,1,1294.4999999998,1,3.5,middle50,False
A-G1.040-C3,63394,1,1299.2499999998,1,4.75,middle50,False
A-G1.040-C3,63394,1,1306.7499999998,1,7.5,middle50,False
A-G1.040-C3,63394,1,1434.7499999998,1,128.0,middle50,False
A-G1.040-C3,63394,1,1441.2499999998,2,6.5,middle50,False
A-G1.040-C3,63394,1,1444.2499999998,1,3.0,middle50,False
A-G1.040-C3,63394,1,1451.4999999998,1,7.25,middle50,False
A-G1.040-C3,63394,1,1454.9999999998,1,3.5,middle50,False
A-G1.040-C3,63394,1,1456.7499999998,1,1.75,middle50,False
A-G1.040-C3,63394,1,1493.7499999998,1,37.0,late25,False
A-G1.040-C3,63394,1,1494.9999999998,1,1.25,late25,False
A-G1.040-C3,63394,1,1499.2499999998,1,4.25,late25,False
A-G1.040-C3,63394,1,1502.9999999998,1,3.75,late25,False
A-G1.040-C3,63394,1,1507.7499999998,1,4.75,late25,False
A-G1.040-C3,63394,1,1510.4999999998,1,2.75,late25,False
A-G1.040-C3,63394,1,1516.2499999998,1,5.75,late25,False
A-G1.040-C3,63394,1,1522.4999999998,1,6.25,late25,False
A-G1.040-C3,63394,1,1539.2499999998,1,16.75,late25,False
A-G1.040-C3,63394,1,1542.9999999998,1,3.75,late25,False
A-G1.040-C3,63394,1,1546.7499999998,1,3.75,late25,False
A-G1.040-C3,63394,1,1550.4999999998,1,3.75,late25,False
A-G1.040-C3,63394,1,1553.9999999998,1,3.5,late25,False
A-G1.040-C3,63394,1,1556.9999999998,1,3.0,late25,False
A-G1.040-C3,63394,1,1560.4999999998,1,3.5,late25,False
A-G1.040-C3,63394,1,1565.2499999998,1,4.75,late25,False
A-G1.040-C3,63394,1,1594.4999999998,1,29.25,late25,False
A-G1.040-C3,63394,1,1595.7499999998,1,1.25,late25,False
A-G1.040-C3,63394,1,1600.2499999998,1,4.5,late25,False
A-G1.040-C3,63394,1,1606.2499999998,1,6.0,late25,False
A-G1.040-C3,63394,1,1608.7499999998,1,2.5,late25,False
A-G1.040-C3,63394,1,1610.9999999998,1,2.25,late25,False
A-G1.040-C3,63394,1,1614.7499999998,1,3.75,late25,False
A-G1.040-C3,63394,1,1619.7499999998,1,5.0,late25,False
A-G1.040-C3,63394,1,1621.4999999998,1,1.75,late25,False
A-G1.040-C3,63394,1,1625.7499999998,1,4.25,late25,False
A-G1.040-C3,63394,1,1637.4999999998,4,11.75,late25,False
A-G1.040-C3,63394,1,1733.4999999998,1,96.0,late25,False
A-G1.040-C3,63394,2,1752.7499999998,2,19.25,early25,False
A-G1.040-C3,63394,2,1755.2499999998,2,2.5,early25,False
A-G1.040-C3,63394,2,1758.2499999998,2,3.0,early25,False
A-G1.040-C3,63394,2,1762.4999999998,1,4.25,early25,False
A-G1.040-C3,63394,2,1770.7499999998,4,8.25,early25,False
A-G1.040-C3,63394,2,1775.4999999998,2,4.75,early25,False
A-G1.040-C3,63394,2,1786.4999999998,4,11.0,early25,False
A-G1.040-C3,63394,2,1810.75,3,24.25000000020009,early25,False
A-G1.040-C3,63394,2,1812.75,1,2.0,early25,False
A-G1.040-C3,63394,2,1817.75,1,5.0,early25,False
A-G1.040-C3,63394,2,1821.75,1,4.0,early25,False
A-G1.040-C3,63394,2,1823.25,2,1.5,early25,False
A-G1.040-C3,63394,2,1832.5,2,9.25,early25,False
A-G1.040-C3,63394,2,1838.25,3,5.75,early25,False
A-G1.040-C3,63394,2,1841.0,2,2.75,early25,False
A-G1.040-C3,63394,2,1848.75,6,7.75,early25,False
A-G1.040-C3,63394,2,1867.75,2,19.0,early25,False
A-G1.040-C3,63394,2,1875.75,1,8.0,early25,False
A-G1.040-C3,63394,2,1885.75,3,10.0,early25,False
A-G1.040-C3,63394,2,1917.25,2,31.5,early25,False
A-G1.040-C3,63394,2,1921.0,3,3.75,early25,False
A-G1.040-C3,63394,2,1924.75,2,3.75,early25,False
A-G1.040-C3,63394,2,1940.0,3,15.25,early25,False
A-G1.040-C3,63394,2,1944.25,1,4.25,early25,False
A-G1.040-C3,63394,2,1946.5,1,2.25,early25,False
A-G1.040-C3,63394,2,1965.75,1,19.25,early25,False
A-G1.040-C3,63394,2,2107.5,1,141.75,middle50,False
A-G1.040-C3,63394,2,2111.25,2,3.75,middle50,False
A-G1.040-C3,63394,2,2117.75,2,6.5,middle50,False
A-G1.040-C3,63394,2,2123.25,2,5.5,middle50,False
A-G1.040-C3,63394,2,2127.5,2,4.25,middle50,False
A-G1.040-C3,63394,2,2131.5,1,4.0,middle50,False
A-G1.040-C3,63394,2,2137.25,3,5.75,middle50,False
A-G1.040-C3,63394,2,2164.0,1,26.75,middle50,False
A-G1.040-C3,63394,2,2168.5,2,4.5,middle50,False
A-G1.040-C3,63394,2,2171.25,2,2.75,middle50,False
A-G1.040-C3,63394,2,2177.25,2,6.0,middle50,False
A-G1.040-C3,63394,2,2179.75,1,2.5,middle50,False
A-G1.040-C3,63394,2,2182.5,1,2.75,middle50,False
A-G1.040-C3,63394,2,2183.75,1,1.25,middle50,False
A-G1.040-C3,63394,2,2190.75,2,7.0,middle50,False
A-G1.040-C3,63394,2,2221.5,1,30.75,middle50,False
A-G1.040-C3,63394,2,2227.5,1,6.0,middle50,False
A-G1.040-C3,63394,2,2229.5,1,2.0,middle50,False
A-G1.040-C3,63394,2,2231.5,1,2.0,middle50,False
A-G1.040-C3,63394,2,2236.5,2,5.0,middle50,False
A-G1.040-C3,63394,2,2241.75,2,5.25,middle50,False
A-G1.040-C3,63394,2,2249.5,3,7.75,middle50,False
A-G1.040-C3,63394,2,2275.25,1,25.75,middle50,False
A-G1.040-C3,63394,2,2280.0,2,4.75,middle50,False
A-G1.040-C3,63394,2,2283.25,2,3.25,middle50,False
A-G1.040-C3,63394,2,2287.75,1,4.5,middle50,False
A-G1.040-C3,63394,2,2289.5,1,1.75,middle50,False
A-G1.040-C3,63394,2,2297.75,1,8.25,middle50,False
A-G1.040-C3,63394,2,2301.0,1,3.25,middle50,False
A-G1.040-C3,63394,2,2303.75,1,2.75,middle50,False
A-G1.040-C3,63394,2,2305.25,1,1.5,middle50,False
A-G1.040-C3,63394,2,2438.0,2,132.75,middle50,False
A-G1.040-C3,63394,2,2442.75,2,4.75,middle50,False
A-G1.040-C3,63394,2,2446.25,1,3.5,middle50,False
A-G1.040-C3,63394,2,2450.0,1,3.75,middle50,False
A-G1.040-C3,63394,2,2452.75,1,2.75,middle50,False
A-G1.040-C3,63394,2,2457.75,1,5.0,middle50,False
A-G1.040-C3,63394,2,2462.0,2,4.25,middle50,False
A-G1.040-C3,63394,2,2489.5,1,27.5,late25,False
A-G1.040-C3,63394,2,2492.75,10,3.25,late25,False
A-G1.040-C3,63394,2,2496.5,1,3.75,late25,False
A-G1.040-C3,63394,2,2503.5,1,7.0,late25,False
A-G1.040-C3,63394,2,2507.25,1,3.75,late25,False
A-G1.040-C3,63394,2,2509.0,1,1.75,late25,False
A-G1.040-C3,63394,2,2514.75,1,5.75,late25,False
A-G1.040-C3,63394,2,2519.25,2,4.5,late25,False
A-G1.040-C3,63394,2,2539.0,2,19.75,late25,False
A-G1.040-C3,63394,2,2544.75,1,5.75,late25,False
A-G1.040-C3,63394,2,2548.25,1,3.5,late25,False
A-G1.040-C3,63394,2,2551.5,1,3.25,late25,False
A-G1.040-C3,63394,2,2557.0,1,5.5,late25,False
A-G1.040-C3,63394,2,2562.75,2,5.75,late25,False
A-G1.040-C3,63394,2,2594.75,1,32.0,late25,False
A-G1.040-C3,63394,2,2599.0,1,4.25,late25,False
A-G1.040-C3,63394,2,2602.5,1,3.5,late25,False
A-G1.040-C3,63394,2,2606.25,2,3.75,late25,False
A-G1.040-C3,63394,2,2611.25,2,5.0,late25,False
A-G1.040-C3,63394,2,2615.0,1,3.75,late25,False
A-G1.040-C3,63394,2,2620.5,2,5.5,late25,False
A-G1.040-C3,63394,2,2628.25,1,7.75,late25,False
A-G1.040-C3,63394,2,2634.0,3,5.75,late25,False
A-G1.040-C3,63394,3,2751.25,2,117.25,early25,True
A-G1.040-C3,63394,3,2756.75,2,5.5,early25,True
A-G1.040-C3,63394,3,2763.75,3,7.0,early25,True
A-G1.040-C3,63394,3,2767.75,1,4.0,early25,True
A-G1.040-C3,63394,3,2773.0,3,5.25,early25,True
A-G1.040-C3,63394,3,2777.5,1,4.5,early25,True
A-G1.040-C3,63394,3,2782.5,2,5.0,early25,True
A-G1.040-C3,63394,3,2807.75,2,25.25,early25,True
A-G1.040-C3,63394,3,2811.5,2,3.75,early25,True
A-G1.040-C3,63394,3,2814.75,1,3.25,early25,True
A-G1.040-C3,63394,3,2817.5,2,2.75,early25,True
A-G1.040-C3,63394,3,2820.75,1,3.25,early25,True
A-G1.040-C3,63394,3,2824.75,17,4.0,early25,True
A-G1.040-C3,63394,3,2832.75,2,8.0,early25,True
A-G1.040-C3,63394,3,2870.5,2,37.75,early25,True
A-G1.040-C3,63394,3,2877.25,2,6.75,early25,True
A-G1.040-C3,63394,3,2884.0,2,6.75,early25,True
A-G1.040-C3,63394,3,2922.0,1,38.0,early25,True
A-G1.040-C3,63394,3,2927.75,2,5.75,early25,True
A-G1.040-C3,63394,3,2932.75,1,5.0,early25,True
A-G1.040-C3,63394,3,2938.0,1,5.25,early25,True
A-G1.040-C3,63394,3,2943.0,2,5.0,early25,True
A-G1.040-C3,63394,3,2968.5,1,25.5,middle50,True
A-G1.040-C3,63394,3,2972.25,1,3.75,middle50,True
A-G1.040-C3,63394,3,2981.25,2,9.0,middle50,True
A-G1.040-C3,63394,3,2988.5,2,7.25,middle50,True
A-G1.040-C3,63394,3,2995.25,1,6.75,middle50,True
A-G1.040-C3,63394,3,3033.75,2,38.5,middle50,True
A-G1.040-C3,63394,3,3035.75,1,2.0,middle50,True
A-G1.040-C3,63394,3,3046.0,2,10.25,middle50,True
A-G1.040-C3,63394,3,3049.0,1,3.0,middle50,True
A-G1.040-C3,63394,3,3059.25,2,10.25,middle50,True
A-G1.040-C3,63394,3,3074.0,1,14.75,middle50,True
A-G1.040-C3,63394,3,3077.5,1,3.5,middle50,True
A-G1.040-C3,63394,3,3081.0,1,3.5,middle50,True
A-G1.040-C3,63394,3,3085.25,1,4.25,middle50,True
A-G1.040-C3,63394,3,3089.25,1,4.0,middle50,True
A-G1.040-C3,63394,3,3092.75,1,3.5,middle50,True
A-G1.040-C3,63394,3,3095.75,1,3.0,middle50,True
A-G1.040-C3,63394,3,3104.5,10,8.75,middle50,True
A-G1.040-C3,63394,3,3130.75,1,26.25,middle50,True
A-G1.040-C3,63394,3,3132.5,1,1.75,middle50,True
A-G1.040-C3,63394,3,3139.5,1,7.0,middle50,True
A-G1.040-C3,63394,3,3142.5,1,3.0,middle50,True
A-G1.040-C3,63394,3,3149.25,1,6.75,middle50,True
A-G1.040-C3,63394,3,3160.5,1,11.25,middle50,True
A-G1.040-C3,63394,3,3178.75,1,18.25,middle50,True
A-G1.040-C3,63394,3,3185.25,1,6.5,middle50,True
A-G1.040-C3,63394,3,3187.5,1,2.25,middle50,True
A-G1.040-C3,63394,3,3194.25,1,6.75,middle50,True
A-G1.040-C3,63394,3,3201.0,1,6.75,middle50,True
A-G1.040-C3,63394,3,3237.5,2,36.5,middle50,True
A-G1.040-C3,63394,3,3242.75,1,5.25,middle50,True
A-G1.040-C3,63394,3,3245.5,1,2.75,middle50,True
A-G1.040-C3,63394,3,3253.25,1,7.75,middle50,True
A-G1.040-C3,63394,3,3259.75,1,6.5,middle50,True
A-G1.040-C3,63394,3,3263.25,1,3.5,middle50,True
A-G1.040-C3,63394,3,3406.75,1,143.5,late25,True
A-G1.040-C3,63394,3,3412.5,1,5.75,late25,True
A-G1.040-C3,63394,3,3418.5,1,6.0,late25,True
A-G1.040-C3,63394,3,3424.25,2,5.75,late25,True
A-G1.040-C3,63394,3,3427.25,1,3.0,late25,True
A-G1.040-C3,63394,3,3473.5,2,46.25,late25,True
A-G1.040-C3,63394,3,3484.75,1,11.25,late25,True
A-G1.040-C3,63394,3,3490.25,1,5.5,late25,True
A-G1.040-C3,63394,3,3514.75,1,24.5,late25,True
A-G1.040-C3,63394,3,3518.0,1,3.25,late25,True
A-G1.040-C3,63394,3,3525.5,1,7.5,late25,True
A-G1.040-C3,63394,3,3528.75,1,3.25,late25,True
A-G1.040-C3,63394,3,3535.0,1,6.25,late25,True
A-G1.040-C3,63394,3,3538.75,6,3.75,late25,True
A-G1.040-C3,63394,3,3571.25,1,32.5,late25,True
A-G1.040-C3,63394,3,3573.5,1,2.25,late25,True
A-G1.040-C3,63394,3,3588.25,1,14.75,late25,True
A-G1.040-C3,63394,3,3590.0,1,1.75,late25,True
A-G1.040-C3,63394,3,3596.25,1,6.25,late25,True
A-G1.040-C3,71313,0,0.25,3,,early25,False
A-G1.040-C3,71313,0,8.5,1,8.25,early25,False
A-G1.040-C3,71313,0,18.25,1,9.75,early25,False
A-G1.040-C3,71313,0,45.75,1,27.5,early25,False
A-G1.040-C3,71313,0,63.5,1,17.75,early25,False
A-G1.040-C3,71313,0,101.25,1,37.75,early25,False
A-G1.040-C3,71313,0,104.25,1,3.0,early25,False
A-G1.040-C3,71313,0,159.75,1,55.5,early25,False
A-G1.040-C3,71313,0,163.75,1,4.0,early25,False
A-G1.040-C3,71313,0,172.25,1,8.5,early25,False
A-G1.040-C3,71313,0,175.5,1,3.25,early25,False
A-G1.040-C3,71313,0,182.25,1,6.75,early25,False
A-G1.040-C3,71313,0,219.5,1,37.25,middle50,False
A-G1.040-C3,71313,0,225.5,1,6.0,middle50,False
A-G1.040-C3,71313,0,230.75,1,5.25,middle50,False
A-G1.040-C3,71313,0,238.25,1,7.5,middle50,False
A-G1.040-C3,71313,0,276.75,1,38.5,middle50,False
A-G1.040-C3,71313,0,286.0,1,9.25,middle50,False
A-G1.040-C3,71313,0,292.0,1,6.0,middle50,False
A-G1.040-C3,71313,0,300.75,1,8.75,middle50,False
A-G1.040-C3,71313,0,336.5,1,35.75,middle50,False
A-G1.040-C3,71313,0,345.0,1,8.5,middle50,False
A-G1.040-C3,71313,0,350.75,1,5.75,middle50,False
A-G1.040-C3,71313,0,355.25,1,4.5,middle50,False
A-G1.040-C3,71313,0,366.75,1,11.5,middle50,False
A-G1.040-C3,71313,0,520.5,1,153.75,middle50,False
A-G1.040-C3,71313,0,525.0,1,4.5,middle50,False
A-G1.040-C3,71313,0,532.0,1,7.0,middle50,False
A-G1.040-C3,71313,0,534.25,1,2.25,middle50,False
A-G1.040-C3,71313,0,548.0,1,13.75,middle50,False
A-G1.040-C3,71313,0,575.0,1,27.0,middle50,False
A-G1.040-C3,71313,0,582.25,2,7.25,middle50,False
A-G1.040-C3,71313,0,588.75,1,6.5,middle50,False
A-G1.040-C3,71313,0,597.25,1,8.5,middle50,False
A-G1.040-C3,71313,0,602.75,12,5.5,middle50,False
A-G1.040-C3,71313,0,604.0,1,1.25,middle50,False
A-G1.040-C3,71313,0,630.0,1,26.0,late25,False
A-G1.040-C3,71313,0,641.0,1,11.0,late25,False
A-G1.040-C3,71313,0,693.0,1,52.0,late25,False
A-G1.040-C3,71313,0,696.5,1,3.5,late25,False
A-G1.040-C3,71313,0,705.0,1,8.5,late25,False
A-G1.040-C3,71313,0,707.5,1,2.5,late25,False
A-G1.040-C3,71313,0,711.75,1,4.25,late25,False
A-G1.040-C3,71313,0,717.25,1,5.5,late25,False
A-G1.040-C3,71313,1,832.75,2,115.5,early25,False
A-G1.040-C3,71313,1,848.25,1,15.5,early25,False
A-G1.040-C3,71313,1,852.0,1,3.75,early25,False
A-G1.040-C3,71313,1,854.0,1,2.0,early25,False
A-G1.040-C3,71313,1,857.5,1,3.5,early25,False
A-G1.040-C3,71313,1,863.0,2,5.5,early25,False
A-G1.040-C3,71313,1,870.0,2,7.0,early25,False
A-G1.040-C3,71313,1,876.0,3,6.0,early25,False
A-G1.040-C3,71313,1,879.25,1,3.25,early25,False
A-G1.040-C3,71313,1,904.75,1,25.5,early25,False
A-G1.040-C3,71313,1,909.0,11,4.25,early25,False
A-G1.040-C3,71313,1,912.75,1,3.75,early25,False
A-G1.040-C3,71313,1,916.25,2,3.5,early25,False
A-G1.040-C3,71313,1,922.75,1,6.5,early25,False
A-G1.040-C3,71313,1,927.25,1,4.5,early25,False
A-G1.040-C3,71313,1,928.0,1,0.75,early25,False
A-G1.040-C3,71313,1,952.25,1,24.25,early25,False
A-G1.040-C3,71313,1,959.25,1,7.0,early25,False
A-G1.040-C3,71313,1,963.5,2,4.25,early25,False
A-G1.040-C3,71313,1,973.25,1,9.75,early25,False
A-G1.040-C3,71313,1,976.25,1,3.0,early25,False
A-G1.040-C3,71313,1,983.25,2,7.0,early25,False
A-G1.040-C3,71313,1,1011.25,1,28.0,middle50,False
A-G1.040-C3,71313,1,1017.5,1,6.25,middle50,False
A-G1.040-C3,71313,1,1021.0,1,3.5,middle50,False
A-G1.040-C3,71313,1,1025.0,2,4.0,middle50,False
A-G1.040-C3,71313,1,1028.0,1,3.0,middle50,False
A-G1.040-C3,71313,1,1033.5,1,5.5,middle50,False
A-G1.040-C3,71313,1,1039.25,1,5.75,middle50,False
A-G1.040-C3,71313,1,1040.75,1,1.5,middle50,False
A-G1.040-C3,71313,1,1190.5,1,149.75,middle50,False
A-G1.040-C3,71313,1,1200.0,2,9.5,middle50,False
A-G1.040-C3,71313,1,1202.75,1,2.75,middle50,False
A-G1.040-C3,71313,1,1205.25,1,2.5,middle50,False
A-G1.040-C3,71313,1,1211.75,1,6.5,middle50,False
A-G1.040-C3,71313,1,1217.0,2,5.25,middle50,False
A-G1.040-C3,71313,1,1247.75,2,30.75,middle50,False
A-G1.040-C3,71313,1,1255.0,1,7.25,middle50,False
A-G1.040-C3,71313,1,1258.5,1,3.5,middle50,False
A-G1.040-C3,71313,1,1260.0,1,1.5,middle50,False
A-G1.040-C3,71313,1,1264.0,1,4.0,middle50,False
A-G1.040-C3,71313,1,1265.75,1,1.75,middle50,False
A-G1.040-C3,71313,1,1271.25,1,5.5,middle50,False
A-G1.040-C3,71313,1,1275.25,1,4.0,middle50,False
A-G1.040-C3,71313,1,1282.75,1,7.5,middle50,False
A-G1.040-C3,71313,1,1289.25,4,6.5,middle50,False
A-G1.040-C3,71313,1,1302.75,1,13.5,middle50,False
A-G1.040-C3,71313,1,1304.25,1,1.5,middle50,False
A-G1.040-C3,71313,1,1308.0,1,3.75,middle50,False
A-G1.040-C3,71313,1,1310.25,1,2.25,middle50,False
A-G1.040-C3,71313,1,1314.25,1,4.0,middle50,False
A-G1.040-C3,71313,1,1317.0,1,2.75,middle50,False
A-G1.040-C3,71313,1,1319.25,1,2.25,middle50,False
A-G1.040-C3,71313,1,1324.25,1,5.0,middle50,False
A-G1.040-C3,71313,1,1327.5,1,3.25,middle50,False
A-G1.040-C3,71313,1,1330.0,1,2.5,middle50,False
A-G1.040-C3,71313,1,1358.0,1,28.0,late25,False
A-G1.040-C3,71313,1,1360.5,1,2.5,late25,False
A-G1.040-C3,71313,1,1363.5,1,3.0,late25,False
A-G1.040-C3,71313,1,1365.5,1,2.0,late25,False
A-G1.040-C3,71313,1,1368.75,1,3.25,late25,False
A-G1.040-C3,71313,1,1371.0,1,2.25,late25,False
A-G1.040-C3,71313,1,1373.25,1,2.25,late25,False
A-G1.040-C3,71313,1,1376.0,1,2.75,late25,False
A-G1.040-C3,71313,1,1378.0,1,2.0,late25,False
A-G1.040-C3,71313,1,1380.25,1,2.25,late25,False
A-G1.040-C3,71313,1,1384.75,1,4.5,late25,False
A-G1.040-C3,71313,1,1387.25,1,2.5,late25,False
A-G1.040-C3,71313,1,1495.5,1,108.25,late25,False
A-G1.040-C3,71313,2,1512.75,2,17.25,early25,False
A-G1.040-C3,71313,2,1515.5,2,2.75,early25,False
A-G1.040-C3,71313,2,1519.0,2,3.5,early25,False
A-G1.040-C3,71313,2,1520.75,2,1.75,early25,False
A-G1.040-C3,71313,2,1528.75,2,8.0,early25,False
A-G1.040-C3,71313,2,1536.5,3,7.75,early25,False
A-G1.040-C3,71313,2,1541.5,2,5.0,early25,False
A-G1.040-C3,71313,2,1570.0,1,28.5,early25,False
A-G1.040-C3,71313,2,1571.75,2,1.75,early25,False
A-G1.040-C3,71313,2,1578.0,3,6.25,early25,False
A-G1.040-C3,71313,2,1581.5,1,3.5,early25,False
A-G1.040-C3,71313,2,1590.0,3,8.5,early25,False
A-G1.040-C3,71313,2,1595.5,3,5.5,early25,False
A-G1.040-C3,71313,2,1624.75,2,29.25,early25,False
A-G1.040-C3,71313,2,1628.5,2,3.75,early25,False
A-G1.040-C3,71313,2,1633.75,2,5.25,early25,False
A-G1.040-C3,71313,2,1640.25,2,6.5,early25,False
A-G1.040-C3,71313,2,1645.75,3,5.5,early25,False
A-G1.040-C3,71313,2,1649.0,1,3.25,early25,False
A-G1.040-C3,71313,2,1675.0,2,26.0,middle50,False
A-G1.040-C3,71313,2,1679.75,18,4.75,middle50,False
A-G1.040-C3,71313,2,1683.25,1,3.5,middle50,False
A-G1.040-C3,71313,2,1684.5,1,1.25,middle50,False
A-G1.040-C3,71313,2,1688.75,2,4.25,middle50,False
A-G1.040-C3,71313,2,1698.5,1,9.75,middle50,False
A-G1.040-C3,71313,2,1702.75,1,4.25,middle50,False
A-G1.040-C3,71313,2,1706.75,1,4.0,middle50,False
A-G1.040-C3,71313,2,1713.5,6,6.75,middle50,False
A-G1.040-C3,71313,2,1853.25,1,139.75,middle50,False
A-G1.040-C3,71313,2,1856.5,1,3.25,middle50,False
A-G1.040-C3,71313,2,1860.0,1,3.5,middle50,False
A-G1.040-C3,71313,2,1865.25,1,5.25,middle50,False
A-G1.040-C3,71313,2,1870.75,1,5.5,middle50,False
A-G1.040-C3,71313,2,1873.75,2,3.0,middle50,False
A-G1.040-C3,71313,2,1876.25,1,2.5,middle50,False
A-G1.040-C3,71313,2,1879.75,1,3.5,middle50,False
A-G1.040-C3,71313,2,1884.0,1,4.25,middle50,False
A-G1.040-C3,71313,2,1909.75,2,25.75,middle50,False
A-G1.040-C3,71313,2,1912.25,1,2.5,middle50,False
A-G1.040-C3,71313,2,1916.25,2,4.0,middle50,False
A-G1.040-C3,71313,2,1920.5,2,4.25,middle50,False
A-G1.040-C3,71313,2,1923.5,1,3.0,middle50,False
A-G1.040-C3,71313,2,1927.0,16,3.5,middle50,False
A-G1.040-C3,71313,2,1932.0,1,5.0,middle50,False
A-G1.040-C3,71313,2,1935.25,1,3.25,middle50,False
A-G1.040-C3,71313,2,1965.0,2,29.75,middle50,False
A-G1.040-C3,71313,2,1967.25,1,2.25,middle50,False
A-G1.040-C3,71313,2,1971.0,1,3.75,middle50,False
A-G1.040-C3,71313,2,1978.0,1,7.0,middle50,False
A-G1.040-C3,71313,2,1982.0,1,4.0,middle50,False
A-G1.040-C3,71313,2,1987.0,2,5.0,late25,False
A-G1.040-C3,71313,2,2011.5,1,24.5,late25,False
A-G1.040-C3,71313,2,2014.25,1,2.75,late25,False
A-G1.040-C3,71313,2,2015.75,1,1.5,late25,False
A-G1.040-C3,71313,2,2017.25,1,1.5,late25,False
A-G1.040-C3,71313,2,2020.5,2,3.25,late25,False
A-G1.040-C3,71313,2,2023.5,2,3.0,late25,False
A-G1.040-C3,71313,2,2029.5,1,6.0,late25,False
A-G1.040-C3,71313,2,2032.5,1,3.0,late25,False
A-G1.040-C3,71313,2,2034.75,1,2.25,late25,False
A-G1.040-C3,71313,2,2038.75,2,4.0,late25,False
A-G1.040-C3,71313,2,2044.75,2,6.0,late25,False
A-G1.040-C3,71313,3,2166.4999999999,2,121.74999999989996,early25,True
A-G1.040-C3,71313,3,2168.7499999999,1,2.25,early25,True
A-G1.040-C3,71313,3,2170.9999999999,2,2.25,early25,True
A-G1.040-C3,71313,3,2174.9999999999,3,4.0,early25,True
A-G1.040-C3,71313,3,2177.2499999999,3,2.25,early25,True
A-G1.040-C3,71313,3,2180.7499999999,2,3.5,early25,True
A-G1.040-C3,71313,3,2185.4999999999,3,4.75,early25,True
A-G1.040-C3,71313,3,2188.2499999999,2,2.75,early25,True
A-G1.040-C3,71313,3,2191.9999999999,1,3.75,early25,True
A-G1.040-C3,71313,3,2194.9999999999,2,3.0,early25,True
A-G1.040-C3,71313,3,2199.4999999999,2,4.5,early25,True
A-G1.040-C3,71313,3,2223.2499999999,2,23.75,early25,True
A-G1.040-C3,71313,3,2225.4999999999,1,2.25,early25,True
A-G1.040-C3,71313,3,2228.2499999999,2,2.75,early25,True
A-G1.040-C3,71313,3,2230.9999999999,17,2.75,early25,True
A-G1.040-C3,71313,3,2232.9999999999,1,2.0,early25,True
A-G1.040-C3,71313,3,2235.2499999999,1,2.25,early25,True
A-G1.040-C3,71313,3,2238.2499999999,1,3.0,early25,True
A-G1.040-C3,71313,3,2244.9999999999,2,6.75,early25,True
A-G1.040-C3,71313,3,2252.2499999999,1,7.25,early25,True
A-G1.040-C3,71313,3,2278.2499999999,1,26.0,early25,True
A-G1.040-C3,71313,3,2280.4999999999,1,2.25,early25,True
A-G1.040-C3,71313,3,2285.9999999999,1,5.5,early25,True
A-G1.040-C3,71313,3,2293.9999999999,2,8.0,early25,True
A-G1.040-C3,71313,3,2297.7499999999,2,3.75,early25,True
A-G1.040-C3,71313,3,2303.7499999999,1,6.0,early25,True
A-G1.040-C3,71313,3,2337.9999999999,1,34.25,early25,True
A-G1.040-C3,71313,3,2345.2499999999,3,7.25,early25,True
A-G1.040-C3,71313,3,2350.9999999999,3,5.75,early25,True
A-G1.040-C3,71313,3,2356.4999999999,3,5.5,early25,True
A-G1.040-C3,71313,3,2362.2499999999,2,5.75,early25,True
A-G1.040-C3,71313,3,2365.9999999999,2,3.75,early25,True
A-G1.040-C3,71313,3,2372.2499999999,1,6.25,early25,True
A-G1.040-C3,71313,3,2385.4999999999,1,13.25,early25,True
A-G1.040-C3,71313,3,2392.9999999999,2,7.5,early25,True
A-G1.040-C3,71313,3,2401.9999999999,2,9.0,early25,True
A-G1.040-C3,71313,3,2407.9999999999,2,6.0,early25,True
A-G1.040-C3,71313,3,2421.9999999999,2,14.0,early25,True
A-G1.040-C3,71313,3,2440.9999999999,1,19.0,early25,True
A-G1.040-C3,71313,3,2450.4999999999,2,9.5,early25,True
A-G1.040-C3,71313,3,2457.2499999999,2,6.75,early25,True
A-G1.040-C3,71313,3,2462.4999999999,2,5.25,early25,True
A-G1.040-C3,71313,3,2467.9999999999,2,5.5,early25,True
A-G1.040-C3,71313,3,2473.4999999999,2,5.5,early25,True
A-G1.040-C3,71313,3,2482.7499999999,7,9.25,early25,True
A-G1.040-C3,71313,3,2495.7499999999,1,13.0,early25,True
A-G1.040-C3,71313,3,2498.9999999999,1,3.25,early25,True
A-G1.040-C3,71313,3,2501.4999999999,1,2.5,early25,True
A-G1.040-C3,71313,3,2505.2499999999,1,3.75,early25,True
A-G1.040-C3,71313,3,2509.2499999999,1,4.0,early25,True
A-G1.040-C3,71313,3,2512.7499999999,1,3.5,middle50,True
A-G1.040-C3,71313,3,2516.7499999999,1,4.0,middle50,True
A-G1.040-C3,71313,3,2519.9999999999,1,3.25,middle50,True
A-G1.040-C3,71313,3,2523.4999999999,9,3.5,middle50,True
A-G1.040-C3,71313,3,2549.4999999999,5,26.0,middle50,True
A-G1.040-C3,71313,3,2553.2499999999,1,3.75,middle50,True
A-G1.040-C3,71313,3,2557.9999999999,1,4.75,middle50,True
A-G1.040-C3,71313,3,2567.2499999999,1,9.25,middle50,True
A-G1.040-C3,71313,3,2571.9999999999,2,4.75,middle50,True
A-G1.040-C3,71313,3,2573.9999999999,4,2.0,middle50,True
A-G1.040-C3,71313,3,2579.9999999999,1,6.0,middle50,True
A-G1.040-C3,71313,3,2597.4999999999,1,17.5,middle50,True
A-G1.040-C3,71313,3,2607.9999999999,1,10.5,middle50,True
A-G1.040-C3,71313,3,2614.9999999999,1,7.0,middle50,True
A-G1.040-C3,71313,3,2618.7499999999,1,3.75,middle50,True
A-G1.040-C3,71313,3,2650.4999999999,1,31.75,middle50,True
A-G1.040-C3,71313,3,2653.7499999999,1,3.25,middle50,True
A-G1.040-C3,71313,3,2657.9999999999,1,4.25,middle50,True
A-G1.040-C3,71313,3,2660.9999999999,2,3.0,middle50,True
A-G1.040-C3,71313,3,2666.9999999999,2,6.0,middle50,True
A-G1.040-C3,71313,3,2673.7499999999,1,6.75,middle50,True
A-G1.040-C3,71313,3,2680.9999999999,1,7.25,middle50,True
A-G1.040-C3,71313,3,2828.9999999999,2,148.0,middle50,True
A-G1.040-C3,71313,3,2839.9999999999,2,11.0,middle50,True
A-G1.040-C3,71313,3,2881.4999999999,1,41.5,middle50,True
A-G1.040-C3,71313,3,2885.2499999999,1,3.75,middle50,True
A-G1.040-C3,71313,3,2889.4999999999,1,4.25,middle50,True
A-G1.040-C3,71313,3,2892.7499999999,1,3.25,middle50,True
A-G1.040-C3,71313,3,2897.7499999999,1,5.0,middle50,True
A-G1.040-C3,71313,3,2908.2499999999,1,10.5,middle50,True
A-G1.040-C3,71313,3,2913.2499999999,1,5.0,middle50,True
A-G1.040-C3,71313,3,2927.2499999999,1,14.0,middle50,True
A-G1.040-C3,71313,3,2930.7499999999,1,3.5,middle50,True
A-G1.040-C3,71313,3,2933.7499999999,1,3.0,middle50,True
A-G1.040-C3,71313,3,2939.7499999999,1,6.0,middle50,True
A-G1.040-C3,71313,3,2945.7499999999,1,6.0,middle50,True
A-G1.040-C3,71313,3,2953.2499999999,1,7.5,middle50,True
A-G1.040-C3,71313,3,2985.2499999999,1,32.0,middle50,True
A-G1.040-C3,71313,3,2987.4999999999,1,2.25,middle50,True
A-G1.040-C3,71313,3,2998.4999999999,1,11.0,middle50,True
A-G1.040-C3,71313,3,3003.2499999999,1,4.75,middle50,True
A-G1.040-C3,71313,3,3004.9999999999,1,1.75,middle50,True
A-G1.040-C3,71313,3,3018.2499999999,1,13.25,middle50,True
A-G1.040-C3,71313,3,3025.4999999999,4,7.25,middle50,True
A-G1.040-C3,71313,3,3156.4999999999,1,131.0,middle50,True
A-G1.040-C3,71313,3,3164.2499999999,1,7.75,middle50,True
A-G1.040-C3,71313,3,3171.9999999999,1,7.75,middle50,True
A-G1.040-C3,71313,3,3179.7499999999,1,7.75,middle50,True
A-G1.040-C3,71313,3,3209.2499999999,1,29.5,middle50,True
A-G1.040-C3,71313,3,3212.7499999999,5,3.5,middle50,True
A-G1.040-C3,71313,3,3221.9999999999,1,9.25,middle50,True
A-G1.040-C3,71313,3,3226.9999999999,2,5.0,middle50,True
A-G1.040-C3,71313,3,3230.9999999999,1,4.0,middle50,True
A-G1.040-C3,71313,3,3240.9999999999,1,10.0,late25,True
A-G1.040-C3,71313,3,3268.9999999999,1,28.0,late25,True
A-G1.040-C3,71313,3,3274.2499999999,1,5.25,late25,True
A-G1.040-C3,71313,3,3279.9999999999,1,5.75,late25,True
A-G1.040-C3,71313,3,3315.7499999999,1,35.75,late25,True
A-G1.040-C3,71313,3,3322.9999999999,1,7.25,late25,True
A-G1.040-C3,71313,3,3338.2499999999,1,15.25,late25,True
A-G1.040-C3,71313,3,3343.4999999999,1,5.25,late25,True
A-G1.040-C3,71313,3,3352.9999999999,1,9.5,late25,True
A-G1.040-C3,71313,3,3503.7499999999,1,150.75,late25,True
A-G1.040-C3,71313,3,3515.7499999999,1,12.0,late25,True
A-G1.040-C3,71313,3,3522.2499999999,1,6.5,late25,True
A-G1.040-C3,71313,3,3552.4999999999,1,30.25,late25,True
A-G1.040-C3,71313,3,3560.2499999999,1,7.75,late25,True
A-G1.040-C3,71313,3,3563.4999999999,4,3.25,late25,True
A-G1.040-C3,71313,3,3572.9999999999,1,9.5,late25,True
A-G1.040-C3,71313,3,3576.9999999999,1,4.0,late25,True
A-G1.040-C3,79232,0,0.25,3,,early25,False
A-G1.040-C3,79232,0,9.5,1,9.25,early25,False
A-G1.040-C3,79232,0,19.5,1,10.0,early25,False
A-G1.040-C3,79232,0,24.5,1,5.0,early25,False
A-G1.040-C3,79232,0,45.5,1,21.0,early25,False
A-G1.040-C3,79232,0,87.5,1,42.0,early25,False
A-G1.040-C3,79232,0,98.0,1,10.5,early25,False
A-G1.040-C3,79232,0,111.25,1,13.25,early25,False
A-G1.040-C3,79232,0,116.0,1,4.75,early25,False
A-G1.040-C3,79232,0,119.75,1,3.75,early25,False
A-G1.040-C3,79232,0,165.0,1,45.25,early25,False
A-G1.040-C3,79232,0,171.0,1,6.0,early25,False
A-G1.040-C3,79232,0,181.0,1,10.0,middle50,False
A-G1.040-C3,79232,0,211.0,1,30.0,middle50,False
A-G1.040-C3,79232,0,215.5,1,4.5,middle50,False
A-G1.040-C3,79232,0,223.25,1,7.75,middle50,False
A-G1.040-C3,79232,0,225.5,1,2.25,middle50,False
A-G1.040-C3,79232,0,230.5,1,5.0,middle50,False
A-G1.040-C3,79232,0,235.0,1,4.5,middle50,False
A-G1.040-C3,79232,0,245.5,1,10.5,middle50,False
A-G1.040-C3,79232,0,403.0,1,157.5,middle50,False
A-G1.040-C3,79232,0,407.5,1,4.5,middle50,False
A-G1.040-C3,79232,0,413.5,1,6.0,middle50,False
A-G1.040-C3,79232,0,418.0,1,4.5,middle50,False
A-G1.040-C3,79232,0,426.25,1,8.25,middle50,False
A-G1.040-C3,79232,0,461.25,1,35.0,middle50,False
A-G1.040-C3,79232,0,465.25,1,4.0,middle50,False
A-G1.040-C3,79232,0,467.75,1,2.5,middle50,False
A-G1.040-C3,79232,0,473.75,1,6.0,middle50,False
A-G1.040-C3,79232,0,483.25,1,9.5,middle50,False
A-G1.040-C3,79232,0,513.75,1,30.5,middle50,False
A-G1.040-C3,79232,0,528.25,1,14.5,middle50,False
A-G1.040-C3,79232,0,536.25,1,8.0,middle50,False
A-G1.040-C3,79232,0,572.5,1,36.25,late25,False
A-G1.040-C3,79232,0,578.5,1,6.0,late25,False
A-G1.040-C3,79232,0,583.25,1,4.75,late25,False
A-G1.040-C3,79232,0,585.25,1,2.0,late25,False
A-G1.040-C3,79232,0,590.25,1,5.0,late25,False
A-G1.040-C3,79232,0,594.25,1,4.0,late25,False
A-G1.040-C3,79232,0,600.0,1,5.75,late25,False
A-G1.040-C3,79232,1,740.25,2,140.25,early25,False
A-G1.040-C3,79232,1,742.5,1,2.25,early25,False
A-G1.040-C3,79232,1,747.5,1,5.0,early25,False
A-G1.040-C3,79232,1,753.5,2,6.0,early25,False
A-G1.040-C3,79232,1,758.75,2,5.25,early25,False
A-G1.040-C3,79232,1,766.0,2,7.25,early25,False
A-G1.040-C3,79232,1,772.0,2,6.0,early25,False
A-G1.040-C3,79232,1,794.75,1,22.75,early25,False
A-G1.040-C3,79232,1,799.25,1,4.5,early25,False
A-G1.040-C3,79232,1,803.25,25,4.0,early25,False
A-G1.040-C3,79232,1,804.5,1,1.25,early25,False
A-G1.040-C3,79232,1,805.5,1,1.0,early25,False
A-G1.040-C3,79232,1,814.0,1,8.5,early25,False
A-G1.040-C3,79232,1,818.75,1,4.75,early25,False
A-G1.040-C3,79232,1,820.0,1,1.25,early25,False
A-G1.040-C3,79232,1,823.25,1,3.25,early25,False
A-G1.040-C3,79232,1,848.0,2,24.75,early25,False
A-G1.040-C3,79232,1,851.5,1,3.5,early25,False
A-G1.040-C3,79232,1,853.0,1,1.5,early25,False
A-G1.040-C3,79232,1,854.5,1,1.5,early25,False
A-G1.040-C3,79232,1,858.5,1,4.0,early25,False
A-G1.040-C3,79232,1,862.25,2,3.75,early25,False
A-G1.040-C3,79232,1,865.75,1,3.5,early25,False
A-G1.040-C3,79232,1,867.5,1,1.75,early25,False
A-G1.040-C3,79232,1,871.25,1,3.75,early25,False
A-G1.040-C3,79232,1,900.25,1,29.0,middle50,False
A-G1.040-C3,79232,1,903.0,1,2.75,middle50,False
A-G1.040-C3,79232,1,905.75,1,2.75,middle50,False
A-G1.040-C3,79232,1,910.75,1,5.0,middle50,False
A-G1.040-C3,79232,1,914.0,1,3.25,middle50,False
A-G1.040-C3,79232,1,917.5,2,3.5,middle50,False
A-G1.040-C3,79232,1,924.25,1,6.75,middle50,False
A-G1.040-C3,79232,1,926.25,1,2.0,middle50,False
A-G1.040-C3,79232,1,936.5,1,10.25,middle50,False
A-G1.040-C3,79232,1,1080.75,1,144.25,middle50,False
A-G1.040-C3,79232,1,1084.5,1,3.75,middle50,False
A-G1.040-C3,79232,1,1088.5,2,4.0,middle50,False
A-G1.040-C3,79232,1,1093.25,1,4.75,middle50,False
A-G1.040-C3,79232,1,1095.75,1,2.5,middle50,False
A-G1.040-C3,79232,1,1099.0,1,3.25,middle50,False
A-G1.040-C3,79232,1,1103.0,1,4.0,middle50,False
A-G1.040-C3,79232,1,1106.5,1,3.5,middle50,False
A-G1.040-C3,79232,1,1111.25,1,4.75,middle50,False
A-G1.040-C3,79232,1,1136.25,2,25.0,middle50,False
A-G1.040-C3,79232,1,1141.75,2,5.5,middle50,False
A-G1.040-C3,79232,1,1144.5,15,2.75,middle50,False
A-G1.040-C3,79232,1,1149.25,1,4.75,middle50,False
A-G1.040-C3,79232,1,1150.0,1,0.75,middle50,False
A-G1.040-C3,79232,1,1156.5,1,6.5,middle50,False
A-G1.040-C3,79232,1,1167.75,2,11.25,middle50,False
A-G1.040-C3,79232,1,1188.0,1,20.25,middle50,False
A-G1.040-C3,79232,1,1191.0,1,3.0,middle50,False
A-G1.040-C3,79232,1,1195.25,2,4.25,middle50,False
A-G1.040-C3,79232,1,1198.75,1,3.5,middle50,False
A-G1.040-C3,79232,1,1204.5,1,5.75,middle50,False
A-G1.040-C3,79232,1,1207.5,13,3.0,middle50,False
A-G1.040-C3,79232,1,1212.0,1,4.5,middle50,False
A-G1.040-C3,79232,1,1241.25,1,29.25,late25,False
A-G1.040-C3,79232,1,1245.0,1,3.75,late25,False
A-G1.040-C3,79232,1,1247.0,1,2.0,late25,False
A-G1.040-C3,79232,1,1252.25,1,5.25,late25,False
A-G1.040-C3,79232,1,1256.5,1,4.25,late25,False
A-G1.040-C3,79232,1,1258.25,1,1.75,late25,False
A-G1.040-C3,79232,1,1262.5,1,4.25,late25,False
A-G1.040-C3,79232,1,1264.5,1,2.0,late25,False
A-G1.040-C3,79232,1,1266.25,1,1.75,late25,False
A-G1.040-C3,79232,1,1268.75,1,2.5,late25,False
A-G1.040-C3,79232,1,1277.5,1,8.75,late25,False
A-G1.040-C3,79232,1,1372.5,1,95.0,late25,False
A-G1.040-C3,79232,1,1376.25,1,3.75,late25,False
A-G1.040-C3,79232,1,1378.75,1,2.5,late25,False
A-G1.040-C3,79232,1,1380.75,1,2.0,late25,False
A-G1.040-C3,79232,2,1396.0,1,15.25,early25,False
A-G1.040-C3,79232,2,1398.75,2,2.75,early25,False
A-G1.040-C3,79232,2,1404.75,2,6.0,early25,False
A-G1.040-C3,79232,2,1408.25,3,3.5,early25,False
A-G1.040-C3,79232,2,1411.0,2,2.75,early25,False
A-G1.040-C3,79232,2,1413.0,1,2.0,early25,False
A-G1.040-C3,79232,2,1414.5,1,1.5,early25,False
A-G1.040-C3,79232,2,1415.5,1,1.0,early25,False
A-G1.040-C3,79232,2,1417.25,1,1.75,early25,False
A-G1.040-C3,79232,2,1419.5,2,2.25,early25,False
A-G1.040-C3,79232,2,1421.0,1,1.5,early25,False
A-G1.040-C3,79232,2,1421.5,1,0.5,early25,False
A-G1.040-C3,79232,2,1422.75,1,1.25,early25,False
A-G1.040-C3,79232,2,1424.0,1,1.25,early25,False
A-G1.040-C3,79232,2,1453.75,2,29.75,early25,False
A-G1.040-C3,79232,2,1457.75,2,4.0,early25,False
A-G1.040-C3,79232,2,1462.75,3,5.0,early25,False
A-G1.040-C3,79232,2,1466.5,2,3.75,early25,False
A-G1.040-C3,79232,2,1472.75,2,6.25,early25,False
A-G1.040-C3,79232,2,1477.5,2,4.75,early25,False
A-G1.040-C3,79232,2,1490.25,3,12.75,early25,False
A-G1.040-C3,79232,2,1507.75,2,17.5,early25,False
A-G1.040-C3,79232,2,1516.75,3,9.0,early25,False
A-G1.040-C3,79232,2,1522.5,1,5.75,early25,False
A-G1.040-C3,79232,2,1529.0,1,6.5,early25,False
A-G1.040-C3,79232,2,1532.75,2,3.75,early25,False
A-G1.040-C3,79232,2,1538.25,3,5.5,early25,False
A-G1.040-C3,79232,2,1565.25,2,27.0,middle50,False
A-G1.040-C3,79232,2,1572.0,2,6.75,middle50,False
A-G1.040-C3,79232,2,1580.0,2,8.0,middle50,False
A-G1.040-C3,79232,2,1584.5,3,4.5,middle50,False
A-G1.040-C3,79232,2,1586.75,1,2.25,middle50,False
A-G1.040-C3,79232,2,1589.5,1,2.75,middle50,False
A-G1.040-C3,79232,2,1591.0,1,1.5,middle50,False
A-G1.040-C3,79232,2,1607.0,1,16.0,middle50,False
A-G1.040-C3,79232,2,1744.75,1,137.75,middle50,False
A-G1.040-C3,79232,2,1749.5,2,4.75,middle50,False
A-G1.040-C3,79232,2,1753.0,1,3.5,middle50,False
A-G1.040-C3,79232,2,1757.0,2,4.0,middle50,False
A-G1.040-C3,79232,2,1760.25,1,3.25,middle50,False
A-G1.040-C3,79232,2,1763.25,1,3.0,middle50,False
A-G1.040-C3,79232,2,1767.25,1,4.0,middle50,False
A-G1.040-C3,79232,2,1771.0,2,3.75,middle50,False
A-G1.040-C3,79232,2,1775.5,2,4.5,middle50,False
A-G1.040-C3,79232,2,1800.75,1,25.25,middle50,False
A-G1.040-C3,79232,2,1803.5,1,2.75,middle50,False
A-G1.040-C3,79232,2,1806.5,16,3.0,middle50,False
A-G1.040-C3,79232,2,1810.5,1,4.0,middle50,False
A-G1.040-C3,79232,2,1814.0,1,3.5,middle50,False
A-G1.040-C3,79232,2,1821.75,1,7.75,middle50,False
A-G1.040-C3,79232,2,1826.25,2,4.5,middle50,False
A-G1.040-C3,79232,2,1830.75,1,4.5,middle50,False
A-G1.040-C3,79232,2,1858.5,1,27.75,middle50,False
A-G1.040-C3,79232,2,1863.75,1,5.25,middle50,False
A-G1.040-C3,79232,2,1868.0,1,4.25,middle50,False
A-G1.040-C3,79232,2,1873.25,2,5.25,middle50,False
A-G1.040-C3,79232,2,1881.75,2,8.5,middle50,False
A-G1.040-C3,79232,2,1885.25,1,3.5,middle50,False
A-G1.040-C3,79232,2,1915.5,1,30.25,late25,False
A-G1.040-C3,79232,2,1921.5,1,6.0,late25,False
A-G1.040-C3,79232,2,1927.0,2,5.5,late25,False
A-G1.040-C3,79232,2,1931.75,2,4.75,late25,False
A-G1.040-C3,79232,2,1936.0,1,4.25,late25,False
A-G1.040-C3,79232,2,1938.75,1,2.75,late25,False
A-G1.040-C3,79232,2,1942.75,1,4.0,late25,False
A-G1.040-C3,79232,2,1948.75,1,6.0,late25,False
A-G1.040-C3,79232,2,1954.5,3,5.75,late25,False
A-G1.040-C3,79232,3,2070.25,2,115.75,early25,True
A-G1.040-C3,79232,3,2072.5,2,2.25,early25,True
A-G1.040-C3,79232,3,2077.0,2,4.5,early25,True
A-G1.040-C3,79232,3,2079.75,2,2.75,early25,True
A-G1.040-C3,79232,3,2083.5,1,3.75,early25,True
A-G1.040-C3,79232,3,2086.75,2,3.25,early25,True
A-G1.040-C3,79232,3,2091.0,2,4.25,early25,True
A-G1.040-C3,79232,3,2096.0,2,5.0,early25,True
A-G1.040-C3,79232,3,2100.25,2,4.25,early25,True
A-G1.040-C3,79232,3,2126.0,3,25.75,early25,True
A-G1.040-C3,79232,3,2129.0,1,3.0,early25,True
A-G1.040-C3,79232,3,2132.5,19,3.5,early25,True
A-G1.040-C3,79232,3,2134.75,1,2.25,early25,True
A-G1.040-C3,79232,3,2136.5,1,1.75,early25,True
A-G1.040-C3,79232,3,2139.25,1,2.75,early25,True
A-G1.040-C3,79232,3,2155.0,3,15.75,early25,True
A-G1.040-C3,79232,3,2173.0,1,18.0,early25,True
A-G1.040-C3,79232,3,2177.25,2,4.25,early25,True
A-G1.040-C3,79232,3,2181.75,1,4.5,early25,True
A-G1.040-C3,79232,3,2185.0,2,3.25,early25,True
A-G1.040-C3,79232,3,2190.0,1,5.0,early25,True
A-G1.040-C3,79232,3,2194.75,2,4.75,early25,True
A-G1.040-C3,79232,3,2198.5,1,3.75,early25,True
A-G1.040-C3,79232,3,2203.0,13,4.5,early25,True
A-G1.040-C3,79232,3,2229.75,1,26.75,early25,True
A-G1.040-C3,79232,3,2235.0,1,5.25,early25,True
A-G1.040-C3,79232,3,2236.75,1,1.75,early25,True
A-G1.040-C3,79232,3,2242.25,2,5.5,early25,True
A-G1.040-C3,79232,3,2244.25,1,2.0,early25,True
A-G1.040-C3,79232,3,2249.5,1,5.25,early25,True
A-G1.040-C3,79232,3,2255.0,2,5.5,early25,True
A-G1.040-C3,79232,3,2257.75,1,2.75,early25,True
A-G1.040-C3,79232,3,2276.25,1,18.5,early25,True
A-G1.040-C3,79232,3,2280.5,1,4.25,early25,True
A-G1.040-C3,79232,3,2285.75,1,5.25,early25,True
A-G1.040-C3,79232,3,2287.75,1,2.0,early25,True
A-G1.040-C3,79232,3,2295.25,2,7.5,early25,True
A-G1.040-C3,79232,3,2302.5,1,7.25,early25,True
A-G1.040-C3,79232,3,2335.0,2,32.5,early25,True
A-G1.040-C3,79232,3,2337.0,1,2.0,early25,True
A-G1.040-C3,79232,3,2339.25,1,2.25,early25,True
A-G1.040-C3,79232,3,2343.5,1,4.25,early25,True
A-G1.040-C3,79232,3,2352.25,2,8.75,early25,True
A-G1.040-C3,79232,3,2357.5,1,5.25,early25,True
A-G1.040-C3,79232,3,2366.75,2,9.25,early25,True
A-G1.040-C3,79232,3,2374.25,6,7.5,early25,True
A-G1.040-C3,79232,3,2384.25,1,10.0,early25,True
A-G1.040-C3,79232,3,2387.75,1,3.5,early25,True
A-G1.040-C3,79232,3,2392.0,1,4.25,early25,True
A-G1.040-C3,79232,3,2396.0,1,4.0,early25,True
A-G1.040-C3,79232,3,2399.5,1,3.5,early25,True
A-G1.040-C3,79232,3,2402.5,1,3.0,early25,True
A-G1.040-C3,79232,3,2410.0,10,7.5,early25,True
A-G1.040-C3,79232,3,2441.0,1,31.0,middle50,True
A-G1.040-C3,79232,3,2450.75,1,9.75,middle50,True
A-G1.040-C3,79232,3,2456.5,1,5.75,middle50,True
A-G1.040-C3,79232,3,2461.25,1,4.75,middle50,True
A-G1.040-C3,79232,3,2466.25,1,5.0,middle50,True
A-G1.040-C3,79232,3,2477.25,1,11.0,middle50,True
A-G1.040-C3,79232,3,2491.75,1,14.5,middle50,True
A-G1.040-C3,79232,3,2503.5,1,11.75,middle50,True
A-G1.040-C3,79232,3,2514.0,1,10.5,middle50,True
A-G1.040-C3,79232,3,2546.25,1,32.25,middle50,True
A-G1.040-C3,79232,3,2553.25,1,7.0,middle50,True
A-G1.040-C3,79232,3,2559.5,1,6.25,middle50,True
A-G1.040-C3,79232,3,2564.25,1,4.75,middle50,True
A-G1.040-C3,79232,3,2572.0,1,7.75,middle50,True
A-G1.040-C3,79232,3,2576.75,1,4.75,middle50,True
A-G1.040-C3,79232,3,2591.75,5,15.0,middle50,True
A-G1.040-C3,79232,3,2728.75,1,137.0,middle50,True
A-G1.040-C3,79232,3,2746.5,1,17.75,middle50,True
A-G1.040-C3,79232,3,2783.75,1,37.25,middle50,True
A-G1.040-C3,79232,3,2795.5,1,11.75,middle50,True
A-G1.040-C3,79232,3,2814.75,1,19.25,middle50,True
A-G1.040-C3,79232,3,2825.0,4,10.25,middle50,True
A-G1.040-C3,79232,3,2838.5,1,13.5,middle50,True
A-G1.040-C3,79232,3,2844.25,1,5.75,middle50,True
A-G1.040-C3,79232,3,2850.0,1,5.75,middle50,True
A-G1.040-C3,79232,3,2855.75,1,5.75,middle50,True
A-G1.040-C3,79232,3,2863.0,1,7.25,middle50,True
A-G1.040-C3,79232,3,2897.0,1,34.0,middle50,True
A-G1.040-C3,79232,3,2901.75,1,4.75,middle50,True
A-G1.040-C3,79232,3,2906.25,1,4.5,middle50,True
A-G1.040-C3,79232,3,2914.0,1,7.75,middle50,True
A-G1.040-C3,79232,3,3067.25,1,153.25,middle50,True
A-G1.040-C3,79232,3,3075.25,1,8.0,middle50,True
A-G1.040-C3,79232,3,3080.75,1,5.5,middle50,True
A-G1.040-C3,79232,3,3086.25,1,5.5,middle50,True
A-G1.040-C3,79232,3,3093.5,1,7.25,middle50,True
A-G1.040-C3,79232,3,3123.25,1,29.75,middle50,True
A-G1.040-C3,79232,3,3128.75,1,5.5,middle50,True
A-G1.040-C3,79232,3,3135.25,1,6.5,middle50,True
A-G1.040-C3,79232,3,3141.25,1,6.0,middle50,True
A-G1.040-C3,79232,3,3147.5,1,6.25,middle50,True
A-G1.040-C3,79232,3,3157.0,1,9.5,middle50,True
A-G1.040-C3,79232,3,3176.25,1,19.25,middle50,True
A-G1.040-C3,79232,3,3188.25,1,12.0,middle50,True
A-G1.040-C3,79232,3,3225.75,1,37.5,late25,True
A-G1.040-C3,79232,3,3228.25,4,2.5,late25,True
A-G1.040-C3,79232,3,3231.25,5,3.0,late25,True
A-G1.040-C3,79232,3,3238.25,1,7.0,late25,True
A-G1.040-C3,79232,3,3243.0,1,4.75,late25,True
A-G1.040-C3,79232,3,3250.25,4,7.25,late25,True
A-G1.040-C3,79232,3,3256.0,1,5.75,late25,True
A-G1.040-C3,79232,3,3270.0,3,14.0,late25,True
A-G1.040-C3,79232,3,3411.5,1,141.5,late25,True
A-G1.040-C3,79232,3,3419.0,1,7.5,late25,True
A-G1.040-C3,79232,3,3427.75,1,8.75,late25,True
A-G1.040-C3,79232,3,3454.5,1,26.75,late25,True
A-G1.040-C3,79232,3,3461.75,4,7.25,late25,True
A-G1.040-C3,79232,3,3482.5,1,20.75,late25,True
A-G1.040-C3,79232,3,3502.25,1,19.75,late25,True
A-G1.040-C3,79232,3,3509.75,1,7.5,late25,True
A-G1.040-C3,79232,3,3519.0,1,9.25,late25,True
A-G1.040-C3,79232,3,3522.75,3,3.75,late25,True
A-G1.040-C3,79232,3,3554.5,1,31.75,late25,True
A-G1.040-C3,79232,3,3565.25,1,10.75,late25,True
A-G1.040-C3,79232,3,3575.5,1,10.25,late25,True
A-G1.040-C3,79232,3,3581.25,1,5.75,late25,True
A-G1.040-C3,87151,0,0.25,3,,early25,False
A-G1.040-C3,87151,0,15.0,1,14.75,early25,False
A-G1.040-C3,87151,0,26.25,2,11.25,early25,False
A-G1.040-C3,87151,0,34.25,1,8.0,early25,False
A-G1.040-C3,87151,0,47.75,2,13.5,early25,False
A-G1.040-C3,87151,0,63.0,1,15.25,early25,False
A-G1.040-C3,87151,0,89.5,1,26.5,early25,False
A-G1.040-C3,87151,0,97.0,1,7.5,early25,False
A-G1.040-C3,87151,0,105.5,15,8.5,early25,False
A-G1.040-C3,87151,0,110.25,1,4.75,early25,False
A-G1.040-C3,87151,0,288.25,1,178.0,middle50,False
A-G1.040-C3,87151,0,295.75,1,7.5,middle50,False
A-G1.040-C3,87151,0,299.0,1,3.25,middle50,False
A-G1.040-C3,87151,0,329.25,1,30.25,middle50,False
A-G1.040-C3,87151,0,338.0,1,8.75,middle50,False
A-G1.040-C3,87151,0,340.75,1,2.75,middle50,False
A-G1.040-C3,87151,0,348.5,1,7.75,middle50,False
A-G1.040-C3,87151,0,355.5,1,7.0,middle50,False
A-G1.040-C3,87151,0,382.5,1,27.0,middle50,False
A-G1.040-C3,87151,0,385.0,1,2.5,middle50,False
A-G1.040-C3,87151,0,392.25,1,7.25,middle50,False
A-G1.040-C3,87151,0,395.5,1,3.25,middle50,False
A-G1.040-C3,87151,0,405.5,1,10.0,middle50,False
A-G1.040-C3,87151,0,410.75,1,5.25,middle50,False
A-G1.040-C3,87151,0,437.0,1,26.25,middle50,False
A-G1.040-C3,87151,0,441.5,1,4.5,middle50,False
A-G1.040-C3,87151,0,446.5,1,5.0,late25,False
A-G1.040-C3,87151,0,450.0,1,3.5,late25,False
A-G1.040-C3,87151,0,457.75,1,7.75,late25,False
A-G1.040-C3,87151,0,460.75,1,3.0,late25,False
A-G1.040-C3,87151,0,466.5,1,5.75,late25,False
A-G1.040-C3,87151,1,598.75,2,132.25,early25,False
A-G1.040-C3,87151,1,614.5,1,15.75,early25,False
A-G1.040-C3,87151,1,616.0,1,1.5,early25,False
A-G1.040-C3,87151,1,618.25,1,2.25,early25,False
A-G1.040-C3,87151,1,621.25,1,3.0,early25,False
A-G1.040-C3,87151,1,623.25,1,2.0,early25,False
A-G1.040-C3,87151,1,630.0,2,6.75,early25,False
A-G1.040-C3,87151,1,634.75,1,4.75,early25,False
A-G1.040-C3,87151,1,642.0,3,7.25,early25,False
A-G1.040-C3,87151,1,648.25,2,6.25,early25,False
A-G1.040-C3,87151,1,670.75,1,22.5,early25,False
A-G1.040-C3,87151,1,674.75,2,4.0,early25,False
A-G1.040-C3,87151,1,679.25,11,4.5,early25,False
A-G1.040-C3,87151,1,684.25,2,5.0,early25,False
A-G1.040-C3,87151,1,686.75,1,2.5,early25,False
A-G1.040-C3,87151,1,691.75,1,5.0,early25,False
A-G1.040-C3,87151,1,694.5,1,2.75,early25,False
A-G1.040-C3,87151,1,696.25,1,1.75,early25,False
A-G1.040-C3,87151,1,699.5,1,3.25,early25,False
A-G1.040-C3,87151,1,700.75,1,1.25,early25,False
A-G1.040-C3,87151,1,721.75,1,21.0,early25,False
A-G1.040-C3,87151,1,732.5,2,10.75,early25,False
A-G1.040-C3,87151,1,737.0,1,4.5,early25,False
A-G1.040-C3,87151,1,740.75,2,3.75,early25,False
A-G1.040-C3,87151,1,745.5,1,4.75,early25,False
A-G1.040-C3,87151,1,749.5,1,4.0,early25,False
A-G1.040-C3,87151,1,779.25,1,29.75,middle50,False
A-G1.040-C3,87151,1,784.75,1,5.5,middle50,False
A-G1.040-C3,87151,1,787.5,1,2.75,middle50,False
A-G1.040-C3,87151,1,793.75,2,6.25,middle50,False
A-G1.040-C3,87151,1,797.5,1,3.75,middle50,False
A-G1.040-C3,87151,1,801.5,2,4.0,middle50,False
A-G1.040-C3,87151,1,807.75,1,6.25,middle50,False
A-G1.040-C3,87151,1,820.5,6,12.75,middle50,False
A-G1.040-C3,87151,1,953.5,1,133.0,middle50,False
A-G1.040-C3,87151,1,960.5,1,7.0,middle50,False
A-G1.040-C3,87151,1,964.25,1,3.75,middle50,False
A-G1.040-C3,87151,1,966.5,1,2.25,middle50,False
A-G1.040-C3,87151,1,971.0,1,4.5,middle50,False
A-G1.040-C3,87151,1,977.25,2,6.25,middle50,False
A-G1.040-C3,87151,1,980.75,1,3.5,middle50,False
A-G1.040-C3,87151,1,1008.25,1,27.5,middle50,False
A-G1.040-C3,87151,1,1011.0,1,2.75,middle50,False
A-G1.040-C3,87151,1,1016.75,1,5.75,middle50,False
A-G1.040-C3,87151,1,1018.75,1,2.0,middle50,False
A-G1.040-C3,87151,1,1021.5,1,2.75,middle50,False
A-G1.040-C3,87151,1,1024.0,1,2.5,middle50,False
A-G1.040-C3,87151,1,1027.0,1,3.0,middle50,False
A-G1.040-C3,87151,1,1029.75,1,2.75,middle50,False
A-G1.040-C3,87151,1,1031.25,1,1.5,middle50,False
A-G1.040-C3,87151,1,1037.75,1,6.5,middle50,False
A-G1.040-C3,87151,1,1044.0,1,6.25,middle50,False
A-G1.040-C3,87151,1,1050.25,5,6.25,middle50,False
A-G1.040-C3,87151,1,1062.0,1,11.75,middle50,False
A-G1.040-C3,87151,1,1064.25,1,2.25,middle50,False
A-G1.040-C3,87151,1,1068.75,1,4.5,middle50,False
A-G1.040-C3,87151,1,1076.75,1,8.0,middle50,False
A-G1.040-C3,87151,1,1083.0,1,6.25,middle50,False
A-G1.040-C3,87151,1,1088.75,1,5.75,middle50,False
A-G1.040-C3,87151,1,1119.75,1,31.0,late25,False
A-G1.040-C3,87151,1,1124.5,1,4.75,late25,False
A-G1.040-C3,87151,1,1126.5,1,2.0,late25,False
A-G1.040-C3,87151,1,1129.5,1,3.0,late25,False
A-G1.040-C3,87151,1,1131.75,1,2.25,late25,False
A-G1.040-C3,87151,1,1134.25,1,2.5,late25,False
A-G1.040-C3,87151,1,1138.5,1,4.25,late25,False
A-G1.040-C3,87151,1,1143.25,1,4.75,late25,False
A-G1.040-C3,87151,1,1145.75,1,2.5,late25,False
A-G1.040-C3,87151,1,1154.5,1,8.75,late25,False
A-G1.040-C3,87151,1,1258.75,1,104.25,late25,False
A-G1.040-C3,87151,2,1265.75,2,7.0,early25,False
A-G1.040-C3,87151,2,1276.5,1,10.75,early25,False
A-G1.040-C3,87151,2,1282.0,2,5.5,early25,False
A-G1.040-C3,87151,2,1285.75,2,3.75,early25,False
A-G1.040-C3,87151,2,1289.0,1,3.25,early25,False
A-G1.040-C3,87151,2,1292.0,2,3.0,early25,False
A-G1.040-C3,87151,2,1295.0,2,3.0,early25,False
A-G1.040-C3,87151,2,1299.0,3,4.0,early25,False
A-G1.040-C3,87151,2,1302.25,2,3.25,early25,False
A-G1.040-C3,87151,2,1304.5,1,2.25,early25,False
A-G1.040-C3,87151,2,1307.5,2,3.0,early25,False
A-G1.040-C3,87151,2,1332.75,12,25.25,early25,False
A-G1.040-C3,87151,2,1334.5,1,1.75,early25,False
A-G1.040-C3,87151,2,1337.25,1,2.75,early25,False
A-G1.040-C3,87151,2,1340.0,2,2.75,early25,False
A-G1.040-C3,87151,2,1342.5,1,2.5,early25,False
A-G1.040-C3,87151,2,1347.0,2,4.5,early25,False
A-G1.040-C3,87151,2,1349.0,1,2.0,early25,False
A-G1.040-C3,87151,2,1350.75,1,1.75,early25,False
A-G1.040-C3,87151,2,1356.5,3,5.75,early25,False
A-G1.040-C3,87151,2,1361.75,3,5.25,early25,False
A-G1.040-C3,87151,2,1365.0,1,3.25,early25,False
A-G1.040-C3,87151,2,1372.75,7,7.75,early25,False
A-G1.040-C3,87151,2,1385.5,1,12.75,early25,False
A-G1.040-C3,87151,2,1391.0,3,5.5,early25,False
A-G1.040-C3,87151,2,1393.0,1,2.0,early25,False
A-G1.040-C3,87151,2,1395.25,1,2.25,early25,False
A-G1.040-C3,87151,2,1400.25,1,5.0,early25,False
A-G1.040-C3,87151,2,1406.75,2,6.5,early25,False
A-G1.040-C3,87151,2,1438.0,1,31.25,middle50,False
A-G1.040-C3,87151,2,1441.25,2,3.25,middle50,False
A-G1.040-C3,87151,2,1446.75,2,5.5,middle50,False
A-G1.040-C3,87151,2,1450.5,1,3.75,middle50,False
A-G1.040-C3,87151,2,1456.25,2,5.75,middle50,False
A-G1.040-C3,87151,2,1461.0,3,4.75,middle50,False
A-G1.040-C3,87151,2,1465.5,3,4.5,middle50,False
A-G1.040-C3,87151,2,1616.5,1,151.0,middle50,False
A-G1.040-C3,87151,2,1626.75,2,10.25,middle50,False
A-G1.040-C3,87151,2,1630.5,2,3.75,middle50,False
A-G1.040-C3,87151,2,1634.5,1,4.0,middle50,False
A-G1.040-C3,87151,2,1637.5,1,3.0,middle50,False
A-G1.040-C3,87151,2,1641.5,2,4.0,middle50,False
A-G1.040-C3,87151,2,1646.0,2,4.5,middle50,False
A-G1.040-C3,87151,2,1673.25,1,27.25,middle50,False
A-G1.040-C3,87151,2,1676.25,2,3.0,middle50,False
A-G1.040-C3,87151,2,1679.5,16,3.25,middle50,False
A-G1.040-C3,87151,2,1682.0,1,2.5,middle50,False
A-G1.040-C3,87151,2,1684.25,1,2.25,middle50,False
A-G1.040-C3,87151,2,1687.5,2,3.25,middle50,False
A-G1.040-C3,87151,2,1690.5,1,3.0,middle50,False
A-G1.040-C3,87151,2,1693.75,1,3.25,middle50,False
A-G1.040-C3,87151,2,1697.25,2,3.5,middle50,False
A-G1.040-C3,87151,2,1700.0,1,2.75,middle50,False
A-G1.040-C3,87151,2,1703.0,14,3.0,middle50,False
A-G1.040-C3,87151,2,1715.0,4,12.0,middle50,False
A-G1.040-C3,87151,2,1743.25,1,28.25,middle50,False
A-G1.040-C3,87151,2,1747.75,1,4.5,middle50,False
A-G1.040-C3,87151,2,1750.25,1,2.5,middle50,False
A-G1.040-C3,87151,2,1752.25,1,2.0,middle50,False
A-G1.040-C3,87151,2,1780.0,1,27.75,late25,False
A-G1.040-C3,87151,2,1783.5,1,3.5,late25,False
A-G1.040-C3,87151,2,1786.25,1,2.75,late25,False
A-G1.040-C3,87151,2,1787.0,3,0.75,late25,False
A-G1.040-C3,87151,2,1789.0,1,2.0,late25,False
A-G1.040-C3,87151,2,1794.0,2,5.0,late25,False
A-G1.040-C3,87151,2,1799.75,1,5.75,late25,False
A-G1.040-C3,87151,2,1802.25,1,2.5,late25,False
A-G1.040-C3,87151,2,1806.75,1,4.5,late25,False
A-G1.040-C3,87151,2,1809.75,1,3.0,late25,False
A-G1.040-C3,87151,2,1812.0,1,2.25,late25,False
A-G1.040-C3,87151,2,1821.5,7,9.5,late25,False
A-G1.040-C3,87151,2,1920.5,5,99.0,late25,False
A-G1.040-C3,87151,3,1933.75,10,13.25,early25,True
A-G1.040-C3,87151,3,1939.25,2,5.5,early25,True
A-G1.040-C3,87151,3,1943.5,2,4.25,early25,True
A-G1.040-C3,87151,3,1947.75,3,4.25,early25,True
A-G1.040-C3,87151,3,1950.25,1,2.5,early25,True
A-G1.040-C3,87151,3,1953.75,3,3.5,early25,True
A-G1.040-C3,87151,3,1956.25,1,2.5,early25,True
A-G1.040-C3,87151,3,1958.75,1,2.5,early25,True
A-G1.040-C3,87151,3,1963.5,10,4.75,early25,True
A-G1.040-C3,87151,3,1990.75,2,27.25,early25,True
A-G1.040-C3,87151,3,1993.25,5,2.5,early25,True
A-G1.040-C3,87151,3,1998.0,1,4.75,early25,True
A-G1.040-C3,87151,3,2001.0,2,3.0,early25,True
A-G1.040-C3,87151,3,2004.0,2,3.0,early25,True
A-G1.040-C3,87151,3,2006.25,7,2.25,early25,True
A-G1.040-C3,87151,3,2013.75,2,7.5,early25,True
A-G1.040-C3,87151,3,2020.25,2,6.5,early25,True
A-G1.040-C3,87151,3,2025.75,1,5.5,early25,True
A-G1.040-C3,87151,3,2032.0,3,6.25,early25,True
A-G1.040-C3,87151,3,2042.0,1,10.0,early25,True
A-G1.040-C3,87151,3,2044.5,1,2.5,early25,True
A-G1.040-C3,87151,3,2048.25,1,3.75,early25,True
A-G1.040-C3,87151,3,2052.5,2,4.25,early25,True
A-G1.040-C3,87151,3,2056.0,1,3.5,early25,True
A-G1.040-C3,87151,3,2060.25,1,4.25,early25,True
A-G1.040-C3,87151,3,2063.25,1,3.0,early25,True
A-G1.040-C3,87151,3,2067.0,10,3.75,early25,True
A-G1.040-C3,87151,3,2068.25,2,1.25,early25,True
A-G1.040-C3,87151,3,2068.75,2,0.5,early25,True
A-G1.040-C3,87151,3,2070.5,1,1.75,early25,True
A-G1.040-C3,87151,3,2098.0,1,27.5,early25,True
A-G1.040-C3,87151,3,2100.0,1,2.0,early25,True
A-G1.040-C3,87151,3,2103.75,1,3.75,early25,True
A-G1.040-C3,87151,3,2123.75,2,20.0,early25,True
A-G1.040-C3,87151,3,2127.5,1,3.75,early25,True
A-G1.040-C3,87151,3,2156.5,1,29.0,early25,True
A-G1.040-C3,87151,3,2167.25,2,10.75,early25,True
A-G1.040-C3,87151,3,2175.5,2,8.25,early25,True
A-G1.040-C3,87151,3,2181.75,1,6.25,early25,True
A-G1.040-C3,87151,3,2215.0,2,33.25,early25,True
A-G1.040-C3,87151,3,2220.0,1,5.0,early25,True
A-G1.040-C3,87151,3,2223.0,1,3.0,early25,True
A-G1.040-C3,87151,3,2229.5,1,6.5,early25,True
A-G1.040-C3,87151,3,2232.75,1,3.25,early25,True
A-G1.040-C3,87151,3,2236.0,1,3.25,early25,True
A-G1.040-C3,87151,3,2259.25,2,23.25,early25,True
A-G1.040-C3,87151,3,2263.5,1,4.25,early25,True
A-G1.040-C3,87151,3,2270.5,1,7.0,early25,True
A-G1.040-C3,87151,3,2274.25,1,3.75,early25,True
A-G1.040-C3,87151,3,2281.25,1,7.0,early25,True
A-G1.040-C3,87151,3,2285.0,1,3.75,early25,True
A-G1.040-C3,87151,3,2287.75,1,2.75,early25,True
A-G1.040-C3,87151,3,2314.0,6,26.25,early25,True
A-G1.040-C3,87151,3,2318.5,1,4.5,early25,True
A-G1.040-C3,87151,3,2326.0,1,7.5,early25,True
A-G1.040-C3,87151,3,2336.5,1,10.5,early25,True
A-G1.040-C3,87151,3,2341.0,1,4.5,middle50,True
A-G1.040-C3,87151,3,2344.25,1,3.25,middle50,True
A-G1.040-C3,87151,3,2353.0,2,8.75,middle50,True
A-G1.040-C3,87151,3,2497.5,1,144.5,middle50,True
A-G1.040-C3,87151,3,2504.5,1,7.0,middle50,True
A-G1.040-C3,87151,3,2513.75,1,9.25,middle50,True
A-G1.040-C3,87151,3,2515.0,1,1.25,middle50,True
A-G1.040-C3,87151,3,2545.5,1,30.5,middle50,True
A-G1.040-C3,87151,3,2549.25,1,3.75,middle50,True
A-G1.040-C3,87151,3,2555.75,1,6.5,middle50,True
A-G1.040-C3,87151,3,2561.5,1,5.75,middle50,True
A-G1.040-C3,87151,3,2565.25,6,3.75,middle50,True
A-G1.040-C3,87151,3,2569.5,1,4.25,middle50,True
A-G1.040-C3,87151,3,2600.75,1,31.25,middle50,True
A-G1.040-C3,87151,3,2607.75,1,7.0,middle50,True
A-G1.040-C3,87151,3,2613.5,1,5.75,middle50,True
A-G1.040-C3,87151,3,2617.75,1,4.25,middle50,True
A-G1.040-C3,87151,3,2620.25,3,2.5,middle50,True
A-G1.040-C3,87151,3,2621.25,1,1.0,middle50,True
A-G1.040-C3,87151,3,2655.25,1,34.0,middle50,True
A-G1.040-C3,87151,3,2660.5,1,5.25,middle50,True
A-G1.040-C3,87151,3,2669.5,1,9.0,middle50,True
A-G1.040-C3,87151,3,2676.0,1,6.5,middle50,True
A-G1.040-C3,87151,3,2686.0,1,10.0,middle50,True
A-G1.040-C3,87151,3,2833.25,1,147.25,middle50,True
A-G1.040-C3,87151,3,2845.25,1,12.0,middle50,True
A-G1.040-C3,87151,3,2851.75,1,6.5,middle50,True
A-G1.040-C3,87151,3,2859.75,1,8.0,middle50,True
A-G1.040-C3,87151,3,2888.5,1,28.75,middle50,True
A-G1.040-C3,87151,3,2903.0,5,14.5,middle50,True
A-G1.040-C3,87151,3,2918.0,1,15.0,middle50,True
A-G1.040-C3,87151,3,2938.0,1,20.0,middle50,True
A-G1.040-C3,87151,3,2947.25,1,9.25,middle50,True
A-G1.040-C3,87151,3,2957.75,1,10.5,middle50,True
A-G1.040-C3,87151,3,2996.0,1,38.25,middle50,True
A-G1.040-C3,87151,3,3001.0,1,5.0,middle50,True
A-G1.040-C3,87151,3,3014.5,1,13.5,middle50,True
A-G1.040-C3,87151,3,3021.25,1,6.75,middle50,True
A-G1.040-C3,87151,3,3036.5,3,15.25,middle50,True
A-G1.040-C3,87151,3,3177.5,1,141.0,middle50,True
A-G1.040-C3,87151,3,3190.0,1,12.5,late25,True
A-G1.040-C3,87151,3,3199.5,1,9.5,late25,True
A-G1.040-C3,87151,3,3228.75,1,29.25,late25,True
A-G1.040-C3,87151,3,3237.0,3,8.25,late25,True
A-G1.040-C3,87151,3,3239.25,1,2.25,late25,True
A-G1.040-C3,87151,3,3253.5,1,14.25,late25,True
A-G1.040-C3,87151,3,3274.25,1,20.75,late25,True
A-G1.040-C3,87151,3,3286.75,1,12.5,late25,True
A-G1.040-C3,87151,3,3291.0,1,4.25,late25,True
A-G1.040-C3,87151,3,3334.25,1,43.25,late25,True
A-G1.040-C3,87151,3,3338.5,1,4.25,late25,True
A-G1.040-C3,87151,3,3346.75,1,8.25,late25,True
A-G1.040-C3,87151,3,3362.25,1,15.5,late25,True
A-G1.040-C3,87151,3,3371.5,2,9.25,late25,True
A-G1.040-C3,87151,3,3509.75,1,138.25,late25,True
A-G1.040-C3,87151,3,3529.0,1,19.25,late25,True
A-G1.040-C3,87151,3,3538.0,1,9.0,late25,True
A-G1.040-C3,87151,3,3567.75,3,29.75,late25,True
A-G1.040-C3,87151,3,3580.75,1,13.0,late25,True
A-G1.040-C3,87151,3,3590.25,1,9.5,late25,True
A-G1.040-C3,95070,0,0.25,3,,early25,False
A-G1.040-C3,95070,0,15.0,1,14.75,early25,False
A-G1.040-C3,95070,0,26.25,2,11.25,early25,False
A-G1.040-C3,95070,0,34.25,1,8.0,early25,False
A-G1.040-C3,95070,0,47.75,2,13.5,early25,False
A-G1.040-C3,95070,0,63.0,1,15.25,early25,False
A-G1.040-C3,95070,0,89.5,1,26.5,early25,False
A-G1.040-C3,95070,0,97.0,1,7.5,early25,False
A-G1.040-C3,95070,0,105.5,15,8.5,early25,False
A-G1.040-C3,95070,0,110.75,1,5.25,early25,False
A-G1.040-C3,95070,0,290.25,1,179.5,middle50,False
A-G1.040-C3,95070,0,297.5,1,7.25,middle50,False
A-G1.040-C3,95070,0,329.5,1,32.0,middle50,False
A-G1.040-C3,95070,0,331.5,1,2.0,middle50,False
A-G1.040-C3,95070,0,335.5,1,4.0,middle50,False
A-G1.040-C3,95070,0,342.75,1,7.25,middle50,False
A-G1.040-C3,95070,0,349.0,1,6.25,middle50,False
A-G1.040-C3,95070,0,350.25,1,1.25,middle50,False
A-G1.040-C3,95070,0,354.25,1,4.0,middle50,False
A-G1.040-C3,95070,0,385.0,1,30.75,middle50,False
A-G1.040-C3,95070,0,390.25,1,5.25,middle50,False
A-G1.040-C3,95070,0,396.5,1,6.25,middle50,False
A-G1.040-C3,95070,0,400.25,1,3.75,middle50,False
A-G1.040-C3,95070,0,406.75,1,6.5,middle50,False
A-G1.040-C3,95070,0,412.75,1,6.0,middle50,False
A-G1.040-C3,95070,0,443.25,1,30.5,late25,False
A-G1.040-C3,95070,0,448.75,1,5.5,late25,False
A-G1.040-C3,95070,0,452.75,1,4.0,late25,False
A-G1.040-C3,95070,0,457.0,1,4.25,late25,False
A-G1.040-C3,95070,0,460.5,1,3.5,late25,False
A-G1.040-C3,95070,0,466.75,1,6.25,late25,False
A-G1.040-C3,95070,1,606.5,1,139.75,early25,False
A-G1.040-C3,95070,1,610.0,1,3.5,early25,False
A-G1.040-C3,95070,1,614.5,1,4.5,early25,False
A-G1.040-C3,95070,1,624.0,2,9.5,early25,False
A-G1.040-C3,95070,1,664.25,1,40.25,early25,False
A-G1.040-C3,95070,1,669.0,2,4.75,early25,False
A-G1.040-C3,95070,1,671.25,1,2.25,early25,False
A-G1.040-C3,95070,1,676.5,2,5.25,early25,False
A-G1.040-C3,95070,1,683.0,2,6.5,early25,False
A-G1.040-C3,95070,1,688.25,2,5.25,early25,False
A-G1.040-C3,95070,1,693.25,2,5.0,early25,False
A-G1.040-C3,95070,1,730.75,2,37.5,early25,False
A-G1.040-C3,95070,1,735.25,1,4.5,early25,False
A-G1.040-C3,95070,1,740.25,2,5.0,early25,False
A-G1.040-C3,95070,1,747.75,2,7.5,early25,False
A-G1.040-C3,95070,1,776.25,1,28.5,middle50,False
A-G1.040-C3,95070,1,779.75,1,3.5,middle50,False
A-G1.040-C3,95070,1,784.5,2,4.75,middle50,False
A-G1.040-C3,95070,1,788.5,21,4.0,middle50,False
A-G1.040-C3,95070,1,794.5,2,6.0,middle50,False
A-G1.040-C3,95070,1,798.5,1,4.0,middle50,False
A-G1.040-C3,95070,1,810.5,2,12.0,middle50,False
A-G1.040-C3,95070,1,957.4999999999,1,146.99999999989996,middle50,False
A-G1.040-C3,95070,1,964.4999999999,1,7.0,middle50,False
A-G1.040-C3,95070,1,966.7499999999,1,2.25,middle50,False
A-G1.040-C3,95070,1,970.4999999999,1,3.75,middle50,False
A-G1.040-C3,95070,1,975.4999999999,1,5.0,middle50,False
A-G1.040-C3,95070,1,979.2499999999,2,3.75,middle50,False
A-G1.040-C3,95070,1,1006.2499999999,1,27.0,middle50,False
A-G1.040-C3,95070,1,1010.2499999999,1,4.0,middle50,False
A-G1.040-C3,95070,1,1013.7499999999,2,3.5,middle50,False
A-G1.040-C3,95070,1,1019.2499999999,2,5.5,middle50,False
A-G1.040-C3,95070,1,1021.9999999999,16,2.75,middle50,False
A-G1.040-C3,95070,1,1025.7499999999,1,3.75,middle50,False
A-G1.040-C3,95070,1,1027.4999999999,1,1.75,middle50,False
A-G1.040-C3,95070,1,1029.7499999999,1,2.25,middle50,False
A-G1.040-C3,95070,1,1033.4999999999,1,3.75,middle50,False
A-G1.040-C3,95070,1,1042.7499999999,1,9.25,middle50,False
A-G1.040-C3,95070,1,1061.2499999999,1,18.5,middle50,False
A-G1.040-C3,95070,1,1063.4999999999,1,2.25,middle50,False
A-G1.040-C3,95070,1,1068.2499999999,1,4.75,middle50,False
A-G1.040-C3,95070,1,1076.4999999999,2,8.25,middle50,False
A-G1.040-C3,95070,1,1079.2499999999,1,2.75,middle50,False
A-G1.040-C3,95070,1,1083.2499999999,1,4.0,middle50,False
A-G1.040-C3,95070,1,1086.4999999999,1,3.25,middle50,False
A-G1.040-C3,95070,1,1114.4999999999,1,28.0,late25,False
A-G1.040-C3,95070,1,1121.4999999999,2,7.0,late25,False
A-G1.040-C3,95070,1,1124.2499999999,1,2.75,late25,False
A-G1.040-C3,95070,1,1128.7499999999,1,4.5,late25,False
A-G1.040-C3,95070,1,1130.9999999999,1,2.25,late25,False
A-G1.040-C3,95070,1,1135.2499999999,1,4.25,late25,False
A-G1.040-C3,95070,1,1138.7499999999,1,3.5,late25,False
A-G1.040-C3,95070,1,1141.9999999999,1,3.25,late25,False
A-G1.040-C3,95070,1,1150.4999999999,1,8.5,late25,False
A-G1.040-C3,95070,1,1156.2499999999,4,5.75,late25,False
A-G1.040-C3,95070,1,1252.2499999999,3,96.0,late25,False
A-G1.040-C3,95070,1,1255.4999999999,1,3.25,late25,False
A-G1.040-C3,95070,2,1270.4999999999,1,15.0,early25,False
A-G1.040-C3,95070,2,1271.9999999999,1,1.5,early25,False
A-G1.040-C3,95070,2,1274.4999999999,2,2.5,early25,False
A-G1.040-C3,95070,2,1276.4999999999,1,2.0,early25,False
A-G1.040-C3,95070,2,1278.9999999999,2,2.5,early25,False
A-G1.040-C3,95070,2,1282.4999999999,2,3.5,early25,False
A-G1.040-C3,95070,2,1283.2499999999,1,0.75,early25,False
A-G1.040-C3,95070,2,1285.7499999999,1,2.5,early25,False
A-G1.040-C3,95070,2,1288.7499999999,5,3.0,early25,False
A-G1.040-C3,95070,2,1293.9999999999,2,5.25,early25,False
A-G1.040-C3,95070,2,1299.9999999999,1,6.0,early25,False
A-G1.040-C3,95070,2,1330.4999999999,2,30.5,early25,False
A-G1.040-C3,95070,2,1333.7499999999,1,3.25,early25,False
A-G1.040-C3,95070,2,1335.9999999999,1,2.25,early25,False
A-G1.040-C3,95070,2,1340.9999999999,2,5.0,early25,False
A-G1.040-C3,95070,2,1346.7499999999,3,5.75,early25,False
A-G1.040-C3,95070,2,1347.9999999999,1,1.25,early25,False
A-G1.040-C3,95070,2,1351.7499999999,2,3.75,early25,False
A-G1.040-C3,95070,2,1355.4999999999,1,3.75,early25,False
A-G1.040-C3,95070,2,1364.9999999999,4,9.5,early25,False
A-G1.040-C3,95070,2,1371.2499999999,7,6.25,early25,False
A-G1.040-C3,95070,2,1381.9999999999,5,10.75,early25,False
A-G1.040-C3,95070,2,1385.4999999999,2,3.5,early25,False
A-G1.040-C3,95070,2,1390.7499999999,1,5.25,early25,False
A-G1.040-C3,95070,2,1395.7499999999,2,5.0,early25,False
A-G1.040-C3,95070,2,1400.9999999999,2,5.25,early25,False
A-G1.040-C3,95070,2,1404.9999999999,3,4.0,early25,False
A-G1.040-C3,95070,2,1410.2499999999,5,5.25,early25,False
A-G1.040-C3,95070,2,1438.4999999999,5,28.25,early25,False
A-G1.040-C3,95070,2,1440.4999999999,1,2.0,early25,False
A-G1.040-C3,95070,2,1442.9999999999,2,2.5,early25,False
A-G1.040-C3,95070,2,1443.7499999999,4,0.75,early25,False
A-G1.040-C3,95070,2,1446.2499999999,4,2.5,early25,False
A-G1.040-C3,95070,2,1447.9999999999,4,1.75,early25,False
A-G1.040-C3,95070,2,1450.7499999999,1,2.75,early25,False
A-G1.040-C3,95070,2,1454.9999999999,2,4.25,early25,False
A-G1.040-C3,95070,2,1457.2499999999,1,2.25,early25,False
A-G1.040-C3,95070,2,1460.4999999999,1,3.25,early25,False
A-G1.040-C3,95070,2,1463.4999999999,1,3.0,early25,False
A-G1.040-C3,95070,2,1466.4999999999,1,3.0,early25,False
A-G1.040-C3,95070,2,1614.2499999999,1,147.75,middle50,False
A-G1.040-C3,95070,2,1616.2499999999,1,2.0,middle50,False
A-G1.040-C3,95070,2,1617.9999999999,1,1.75,middle50,False
A-G1.040-C3,95070,2,1623.7499999999,2,5.75,middle50,False
A-G1.040-C3,95070,2,1627.9999999999,1,4.25,middle50,False
A-G1.040-C3,95070,2,1630.7499999999,1,2.75,middle50,False
A-G1.040-C3,95070,2,1633.9999999999,1,3.25,middle50,False
A-G1.040-C3,95070,2,1637.2499999999,1,3.25,middle50,False
A-G1.040-C3,95070,2,1640.9999999999,1,3.75,middle50,False
A-G1.040-C3,95070,2,1644.2499999999,1,3.25,middle50,False
A-G1.040-C3,95070,2,1646.4999999999,1,2.25,middle50,False
A-G1.040-C3,95070,2,1671.2499999999,1,24.75,middle50,False
A-G1.040-C3,95070,2,1673.9999999999,12,2.75,middle50,False
A-G1.040-C3,95070,2,1676.2499999999,1,2.25,middle50,False
A-G1.040-C3,95070,2,1685.2499999999,1,9.0,middle50,False
A-G1.040-C3,95070,2,1687.4999999999,1,2.25,middle50,False
A-G1.040-C3,95070,2,1691.9999999999,2,4.5,middle50,False
A-G1.040-C3,95070,2,1697.9999999999,1,6.0,middle50,False
A-G1.040-C3,95070,2,1702.4999999999,2,4.5,middle50,False
A-G1.040-C3,95070,2,1728.7499999999,2,26.25,middle50,False
A-G1.040-C3,95070,2,1730.4999999999,1,1.75,middle50,False
A-G1.040-C3,95070,2,1735.2499999999,1,4.75,middle50,False
A-G1.040-C3,95070,2,1739.4999999999,2,4.25,middle50,False
A-G1.040-C3,95070,2,1745.2499999999,1,5.75,middle50,False
A-G1.040-C3,95070,2,1748.7499999999,1,3.5,middle50,False
A-G1.040-C3,95070,2,1753.9999999999,1,5.25,middle50,False
A-G1.040-C3,95070,2,1781.9999999999,1,28.0,middle50,False
A-G1.040-C3,95070,2,1784.9999999999,1,3.0,middle50,False
A-G1.040-C3,95070,2,1787.7499999999,2,2.75,middle50,False
A-G1.040-C3,95070,2,1790.4999999999,1,2.75,middle50,False
A-G1.040-C3,95070,2,1795.9999999999,2,5.5,middle50,False
A-G1.040-C3,95070,2,1804.25,2,8.250000000100044,middle50,False
A-G1.040-C3,95070,2,1809.25,2,5.0,middle50,False
A-G1.040-C3,95070,2,1820.75,1,11.5,middle50,False
A-G1.040-C3,95070,2,1946.0,2,125.25,middle50,False
A-G1.040-C3,95070,2,1951.0,1,5.0,middle50,False
A-G1.040-C3,95070,2,1954.25,1,3.25,middle50,False
A-G1.040-C3,95070,2,1959.0,1,4.75,middle50,False
A-G1.040-C3,95070,2,1962.25,1,3.25,middle50,False
A-G1.040-C3,95070,2,1966.0,1,3.75,middle50,False
A-G1.040-C3,95070,2,1969.25,1,3.25,middle50,False
A-G1.040-C3,95070,2,1975.5,1,6.25,middle50,False
A-G1.040-C3,95070,2,2000.25,1,24.75,late25,False
A-G1.040-C3,95070,2,2003.0,1,2.75,late25,False
A-G1.040-C3,95070,2,2006.0,9,3.0,late25,False
A-G1.040-C3,95070,2,2011.5,1,5.5,late25,False
A-G1.040-C3,95070,2,2017.25,1,5.75,late25,False
A-G1.040-C3,95070,2,2019.5,1,2.25,late25,False
A-G1.040-C3,95070,2,2029.75,1,10.25,late25,False
A-G1.040-C3,95070,2,2038.5,3,8.75,late25,False
A-G1.040-C3,95070,2,2048.0,1,9.5,late25,False
A-G1.040-C3,95070,2,2048.75,1,0.75,late25,False
A-G1.040-C3,95070,2,2052.25,1,3.5,late25,False
A-G1.040-C3,95070,2,2057.0,1,4.75,late25,False
A-G1.040-C3,95070,2,2063.75,1,6.75,late25,False
A-G1.040-C3,95070,2,2066.25,1,2.5,late25,False
A-G1.040-C3,95070,2,2073.5,1,7.25,late25,False
A-G1.040-C3,95070,2,2108.0,1,34.5,late25,False
A-G1.040-C3,95070,2,2110.25,2,2.25,late25,False
A-G1.040-C3,95070,2,2117.0,1,6.75,late25,False
A-G1.040-C3,95070,2,2120.5,1,3.5,late25,False
A-G1.040-C3,95070,2,2128.25,1,7.75,late25,False
A-G1.040-C3,95070,2,2132.75,1,4.5,late25,False
A-G1.040-C3,95070,2,2240.5,1,107.75,late25,False
A-G1.040-C3,95070,3,2256.5,1,16.0,early25,True
A-G1.040-C3,95070,3,2260.75,1,4.25,early25,True
A-G1.040-C3,95070,3,2262.5,1,1.75,early25,True
A-G1.040-C3,95070,3,2266.5,2,4.0,early25,True
A-G1.040-C3,95070,3,2270.0,1,3.5,early25,True
A-G1.040-C3,95070,3,2272.75,1,2.75,early25,True
A-G1.040-C3,95070,3,2276.5,1,3.75,early25,True
A-G1.040-C3,95070,3,2281.0,2,4.5,early25,True
A-G1.040-C3,95070,3,2284.75,1,3.75,early25,True
A-G1.040-C3,95070,3,2289.0,2,4.25,early25,True
A-G1.040-C3,95070,3,2313.75,1,24.75,early25,True
A-G1.040-C3,95070,3,2317.5,12,3.75,early25,True
A-G1.040-C3,95070,3,2325.25,1,7.75,early25,True
A-G1.040-C3,95070,3,2329.5,1,4.25,early25,True
A-G1.040-C3,95070,3,2335.75,2,6.25,early25,True
A-G1.040-C3,95070,3,2344.0,1,8.25,early25,True
A-G1.040-C3,95070,3,2359.25,1,15.25,early25,True
A-G1.040-C3,95070,3,2364.0,1,4.75,early25,True
A-G1.040-C3,95070,3,2369.75,2,5.75,early25,True
A-G1.040-C3,95070,3,2377.25,1,7.5,early25,True
A-G1.040-C3,95070,3,2386.5,1,9.25,early25,True
A-G1.040-C3,95070,3,2420.0,2,33.5,early25,True
A-G1.040-C3,95070,3,2426.25,2,6.25,early25,True
A-G1.040-C3,95070,3,2434.5,2,8.25,early25,True
A-G1.040-C3,95070,3,2439.0,1,4.5,early25,True
A-G1.040-C3,95070,3,2445.25,2,6.25,early25,True
A-G1.040-C3,95070,3,2462.0,6,16.75,early25,True
A-G1.040-C3,95070,3,2471.5,1,9.5,early25,True
A-G1.040-C3,95070,3,2475.0,1,3.5,early25,True
A-G1.040-C3,95070,3,2478.5,1,3.5,early25,True
A-G1.040-C3,95070,3,2485.0,1,6.5,early25,True
A-G1.040-C3,95070,3,2489.0,1,4.0,early25,True
A-G1.040-C3,95070,3,2492.0,1,3.0,early25,True
A-G1.040-C3,95070,3,2495.25,7,3.25,early25,True
A-G1.040-C3,95070,3,2498.5,1,3.25,early25,True
A-G1.040-C3,95070,3,2530.25,4,31.75,early25,True
A-G1.040-C3,95070,3,2534.25,1,4.0,early25,True
A-G1.040-C3,95070,3,2538.0,2,3.75,early25,True
A-G1.040-C3,95070,3,2540.25,4,2.25,early25,True
A-G1.040-C3,95070,3,2545.75,4,5.5,early25,True
A-G1.040-C3,95070,3,2554.25,1,8.5,early25,True
A-G1.040-C3,95070,3,2564.0,4,9.75,early25,True
A-G1.040-C3,95070,3,2571.25,4,7.25,early25,True
A-G1.040-C3,95070,3,2706.75,2,135.5,middle50,True
A-G1.040-C3,95070,3,2716.0,1,9.25,middle50,True
A-G1.040-C3,95070,3,2721.75,1,5.75,middle50,True
A-G1.040-C3,95070,3,2734.75,1,13.0,middle50,True
A-G1.040-C3,95070,3,2762.5,1,27.75,middle50,True
A-G1.040-C3,95070,3,2767.5,1,5.0,middle50,True
A-G1.040-C3,95070,3,2771.0,1,3.5,middle50,True
A-G1.040-C3,95070,3,2773.0,4,2.0,middle50,True
A-G1.040-C3,95070,3,2776.0,1,3.0,middle50,True
A-G1.040-C3,95070,3,2778.0,3,2.0,middle50,True
A-G1.040-C3,95070,3,2780.0,3,2.0,middle50,True
A-G1.040-C3,95070,3,2783.75,1,3.75,middle50,True
A-G1.040-C3,95070,3,2788.0,1,4.25,middle50,True
A-G1.040-C3,95070,3,2793.25,1,5.25,middle50,True
A-G1.040-C3,95070,3,2814.0,3,20.75,middle50,True
A-G1.040-C3,95070,3,2818.5,1,4.5,middle50,True
A-G1.040-C3,95070,3,2833.25,1,14.75,middle50,True
A-G1.040-C3,95070,3,2840.5,1,7.25,middle50,True
A-G1.040-C3,95070,3,2875.0,1,34.5,middle50,True
A-G1.040-C3,95070,3,2885.25,1,10.25,middle50,True
A-G1.040-C3,95070,3,2895.75,1,10.5,middle50,True
A-G1.040-C3,95070,3,3039.25,1,143.5,middle50,True
A-G1.040-C3,95070,3,3044.5,1,5.25,middle50,True
A-G1.040-C3,95070,3,3055.25,1,10.75,middle50,True
A-G1.040-C3,95070,3,3058.0,1,2.75,middle50,True
A-G1.040-C3,95070,3,3089.25,1,31.25,middle50,True
A-G1.040-C3,95070,3,3094.0,1,4.75,middle50,True
A-G1.040-C3,95070,3,3099.75,1,5.75,middle50,True
A-G1.040-C3,95070,3,3105.25,1,5.5,middle50,True
A-G1.040-C3,95070,3,3109.75,4,4.5,middle50,True
A-G1.040-C3,95070,3,3117.25,1,7.5,middle50,True
A-G1.040-C3,95070,3,3120.5,4,3.25,middle50,True
A-G1.040-C3,95070,3,3133.75,2,13.25,middle50,True
A-G1.040-C3,95070,3,3143.5,1,9.75,middle50,True
A-G1.040-C3,95070,3,3152.5,1,9.0,middle50,True
A-G1.040-C3,95070,3,3165.75,1,13.25,middle50,True
A-G1.040-C3,95070,3,3173.75,1,8.0,middle50,True
A-G1.040-C3,95070,3,3201.5,1,27.75,middle50,True
A-G1.040-C3,95070,3,3215.0,3,13.5,middle50,True
A-G1.040-C3,95070,3,3224.75,1,9.75,middle50,True
A-G1.040-C3,95070,3,3242.75,3,18.0,middle50,True
A-G1.040-C3,95070,3,3379.25,1,136.5,late25,True
A-G1.040-C3,95070,3,3390.25,1,11.0,late25,True
A-G1.040-C3,95070,3,3420.25,1,30.0,late25,True
A-G1.040-C3,95070,3,3425.25,3,5.0,late25,True
A-G1.040-C3,95070,3,3428.0,1,2.75,late25,True
A-G1.040-C3,95070,3,3442.5,1,14.5,late25,True
A-G1.040-C3,95070,3,3455.5,1,13.0,late25,True
A-G1.040-C3,95070,3,3475.5,1,20.0,late25,True
A-G1.040-C3,95070,3,3484.0,1,8.5,late25,True
A-G1.040-C3,95070,3,3489.25,2,5.25,late25,True
A-G1.040-C3,95070,3,3492.75,1,3.5,late25,True
A-G1.040-C3,95070,3,3530.0,1,37.25,late25,True
A-G1.040-C3,95070,3,3535.25,1,5.25,late25,True
A-G1.040-C3,95070,3,3546.0,1,10.75,late25,True
A-G1.040-C3,95070,3,3561.75,1,15.75,late25,True
A-G1.040-C3,102989,0,0.25,3,,early25,False
A-G1.040-C3,102989,0,15.0,1,14.75,early25,False
A-G1.040-C3,102989,0,26.25,2,11.25,early25,False
A-G1.040-C3,102989,0,34.25,1,8.0,early25,False
A-G1.040-C3,102989,0,47.75,2,13.5,early25,False
A-G1.040-C3,102989,0,63.0,1,15.25,early25,False
A-G1.040-C3,102989,0,89.5,1,26.5,early25,False
A-G1.040-C3,102989,0,97.0,1,7.5,early25,False
A-G1.040-C3,102989,0,105.5,15,8.5,early25,False
A-G1.040-C3,102989,0,292.5,1,187.0,middle50,False
A-G1.040-C3,102989,0,298.0,1,5.5,middle50,False
A-G1.040-C3,102989,0,304.5,1,6.5,middle50,False
A-G1.040-C3,102989,0,328.75,1,24.25,middle50,False
A-G1.040-C3,102989,0,340.75,2,12.0,middle50,False
A-G1.040-C3,102989,0,347.25,1,6.5,middle50,False
A-G1.040-C3,102989,0,350.75,1,3.5,middle50,False
A-G1.040-C3,102989,0,355.75,1,5.0,middle50,False
A-G1.040-C3,102989,0,362.0,12,6.25,middle50,False
A-G1.040-C3,102989,0,411.25,1,49.25,middle50,False
A-G1.040-C3,102989,0,441.0,1,29.75,middle50,False
A-G1.040-C3,102989,0,444.75,1,3.75,middle50,False
A-G1.040-C3,102989,0,450.75,1,6.0,middle50,False
A-G1.040-C3,102989,0,457.0,1,6.25,middle50,False
A-G1.040-C3,102989,0,459.75,1,2.75,middle50,False
A-G1.040-C3,102989,0,465.25,1,5.5,middle50,False
A-G1.040-C3,102989,0,469.75,1,4.5,middle50,False
A-G1.040-C3,102989,0,608.5,1,138.75,middle50,False
A-G1.040-C3,102989,0,613.75,1,5.25,middle50,False
A-G1.040-C3,102989,0,621.25,1,7.5,middle50,False
A-G1.040-C3,102989,0,626.0,1,4.75,middle50,False
A-G1.040-C3,102989,0,630.75,1,4.75,middle50,False
A-G1.040-C3,102989,0,636.5,1,5.75,middle50,False
A-G1.040-C3,102989,0,665.25,1,28.75,middle50,False
A-G1.040-C3,102989,0,671.75,1,6.5,middle50,False
A-G1.040-C3,102989,0,676.0,1,4.25,middle50,False
A-G1.040-C3,102989,0,680.5,1,4.5,middle50,False
A-G1.040-C3,102989,0,684.25,1,3.75,middle50,False
A-G1.040-C3,102989,0,687.5,1,3.25,middle50,False
A-G1.040-C3,102989,0,692.25,1,4.75,late25,False
A-G1.040-C3,102989,0,695.0,1,2.75,late25,False
A-G1.040-C3,102989,0,718.75,1,23.75,late25,False
A-G1.040-C3,102989,0,723.0,1,4.25,late25,False
A-G1.040-C3,102989,0,727.5,1,4.5,late25,False
A-G1.040-C3,102989,0,734.5,1,7.0,late25,False
A-G1.040-C3,102989,0,739.75,1,5.25,late25,False
A-G1.040-C3,102989,0,747.0,1,7.25,late25,False
A-G1.040-C3,102989,0,775.0,1,28.0,late25,False
A-G1.040-C3,102989,0,779.25,1,4.25,late25,False
A-G1.040-C3,102989,0,783.0,1,3.75,late25,False
A-G1.040-C3,102989,0,789.0,1,6.0,late25,False
A-G1.040-C3,102989,0,793.5,1,4.5,late25,False
A-G1.040-C3,102989,0,797.0,1,3.5,late25,False
A-G1.040-C3,102989,0,801.25,1,4.25,late25,False
A-G1.040-C3,102989,0,811.0,1,9.75,late25,False
A-G1.040-C3,102989,0,903.75,1,92.75,late25,False
A-G1.040-C3,102989,0,908.75,1,5.0,late25,False
A-G1.040-C3,102989,0,914.75,1,6.0,late25,False
A-G1.040-C3,102989,1,933.25,1,18.5,early25,False
A-G1.040-C3,102989,1,937.5,1,4.25,early25,False
A-G1.040-C3,102989,1,940.25,1,2.75,early25,False
A-G1.040-C3,102989,1,942.5,1,2.25,early25,False
A-G1.040-C3,102989,1,945.0,1,2.5,early25,False
A-G1.040-C3,102989,1,947.25,1,2.25,early25,False
A-G1.040-C3,102989,1,949.0,1,1.75,early25,False
A-G1.040-C3,102989,1,952.25,1,3.25,early25,False
A-G1.040-C3,102989,1,959.0,1,6.75,early25,False
A-G1.040-C3,102989,1,962.0,1,3.0,early25,False
A-G1.040-C3,102989,1,992.5,1,30.5,early25,False
A-G1.040-C3,102989,1,996.0,2,3.5,early25,False
A-G1.040-C3,102989,1,1001.75,2,5.75,early25,False
A-G1.040-C3,102989,1,1005.0,1,3.25,early25,False
A-G1.040-C3,102989,1,1009.25,1,4.25,early25,False
A-G1.040-C3,102989,1,1012.0,1,2.75,early25,False
A-G1.040-C3,102989,1,1015.0,2,3.0,early25,False
A-G1.040-C3,102989,1,1017.75,1,2.75,early25,False
A-G1.040-C3,102989,1,1021.0,1,3.25,early25,False
A-G1.040-C3,102989,1,1028.25,1,7.25,early25,False
A-G1.040-C3,102989,1,1164.25,1,136.0,middle50,False
A-G1.040-C3,102989,1,1167.25,2,3.0,middle50,False
A-G1.040-C3,102989,1,1171.5,1,4.25,middle50,False
A-G1.040-C3,102989,1,1173.5,1,2.0,middle50,False
A-G1.040-C3,102989,1,1175.5,1,2.0,middle50,False
A-G1.040-C3,102989,1,1181.25,1,5.75,middle50,False
A-G1.040-C3,102989,1,1183.75,1,2.5,middle50,False
A-G1.040-C3,102989,1,1186.25,1,2.5,middle50,False
A-G1.040-C3,102989,1,1188.75,1,2.5,middle50,False
A-G1.040-C3,102989,1,1224.25,1,35.5,middle50,False
A-G1.040-C3,102989,1,1228.0,2,3.75,middle50,False
A-G1.040-C3,102989,1,1232.75,1,4.75,middle50,False
A-G1.040-C3,102989,1,1236.25,1,3.5,middle50,False
A-G1.040-C3,102989,1,1238.5,1,2.25,middle50,False
A-G1.040-C3,102989,1,1243.0,1,4.5,middle50,False
A-G1.040-C3,102989,1,1244.5,1,1.5,middle50,False
A-G1.040-C3,102989,1,1247.75,1,3.25,middle50,False
A-G1.040-C3,102989,1,1251.25,1,3.5,middle50,False
A-G1.040-C3,102989,1,1259.75,4,8.5,middle50,False
A-G1.040-C3,102989,1,1271.75,1,12.0,middle50,False
A-G1.040-C3,102989,1,1275.0,1,3.25,middle50,False
A-G1.040-C3,102989,1,1278.5,1,3.5,middle50,False
A-G1.040-C3,102989,1,1282.75,2,4.25,middle50,False
A-G1.040-C3,102989,1,1286.25,1,3.5,middle50,False
A-G1.040-C3,102989,1,1298.0,1,11.75,middle50,False
A-G1.040-C3,102989,1,1327.25,14,29.25,middle50,False
A-G1.040-C3,102989,1,1328.5,1,1.25,late25,False
A-G1.040-C3,102989,1,1329.5,3,1.0,late25,False
A-G1.040-C3,102989,1,1332.25,1,2.75,late25,False
A-G1.040-C3,102989,1,1336.5,1,4.25,late25,False
A-G1.040-C3,102989,1,1338.25,1,1.75,late25,False
A-G1.040-C3,102989,1,1340.25,1,2.0,late25,False
A-G1.040-C3,102989,1,1344.0,1,3.75,late25,False
A-G1.040-C3,102989,1,1347.75,3,3.75,late25,False
A-G1.040-C3,102989,1,1352.5,1,4.75,late25,False
A-G1.040-C3,102989,1,1355.0,1,2.5,late25,False
A-G1.040-C3,102989,1,1356.75,1,1.75,late25,False
A-G1.040-C3,102989,1,1359.25,1,2.5,late25,False
A-G1.040-C3,102989,1,1458.0,1,98.75,late25,False
A-G1.040-C3,102989,1,1460.0,1,2.0,late25,False
A-G1.040-C3,102989,1,1463.25,1,3.25,late25,False
A-G1.040-C3,102989,1,1465.0,1,1.75,late25,False
A-G1.040-C3,102989,2,1484.0,2,19.0,early25,False
A-G1.040-C3,102989,2,1486.25,1,2.25,early25,False
A-G1.040-C3,102989,2,1489.75,3,3.5,early25,False
A-G1.040-C3,102989,2,1493.5,2,3.75,early25,False
A-G1.040-C3,102989,2,1495.25,1,1.75,early25,False
A-G1.040-C3,102989,2,1499.25,1,4.0,early25,False
A-G1.040-C3,102989,2,1500.75,1,1.5,early25,False
A-G1.040-C3,102989,2,1507.5,2,6.75,early25,False
A-G1.040-C3,102989,2,1538.25,3,30.75,early25,False
A-G1.040-C3,102989,2,1546.5,3,8.25,early25,False
A-G1.040-C3,102989,2,1550.0,1,3.5,early25,False
A-G1.040-C3,102989,2,1557.25,2,7.25,early25,False
A-G1.040-C3,102989,2,1565.75,2,8.5,early25,False
A-G1.040-C3,102989,2,1573.5,2,7.75,early25,False
A-G1.040-C3,102989,2,1579.75,6,6.25,early25,False
A-G1.040-C3,102989,2,1591.25,2,11.5,early25,False
A-G1.040-C3,102989,2,1594.5,1,3.25,early25,False
A-G1.040-C3,102989,2,1599.0,2,4.5,early25,False
A-G1.040-C3,102989,2,1603.25,2,4.25,early25,False
A-G1.040-C3,102989,2,1608.25,2,5.0,early25,False
A-G1.040-C3,102989,2,1613.0,2,4.75,early25,False
A-G1.040-C3,102989,2,1616.75,1,3.75,early25,False
A-G1.040-C3,102989,2,1621.0,20,4.25,early25,False
A-G1.040-C3,102989,2,1648.0,2,27.0,middle50,False
A-G1.040-C3,102989,2,1650.0,1,2.0,middle50,False
A-G1.040-C3,102989,2,1652.25,1,2.25,middle50,False
A-G1.040-C3,102989,2,1659.75,1,7.5,middle50,False
A-G1.040-C3,102989,2,1663.5,2,3.75,middle50,False
A-G1.040-C3,102989,2,1665.75,1,2.25,middle50,False
A-G1.040-C3,102989,2,1669.25,3,3.5,middle50,False
A-G1.040-C3,102989,2,1670.75,1,1.5,middle50,False
A-G1.040-C3,102989,2,1677.0,1,6.25,middle50,False
A-G1.040-C3,102989,2,1833.25,1,156.25,middle50,False
A-G1.040-C3,102989,2,1838.25,2,5.0,middle50,False
A-G1.040-C3,102989,2,1847.5,2,9.25,middle50,False
A-G1.040-C3,102989,2,1851.25,1,3.75,middle50,False
A-G1.040-C3,102989,2,1856.0,1,4.75,middle50,False
A-G1.040-C3,102989,2,1887.0,1,31.0,middle50,False
A-G1.040-C3,102989,2,1892.5,1,5.5,middle50,False
A-G1.040-C3,102989,2,1896.75,2,4.25,middle50,False
A-G1.040-C3,102989,2,1900.75,2,4.0,middle50,False
A-G1.040-C3,102989,2,1904.5,2,3.75,middle50,False
A-G1.040-C3,102989,2,1907.5,1,3.0,middle50,False
A-G1.040-C3,102989,2,1911.5,2,4.0,middle50,False
A-G1.040-C3,102989,2,1914.5,1,3.0,middle50,False
A-G1.040-C3,102989,2,1936.0,1,21.5,middle50,False
A-G1.040-C3,102989,2,1938.5,1,2.5,middle50,False
A-G1.040-C3,102989,2,1943.5,1,5.0,middle50,False
A-G1.040-C3,102989,2,1945.5,1,2.0,middle50,False
A-G1.040-C3,102989,2,1948.75,1,3.25,middle50,False
A-G1.040-C3,102989,2,1952.75,1,4.0,middle50,False
A-G1.040-C3,102989,2,1956.75,1,4.0,middle50,False
A-G1.040-C3,102989,2,1962.75,1,6.0,middle50,False
A-G1.040-C3,102989,2,1991.25,1,28.5,late25,False
A-G1.040-C3,102989,2,1997.75,1,6.5,late25,False
A-G1.040-C3,102989,2,2001.5,1,3.75,late25,False
A-G1.040-C3,102989,2,2005.5,1,4.0,late25,False
A-G1.040-C3,102989,2,2008.75,1,3.25,late25,False
A-G1.040-C3,102989,2,2013.75,1,5.0,late25,False
A-G1.040-C3,102989,2,2015.75,1,2.0,late25,False
A-G1.040-C3,102989,2,2019.5,2,3.75,late25,False
A-G1.040-C3,102989,2,2028.5,1,9.0,late25,False
A-G1.040-C3,102989,2,2034.25,3,5.75,late25,False
A-G1.040-C3,102989,3,2149.5,2,115.25,early25,True
A-G1.040-C3,102989,3,2152.5,3,3.0,early25,True
A-G1.040-C3,102989,3,2153.5,6,1.0,early25,True
A-G1.040-C3,102989,3,2160.0,2,6.5,early25,True
A-G1.040-C3,102989,3,2163.25,1,3.25,early25,True
A-G1.040-C3,102989,3,2166.75,2,3.5,early25,True
A-G1.040-C3,102989,3,2170.75,1,4.0,early25,True
A-G1.040-C3,102989,3,2175.5,3,4.75,early25,True
A-G1.040-C3,102989,3,2179.75,1,4.25,early25,True
A-G1.040-C3,102989,3,2205.75,2,26.0,early25,True
A-G1.040-C3,102989,3,2208.0,1,2.25,early25,True
A-G1.040-C3,102989,3,2211.0,2,3.0,early25,True
A-G1.040-C3,102989,3,2213.75,16,2.75,early25,True
A-G1.040-C3,102989,3,2218.25,2,4.5,early25,True
A-G1.040-C3,102989,3,2222.25,2,4.0,early25,True
A-G1.040-C3,102989,3,2226.0,1,3.75,early25,True
A-G1.040-C3,102989,3,2229.5,2,3.5,early25,True
A-G1.040-C3,102989,3,2232.5,1,3.0,early25,True
A-G1.040-C3,102989,3,2236.75,17,4.25,early25,True
A-G1.040-C3,102989,3,2242.0,1,5.25,early25,True
A-G1.040-C3,102989,3,2247.75,4,5.75,early25,True
A-G1.040-C3,102989,3,2256.5,1,8.75,early25,True
A-G1.040-C3,102989,3,2260.5,1,4.0,early25,True
A-G1.040-C3,102989,3,2266.0,1,5.5,early25,True
A-G1.040-C3,102989,3,2270.25,1,4.25,early25,True
A-G1.040-C3,102989,3,2276.25,1,6.0,early25,True
A-G1.040-C3,102989,3,2280.0,1,3.75,early25,True
A-G1.040-C3,102989,3,2284.5,1,4.5,early25,True
A-G1.040-C3,102989,3,2288.75,2,4.25,early25,True
A-G1.040-C3,102989,3,2313.5,1,24.75,early25,True
A-G1.040-C3,102989,3,2316.25,1,2.75,early25,True
A-G1.040-C3,102989,3,2319.25,1,3.0,early25,True
A-G1.040-C3,102989,3,2323.0,12,3.75,early25,True
A-G1.040-C3,102989,3,2325.25,1,2.25,early25,True
A-G1.040-C3,102989,3,2327.5,1,2.25,early25,True
A-G1.040-C3,102989,3,2329.0,1,1.5,early25,True
A-G1.040-C3,102989,3,2333.0,1,4.0,early25,True
A-G1.040-C3,102989,3,2338.0,1,5.0,early25,True
A-G1.040-C3,102989,3,2341.0,1,3.0,early25,True
A-G1.040-C3,102989,3,2344.25,1,3.25,early25,True
A-G1.040-C3,102989,3,2352.25,3,8.0,early25,True
A-G1.040-C3,102989,3,2366.75,1,14.5,early25,True
A-G1.040-C3,102989,3,2369.25,1,2.5,early25,True
A-G1.040-C3,102989,3,2372.75,1,3.5,early25,True
A-G1.040-C3,102989,3,2376.75,1,4.0,early25,True
A-G1.040-C3,102989,3,2380.25,1,3.5,early25,True
A-G1.040-C3,102989,3,2384.25,1,4.0,early25,True
A-G1.040-C3,102989,3,2391.75,8,7.5,early25,True
A-G1.040-C3,102989,3,2420.75,1,29.0,early25,True
A-G1.040-C3,102989,3,2424.75,1,4.0,early25,True
A-G1.040-C3,102989,3,2428.25,1,3.5,early25,True
A-G1.040-C3,102989,3,2432.0,1,3.75,early25,True
A-G1.040-C3,102989,3,2440.25,2,8.25,early25,True
A-G1.040-C3,102989,3,2444.5,1,4.25,early25,True
A-G1.040-C3,102989,3,2446.75,1,2.25,early25,True
A-G1.040-C3,102989,3,2464.75,1,18.0,early25,True
A-G1.040-C3,102989,3,2470.5,1,5.75,early25,True
A-G1.040-C3,102989,3,2474.25,1,3.75,early25,True
A-G1.040-C3,102989,3,2477.5,1,3.25,early25,True
A-G1.040-C3,102989,3,2484.25,1,6.75,early25,True
A-G1.040-C3,102989,3,2487.5,6,3.25,early25,True
A-G1.040-C3,102989,3,2489.75,1,2.25,early25,True
A-G1.040-C3,102989,3,2523.0,1,33.25,middle50,True
A-G1.040-C3,102989,3,2530.75,1,7.75,middle50,True
A-G1.040-C3,102989,3,2536.5,1,5.75,middle50,True
A-G1.040-C3,102989,3,2542.0,1,5.5,middle50,True
A-G1.040-C3,102989,3,2544.75,1,2.75,middle50,True
A-G1.040-C3,102989,3,2697.75,1,153.0,middle50,True
A-G1.040-C3,102989,3,2703.5,1,5.75,middle50,True
A-G1.040-C3,102989,3,2710.75,1,7.25,middle50,True
A-G1.040-C3,102989,3,2717.25,1,6.5,middle50,True
A-G1.040-C3,102989,3,2726.0,1,8.75,middle50,True
A-G1.040-C3,102989,3,2755.0,1,29.0,middle50,True
A-G1.040-C3,102989,3,2758.0,1,3.0,middle50,True
A-G1.040-C3,102989,3,2763.75,1,5.75,middle50,True
A-G1.040-C3,102989,3,2767.5,6,3.75,middle50,True
A-G1.040-C3,102989,3,2773.25,1,5.75,middle50,True
A-G1.040-C3,102989,3,2806.0,1,32.75,middle50,True
A-G1.040-C3,102989,3,2814.0,1,8.0,middle50,True
A-G1.040-C3,102989,3,2818.5,1,4.5,middle50,True
A-G1.040-C3,102989,3,2823.5,4,5.0,middle50,True
A-G1.040-C3,102989,3,2831.5,1,8.0,middle50,True
A-G1.040-C3,102989,3,2860.25,1,28.75,middle50,True
A-G1.040-C3,102989,3,2865.5,1,5.25,middle50,True
A-G1.040-C3,102989,3,2869.0,1,3.5,middle50,True
A-G1.040-C3,102989,3,2873.0,1,4.0,middle50,True
A-G1.040-C3,102989,3,2879.0,1,6.0,middle50,True
A-G1.040-C3,102989,3,2886.0,1,7.0,middle50,True
A-G1.040-C3,102989,3,3038.75,1,152.75,middle50,True
A-G1.040-C3,102989,3,3044.25,1,5.5,middle50,True
A-G1.040-C3,102989,3,3049.75,1,5.5,middle50,True
A-G1.040-C3,102989,3,3080.25,1,30.5,middle50,True
A-G1.040-C3,102989,3,3084.75,1,4.5,middle50,True
A-G1.040-C3,102989,3,3090.0,1,5.25,middle50,True
A-G1.040-C3,102989,3,3097.5,4,7.5,middle50,True
A-G1.040-C3,102989,3,3099.5,1,2.0,middle50,True
A-G1.040-C3,102989,3,3110.75,1,11.25,middle50,True
A-G1.040-C3,102989,3,3135.25,1,24.5,middle50,True
A-G1.040-C3,102989,3,3140.5,1,5.25,middle50,True
A-G1.040-C3,102989,3,3153.25,1,12.75,middle50,True
A-G1.040-C3,102989,3,3158.75,1,5.5,middle50,True
A-G1.040-C3,102989,3,3194.25,1,35.5,middle50,True
A-G1.040-C3,102989,3,3208.25,1,14.0,middle50,True
A-G1.040-C3,102989,3,3214.0,1,5.75,middle50,True
A-G1.040-C3,102989,3,3357.0,1,143.0,late25,True
A-G1.040-C3,102989,3,3362.25,1,5.25,late25,True
A-G1.040-C3,102989,3,3370.0,1,7.75,late25,True
A-G1.040-C3,102989,3,3379.25,1,9.25,late25,True
A-G1.040-C3,102989,3,3407.0,1,27.75,late25,True
A-G1.040-C3,102989,3,3412.0,3,5.0,late25,True
A-G1.040-C3,102989,3,3416.75,1,4.75,late25,True
A-G1.040-C3,102989,3,3430.75,1,14.0,late25,True
A-G1.040-C3,102989,3,3463.75,1,33.0,late25,True
A-G1.040-C3,102989,3,3475.5,1,11.75,late25,True
A-G1.040-C3,102989,3,3509.25,1,33.75,late25,True
A-G1.040-C3,102989,3,3517.75,1,8.5,late25,True
A-G1.040-C3,102989,3,3526.25,1,8.5,late25,True
A-G1.040-C3,102989,3,3530.5,1,4.25,late25,True
A-G1.040-C3,110908,0,0.25,3,,early25,False
A-G1.040-C3,110908,0,8.25,1,8.0,early25,False
A-G1.040-C3,110908,0,16.75,1,8.5,early25,False
A-G1.040-C3,110908,0,26.75,1,10.0,early25,False
A-G1.040-C3,110908,0,30.5,1,3.75,early25,False
A-G1.040-C3,110908,0,50.5,1,20.0,early25,False
A-G1.040-C3,110908,0,91.0,1,40.5,early25,False
A-G1.040-C3,110908,0,108.75,1,17.75,early25,False
A-G1.040-C3,110908,0,123.25,1,14.5,early25,False
A-G1.040-C3,110908,0,176.25,1,53.0,early25,False
A-G1.040-C3,110908,0,181.25,1,5.0,early25,False
A-G1.040-C3,110908,0,214.75,1,33.5,middle50,False
A-G1.040-C3,110908,0,225.5,1,10.75,middle50,False
A-G1.040-C3,110908,0,231.25,1,5.75,middle50,False
A-G1.040-C3,110908,0,234.0,1,2.75,middle50,False
A-G1.040-C3,110908,0,237.25,1,3.25,middle50,False
A-G1.040-C3,110908,0,286.75,1,49.5,middle50,False
A-G1.040-C3,110908,0,296.25,1,9.5,middle50,False
A-G1.040-C3,110908,0,298.25,1,2.0,middle50,False
A-G1.040-C3,110908,0,334.0,1,35.75,middle50,False
A-G1.040-C3,110908,0,344.25,1,10.25,middle50,False
A-G1.040-C3,110908,0,350.0,1,5.75,middle50,False
A-G1.040-C3,110908,0,355.25,1,5.25,middle50,False
A-G1.040-C3,110908,0,358.0,1,2.75,middle50,False
A-G1.040-C3,110908,0,370.75,4,12.75,middle50,False
A-G1.040-C3,110908,0,521.5,1,150.75,middle50,False
A-G1.040-C3,110908,0,526.25,1,4.75,middle50,False
A-G1.040-C3,110908,0,534.5,1,8.25,middle50,False
A-G1.040-C3,110908,0,539.75,1,5.25,middle50,False
A-G1.040-C3,110908,0,546.75,1,7.0,middle50,False
A-G1.040-C3,110908,0,574.5,1,27.75,middle50,False
A-G1.040-C3,110908,0,581.0,1,6.5,middle50,False
A-G1.040-C3,110908,0,584.25,1,3.25,middle50,False
A-G1.040-C3,110908,0,589.25,1,5.0,middle50,False
A-G1.040-C3,110908,0,594.5,12,5.25,middle50,False
A-G1.040-C3,110908,0,610.25,3,15.75,middle50,False
A-G1.040-C3,110908,0,641.0,1,30.75,late25,False
A-G1.040-C3,110908,0,648.5,1,7.5,late25,False
A-G1.040-C3,110908,0,653.75,1,5.25,late25,False
A-G1.040-C3,110908,0,685.25,1,31.5,late25,False
A-G1.040-C3,110908,0,688.75,1,3.5,late25,False
A-G1.040-C3,110908,0,694.5,1,5.75,late25,False
A-G1.040-C3,110908,0,701.25,1,6.75,late25,False
A-G1.040-C3,110908,0,706.5,1,5.25,late25,False
A-G1.040-C3,110908,0,709.5,1,3.0,late25,False
A-G1.040-C3,110908,0,816.0,1,106.5,late25,False
A-G1.040-C3,110908,0,820.75,1,4.75,late25,False
A-G1.040-C3,110908,0,824.5,1,3.75,late25,False
A-G1.040-C3,110908,1,849.0,2,24.5,early25,False
A-G1.040-C3,110908,1,855.75,2,6.75,early25,False
A-G1.040-C3,110908,1,860.75,1,5.0,early25,False
A-G1.040-C3,110908,1,869.0,3,8.25,early25,False
A-G1.040-C3,110908,1,876.25,2,7.25,early25,False
A-G1.040-C3,110908,1,900.5,1,24.25,early25,False
A-G1.040-C3,110908,1,905.25,1,4.75,early25,False
A-G1.040-C3,110908,1,910.75,19,5.5,early25,False
A-G1.040-C3,110908,1,912.0,1,1.25,early25,False
A-G1.040-C3,110908,1,915.0,1,3.0,early25,False
A-G1.040-C3,110908,1,920.5,1,5.5,early25,False
A-G1.040-C3,110908,1,925.25,1,4.75,early25,False
A-G1.040-C3,110908,1,927.0,1,1.75,early25,False
A-G1.040-C3,110908,1,928.5,1,1.5,early25,False
A-G1.040-C3,110908,1,932.0,1,3.5,early25,False
A-G1.040-C3,110908,1,933.0,1,1.0,early25,False
A-G1.040-C3,110908,1,1079.25,1,146.25,middle50,False
A-G1.040-C3,110908,1,1087.5,1,8.25,middle50,False
A-G1.040-C3,110908,1,1089.0,1,1.5,middle50,False
A-G1.040-C3,110908,1,1091.0,1,2.0,middle50,False
A-G1.040-C3,110908,1,1094.5,1,3.5,middle50,False
A-G1.040-C3,110908,1,1096.0,1,1.5,middle50,False
A-G1.040-C3,110908,1,1099.0,1,3.0,middle50,False
A-G1.040-C3,110908,1,1100.25,1,1.25,middle50,False
A-G1.040-C3,110908,1,1106.5,1,6.25,middle50,False
A-G1.040-C3,110908,1,1135.5,1,29.0,middle50,False
A-G1.040-C3,110908,1,1139.25,1,3.75,middle50,False
A-G1.040-C3,110908,1,1145.25,2,6.0,middle50,False
A-G1.040-C3,110908,1,1150.75,2,5.5,middle50,False
A-G1.040-C3,110908,1,1158.0,1,7.25,middle50,False
A-G1.040-C3,110908,1,1162.75,15,4.75,middle50,False
A-G1.040-C3,110908,1,1175.75,5,13.0,middle50,False
A-G1.040-C3,110908,1,1196.25,1,20.5,middle50,False
A-G1.040-C3,110908,1,1199.75,1,3.5,middle50,False
A-G1.040-C3,110908,1,1201.5,1,1.75,middle50,False
A-G1.040-C3,110908,1,1205.25,1,3.75,middle50,False
A-G1.040-C3,110908,1,1209.0,1,3.75,middle50,False
A-G1.040-C3,110908,1,1212.5,1,3.5,middle50,False
A-G1.040-C3,110908,1,1216.0,1,3.5,middle50,False
A-G1.040-C3,110908,1,1242.5,1,26.5,middle50,False
A-G1.040-C3,110908,1,1246.5,1,4.0,late25,False
A-G1.040-C3,110908,1,1249.75,1,3.25,late25,False
A-G1.040-C3,110908,1,1252.25,1,2.5,late25,False
A-G1.040-C3,110908,1,1253.5,1,1.25,late25,False
A-G1.040-C3,110908,1,1256.25,1,2.75,late25,False
A-G1.040-C3,110908,1,1258.25,1,2.0,late25,False
A-G1.040-C3,110908,1,1262.75,1,4.5,late25,False
A-G1.040-C3,110908,1,1267.0,1,4.25,late25,False
A-G1.040-C3,110908,1,1269.5,1,2.5,late25,False
A-G1.040-C3,110908,1,1271.5,1,2.0,late25,False
A-G1.040-C3,110908,1,1273.75,1,2.25,late25,False
A-G1.040-C3,110908,1,1280.75,1,7.0,late25,False
A-G1.040-C3,110908,1,1286.75,4,6.0,late25,False
A-G1.040-C3,110908,2,1401.5,1,114.75,early25,False
A-G1.040-C3,110908,2,1403.25,1,1.75,early25,False
A-G1.040-C3,110908,2,1408.0,2,4.75,early25,False
A-G1.040-C3,110908,2,1409.5,1,1.5,early25,False
A-G1.040-C3,110908,2,1411.0,1,1.5,early25,False
A-G1.040-C3,110908,2,1412.5,1,1.5,early25,False
A-G1.040-C3,110908,2,1416.0,3,3.5,early25,False
A-G1.040-C3,110908,2,1418.5,1,2.5,early25,False
A-G1.040-C3,110908,2,1420.5,2,2.0,early25,False
A-G1.040-C3,110908,2,1422.0,7,1.5,early25,False
A-G1.040-C3,110908,2,1423.5,6,1.5,early25,False
A-G1.040-C3,110908,2,1426.75,7,3.25,early25,False
A-G1.040-C3,110908,2,1431.25,1,4.5,early25,False
A-G1.040-C3,110908,2,1457.0,2,25.75,early25,False
A-G1.040-C3,110908,2,1459.5,1,2.5,early25,False
A-G1.040-C3,110908,2,1460.25,1,0.75,early25,False
A-G1.040-C3,110908,2,1462.5,2,2.25,early25,False
A-G1.040-C3,110908,2,1464.25,1,1.75,early25,False
A-G1.040-C3,110908,2,1466.5,1,2.25,early25,False
A-G1.040-C3,110908,2,1467.25,1,0.75,early25,False
A-G1.040-C3,110908,2,1472.75,3,5.5,early25,False
A-G1.040-C3,110908,2,1476.5,1,3.75,early25,False
A-G1.040-C3,110908,2,1481.25,2,4.75,early25,False
A-G1.040-C3,110908,2,1485.25,2,4.0,early25,False
A-G1.040-C3,110908,2,1486.0,4,0.75,early25,False
A-G1.040-C3,110908,2,1487.0,1,1.0,early25,False
A-G1.040-C3,110908,2,1497.5,6,10.5,early25,False
A-G1.040-C3,110908,2,1640.5,2,143.0,middle50,False
A-G1.040-C3,110908,2,1646.0,2,5.5,middle50,False
A-G1.040-C3,110908,2,1651.75,3,5.75,middle50,False
A-G1.040-C3,110908,2,1655.25,1,3.5,middle50,False
A-G1.040-C3,110908,2,1658.75,1,3.5,middle50,False
A-G1.040-C3,110908,2,1662.5,1,3.75,middle50,False
A-G1.040-C3,110908,2,1665.5,1,3.0,middle50,False
A-G1.040-C3,110908,2,1691.5,2,26.0,middle50,False
A-G1.040-C3,110908,2,1693.75,1,2.25,middle50,False
A-G1.040-C3,110908,2,1697.0,2,3.25,middle50,False
A-G1.040-C3,110908,2,1700.75,1,3.75,middle50,False
A-G1.040-C3,110908,2,1704.25,2,3.5,middle50,False
A-G1.040-C3,110908,2,1708.5,2,4.25,middle50,False
A-G1.040-C3,110908,2,1712.25,1,3.75,middle50,False
A-G1.040-C3,110908,2,1715.75,2,3.5,middle50,False
A-G1.040-C3,110908,2,1718.5,1,2.75,middle50,False
A-G1.040-C3,110908,2,1720.75,1,2.25,middle50,False
A-G1.040-C3,110908,2,1723.5,1,2.75,middle50,False
A-G1.040-C3,110908,2,1731.5,15,8.0,middle50,False
A-G1.040-C3,110908,2,1754.25,2,22.75,middle50,False
A-G1.040-C3,110908,2,1758.25,1,4.0,middle50,False
A-G1.040-C3,110908,2,1760.5,1,2.25,middle50,False
A-G1.040-C3,110908,2,1777.0,10,16.5,middle50,False
A-G1.040-C3,110908,2,1802.0,2,25.0,middle50,False
A-G1.040-C3,110908,2,1804.25,1,2.25,middle50,False
A-G1.040-C3,110908,2,1808.0,1,3.75,middle50,False
A-G1.040-C3,110908,2,1811.5,2,3.5,middle50,False
A-G1.040-C3,110908,2,1813.5,1,2.0,middle50,False
A-G1.040-C3,110908,2,1821.0,2,7.5,middle50,False
A-G1.040-C3,110908,2,1827.75,1,6.75,middle50,False
A-G1.040-C3,110908,2,1831.5,1,3.75,middle50,False
A-G1.040-C3,110908,2,1840.5,3,9.0,middle50,False
A-G1.040-C3,110908,2,1964.75,2,124.25,middle50,False
A-G1.040-C3,110908,2,1970.0,1,5.25,middle50,False
A-G1.040-C3,110908,2,1975.75,1,5.75,middle50,False
A-G1.040-C3,110908,2,1987.75,1,12.0,middle50,False
A-G1.040-C3,110908,2,2019.75,2,32.0,middle50,False
A-G1.040-C3,110908,2,2026.75,1,7.0,middle50,False
A-G1.040-C3,110908,2,2029.0,1,2.25,middle50,False
A-G1.040-C3,110908,2,2032.25,1,3.25,middle50,False
A-G1.040-C3,110908,2,2035.5,1,3.25,middle50,False
A-G1.040-C3,110908,2,2039.5,1,4.0,middle50,False
A-G1.040-C3,110908,2,2044.25,1,4.75,middle50,False
A-G1.040-C3,110908,2,2052.75,1,8.5,late25,False
A-G1.040-C3,110908,2,2060.75,7,8.0,late25,False
A-G1.040-C3,110908,2,2073.0,1,12.25,late25,False
A-G1.040-C3,110908,2,2076.25,1,3.25,late25,False
A-G1.040-C3,110908,2,2079.5,1,3.25,late25,False
A-G1.040-C3,110908,2,2083.25,1,3.75,late25,False
A-G1.040-C3,110908,2,2086.75,1,3.5,late25,False
A-G1.040-C3,110908,2,2093.0,9,6.25,late25,False
A-G1.040-C3,110908,2,2099.25,1,6.25,late25,False
A-G1.040-C3,110908,2,2128.25,1,29.0,late25,False
A-G1.040-C3,110908,2,2131.25,1,3.0,late25,False
A-G1.040-C3,110908,2,2134.75,1,3.5,late25,False
A-G1.040-C3,110908,2,2138.75,1,4.0,late25,False
A-G1.040-C3,110908,2,2143.0,1,4.25,late25,False
A-G1.040-C3,110908,2,2146.0,1,3.0,late25,False
A-G1.040-C3,110908,2,2154.25,1,8.25,late25,False
A-G1.040-C3,110908,2,2156.75,1,2.5,late25,False
A-G1.040-C3,110908,2,2264.25,1,107.5,late25,False
A-G1.040-C3,110908,3,2278.5,1,14.25,early25,True
A-G1.040-C3,110908,3,2282.0,1,3.5,early25,True
A-G1.040-C3,110908,3,2285.0,1,3.0,early25,True
A-G1.040-C3,110908,3,2289.0,1,4.0,early25,True
A-G1.040-C3,110908,3,2292.75,2,3.75,early25,True
A-G1.040-C3,110908,3,2297.25,2,4.5,early25,True
A-G1.040-C3,110908,3,2301.75,1,4.5,early25,True
A-G1.040-C3,110908,3,2305.25,1,3.5,early25,True
A-G1.040-C3,110908,3,2315.25,1,10.0,early25,True
A-G1.040-C3,110908,3,2318.0,13,2.75,early25,True
A-G1.040-C3,110908,3,2335.5,1,17.5,early25,True
A-G1.040-C3,110908,3,2337.25,1,1.75,early25,True
A-G1.040-C3,110908,3,2340.0,1,2.75,early25,True
A-G1.040-C3,110908,3,2341.5,1,1.5,early25,True
A-G1.040-C3,110908,3,2344.5,2,3.0,early25,True
A-G1.040-C3,110908,3,2347.75,1,3.25,early25,True
A-G1.040-C3,110908,3,2349.5,1,1.75,early25,True
A-G1.040-C3,110908,3,2354.25,1,4.75,early25,True
A-G1.040-C3,110908,3,2356.25,1,2.0,early25,True
A-G1.040-C3,110908,3,2358.25,1,2.0,early25,True
A-G1.040-C3,110908,3,2361.75,1,3.5,early25,True
A-G1.040-C3,110908,3,2368.5,2,6.75,early25,True
A-G1.040-C3,110908,3,2384.5,1,16.0,early25,True
A-G1.040-C3,110908,3,2394.75,1,10.25,early25,True
A-G1.040-C3,110908,3,2402.0,2,7.25,early25,True
A-G1.040-C3,110908,3,2441.75,1,39.75,early25,True
A-G1.040-C3,110908,3,2455.25,2,13.5,early25,True
A-G1.040-C3,110908,3,2467.0,2,11.75,early25,True
A-G1.040-C3,110908,3,2477.75,3,10.75,early25,True
A-G1.040-C3,110908,3,2491.25,1,13.5,early25,True
A-G1.040-C3,110908,3,2495.25,1,4.0,early25,True
A-G1.040-C3,110908,3,2500.25,1,5.0,early25,True
A-G1.040-C3,110908,3,2504.75,1,4.5,early25,True
A-G1.040-C3,110908,3,2508.25,1,3.5,early25,True
A-G1.040-C3,110908,3,2511.25,1,3.0,early25,True
A-G1.040-C3,110908,3,2514.75,1,3.5,early25,True
A-G1.040-C3,110908,3,2519.0,9,4.25,early25,True
A-G1.040-C3,110908,3,2541.75,1,22.75,early25,True
A-G1.040-C3,110908,3,2546.0,1,4.25,early25,True
A-G1.040-C3,110908,3,2550.25,1,4.25,early25,True
A-G1.040-C3,110908,3,2551.75,3,1.5,early25,True
A-G1.040-C3,110908,3,2555.5,1,3.75,early25,True
A-G1.040-C3,110908,3,2566.0,2,10.5,early25,True
A-G1.040-C3,110908,3,2570.75,1,4.75,early25,True
A-G1.040-C3,110908,3,2575.75,2,5.0,early25,True
A-G1.040-C3,110908,3,2582.25,2,6.5,early25,True
A-G1.040-C3,110908,3,2602.0,2,19.75,middle50,True
A-G1.040-C3,110908,3,2607.25,1,5.25,middle50,True
A-G1.040-C3,110908,3,2616.25,1,9.0,middle50,True
A-G1.040-C3,110908,3,2619.0,1,2.75,middle50,True
A-G1.040-C3,110908,3,2648.75,1,29.75,middle50,True
A-G1.040-C3,110908,3,2653.75,1,5.0,middle50,True
A-G1.040-C3,110908,3,2660.25,1,6.5,middle50,True
A-G1.040-C3,110908,3,2674.0,1,13.75,middle50,True
A-G1.040-C3,110908,3,2829.25,1,155.25,middle50,True
A-G1.040-C3,110908,3,2835.25,1,6.0,middle50,True
A-G1.040-C3,110908,3,2839.75,1,4.5,middle50,True
A-G1.040-C3,110908,3,2842.75,1,3.0,middle50,True
A-G1.040-C3,110908,3,2878.25,1,35.5,middle50,True
A-G1.040-C3,110908,3,2883.0,1,4.75,middle50,True
A-G1.040-C3,110908,3,2890.75,1,7.75,middle50,True
A-G1.040-C3,110908,3,2895.5,1,4.75,middle50,True
A-G1.040-C3,110908,3,2902.5,1,7.0,middle50,True
A-G1.040-C3,110908,3,2912.75,1,10.25,middle50,True
A-G1.040-C3,110908,3,2940.5,1,27.75,middle50,True
A-G1.040-C3,110908,3,2943.0,1,2.5,middle50,True
A-G1.040-C3,110908,3,2963.0,1,20.0,middle50,True
A-G1.040-C3,110908,3,2990.5,1,27.5,middle50,True
A-G1.040-C3,110908,3,2995.25,1,4.75,middle50,True
A-G1.040-C3,110908,3,2999.75,1,4.5,middle50,True
A-G1.040-C3,110908,3,3004.5,1,4.75,middle50,True
A-G1.040-C3,110908,3,3009.0,1,4.5,middle50,True
A-G1.040-C3,110908,3,3013.75,1,4.75,middle50,True
A-G1.040-C3,110908,3,3030.75,1,17.0,middle50,True
A-G1.040-C3,110908,3,3038.0,4,7.25,middle50,True
A-G1.040-C3,110908,3,3179.0,1,141.0,middle50,True
A-G1.040-C3,110908,3,3195.0,1,16.0,middle50,True
A-G1.040-C3,110908,3,3201.0,1,6.0,middle50,True
A-G1.040-C3,110908,3,3231.25,1,30.25,middle50,True
A-G1.040-C3,110908,3,3239.25,1,8.0,middle50,True
A-G1.040-C3,110908,3,3243.0,1,3.75,middle50,True
A-G1.040-C3,110908,3,3250.25,1,7.25,middle50,True
A-G1.040-C3,110908,3,3257.5,1,7.25,middle50,True
A-G1.040-C3,110908,3,3265.5,1,8.0,middle50,True
A-G1.040-C3,110908,3,3288.0,1,22.5,late25,True
A-G1.040-C3,110908,3,3291.5,1,3.5,late25,True
A-G1.040-C3,110908,3,3297.5,1,6.0,late25,True
A-G1.040-C3,110908,3,3303.75,5,6.25,late25,True
A-G1.040-C3,110908,3,3336.25,1,32.5,late25,True
A-G1.040-C3,110908,3,3345.75,1,9.5,late25,True
A-G1.040-C3,110908,3,3353.5,1,7.75,late25,True
A-G1.040-C3,110908,3,3363.5,1,10.0,late25,True
A-G1.040-C3,110908,3,3511.5,1,148.0,late25,True
A-G1.040-C3,110908,3,3523.75,1,12.25,late25,True
A-G1.040-C3,110908,3,3533.75,1,10.0,late25,True
A-G1.040-C3,110908,3,3576.0,1,42.25,late25,True
A-G1.040-C3,110908,3,3586.5,1,10.5,late25,True
A-G1.040-C3,110908,3,3591.0,1,4.5,late25,True
A-G1.040-C3,118827,0,0.25,3,,early25,False
A-G1.040-C3,118827,0,8.5,1,8.25,early25,False
A-G1.040-C3,118827,0,17.5,1,9.0,early25,False
A-G1.040-C3,118827,0,42.75,1,25.25,early25,False
A-G1.040-C3,118827,0,55.25,1,12.5,early25,False
A-G1.040-C3,118827,0,63.0,1,7.75,early25,False
A-G1.040-C3,118827,0,91.25,1,28.25,early25,False
A-G1.040-C3,118827,0,104.0,1,12.75,early25,False
A-G1.040-C3,118827,0,109.0,1,5.0,early25,False
A-G1.040-C3,118827,0,155.25,1,46.25,early25,False
A-G1.040-C3,118827,0,163.5,1,8.25,early25,False
A-G1.040-C3,118827,0,176.0,1,12.5,early25,False
A-G1.040-C3,118827,0,210.0,1,34.0,middle50,False
A-G1.040-C3,118827,0,218.5,1,8.5,middle50,False
A-G1.040-C3,118827,0,222.0,1,3.5,middle50,False
A-G1.040-C3,118827,0,225.5,1,3.5,middle50,False
A-G1.040-C3,118827,0,231.0,1,5.5,middle50,False
A-G1.040-C3,118827,0,396.0,1,165.0,middle50,False
A-G1.040-C3,118827,0,402.25,1,6.25,middle50,False
A-G1.040-C3,118827,0,408.5,1,6.25,middle50,False
A-G1.040-C3,118827,0,415.5,1,7.0,middle50,False
A-G1.040-C3,118827,0,425.0,1,9.5,middle50,False
A-G1.040-C3,118827,0,458.5,1,33.5,middle50,False
A-G1.040-C3,118827,0,463.75,1,5.25,middle50,False
A-G1.040-C3,118827,0,466.25,1,2.5,middle50,False
A-G1.040-C3,118827,0,474.75,1,8.5,middle50,False
A-G1.040-C3,118827,0,483.75,1,9.0,middle50,False
A-G1.040-C3,118827,0,518.0,1,34.25,middle50,False
A-G1.040-C3,118827,0,523.25,1,5.25,middle50,False
A-G1.040-C3,118827,0,530.5,1,7.25,middle50,False
A-G1.040-C3,118827,0,539.25,2,8.75,late25,False
A-G1.040-C3,118827,0,547.25,1,8.0,late25,False
A-G1.040-C3,118827,0,576.0,1,28.75,late25,False
A-G1.040-C3,118827,0,581.75,13,5.75,late25,False
A-G1.040-C3,118827,0,598.0,1,16.25,late25,False
A-G1.040-C3,118827,1,717.25,2,119.25,early25,False
A-G1.040-C3,118827,1,745.5,1,28.25,early25,False
A-G1.040-C3,118827,1,747.75,1,2.25,early25,False
A-G1.040-C3,118827,1,750.0,1,2.25,early25,False
A-G1.040-C3,118827,1,757.0,2,7.0,early25,False
A-G1.040-C3,118827,1,765.75,1,8.75,early25,False
A-G1.040-C3,118827,1,791.25,2,25.5,early25,False
A-G1.040-C3,118827,1,796.5,2,5.25,early25,False
A-G1.040-C3,118827,1,800.0,1,3.5,early25,False
A-G1.040-C3,118827,1,806.25,2,6.25,early25,False
A-G1.040-C3,118827,1,812.75,2,6.5,early25,False
A-G1.040-C3,118827,1,821.75,3,9.0,early25,False
A-G1.040-C3,118827,1,833.75,2,12.0,early25,False
A-G1.040-C3,118827,1,851.5,1,17.75,early25,False
A-G1.040-C3,118827,1,911.5,3,60.0,middle50,False
A-G1.040-C3,118827,1,915.75,1,4.25,middle50,False
A-G1.040-C3,118827,1,921.25,1,5.5,middle50,False
A-G1.040-C3,118827,1,924.25,1,3.0,middle50,False
A-G1.040-C3,118827,1,928.75,1,4.5,middle50,False
A-G1.040-C3,118827,1,933.75,10,5.0,middle50,False
A-G1.040-C3,118827,1,939.5,18,5.75,middle50,False
A-G1.040-C3,118827,1,1085.0,1,145.5,middle50,False
A-G1.040-C3,118827,1,1097.25,1,12.25,middle50,False
A-G1.040-C3,118827,1,1103.25,1,6.0,middle50,False
A-G1.040-C3,118827,1,1108.0,1,4.75,middle50,False
A-G1.040-C3,118827,1,1141.5,2,33.5,middle50,False
A-G1.040-C3,118827,1,1150.25,1,8.75,middle50,False
A-G1.040-C3,118827,1,1152.0,1,1.75,middle50,False
A-G1.040-C3,118827,1,1157.75,2,5.75,middle50,False
A-G1.040-C3,118827,1,1164.5,1,6.75,middle50,False
A-G1.040-C3,118827,1,1168.25,1,3.75,middle50,False
A-G1.040-C3,118827,1,1197.5,2,29.25,middle50,False
A-G1.040-C3,118827,1,1208.5,2,11.0,middle50,False
A-G1.040-C3,118827,1,1215.5,2,7.0,middle50,False
A-G1.040-C3,118827,1,1221.5,1,6.0,late25,False
A-G1.040-C3,118827,1,1224.75,1,3.25,late25,False
A-G1.040-C3,118827,1,1249.25,1,24.5,late25,False
A-G1.040-C3,118827,1,1253.5,13,4.25,late25,False
A-G1.040-C3,118827,1,1257.0,1,3.5,late25,False
A-G1.040-C3,118827,1,1260.0,1,3.0,late25,False
A-G1.040-C3,118827,1,1261.25,1,1.25,late25,False
A-G1.040-C3,118827,1,1268.5,1,7.25,late25,False
A-G1.040-C3,118827,1,1273.25,1,4.75,late25,False
A-G1.040-C3,118827,2,1404.5,2,131.25,early25,False
A-G1.040-C3,118827,2,1408.25,2,3.75,early25,False
A-G1.040-C3,118827,2,1410.5,1,2.25,early25,False
A-G1.040-C3,118827,2,1414.75,3,4.25,early25,False
A-G1.040-C3,118827,2,1418.0,2,3.25,early25,False
A-G1.040-C3,118827,2,1422.0,2,4.0,early25,False
A-G1.040-C3,118827,2,1427.5,2,5.5,early25,False
A-G1.040-C3,118827,2,1432.0,2,4.5,early25,False
A-G1.040-C3,118827,2,1461.0,3,29.0,early25,False
A-G1.040-C3,118827,2,1465.75,2,4.75,early25,False
A-G1.040-C3,118827,2,1469.25,2,3.5,early25,False
A-G1.040-C3,118827,2,1474.5,3,5.25,early25,False
A-G1.040-C3,118827,2,1477.25,1,2.75,early25,False
A-G1.040-C3,118827,2,1480.75,2,3.5,early25,False
A-G1.040-C3,118827,2,1485.25,3,4.5,early25,False
A-G1.040-C3,118827,2,1494.25,3,9.0,early25,False
A-G1.040-C3,118827,2,1509.75,1,15.5,early25,False
A-G1.040-C3,118827,2,1515.75,1,6.0,early25,False
A-G1.040-C3,118827,2,1519.75,1,4.0,early25,False
A-G1.040-C3,118827,2,1524.0,3,4.25,early25,False
A-G1.040-C3,118827,2,1526.5,1,2.5,early25,False
A-G1.040-C3,118827,2,1529.75,2,3.25,early25,False
A-G1.040-C3,118827,2,1533.25,9,3.5,early25,False
A-G1.040-C3,118827,2,1538.0,22,4.75,early25,False
A-G1.040-C3,118827,2,1564.0,1,26.0,middle50,False
A-G1.040-C3,118827,2,1566.5,1,2.5,middle50,False
A-G1.040-C3,118827,2,1568.5,1,2.0,middle50,False
A-G1.040-C3,118827,2,1570.25,1,1.75,middle50,False
A-G1.040-C3,118827,2,1572.5,1,2.25,middle50,False
A-G1.040-C3,118827,2,1574.75,1,2.25,middle50,False
A-G1.040-C3,118827,2,1575.75,1,1.0,middle50,False
A-G1.040-C3,118827,2,1582.0,2,6.25,middle50,False
A-G1.040-C3,118827,2,1583.75,1,1.75,middle50,False
A-G1.040-C3,118827,2,1585.5,1,1.75,middle50,False
A-G1.040-C3,118827,2,1587.5,1,2.0,middle50,False
A-G1.040-C3,118827,2,1601.5,1,14.0,middle50,False
A-G1.040-C3,118827,2,1607.75,5,6.25,middle50,False
A-G1.040-C3,118827,2,1741.5,1,133.75,middle50,False
A-G1.040-C3,118827,2,1745.0,1,3.5,middle50,False
A-G1.040-C3,118827,2,1746.25,1,1.25,middle50,False
A-G1.040-C3,118827,2,1747.25,1,1.0,middle50,False
A-G1.040-C3,118827,2,1748.5,1,1.25,middle50,False
A-G1.040-C3,118827,2,1752.0,1,3.5,middle50,False
A-G1.040-C3,118827,2,1754.75,1,2.75,middle50,False
A-G1.040-C3,118827,2,1758.75,2,4.0,middle50,False
A-G1.040-C3,118827,2,1762.5,1,3.75,middle50,False
A-G1.040-C3,118827,2,1767.0,2,4.5,middle50,False
A-G1.040-C3,118827,2,1771.25,1,4.25,middle50,False
A-G1.040-C3,118827,2,1794.0,1,22.75,middle50,False
A-G1.040-C3,118827,2,1797.0,16,3.0,middle50,False
A-G1.040-C3,118827,2,1801.25,2,4.25,middle50,False
A-G1.040-C3,118827,2,1804.75,1,3.5,middle50,False
A-G1.040-C3,118827,2,1809.25,1,4.5,middle50,False
A-G1.040-C3,118827,2,1813.0,2,3.75,middle50,False
A-G1.040-C3,118827,2,1814.75,1,1.75,middle50,False
A-G1.040-C3,118827,2,1816.5,1,1.75,middle50,False
A-G1.040-C3,118827,2,1823.0,2,6.5,middle50,False
A-G1.040-C3,118827,2,1833.5,4,10.5,middle50,False
A-G1.040-C3,118827,2,1843.25,1,9.75,middle50,False
A-G1.040-C3,118827,2,1844.25,2,1.0,middle50,False
A-G1.040-C3,118827,2,1854.0,1,9.75,middle50,False
A-G1.040-C3,118827,2,1857.5,1,3.5,middle50,False
A-G1.040-C3,118827,2,1865.75,1,8.25,middle50,False
A-G1.040-C3,118827,2,1868.75,1,3.0,middle50,False
A-G1.040-C3,118827,2,1900.5,1,31.75,late25,False
A-G1.040-C3,118827,2,1904.25,2,3.75,late25,False
A-G1.040-C3,118827,2,1910.25,1,6.0,late25,False
A-G1.040-C3,118827,2,1914.0,2,3.75,late25,False
A-G1.040-C3,118827,2,1917.0,1,3.0,late25,False
A-G1.040-C3,118827,2,1923.0,2,6.0,late25,False
A-G1.040-C3,118827,2,1926.75,1,3.75,late25,False
A-G1.040-C3,118827,2,1936.25,2,9.5,late25,False
A-G1.040-C3,118827,2,1943.5,6,7.25,late25,False
A-G1.040-C3,118827,3,2058.0,2,114.5,early25,True
A-G1.040-C3,118827,3,2061.5,3,3.5,early25,True
A-G1.040-C3,118827,3,2072.25,3,10.75,early25,True
A-G1.040-C3,118827,3,2075.75,1,3.5,early25,True
A-G1.040-C3,118827,3,2078.75,2,3.0,early25,True
A-G1.040-C3,118827,3,2082.75,1,4.0,early25,True
A-G1.040-C3,118827,3,2086.5,2,3.75,early25,True
A-G1.040-C3,118827,3,2113.5,3,27.0,early25,True
A-G1.040-C3,118827,3,2116.5,2,3.0,early25,True
A-G1.040-C3,118827,3,2118.75,1,2.25,early25,True
A-G1.040-C3,118827,3,2121.25,9,2.5,early25,True
A-G1.040-C3,118827,3,2124.0,2,2.75,early25,True
A-G1.040-C3,118827,3,2129.25,1,5.25,early25,True
A-G1.040-C3,118827,3,2132.75,1,3.5,early25,True
A-G1.040-C3,118827,3,2134.5,1,1.75,early25,True
A-G1.040-C3,118827,3,2138.0,1,3.5,early25,True
A-G1.040-C3,118827,3,2140.5,2,2.5,early25,True
A-G1.040-C3,118827,3,2152.75,5,12.25,early25,True
A-G1.040-C3,118827,3,2162.5,1,9.75,early25,True
A-G1.040-C3,118827,3,2166.0,1,3.5,early25,True
A-G1.040-C3,118827,3,2169.25,1,3.25,early25,True
A-G1.040-C3,118827,3,2173.75,1,4.5,early25,True
A-G1.040-C3,118827,3,2177.5,1,3.75,early25,True
A-G1.040-C3,118827,3,2180.0,1,2.5,early25,True
A-G1.040-C3,118827,3,2183.0,1,3.0,early25,True
A-G1.040-C3,118827,3,2186.0,11,3.0,early25,True
A-G1.040-C3,118827,3,2190.0,1,4.0,early25,True
A-G1.040-C3,118827,3,2219.25,3,29.25,early25,True
A-G1.040-C3,118827,3,2222.5,1,3.25,early25,True
A-G1.040-C3,118827,3,2225.25,1,2.75,early25,True
A-G1.040-C3,118827,3,2227.0,2,1.75,early25,True
A-G1.040-C3,118827,3,2231.0,1,4.0,early25,True
A-G1.040-C3,118827,3,2234.25,1,3.25,early25,True
A-G1.040-C3,118827,3,2239.75,2,5.5,early25,True
A-G1.040-C3,118827,3,2245.5,1,5.75,early25,True
A-G1.040-C3,118827,3,2255.5,2,10.0,early25,True
A-G1.040-C3,118827,3,2272.75,1,17.25,early25,True
A-G1.040-C3,118827,3,2276.75,1,4.0,early25,True
A-G1.040-C3,118827,3,2281.0,2,4.25,early25,True
A-G1.040-C3,118827,3,2294.25,2,13.25,early25,True
A-G1.040-C3,118827,3,2328.75,1,34.5,early25,True
A-G1.040-C3,118827,3,2334.0,2,5.25,early25,True
A-G1.040-C3,118827,3,2339.5,1,5.5,early25,True
A-G1.040-C3,118827,3,2344.75,1,5.25,early25,True
A-G1.040-C3,118827,3,2348.5,1,3.75,early25,True
A-G1.040-C3,118827,3,2350.5,1,2.0,early25,True
A-G1.040-C3,118827,3,2355.5,1,5.0,early25,True
A-G1.040-C3,118827,3,2376.0,1,20.5,early25,True
A-G1.040-C3,118827,3,2379.5,1,3.5,early25,True
A-G1.040-C3,118827,3,2385.75,1,6.25,early25,True
A-G1.040-C3,118827,3,2389.5,1,3.75,early25,True
A-G1.040-C3,118827,3,2393.5,1,4.0,early25,True
A-G1.040-C3,118827,3,2396.5,1,3.0,early25,True
A-G1.040-C3,118827,3,2400.0,8,3.5,early25,True
A-G1.040-C3,118827,3,2431.5,1,31.5,early25,True
A-G1.040-C3,118827,3,2434.5,1,3.0,middle50,True
A-G1.040-C3,118827,3,2438.25,1,3.75,middle50,True
A-G1.040-C3,118827,3,2441.25,1,3.0,middle50,True
A-G1.040-C3,118827,3,2448.0,1,6.75,middle50,True
A-G1.040-C3,118827,3,2450.25,1,2.25,middle50,True
A-G1.040-C3,118827,3,2457.0,1,6.75,middle50,True
A-G1.040-C3,118827,3,2490.0,1,33.0,middle50,True
A-G1.040-C3,118827,3,2493.25,1,3.25,middle50,True
A-G1.040-C3,118827,3,2502.25,1,9.0,middle50,True
A-G1.040-C3,118827,3,2507.0,1,4.75,middle50,True
A-G1.040-C3,118827,3,2511.0,1,4.0,middle50,True
A-G1.040-C3,118827,3,2515.0,1,4.0,middle50,True
A-G1.040-C3,118827,3,2543.75,8,28.75,middle50,True
A-G1.040-C3,118827,3,2554.5,1,10.75,middle50,True
A-G1.040-C3,118827,3,2568.0,1,13.5,middle50,True
A-G1.040-C3,118827,3,2715.5,1,147.5,middle50,True
A-G1.040-C3,118827,3,2721.75,1,6.25,middle50,True
A-G1.040-C3,118827,3,2727.75,1,6.0,middle50,True
A-G1.040-C3,118827,3,2733.25,1,5.5,middle50,True
A-G1.040-C3,118827,3,2737.0,1,3.75,middle50,True
A-G1.040-C3,118827,3,2744.0,1,7.0,middle50,True
A-G1.040-C3,118827,3,2747.5,5,3.5,middle50,True
A-G1.040-C3,118827,3,2772.0,1,24.5,middle50,True
A-G1.040-C3,118827,3,2778.25,1,6.25,middle50,True
A-G1.040-C3,118827,3,2786.25,1,8.0,middle50,True
A-G1.040-C3,118827,3,2791.25,1,5.0,middle50,True
A-G1.040-C3,118827,3,2802.75,1,11.5,middle50,True
A-G1.040-C3,118827,3,2821.5,1,18.75,middle50,True
A-G1.040-C3,118827,3,2827.0,1,5.5,middle50,True
A-G1.040-C3,118827,3,2845.25,1,18.25,middle50,True
A-G1.040-C3,118827,3,2888.5,1,43.25,middle50,True
A-G1.040-C3,118827,3,2892.5,1,4.0,middle50,True
A-G1.040-C3,118827,3,2897.75,1,5.25,middle50,True
A-G1.040-C3,118827,3,2905.0,1,7.25,middle50,True
A-G1.040-C3,118827,3,3052.0,1,147.0,middle50,True
A-G1.040-C3,118827,3,3058.0,1,6.0,middle50,True
A-G1.040-C3,118827,3,3064.25,1,6.25,middle50,True
A-G1.040-C3,118827,3,3070.5,1,6.25,middle50,True
A-G1.040-C3,118827,3,3076.5,1,6.0,middle50,True
A-G1.040-C3,118827,3,3105.5,1,29.0,middle50,True
A-G1.040-C3,118827,3,3118.75,1,13.25,middle50,True
A-G1.040-C3,118827,3,3121.5,1,2.75,middle50,True
A-G1.040-C3,118827,3,3130.75,1,9.25,middle50,True
A-G1.040-C3,118827,3,3135.25,1,4.5,middle50,True
A-G1.040-C3,118827,3,3154.5,1,19.25,middle50,True
A-G1.040-C3,118827,3,3157.5,1,3.0,middle50,True
A-G1.040-C3,118827,3,3172.0,1,14.5,middle50,True
A-G1.040-C3,118827,3,3208.0,1,36.0,middle50,True
A-G1.040-C3,118827,3,3211.75,1,3.75,late25,True
A-G1.040-C3,118827,3,3222.25,1,10.5,late25,True
A-G1.040-C3,118827,3,3230.25,1,8.0,late25,True
A-G1.040-C3,118827,3,3234.25,1,4.0,late25,True
A-G1.040-C3,118827,3,3379.25,1,145.0,late25,True
A-G1.040-C3,118827,3,3387.25,1,8.0,late25,True
A-G1.040-C3,118827,3,3393.0,1,5.75,late25,True
A-G1.040-C3,118827,3,3404.0,1,11.0,late25,True
A-G1.040-C3,118827,3,3433.75,1,29.75,late25,True
A-G1.040-C3,118827,3,3438.75,1,5.0,late25,True
A-G1.040-C3,118827,3,3441.25,3,2.5,late25,True
A-G1.040-C3,118827,3,3447.75,1,6.5,late25,True
A-G1.040-C3,118827,3,3462.75,1,15.0,late25,True
A-G1.040-C3,118827,3,3471.75,3,9.0,late25,True
A-G1.040-C3,118827,3,3492.25,1,20.5,late25,True
A-G1.040-C3,118827,3,3498.25,1,6.0,late25,True
A-G1.040-C3,118827,3,3505.75,1,7.5,late25,True
A-G1.040-C3,118827,3,3546.5,1,40.75,late25,True
A-G1.040-C3,118827,3,3553.0,1,6.5,late25,True
A-G1.040-C3,118827,3,3565.75,1,12.75,late25,True
A-G1.040-C3,118827,3,3579.5,2,13.75,late25,True
A-G1.040-C3,126746,0,0.25,3,,early25,False
A-G1.040-C3,126746,0,8.25,1,8.0,early25,False
A-G1.040-C3,126746,0,22.75,1,14.5,early25,False
A-G1.040-C3,126746,0,41.5,1,18.75,early25,False
A-G1.040-C3,126746,0,51.75,1,10.25,early25,False
A-G1.040-C3,126746,0,94.5,1,42.75,early25,False
A-G1.040-C3,126746,0,97.75,1,3.25,early25,False
A-G1.040-C3,126746,0,104.0,1,6.25,early25,False
A-G1.040-C3,126746,0,107.75,1,3.75,early25,False
A-G1.040-C3,126746,0,156.5,1,48.75,early25,False
A-G1.040-C3,126746,0,162.75,1,6.25,early25,False
A-G1.040-C3,126746,0,172.25,1,9.5,early25,False
A-G1.040-C3,126746,0,177.0,1,4.75,early25,False
A-G1.040-C3,126746,0,209.0,1,32.0,middle50,False
A-G1.040-C3,126746,0,216.75,1,7.75,middle50,False
A-G1.040-C3,126746,0,223.5,1,6.75,middle50,False
A-G1.040-C3,126746,0,230.75,1,7.25,middle50,False
A-G1.040-C3,126746,0,235.25,1,4.5,middle50,False
A-G1.040-C3,126746,0,397.75,1,162.5,middle50,False
A-G1.040-C3,126746,0,405.0,1,7.25,middle50,False
A-G1.040-C3,126746,0,413.25,1,8.25,middle50,False
A-G1.040-C3,126746,0,423.75,1,10.5,middle50,False
A-G1.040-C3,126746,0,455.75,1,32.0,middle50,False
A-G1.040-C3,126746,0,459.75,1,4.0,middle50,False
A-G1.040-C3,126746,0,465.75,1,6.0,middle50,False
A-G1.040-C3,126746,0,470.0,1,4.25,middle50,False
A-G1.040-C3,126746,0,478.0,1,8.0,middle50,False
A-G1.040-C3,126746,0,483.5,1,5.5,middle50,False
A-G1.040-C3,126746,0,515.75,1,32.25,middle50,False
A-G1.040-C3,126746,0,530.75,1,15.0,middle50,False
A-G1.040-C3,126746,0,541.5,2,10.75,late25,False
A-G1.040-C3,126746,0,573.0,1,31.5,late25,False
A-G1.040-C3,126746,0,577.75,1,4.75,late25,False
A-G1.040-C3,126746,0,584.5,1,6.75,late25,False
A-G1.040-C3,126746,0,591.75,12,7.25,late25,False
A-G1.040-C3,126746,1,758.0,1,166.25,early25,False
A-G1.040-C3,126746,1,767.5,1,9.5,early25,False
A-G1.040-C3,126746,1,797.5,2,30.0,early25,False
A-G1.040-C3,126746,1,803.5,2,6.0,early25,False
A-G1.040-C3,126746,1,808.25,1,4.75,early25,False
A-G1.040-C3,126746,1,815.75,3,7.5,early25,False
A-G1.040-C3,126746,1,822.25,3,6.5,early25,False
A-G1.040-C3,126746,1,830.0,1,7.75,early25,False
A-G1.040-C3,126746,1,876.25,2,46.25,early25,False
A-G1.040-C3,126746,1,883.0,21,6.75,early25,False
A-G1.040-C3,126746,1,906.5,1,23.5,early25,False
A-G1.040-C3,126746,1,914.0,2,7.5,early25,False
A-G1.040-C3,126746,1,919.75,2,5.75,early25,False
A-G1.040-C3,126746,1,923.0,1,3.25,early25,False
A-G1.040-C3,126746,1,928.5,1,5.5,early25,False
A-G1.040-C3,126746,1,931.5,1,3.0,early25,False
A-G1.040-C3,126746,1,934.5,1,3.0,early25,False
A-G1.040-C3,126746,1,1093.0,1,158.5,middle50,False
A-G1.040-C3,126746,1,1095.0,1,2.0,middle50,False
A-G1.040-C3,126746,1,1100.0,1,5.0,middle50,False
A-G1.040-C3,126746,1,1103.0,1,3.0,middle50,False
A-G1.040-C3,126746,1,1106.5,1,3.5,middle50,False
A-G1.040-C3,126746,1,1109.5,1,3.0,middle50,False
A-G1.040-C3,126746,1,1149.25,1,39.75,middle50,False
A-G1.040-C3,126746,1,1153.25,2,4.0,middle50,False
A-G1.040-C3,126746,1,1158.75,1,5.5,middle50,False
A-G1.040-C3,126746,1,1165.25,2,6.5,middle50,False
A-G1.040-C3,126746,1,1168.5,1,3.25,middle50,False
A-G1.040-C3,126746,1,1174.25,1,5.75,middle50,False
A-G1.040-C3,126746,1,1184.0,1,9.75,middle50,False
A-G1.040-C3,126746,1,1200.0,1,16.0,middle50,False
A-G1.040-C3,126746,1,1206.25,1,6.25,middle50,False
A-G1.040-C3,126746,1,1209.75,1,3.5,middle50,False
A-G1.040-C3,126746,1,1214.0,1,4.25,middle50,False
A-G1.040-C3,126746,1,1219.5,1,5.5,middle50,False
A-G1.040-C3,126746,1,1224.25,2,4.75,middle50,False
A-G1.040-C3,126746,1,1255.75,1,31.5,middle50,False
A-G1.040-C3,126746,1,1258.75,1,3.0,middle50,False
A-G1.040-C3,126746,1,1261.75,2,3.0,middle50,False
A-G1.040-C3,126746,1,1264.75,1,3.0,middle50,False
A-G1.040-C3,126746,1,1267.25,1,2.5,middle50,False
A-G1.040-C3,126746,1,1271.0,1,3.75,middle50,False
A-G1.040-C3,126746,1,1273.75,2,2.75,middle50,False
A-G1.040-C3,126746,1,1277.0,1,3.25,middle50,False
A-G1.040-C3,126746,1,1280.5,1,3.5,middle50,False
A-G1.040-C3,126746,1,1282.0,1,1.5,middle50,False
A-G1.040-C3,126746,1,1287.0,1,5.0,middle50,False
A-G1.040-C3,126746,1,1293.0,1,6.0,middle50,False
A-G1.040-C3,126746,1,1299.0,5,6.0,middle50,False
A-G1.040-C3,126746,1,1420.75,1,121.75,middle50,False
A-G1.040-C3,126746,1,1423.75,1,3.0,middle50,False
A-G1.040-C3,126746,1,1426.75,1,3.0,middle50,False
A-G1.040-C3,126746,1,1429.0,1,2.25,middle50,False
A-G1.040-C3,126746,1,1432.0,1,3.0,middle50,False
A-G1.040-C3,126746,1,1435.0,1,3.0,middle50,False
A-G1.040-C3,126746,1,1437.5,1,2.5,middle50,False
A-G1.040-C3,126746,1,1441.25,1,3.75,middle50,False
A-G1.040-C3,126746,1,1444.75,1,3.5,middle50,False
A-G1.040-C3,126746,1,1449.5,1,4.75,middle50,False
A-G1.040-C3,126746,1,1454.0,2,4.5,middle50,False
A-G1.040-C3,126746,1,1476.0,1,22.0,middle50,False
A-G1.040-C3,126746,1,1478.25,1,2.25,late25,False
A-G1.040-C3,126746,1,1485.5,1,7.25,late25,False
A-G1.040-C3,126746,1,1488.25,1,2.75,late25,False
A-G1.040-C3,126746,1,1491.0,1,2.75,late25,False
A-G1.040-C3,126746,1,1495.25,1,4.25,late25,False
A-G1.040-C3,126746,1,1500.75,1,5.5,late25,False
A-G1.040-C3,126746,1,1503.0,1,2.25,late25,False
A-G1.040-C3,126746,1,1506.75,1,3.75,late25,False
A-G1.040-C3,126746,1,1507.75,1,1.0,late25,False
A-G1.040-C3,126746,1,1515.75,3,8.0,late25,False
A-G1.040-C3,126746,1,1524.75,1,9.0,late25,False
A-G1.040-C3,126746,1,1526.25,3,1.5,late25,False
A-G1.040-C3,126746,1,1530.25,1,4.0,late25,False
A-G1.040-C3,126746,1,1531.25,2,1.0,late25,False
A-G1.040-C3,126746,1,1533.25,1,2.0,late25,False
A-G1.040-C3,126746,1,1534.75,3,1.5,late25,False
A-G1.040-C3,126746,1,1536.5,1,1.75,late25,False
A-G1.040-C3,126746,1,1540.75,1,4.25,late25,False
A-G1.040-C3,126746,1,1543.25,1,2.5,late25,False
A-G1.040-C3,126746,1,1556.25,1,13.0,late25,False
A-G1.040-C3,126746,1,1582.25,1,26.0,late25,False
A-G1.040-C3,126746,1,1583.75,1,1.5,late25,False
A-G1.040-C3,126746,1,1587.75,1,4.0,late25,False
A-G1.040-C3,126746,1,1588.5,3,0.75,late25,False
A-G1.040-C3,126746,1,1593.0,3,4.5,late25,False
A-G1.040-C3,126746,1,1594.0,2,1.0,late25,False
A-G1.040-C3,126746,1,1595.75,1,1.75,late25,False
A-G1.040-C3,126746,1,1599.5,1,3.75,late25,False
A-G1.040-C3,126746,1,1602.25,1,2.75,late25,False
A-G1.040-C3,126746,1,1605.25,1,3.0,late25,False
A-G1.040-C3,126746,1,1608.25,1,3.0,late25,False
A-G1.040-C3,126746,1,1613.0,1,4.75,late25,False
A-G1.040-C3,126746,1,1619.0,1,6.0,late25,False
A-G1.040-C3,126746,1,1715.5,1,96.5,late25,False
A-G1.040-C3,126746,1,1721.0,1,5.5,late25,False
A-G1.040-C3,126746,1,1723.25,1,2.25,late25,False
A-G1.040-C3,126746,1,1729.0,1,5.75,late25,False
A-G1.040-C3,126746,2,1748.75,2,19.75,early25,False
A-G1.040-C3,126746,2,1753.75,2,5.0,early25,False
A-G1.040-C3,126746,2,1757.25,1,3.5,early25,False
A-G1.040-C3,126746,2,1763.25,2,6.0,early25,False
A-G1.040-C3,126746,2,1768.5,3,5.25,early25,False
A-G1.040-C3,126746,2,1771.5,1,3.0,early25,False
A-G1.040-C3,126746,2,1775.5,1,4.0,early25,False
A-G1.040-C3,126746,2,1780.25,16,4.75,early25,False
A-G1.040-C3,126746,2,1800.75,1,20.5,early25,False
A-G1.040-C3,126746,2,1803.0,1,2.25,early25,False
A-G1.040-C3,126746,2,1805.25,1,2.25,early25,False
A-G1.040-C3,126746,2,1812.25,1,7.0,early25,False
A-G1.040-C3,126746,2,1815.25,2,3.0,early25,False
A-G1.040-C3,126746,2,1817.0,1,1.75,early25,False
A-G1.040-C3,126746,2,1818.5,1,1.5,early25,False
A-G1.040-C3,126746,2,1823.0,2,4.5,early25,False
A-G1.040-C3,126746,2,1827.5,2,4.5,early25,False
A-G1.040-C3,126746,2,1830.25,1,2.75,early25,False
A-G1.040-C3,126746,2,1834.5,3,4.25,early25,False
A-G1.040-C3,126746,2,1973.0,1,138.5,middle50,False
A-G1.040-C3,126746,2,1975.0,1,2.0,middle50,False
A-G1.040-C3,126746,2,1976.75,1,1.75,middle50,False
A-G1.040-C3,126746,2,1981.75,1,5.0,middle50,False
A-G1.040-C3,126746,2,1985.75,1,4.0,middle50,False
A-G1.040-C3,126746,2,1989.0,2,3.25,middle50,False
A-G1.040-C3,126746,2,1992.0,1,3.0,middle50,False
A-G1.040-C3,126746,2,1995.75,1,3.75,middle50,False
A-G1.040-C3,126746,2,1999.5,2,3.75,middle50,False
A-G1.040-C3,126746,2,2024.5,1,25.0,middle50,False
A-G1.040-C3,126746,2,2028.0,2,3.5,middle50,False
A-G1.040-C3,126746,2,2030.75,1,2.75,middle50,False
A-G1.040-C3,126746,2,2033.75,15,3.0,middle50,False
A-G1.040-C3,126746,2,2039.0,1,5.25,middle50,False
A-G1.040-C3,126746,2,2044.5,2,5.5,middle50,False
A-G1.040-C3,126746,2,2051.25,1,6.75,middle50,False
A-G1.040-C3,126746,2,2055.75,3,4.5,middle50,False
A-G1.040-C3,126746,2,2062.75,4,7.0,middle50,False
A-G1.040-C3,126746,2,2073.0,1,10.25,middle50,False
A-G1.040-C3,126746,2,2076.5,1,3.5,middle50,False
A-G1.040-C3,126746,2,2079.0,1,2.5,middle50,False
A-G1.040-C3,126746,2,2083.0,1,4.0,middle50,False
A-G1.040-C3,126746,2,2086.5,1,3.5,middle50,False
A-G1.040-C3,126746,2,2090.5,1,4.0,middle50,False
A-G1.040-C3,126746,2,2093.5,1,3.0,middle50,False
A-G1.040-C3,126746,2,2097.0,12,3.5,middle50,False
A-G1.040-C3,126746,2,2128.75,1,31.75,middle50,False
A-G1.040-C3,126746,2,2130.25,1,1.5,middle50,False
A-G1.040-C3,126746,2,2136.5,2,6.25,middle50,False
A-G1.040-C3,126746,2,2138.0,1,1.5,late25,False
A-G1.040-C3,126746,2,2141.75,1,3.75,late25,False
A-G1.040-C3,126746,2,2145.5,1,3.75,late25,False
A-G1.040-C3,126746,2,2147.5,1,2.0,late25,False
A-G1.040-C3,126746,2,2152.0,1,4.5,late25,False
A-G1.040-C3,126746,2,2156.0,1,4.0,late25,False
A-G1.040-C3,126746,2,2159.75,1,3.75,late25,False
A-G1.040-C3,126746,2,2168.75,2,9.0,late25,False
A-G1.040-C3,126746,3,2291.25,2,122.5,early25,True
A-G1.040-C3,126746,3,2294.5,1,3.25,early25,True
A-G1.040-C3,126746,3,2299.25,3,4.75,early25,True
A-G1.040-C3,126746,3,2302.5,1,3.25,early25,True
A-G1.040-C3,126746,3,2305.75,2,3.25,early25,True
A-G1.040-C3,126746,3,2309.5,1,3.75,early25,True
A-G1.040-C3,126746,3,2313.75,2,4.25,early25,True
A-G1.040-C3,126746,3,2317.25,2,3.5,early25,True
A-G1.040-C3,126746,3,2340.75,1,23.5,early25,True
A-G1.040-C3,126746,3,2343.5,1,2.75,early25,True
A-G1.040-C3,126746,3,2346.0,14,2.5,early25,True
A-G1.040-C3,126746,3,2350.5,2,4.5,early25,True
A-G1.040-C3,126746,3,2354.5,1,4.0,early25,True
A-G1.040-C3,126746,3,2357.0,2,2.5,early25,True
A-G1.040-C3,126746,3,2359.75,2,2.75,early25,True
A-G1.040-C3,126746,3,2364.25,1,4.5,early25,True
A-G1.040-C3,126746,3,2370.75,2,6.5,early25,True
A-G1.040-C3,126746,3,2387.75,1,17.0,early25,True
A-G1.040-C3,126746,3,2390.0,1,2.25,early25,True
A-G1.040-C3,126746,3,2392.0,1,2.0,early25,True
A-G1.040-C3,126746,3,2393.75,1,1.75,early25,True
A-G1.040-C3,126746,3,2400.5,2,6.75,early25,True
A-G1.040-C3,126746,3,2415.25,3,14.75,early25,True
A-G1.040-C3,126746,3,2453.0,1,37.75,early25,True
A-G1.040-C3,126746,3,2456.75,1,3.75,early25,True
A-G1.040-C3,126746,3,2458.0,1,1.25,early25,True
A-G1.040-C3,126746,3,2464.5,2,6.5,early25,True
A-G1.040-C3,126746,3,2471.0,2,6.5,early25,True
A-G1.040-C3,126746,3,2481.75,2,10.75,early25,True
A-G1.040-C3,126746,3,2499.75,2,18.0,early25,True
A-G1.040-C3,126746,3,2508.25,2,8.5,early25,True
A-G1.040-C3,126746,3,2519.5,2,11.25,early25,True
A-G1.040-C3,126746,3,2523.75,2,4.25,early25,True
A-G1.040-C3,126746,3,2556.0,2,32.25,early25,True
A-G1.040-C3,126746,3,2571.5,1,15.5,early25,True
A-G1.040-C3,126746,3,2575.25,2,3.75,early25,True
A-G1.040-C3,126746,3,2580.0,1,4.75,early25,True
A-G1.040-C3,126746,3,2593.0,3,13.0,early25,True
A-G1.040-C3,126746,3,2603.0,1,10.0,early25,True
A-G1.040-C3,126746,3,2606.5,1,3.5,middle50,True
A-G1.040-C3,126746,3,2610.75,1,4.25,middle50,True
A-G1.040-C3,126746,3,2615.0,1,4.25,middle50,True
A-G1.040-C3,126746,3,2618.5,1,3.5,middle50,True
A-G1.040-C3,126746,3,2621.5,1,3.0,middle50,True
A-G1.040-C3,126746,3,2625.0,1,3.5,middle50,True
A-G1.040-C3,126746,3,2629.25,10,4.25,middle50,True
A-G1.040-C3,126746,3,2656.5,1,27.25,middle50,True
A-G1.040-C3,126746,3,2665.25,1,8.75,middle50,True
A-G1.040-C3,126746,3,2676.25,1,11.0,middle50,True
A-G1.040-C3,126746,3,2681.25,2,5.0,middle50,True
A-G1.040-C3,126746,3,2689.5,2,8.25,middle50,True
A-G1.040-C3,126746,3,2711.5,1,22.0,middle50,True
A-G1.040-C3,126746,3,2715.5,1,4.0,middle50,True
A-G1.040-C3,126746,3,2720.25,2,4.75,middle50,True
A-G1.040-C3,126746,3,2725.0,1,4.75,middle50,True
A-G1.040-C3,126746,3,2729.0,1,4.0,middle50,True
A-G1.040-C3,126746,3,2769.0,2,40.0,middle50,True
A-G1.040-C3,126746,3,2777.25,1,8.25,middle50,True
A-G1.040-C3,126746,3,2784.5,1,7.25,middle50,True
A-G1.040-C3,126746,3,2789.5,1,5.0,middle50,True
A-G1.040-C3,126746,3,2794.75,2,5.25,middle50,True
A-G1.040-C3,126746,3,2959.5,2,164.75,middle50,True
A-G1.040-C3,126746,3,2965.25,1,5.75,middle50,True
A-G1.040-C3,126746,3,2999.5,1,34.25,middle50,True
A-G1.040-C3,126746,3,3001.5,1,2.0,middle50,True
A-G1.040-C3,126746,3,3005.25,1,3.75,middle50,True
A-G1.040-C3,126746,3,3009.25,1,4.0,middle50,True
A-G1.040-C3,126746,3,3014.0,1,4.75,middle50,True
A-G1.040-C3,126746,3,3022.5,2,8.5,middle50,True
A-G1.040-C3,126746,3,3027.25,1,4.75,middle50,True
A-G1.040-C3,126746,3,3034.25,1,7.0,middle50,True
A-G1.040-C3,126746,3,3042.25,4,8.0,middle50,True
A-G1.040-C3,126746,3,3053.25,1,11.0,middle50,True
A-G1.040-C3,126746,3,3060.75,1,7.5,middle50,True
A-G1.040-C3,126746,3,3070.0,1,9.25,middle50,True
A-G1.040-C3,126746,3,3073.75,1,3.75,middle50,True
A-G1.040-C3,126746,3,3081.0,1,7.25,middle50,True
A-G1.040-C3,126746,3,3108.0,6,27.0,middle50,True
A-G1.040-C3,126746,3,3117.0,1,9.0,middle50,True
A-G1.040-C3,126746,3,3120.75,1,3.75,middle50,True
A-G1.040-C3,126746,3,3129.75,1,9.0,middle50,True
A-G1.040-C3,126746,3,3279.25,1,149.5,late25,True
A-G1.040-C3,126746,3,3285.5,1,6.25,late25,True
A-G1.040-C3,126746,3,3291.75,1,6.25,late25,True
A-G1.040-C3,126746,3,3297.75,1,6.0,late25,True
A-G1.040-C3,126746,3,3305.0,1,7.25,late25,True
A-G1.040-C3,126746,3,3333.25,1,28.25,late25,True
A-G1.040-C3,126746,3,3341.75,1,8.5,late25,True
A-G1.040-C3,126746,3,3355.25,1,13.5,late25,True
A-G1.040-C3,126746,3,3360.0,1,4.75,late25,True
A-G1.040-C3,126746,3,3382.0,1,22.0,late25,True
A-G1.040-C3,126746,3,3390.5,1,8.5,late25,True
A-G1.040-C3,126746,3,3398.25,1,7.75,late25,True
A-G1.040-C3,126746,3,3406.5,3,8.25,late25,True
A-G1.040-C3,126746,3,3433.75,1,27.25,late25,True
A-G1.040-C3,126746,3,3441.5,1,7.75,late25,True
A-G1.040-C3,126746,3,3447.0,1,5.5,late25,True
A-G1.040-C3,126746,3,3450.5,1,3.5,late25,True
A-G1.040-C3,126746,3,3456.25,1,5.75,late25,True
A-G1.040-C3,126746,3,3477.5,3,21.25,late25,True
A-G1.040-C3,134665,0,0.25,3,,early25,False
A-G1.040-C3,134665,0,9.5,1,9.25,early25,False
A-G1.040-C3,134665,0,21.5,1,12.0,early25,False
A-G1.040-C3,134665,0,32.75,1,11.25,early25,False
A-G1.040-C3,134665,0,62.25,1,29.5,early25,False
A-G1.040-C3,134665,0,96.25,1,34.0,early25,False
A-G1.040-C3,134665,0,112.5,1,16.25,early25,False
A-G1.040-C3,134665,0,163.0,1,50.5,early25,False
A-G1.040-C3,134665,0,170.75,1,7.75,early25,False
A-G1.040-C3,134665,0,216.0,1,45.25,middle50,False
A-G1.040-C3,134665,0,224.0,1,8.0,middle50,False
A-G1.040-C3,134665,0,231.5,1,7.5,middle50,False
A-G1.040-C3,134665,0,238.0,1,6.5,middle50,False
A-G1.040-C3,134665,0,275.0,1,37.0,middle50,False
A-G1.040-C3,134665,0,285.0,1,10.0,middle50,False
A-G1.040-C3,134665,0,299.5,1,14.5,middle50,False
A-G1.040-C3,134665,0,329.25,1,29.75,middle50,False
A-G1.040-C3,134665,0,337.0,1,7.75,middle50,False
A-G1.040-C3,134665,0,344.75,1,7.75,middle50,False
A-G1.040-C3,134665,0,350.0,1,5.25,middle50,False
A-G1.040-C3,134665,0,355.75,1,5.75,middle50,False
A-G1.040-C3,134665,0,523.5,1,167.75,middle50,False
A-G1.040-C3,134665,0,532.75,1,9.25,middle50,False
A-G1.040-C3,134665,0,535.5,1,2.75,middle50,False
A-G1.040-C3,134665,0,549.75,2,14.25,middle50,False
A-G1.040-C3,134665,0,582.75,2,33.0,middle50,False
A-G1.040-C3,134665,0,589.5,1,6.75,middle50,False
A-G1.040-C3,134665,0,593.25,1,3.75,middle50,False
A-G1.040-C3,134665,0,604.0,13,10.75,middle50,False
A-G1.040-C3,134665,0,658.5,1,54.5,late25,False
A-G1.040-C3,134665,0,683.75,1,25.25,late25,False
A-G1.040-C3,134665,0,691.25,1,7.5,late25,False
A-G1.040-C3,134665,0,694.25,1,3.0,late25,False
A-G1.040-C3,134665,0,702.75,1,8.5,late25,False
A-G1.040-C3,134665,0,705.0,1,2.25,late25,False
A-G1.040-C3,134665,0,711.0,1,6.0,late25,False
A-G1.040-C3,134665,0,714.25,1,3.25,late25,False
A-G1.040-C3,134665,0,823.0,1,108.75,late25,False
A-G1.040-C3,134665,1,845.25,2,22.25,early25,False
A-G1.040-C3,134665,1,847.75,1,2.5,early25,False
A-G1.040-C3,134665,1,849.75,1,2.0,early25,False
A-G1.040-C3,134665,1,851.25,1,1.5,early25,False
A-G1.040-C3,134665,1,852.75,1,1.5,early25,False
A-G1.040-C3,134665,1,859.25,1,6.5,early25,False
A-G1.040-C3,134665,1,861.25,1,2.0,early25,False
A-G1.040-C3,134665,1,867.5,2,6.25,early25,False
A-G1.040-C3,134665,1,873.75,2,6.25,early25,False
A-G1.040-C3,134665,1,902.0,1,28.25,early25,False
A-G1.040-C3,134665,1,903.0,1,1.0,early25,False
A-G1.040-C3,134665,1,904.0,1,1.0,early25,False
A-G1.040-C3,134665,1,908.5,1,4.5,early25,False
A-G1.040-C3,134665,1,915.25,1,6.75,early25,False
A-G1.040-C3,134665,1,917.0,1,1.75,early25,False
A-G1.040-C3,134665,1,922.25,2,5.25,early25,False
A-G1.040-C3,134665,1,929.0,2,6.75,early25,False
A-G1.040-C3,134665,1,958.5,1,29.5,early25,False
A-G1.040-C3,134665,1,963.0,2,4.5,early25,False
A-G1.040-C3,134665,1,967.5,1,4.5,early25,False
A-G1.040-C3,134665,1,973.5,2,6.0,early25,False
A-G1.040-C3,134665,1,978.5,2,5.0,early25,False
A-G1.040-C3,134665,1,981.75,1,3.25,early25,False
A-G1.040-C3,134665,1,986.25,1,4.5,early25,False
A-G1.040-C3,134665,1,1013.5,20,27.25,middle50,False
A-G1.040-C3,134665,1,1022.0,1,8.5,middle50,False
A-G1.040-C3,134665,1,1023.25,1,1.25,middle50,False
A-G1.040-C3,134665,1,1026.5,1,3.25,middle50,False
A-G1.040-C3,134665,1,1028.0,1,1.5,middle50,False
A-G1.040-C3,134665,1,1034.75,1,6.75,middle50,False
A-G1.040-C3,134665,1,1041.75,1,7.0,middle50,False
A-G1.040-C3,134665,1,1044.25,1,2.5,middle50,False
A-G1.040-C3,134665,1,1186.5,1,142.25,middle50,False
A-G1.040-C3,134665,1,1190.0,1,3.5,middle50,False
A-G1.040-C3,134665,1,1195.75,1,5.75,middle50,False
A-G1.040-C3,134665,1,1200.75,1,5.0,middle50,False
A-G1.040-C3,134665,1,1205.25,1,4.5,middle50,False
A-G1.040-C3,134665,1,1209.5,1,4.25,middle50,False
A-G1.040-C3,134665,1,1215.25,2,5.75,middle50,False
A-G1.040-C3,134665,1,1240.0,1,24.75,middle50,False
A-G1.040-C3,134665,1,1242.5,1,2.5,middle50,False
A-G1.040-C3,134665,1,1246.0,1,3.5,middle50,False
A-G1.040-C3,134665,1,1249.25,15,3.25,middle50,False
A-G1.040-C3,134665,1,1251.75,1,2.5,middle50,False
A-G1.040-C3,134665,1,1253.75,1,2.0,middle50,False
A-G1.040-C3,134665,1,1257.0,1,3.25,middle50,False
A-G1.040-C3,134665,1,1260.5,1,3.5,middle50,False
A-G1.040-C3,134665,1,1265.25,1,4.75,middle50,False
A-G1.040-C3,134665,1,1267.75,1,2.5,middle50,False
A-G1.040-C3,134665,1,1270.0,1,2.25,middle50,False
A-G1.040-C3,134665,1,1288.75,1,18.75,middle50,False
A-G1.040-C3,134665,1,1292.0,1,3.25,middle50,False
A-G1.040-C3,134665,1,1296.75,1,4.75,middle50,False
A-G1.040-C3,134665,1,1301.0,1,4.25,middle50,False
A-G1.040-C3,134665,1,1305.5,1,4.5,middle50,False
A-G1.040-C3,134665,1,1308.5,1,3.0,middle50,False
A-G1.040-C3,134665,1,1312.0,1,3.5,middle50,False
A-G1.040-C3,134665,1,1314.5,1,2.5,middle50,False
A-G1.040-C3,134665,1,1344.5,1,30.0,late25,False
A-G1.040-C3,134665,1,1350.25,1,5.75,late25,False
A-G1.040-C3,134665,1,1354.5,1,4.25,late25,False
A-G1.040-C3,134665,1,1358.0,1,3.5,late25,False
A-G1.040-C3,134665,1,1362.75,1,4.75,late25,False
A-G1.040-C3,134665,1,1365.75,1,3.0,late25,False
A-G1.040-C3,134665,1,1370.0,1,4.25,late25,False
A-G1.040-C3,134665,1,1373.75,1,3.75,late25,False
A-G1.040-C3,134665,1,1476.5,1,102.75,late25,False
A-G1.040-C3,134665,1,1480.0,1,3.5,late25,False
A-G1.040-C3,134665,1,1483.0,1,3.0,late25,False
A-G1.040-C3,134665,2,1497.75,2,14.75,early25,False
A-G1.040-C3,134665,2,1501.0,2,3.25,early25,False
A-G1.040-C3,134665,2,1508.75,3,7.75,early25,False
A-G1.040-C3,134665,2,1512.25,2,3.5,early25,False
A-G1.040-C3,134665,2,1516.75,2,4.5,early25,False
A-G1.040-C3,134665,2,1521.75,2,5.0,early25,False
A-G1.040-C3,134665,2,1526.5,3,4.75,early25,False
A-G1.040-C3,134665,2,1530.25,1,3.75,early25,False
A-G1.040-C3,134665,2,1556.25,3,26.0,early25,False
A-G1.040-C3,134665,2,1561.0,2,4.75,early25,False
A-G1.040-C3,134665,2,1564.75,2,3.75,early25,False
A-G1.040-C3,134665,2,1568.75,24,4.0,early25,False
A-G1.040-C3,134665,2,1571.0,2,2.25,early25,False
A-G1.040-C3,134665,2,1576.0,1,5.0,early25,False
A-G1.040-C3,134665,2,1583.0,2,7.0,early25,False
A-G1.040-C3,134665,2,1587.25,1,4.25,early25,False
A-G1.040-C3,134665,2,1734.75,1,147.5,middle50,False
A-G1.040-C3,134665,2,1739.75,1,5.0,middle50,False
A-G1.040-C3,134665,2,1745.25,1,5.5,middle50,False
A-G1.040-C3,134665,2,1750.5,1,5.25,middle50,False
A-G1.040-C3,134665,2,1753.0,1,2.5,middle50,False
A-G1.040-C3,134665,2,1756.0,2,3.0,middle50,False
A-G1.040-C3,134665,2,1759.0,1,3.0,middle50,False
A-G1.040-C3,134665,2,1762.5,1,3.5,middle50,False
A-G1.040-C3,134665,2,1766.75,2,4.25,middle50,False
A-G1.040-C3,134665,2,1791.0,1,24.25,middle50,False
A-G1.040-C3,134665,2,1793.0,1,2.0,middle50,False
A-G1.040-C3,134665,2,1795.75,1,2.75,middle50,False
A-G1.040-C3,134665,2,1798.25,15,2.5,middle50,False
A-G1.040-C3,134665,2,1801.0,1,2.75,middle50,False
A-G1.040-C3,134665,2,1806.25,1,5.25,middle50,False
A-G1.040-C3,134665,2,1810.75,2,4.5,middle50,False
A-G1.040-C3,134665,2,1817.75,2,7.0,middle50,False
A-G1.040-C3,134665,2,1822.0,1,4.25,middle50,False
A-G1.040-C3,134665,2,1847.5,1,25.5,middle50,False
A-G1.040-C3,134665,2,1852.5,2,5.0,middle50,False
A-G1.040-C3,134665,2,1856.75,1,4.25,middle50,False
A-G1.040-C3,134665,2,1860.75,2,4.0,middle50,False
A-G1.040-C3,134665,2,1864.75,2,4.0,middle50,False
A-G1.040-C3,134665,2,1870.75,1,6.0,middle50,False
A-G1.040-C3,134665,2,1875.75,2,5.0,middle50,False
A-G1.040-C3,134665,2,1902.75,1,27.0,middle50,False
A-G1.040-C3,134665,2,1910.25,2,7.5,late25,False
A-G1.040-C3,134665,2,1915.5,1,5.25,late25,False
A-G1.040-C3,134665,2,1920.5,1,5.0,late25,False
A-G1.040-C3,134665,2,1922.5,1,2.0,late25,False
A-G1.040-C3,134665,2,1926.5,1,4.0,late25,False
A-G1.040-C3,134665,2,1930.25,2,3.75,late25,False
A-G1.040-C3,134665,2,1938.25,2,8.0,late25,False
A-G1.040-C3,134665,2,1946.0,8,7.75,late25,False
A-G1.040-C3,134665,3,2063.2499999999,2,117.24999999989996,early25,True
A-G1.040-C3,134665,3,2066.4999999999,2,3.25,early25,True
A-G1.040-C3,134665,3,2070.9999999999,2,4.5,early25,True
A-G1.040-C3,134665,3,2073.4999999999,2,2.5,early25,True
A-G1.040-C3,134665,3,2076.2499999999,2,2.75,early25,True
A-G1.040-C3,134665,3,2089.9999999999,2,13.75,early25,True
A-G1.040-C3,134665,3,2091.7499999999,9,1.75,early25,True
A-G1.040-C3,134665,3,2122.4999999999,4,30.75,early25,True
A-G1.040-C3,134665,3,2128.7499999999,4,6.25,early25,True
A-G1.040-C3,134665,3,2134.9999999999,4,6.25,early25,True
A-G1.040-C3,134665,3,2136.2499999999,1,1.25,early25,True
A-G1.040-C3,134665,3,2141.4999999999,1,5.25,early25,True
A-G1.040-C3,134665,3,2147.2499999999,2,5.75,early25,True
A-G1.040-C3,134665,3,2155.4999999999,2,8.25,early25,True
A-G1.040-C3,134665,3,2167.9999999999,1,12.5,early25,True
A-G1.040-C3,134665,3,2174.7499999999,3,6.75,early25,True
A-G1.040-C3,134665,3,2181.2499999999,3,6.5,early25,True
A-G1.040-C3,134665,3,2187.7499999999,3,6.5,early25,True
A-G1.040-C3,134665,3,2230.2499999999,3,42.5,early25,True
A-G1.040-C3,134665,3,2234.2499999999,1,4.0,early25,True
A-G1.040-C3,134665,3,2243.7499999999,2,9.5,early25,True
A-G1.040-C3,134665,3,2253.4999999999,3,9.75,early25,True
A-G1.040-C3,134665,3,2256.4999999999,1,3.0,early25,True
A-G1.040-C3,134665,3,2275.4999999999,2,19.0,early25,True
A-G1.040-C3,134665,3,2279.9999999999,1,4.5,early25,True
A-G1.040-C3,134665,3,2285.2499999999,2,5.25,early25,True
A-G1.040-C3,134665,3,2289.9999999999,1,4.75,early25,True
A-G1.040-C3,134665,3,2294.4999999999,2,4.5,early25,True
A-G1.040-C3,134665,3,2298.4999999999,1,4.0,early25,True
A-G1.040-C3,134665,3,2301.7499999999,1,3.25,early25,True
A-G1.040-C3,134665,3,2329.2499999999,16,27.5,early25,True
A-G1.040-C3,134665,3,2339.2499999999,1,10.0,early25,True
A-G1.040-C3,134665,3,2343.7499999999,1,4.5,early25,True
A-G1.040-C3,134665,3,2346.9999999999,1,3.25,early25,True
A-G1.040-C3,134665,3,2348.4999999999,1,1.5,early25,True
A-G1.040-C3,134665,3,2352.7499999999,2,4.25,early25,True
A-G1.040-C3,134665,3,2356.9999999999,1,4.25,early25,True
A-G1.040-C3,134665,3,2382.7499999999,2,25.75,early25,True
A-G1.040-C3,134665,3,2390.7499999999,2,8.0,early25,True
A-G1.040-C3,134665,3,2405.7499999999,3,15.0,early25,True
A-G1.040-C3,134665,3,2436.7499999999,1,31.0,middle50,True
A-G1.040-C3,134665,3,2444.2499999999,1,7.5,middle50,True
A-G1.040-C3,134665,3,2453.7499999999,2,9.5,middle50,True
A-G1.040-C3,134665,3,2457.2499999999,1,3.5,middle50,True
A-G1.040-C3,134665,3,2472.9999999999,3,15.75,middle50,True
A-G1.040-C3,134665,3,2485.9999999999,2,13.0,middle50,True
A-G1.040-C3,134665,3,2492.4999999999,1,6.5,middle50,True
A-G1.040-C3,134665,3,2498.7499999999,2,6.25,middle50,True
A-G1.040-C3,134665,3,2501.9999999999,1,3.25,middle50,True
A-G1.040-C3,134665,3,2508.4999999999,1,6.5,middle50,True
A-G1.040-C3,134665,3,2540.9999999999,2,32.5,middle50,True
A-G1.040-C3,134665,3,2549.4999999999,2,8.5,middle50,True
A-G1.040-C3,134665,3,2554.7499999999,1,5.25,middle50,True
A-G1.040-C3,134665,3,2557.9999999999,1,3.25,middle50,True
A-G1.040-C3,134665,3,2565.9999999999,2,8.0,middle50,True
A-G1.040-C3,134665,3,2569.2499999999,1,3.25,middle50,True
A-G1.040-C3,134665,3,2576.2499999999,1,7.0,middle50,True
A-G1.040-C3,134665,3,2594.7499999999,1,18.5,middle50,True
A-G1.040-C3,134665,3,2598.7499999999,1,4.0,middle50,True
A-G1.040-C3,134665,3,2602.2499999999,1,3.5,middle50,True
A-G1.040-C3,134665,3,2604.9999999999,1,2.75,middle50,True
A-G1.040-C3,134665,3,2608.4999999999,1,3.5,middle50,True
A-G1.040-C3,134665,3,2616.2499999999,1,7.75,middle50,True
A-G1.040-C3,134665,3,2645.4999999999,1,29.25,middle50,True
A-G1.040-C3,134665,3,2651.7499999999,1,6.25,middle50,True
A-G1.040-C3,134665,3,2654.4999999999,1,2.75,middle50,True
A-G1.040-C3,134665,3,2663.4999999999,1,9.0,middle50,True
A-G1.040-C3,134665,3,2665.9999999999,1,2.5,middle50,True
A-G1.040-C3,134665,3,2687.4999999999,1,21.5,middle50,True
A-G1.040-C3,134665,3,2706.7499999999,1,19.25,middle50,True
A-G1.040-C3,134665,3,2710.7499999999,1,4.0,middle50,True
A-G1.040-C3,134665,3,2713.9999999999,1,3.25,middle50,True
A-G1.040-C3,134665,3,2725.9999999999,1,12.0,middle50,True
A-G1.040-C3,134665,3,2764.7499999999,1,38.75,middle50,True
A-G1.040-C3,134665,3,2774.7499999999,2,10.0,middle50,True
A-G1.040-C3,134665,3,2781.7499999999,1,7.0,middle50,True
A-G1.040-C3,134665,3,2793.7499999999,1,12.0,middle50,True
A-G1.040-C3,134665,3,2935.9999999999,1,142.25,middle50,True
A-G1.040-C3,134665,3,2938.9999999999,1,3.0,middle50,True
A-G1.040-C3,134665,3,2944.7499999999,1,5.75,middle50,True
A-G1.040-C3,134665,3,2950.4999999999,1,5.75,middle50,True
A-G1.040-C3,134665,3,2956.9999999999,1,6.5,middle50,True
A-G1.040-C3,134665,3,2960.7499999999,1,3.75,middle50,True
A-G1.040-C3,134665,3,2964.4999999999,1,3.75,middle50,True
A-G1.040-C3,134665,3,2992.4999999999,1,28.0,middle50,True
A-G1.040-C3,134665,3,2997.9999999999,7,5.5,middle50,True
A-G1.040-C3,134665,3,3001.4999999999,1,3.5,middle50,True
A-G1.040-C3,134665,3,3007.4999999999,1,6.0,middle50,True
A-G1.040-C3,134665,3,3014.7499999999,1,7.25,middle50,True
A-G1.040-C3,134665,3,3019.7499999999,1,5.0,middle50,True
A-G1.040-C3,134665,3,3040.4999999999,1,20.75,middle50,True
A-G1.040-C3,134665,3,3048.7499999999,1,8.25,middle50,True
A-G1.040-C3,134665,3,3052.2499999999,1,3.5,middle50,True
A-G1.040-C3,134665,3,3058.7499999999,1,6.5,middle50,True
A-G1.040-C3,134665,3,3062.9999999999,5,4.25,middle50,True
A-G1.040-C3,134665,3,3091.7499999999,1,28.75,middle50,True
A-G1.040-C3,134665,3,3097.9999999999,1,6.25,middle50,True
A-G1.040-C3,134665,3,3103.4999999999,1,5.5,middle50,True
A-G1.040-C3,134665,3,3109.2499999999,1,5.75,middle50,True
A-G1.040-C3,134665,3,3116.9999999999,1,7.75,middle50,True
A-G1.040-C3,134665,3,3128.4999999999,1,11.5,middle50,True
A-G1.040-C3,134665,3,3135.4999999999,3,7.0,middle50,True
A-G1.040-C3,134665,3,3274.4999999999,1,139.0,late25,True
A-G1.040-C3,134665,3,3279.7499999999,1,5.25,late25,True
A-G1.040-C3,134665,3,3285.2499999999,1,5.5,late25,True
A-G1.040-C3,134665,3,3289.7499999999,1,4.5,late25,True
A-G1.040-C3,134665,3,3300.7499999999,2,11.0,late25,True
A-G1.040-C3,134665,3,3328.4999999999,1,27.75,late25,True
A-G1.040-C3,134665,3,3337.2499999999,1,8.75,late25,True
A-G1.040-C3,134665,3,3340.7499999999,1,3.5,late25,True
A-G1.040-C3,134665,3,3346.4999999999,1,5.75,late25,True
A-G1.040-C3,134665,3,3349.2499999999,1,2.75,late25,True
A-G1.040-C3,134665,3,3352.2499999999,1,3.0,late25,True
A-G1.040-C3,134665,3,3365.2499999999,1,13.0,late25,True
A-G1.040-C3,134665,3,3382.7499999999,1,17.5,late25,True
A-G1.040-C3,134665,3,3398.2499999999,1,15.5,late25,True
A-G1.040-C3,134665,3,3403.4999999999,1,5.25,late25,True
A-G1.040-C3,134665,3,3437.4999999999,1,34.0,late25,True
A-G1.040-C3,134665,3,3450.7499999999,1,13.25,late25,True
A-G1.040-C3,134665,3,3458.9999999999,1,8.25,late25,True
A-G1.040-C3,134665,3,3593.4999999999,1,134.5,late25,True
A-G1.040-C3,134665,3,3598.2499999999,1,4.75,late25,True
A-G1.040-C3,142584,0,0.25,3,,early25,False
A-G1.040-C3,142584,0,8.25,1,8.0,early25,False
A-G1.040-C3,142584,0,21.75,1,13.5,early25,False
A-G1.040-C3,142584,0,36.75,1,15.0,early25,False
A-G1.040-C3,142584,0,45.0,1,8.25,early25,False
A-G1.040-C3,142584,0,48.5,1,3.5,early25,False
A-G1.040-C3,142584,0,53.0,1,4.5,early25,False
A-G1.040-C3,142584,0,107.75,1,54.75,early25,False
A-G1.040-C3,142584,0,113.5,1,5.75,early25,False
A-G1.040-C3,142584,0,167.5,1,54.0,early25,False
A-G1.040-C3,142584,0,208.0,1,40.5,early25,False
A-G1.040-C3,142584,0,216.5,1,8.5,early25,False
A-G1.040-C3,142584,0,222.5,1,6.0,early25,False
A-G1.040-C3,142584,0,228.0,1,5.5,early25,False
A-G1.040-C3,142584,0,234.25,1,6.25,early25,False
A-G1.040-C3,142584,0,273.5,1,39.25,early25,False
A-G1.040-C3,142584,0,279.25,1,5.75,early25,False
A-G1.040-C3,142584,0,288.5,1,9.25,early25,False
A-G1.040-C3,142584,0,292.75,1,4.25,middle50,False
A-G1.040-C3,142584,0,300.0,1,7.25,middle50,False
A-G1.040-C3,142584,0,334.0,1,34.0,middle50,False
A-G1.040-C3,142584,0,337.75,1,3.75,middle50,False
A-G1.040-C3,142584,0,344.25,1,6.5,middle50,False
A-G1.040-C3,142584,0,347.5,1,3.25,middle50,False
A-G1.040-C3,142584,0,350.75,1,3.25,middle50,False
A-G1.040-C3,142584,0,356.25,1,5.5,middle50,False
A-G1.040-C3,142584,0,517.75,1,161.5,middle50,False
A-G1.040-C3,142584,0,523.25,1,5.5,middle50,False
A-G1.040-C3,142584,0,525.75,1,2.5,middle50,False
A-G1.040-C3,142584,0,531.0,1,5.25,middle50,False
A-G1.040-C3,142584,0,535.5,1,4.5,middle50,False
A-G1.040-C3,142584,0,541.25,1,5.75,middle50,False
A-G1.040-C3,142584,0,571.75,1,30.5,middle50,False
A-G1.040-C3,142584,0,577.25,1,5.5,middle50,False
A-G1.040-C3,142584,0,581.0,1,3.75,middle50,False
A-G1.040-C3,142584,0,586.25,1,5.25,middle50,False
A-G1.040-C3,142584,0,589.5,1,3.25,middle50,False
A-G1.040-C3,142584,0,593.25,1,3.75,middle50,False
A-G1.040-C3,142584,0,598.25,1,5.0,middle50,False
A-G1.040-C3,142584,0,631.5,1,33.25,middle50,False
A-G1.040-C3,142584,0,634.25,1,2.75,middle50,False
A-G1.040-C3,142584,0,637.0,1,2.75,middle50,False
A-G1.040-C3,142584,0,646.0,1,9.0,middle50,False
A-G1.040-C3,142584,0,648.25,1,2.25,middle50,False
A-G1.040-C3,142584,0,655.25,1,7.0,middle50,False
A-G1.040-C3,142584,0,685.5,1,30.25,middle50,False
A-G1.040-C3,142584,0,691.5,1,6.0,middle50,False
A-G1.040-C3,142584,0,697.75,1,6.25,middle50,False
A-G1.040-C3,142584,0,704.0,1,6.25,middle50,False
A-G1.040-C3,142584,0,707.5,1,3.5,middle50,False
A-G1.040-C3,142584,0,711.25,1,3.75,middle50,False
A-G1.040-C3,142584,0,861.5,1,150.25,middle50,False
A-G1.040-C3,142584,0,868.5,1,7.0,middle50,False
A-G1.040-C3,142584,0,880.0,1,11.5,late25,False
A-G1.040-C3,142584,0,913.0,1,33.0,late25,False
A-G1.040-C3,142584,0,919.0,1,6.0,late25,False
A-G1.040-C3,142584,0,923.25,1,4.25,late25,False
A-G1.040-C3,142584,0,925.75,1,2.5,late25,False
A-G1.040-C3,142584,0,930.0,1,4.25,late25,False
A-G1.040-C3,142584,0,937.0,1,7.0,late25,False
A-G1.040-C3,142584,0,950.0,1,13.0,late25,False
A-G1.040-C3,142584,0,973.25,1,23.25,late25,False
A-G1.040-C3,142584,0,977.5,1,4.25,late25,False
A-G1.040-C3,142584,0,983.25,1,5.75,late25,False
A-G1.040-C3,142584,0,989.25,1,6.0,late25,False
A-G1.040-C3,142584,0,995.25,1,6.0,late25,False
A-G1.040-C3,142584,0,1025.5,1,30.25,late25,False
A-G1.040-C3,142584,0,1031.5,1,6.0,late25,False
A-G1.040-C3,142584,0,1038.0,1,6.5,late25,False
A-G1.040-C3,142584,0,1042.75,1,4.75,late25,False
A-G1.040-C3,142584,0,1046.5,1,3.75,late25,False
A-G1.040-C3,142584,0,1052.0,1,5.5,late25,False
A-G1.040-C3,142584,0,1055.75,1,3.75,late25,False
A-G1.040-C3,142584,0,1153.0,1,97.25,late25,False
A-G1.040-C3,142584,0,1157.0,1,4.0,late25,False
A-G1.040-C3,142584,0,1162.0,1,5.0,late25,False
A-G1.040-C3,142584,1,1185.5,1,23.5,early25,False
A-G1.040-C3,142584,1,1187.5,1,2.0,early25,False
A-G1.040-C3,142584,1,1190.0,1,2.5,early25,False
A-G1.040-C3,142584,1,1192.0,1,2.0,early25,False
A-G1.040-C3,142584,1,1193.75,1,1.75,early25,False
A-G1.040-C3,142584,1,1195.75,1,2.0,early25,False
A-G1.040-C3,142584,1,1202.25,1,6.5,early25,False
A-G1.040-C3,142584,1,1205.5,1,3.25,early25,False
A-G1.040-C3,142584,1,1210.0,1,4.5,early25,False
A-G1.040-C3,142584,1,1213.75,2,3.75,early25,False
A-G1.040-C3,142584,1,1241.25,1,27.5,early25,False
A-G1.040-C3,142584,1,1245.0,1,3.75,early25,False
A-G1.040-C3,142584,1,1247.5,1,2.5,early25,False
A-G1.040-C3,142584,1,1250.0,2,2.5,early25,False
A-G1.040-C3,142584,1,1252.5,1,2.5,early25,False
A-G1.040-C3,142584,1,1255.75,1,3.25,early25,False
A-G1.040-C3,142584,1,1259.5,2,3.75,early25,False
A-G1.040-C3,142584,1,1263.25,1,3.75,early25,False
A-G1.040-C3,142584,1,1271.5,2,8.25,early25,False
A-G1.040-C3,142584,1,1278.25,1,6.75,early25,False
A-G1.040-C3,142584,1,1421.75,1,143.5,middle50,False
A-G1.040-C3,142584,1,1424.75,1,3.0,middle50,False
A-G1.040-C3,142584,1,1427.0,1,2.25,middle50,False
A-G1.040-C3,142584,1,1429.75,1,2.75,middle50,False
A-G1.040-C3,142584,1,1436.0,1,6.25,middle50,False
A-G1.040-C3,142584,1,1438.75,2,2.75,middle50,False
A-G1.040-C3,142584,1,1441.5,1,2.75,middle50,False
A-G1.040-C3,142584,1,1444.0,1,2.5,middle50,False
A-G1.040-C3,142584,1,1481.25,2,37.25,middle50,False
A-G1.040-C3,142584,1,1484.75,1,3.5,middle50,False
A-G1.040-C3,142584,1,1488.25,1,3.5,middle50,False
A-G1.040-C3,142584,1,1491.0,1,2.75,middle50,False
A-G1.040-C3,142584,1,1492.75,1,1.75,middle50,False
A-G1.040-C3,142584,1,1495.75,1,3.0,middle50,False
A-G1.040-C3,142584,1,1498.75,1,3.0,middle50,False
A-G1.040-C3,142584,1,1503.75,1,5.0,middle50,False
A-G1.040-C3,142584,1,1515.0,2,11.25,middle50,False
A-G1.040-C3,142584,1,1530.75,1,15.75,middle50,False
A-G1.040-C3,142584,1,1532.75,1,2.0,middle50,False
A-G1.040-C3,142584,1,1537.0,1,4.25,middle50,False
A-G1.040-C3,142584,1,1547.5,2,10.5,middle50,False
A-G1.040-C3,142584,1,1551.75,1,4.25,middle50,False
A-G1.040-C3,142584,1,1554.75,1,3.0,middle50,False
A-G1.040-C3,142584,1,1556.25,1,1.5,middle50,False
A-G1.040-C3,142584,1,1587.75,1,31.5,middle50,False
A-G1.040-C3,142584,1,1593.25,2,5.5,late25,False
A-G1.040-C3,142584,1,1598.75,1,5.5,late25,False
A-G1.040-C3,142584,1,1601.5,1,2.75,late25,False
A-G1.040-C3,142584,1,1605.75,1,4.25,late25,False
A-G1.040-C3,142584,1,1609.25,1,3.5,late25,False
A-G1.040-C3,142584,1,1613.25,1,4.0,late25,False
A-G1.040-C3,142584,1,1616.0,2,2.75,late25,False
A-G1.040-C3,142584,1,1628.5,4,12.5,late25,False
A-G1.040-C3,142584,1,1727.75,1,99.25,late25,False
A-G1.040-C3,142584,2,1733.75,2,6.0,early25,False
A-G1.040-C3,142584,2,1745.75,1,12.0,early25,False
A-G1.040-C3,142584,2,1747.5,2,1.75,early25,False
A-G1.040-C3,142584,2,1749.5,2,2.0,early25,False
A-G1.040-C3,142584,2,1751.25,2,1.75,early25,False
A-G1.040-C3,142584,2,1755.75,2,4.5,early25,False
A-G1.040-C3,142584,2,1759.75,3,4.0,early25,False
A-G1.040-C3,142584,2,1762.25,2,2.5,early25,False
A-G1.040-C3,142584,2,1765.0,1,2.75,early25,False
A-G1.040-C3,142584,2,1768.25,2,3.25,early25,False
A-G1.040-C3,142584,2,1772.0,3,3.75,early25,False
A-G1.040-C3,142584,2,1775.25,2,3.25,early25,False
A-G1.040-C3,142584,2,1800.25,1,25.0,early25,False
A-G1.040-C3,142584,2,1802.75,2,2.5,early25,False
A-G1.040-C3,142584,2,1805.0,12,2.25,early25,False
A-G1.040-C3,142584,2,1807.0,2,2.0,early25,False
A-G1.040-C3,142584,2,1808.25,1,1.25,early25,False
A-G1.040-C3,142584,2,1813.75,1,5.5,early25,False
A-G1.040-C3,142584,2,1819.0,4,5.25,early25,False
A-G1.040-C3,142584,2,1820.75,2,1.75,early25,False
A-G1.040-C3,142584,2,1822.25,1,1.5,early25,False
A-G1.040-C3,142584,2,1823.75,2,1.5,early25,False
A-G1.040-C3,142584,2,1828.25,1,4.5,early25,False
A-G1.040-C3,142584,2,1829.5,2,1.25,early25,False
A-G1.040-C3,142584,2,1833.0,1,3.5,early25,False
A-G1.040-C3,142584,2,1848.25,1,15.25,early25,False
A-G1.040-C3,142584,2,1849.25,1,1.0,early25,False
A-G1.040-C3,142584,2,1851.25,1,2.0,early25,False
A-G1.040-C3,142584,2,1857.5,3,6.25,early25,False
A-G1.040-C3,142584,2,1862.0,1,4.5,early25,False
A-G1.040-C3,142584,2,1866.75,2,4.75,early25,False
A-G1.040-C3,142584,2,1872.75,1,6.0,early25,False
A-G1.040-C3,142584,2,1908.25,2,35.5,early25,False
A-G1.040-C3,142584,2,1912.75,1,4.5,early25,False
A-G1.040-C3,142584,2,1922.0,3,9.25,early25,False
A-G1.040-C3,142584,2,1930.25,3,8.25,early25,False
A-G1.040-C3,142584,2,1947.5,6,17.25,early25,False
A-G1.040-C3,142584,2,2096.75,2,149.25,middle50,False
A-G1.040-C3,142584,2,2100.5,1,3.75,middle50,False
A-G1.040-C3,142584,2,2104.0,1,3.5,middle50,False
A-G1.040-C3,142584,2,2107.0,2,3.0,middle50,False
A-G1.040-C3,142584,2,2111.75,1,4.75,middle50,False
A-G1.040-C3,142584,2,2117.25,2,5.5,middle50,False
A-G1.040-C3,142584,2,2141.5,1,24.25,middle50,False
A-G1.040-C3,142584,2,2144.25,1,2.75,middle50,False
A-G1.040-C3,142584,2,2148.25,2,4.0,middle50,False
A-G1.040-C3,142584,2,2152.5,2,4.25,middle50,False
A-G1.040-C3,142584,2,2156.25,1,3.75,middle50,False
A-G1.040-C3,142584,2,2160.5,2,4.25,middle50,False
A-G1.040-C3,142584,2,2163.75,1,3.25,middle50,False
A-G1.040-C3,142584,2,2180.75,2,17.0,middle50,False
A-G1.040-C3,142584,2,2187.25,5,6.5,middle50,False
A-G1.040-C3,142584,2,2200.5,2,13.25,middle50,False
A-G1.040-C3,142584,2,2206.25,1,5.75,middle50,False
A-G1.040-C3,142584,2,2212.5,2,6.25,middle50,False
A-G1.040-C3,142584,2,2215.0,1,2.5,middle50,False
A-G1.040-C3,142584,2,2224.0,1,9.0,middle50,False
A-G1.040-C3,142584,2,2227.5,2,3.5,middle50,False
A-G1.040-C3,142584,2,2252.75,1,25.25,middle50,False
A-G1.040-C3,142584,2,2255.75,14,3.0,middle50,False
A-G1.040-C3,142584,2,2258.5,1,2.75,middle50,False
A-G1.040-C3,142584,2,2261.25,1,2.75,middle50,False
A-G1.040-C3,142584,2,2264.75,1,3.5,middle50,False
A-G1.040-C3,142584,2,2267.5,2,2.75,middle50,False
A-G1.040-C3,142584,2,2270.5,12,3.0,middle50,False
A-G1.040-C3,142584,2,2273.75,1,3.25,middle50,False
A-G1.040-C3,142584,2,2276.25,1,2.5,middle50,False
A-G1.040-C3,142584,2,2279.0,11,2.75,middle50,False
A-G1.040-C3,142584,2,2282.25,1,3.25,middle50,False
A-G1.040-C3,142584,2,2283.5,2,1.25,middle50,False
A-G1.040-C3,142584,2,2298.0,6,14.5,middle50,False
A-G1.040-C3,142584,2,2419.5,1,121.5,middle50,False
A-G1.040-C3,142584,2,2430.0,5,10.5,middle50,False
A-G1.040-C3,142584,2,2433.0,1,3.0,middle50,False
A-G1.040-C3,142584,2,2435.0,4,2.0,middle50,False
A-G1.040-C3,142584,2,2437.25,1,2.25,middle50,False
A-G1.040-C3,142584,2,2441.25,1,4.0,middle50,False
A-G1.040-C3,142584,2,2445.5,1,4.25,middle50,False
A-G1.040-C3,142584,2,2472.5,1,27.0,middle50,False
A-G1.040-C3,142584,2,2475.75,1,3.25,late25,False
A-G1.040-C3,142584,2,2480.0,1,4.25,late25,False
A-G1.040-C3,142584,2,2484.75,7,4.75,late25,False
A-G1.040-C3,142584,2,2489.5,1,4.75,late25,False
A-G1.040-C3,142584,2,2493.25,1,3.75,late25,False
A-G1.040-C3,142584,2,2496.0,1,2.75,late25,False
A-G1.040-C3,142584,2,2500.5,3,4.5,late25,False
A-G1.040-C3,142584,2,2503.0,2,2.5,late25,False
A-G1.040-C3,142584,2,2506.0,3,3.0,late25,False
A-G1.040-C3,142584,2,2513.75,4,7.75,late25,False
A-G1.040-C3,142584,2,2523.5,1,9.75,late25,False
A-G1.040-C3,142584,2,2529.0,1,5.5,late25,False
A-G1.040-C3,142584,2,2534.0,1,5.0,late25,False
A-G1.040-C3,142584,2,2538.0,1,4.0,late25,False
A-G1.040-C3,142584,2,2545.5,1,7.5,late25,False
A-G1.040-C3,142584,2,2551.5,1,6.0,late25,False
A-G1.040-C3,142584,2,2583.0,1,31.5,late25,False
A-G1.040-C3,142584,2,2588.75,1,5.75,late25,False
A-G1.040-C3,142584,2,2592.0,1,3.25,late25,False
A-G1.040-C3,142584,2,2600.0,1,8.0,late25,False
A-G1.040-C3,142584,2,2602.5,1,2.5,late25,False
A-G1.040-C3,142584,2,2609.0,1,6.5,late25,False
A-G1.040-C3,142584,2,2616.5,1,7.5,late25,False
A-G1.040-C3,142584,2,2622.0,2,5.5,late25,False
A-G1.040-C3,142584,2,2712.0,1,90.0,late25,False
A-G1.040-C3,142584,2,2715.5,1,3.5,late25,False
A-G1.040-C3,142584,2,2720.5,2,5.0,late25,False
A-G1.040-C3,142584,3,2734.75,1,14.25,early25,True
A-G1.040-C3,142584,3,2739.0,1,4.25,early25,True
A-G1.040-C3,142584,3,2741.75,1,2.75,early25,True
A-G1.040-C3,142584,3,2746.75,1,5.0,early25,True
A-G1.040-C3,142584,3,2750.25,1,3.5,early25,True
A-G1.040-C3,142584,3,2752.5,1,2.25,early25,True
A-G1.040-C3,142584,3,2757.0,1,4.5,early25,True
A-G1.040-C3,142584,3,2793.5,1,36.5,early25,True
A-G1.040-C3,142584,3,2798.75,2,5.25,early25,True
A-G1.040-C3,142584,3,2809.25,2,10.5,early25,True
A-G1.040-C3,142584,3,2818.0,2,8.75,early25,True
A-G1.040-C3,142584,3,2827.5,2,9.5,early25,True
A-G1.040-C3,142584,3,2849.75,1,22.25,early25,True
A-G1.040-C3,142584,3,2857.75,1,8.0,early25,True
A-G1.040-C3,142584,3,2865.25,2,7.5,early25,True
A-G1.040-C3,142584,3,2873.0,1,7.75,early25,True
A-G1.040-C3,142584,3,2898.5,1,25.5,early25,True
A-G1.040-C3,142584,3,2904.5,1,6.0,early25,True
A-G1.040-C3,142584,3,2914.5,2,10.0,early25,True
A-G1.040-C3,142584,3,2917.0,1,2.5,early25,True
A-G1.040-C3,142584,3,2919.75,1,2.75,early25,True
A-G1.040-C3,142584,3,2923.5,1,3.75,early25,True
A-G1.040-C3,142584,3,2925.5,1,2.0,early25,True
A-G1.040-C3,142584,3,2944.5,1,19.0,middle50,True
A-G1.040-C3,142584,3,2953.0,1,8.5,middle50,True
A-G1.040-C3,142584,3,2957.5,1,4.5,middle50,True
A-G1.040-C3,142584,3,2961.25,1,3.75,middle50,True
A-G1.040-C3,142584,3,2964.5,1,3.25,middle50,True
A-G1.040-C3,142584,3,2968.25,1,3.75,middle50,True
A-G1.040-C3,142584,3,2972.25,9,4.0,middle50,True
A-G1.040-C3,142584,3,3004.75,1,32.5,middle50,True
A-G1.040-C3,142584,3,3013.25,1,8.5,middle50,True
A-G1.040-C3,142584,3,3023.25,2,10.0,middle50,True
A-G1.040-C3,142584,3,3054.0,2,30.75,middle50,True
A-G1.040-C3,142584,3,3063.75,1,9.75,middle50,True
A-G1.040-C3,142584,3,3072.75,1,9.0,middle50,True
A-G1.040-C3,142584,3,3109.5,2,36.75,middle50,True
A-G1.040-C3,142584,3,3115.25,1,5.75,middle50,True
A-G1.040-C3,142584,3,3120.75,1,5.5,middle50,True
A-G1.040-C3,142584,3,3126.5,1,5.75,middle50,True
A-G1.040-C3,142584,3,3132.25,1,5.75,middle50,True
A-G1.040-C3,142584,3,3145.25,3,13.0,middle50,True
A-G1.040-C3,142584,3,3282.5,1,137.25,middle50,True
A-G1.040-C3,142584,3,3287.5,1,5.0,middle50,True
A-G1.040-C3,142584,3,3293.25,1,5.75,middle50,True
A-G1.040-C3,142584,3,3299.0,1,5.75,middle50,True
A-G1.040-C3,142584,3,3304.75,1,5.75,middle50,True
A-G1.040-C3,142584,3,3310.5,1,5.75,middle50,True
A-G1.040-C3,142584,3,3344.0,1,33.5,middle50,True
A-G1.040-C3,142584,3,3348.5,1,4.5,middle50,True
A-G1.040-C3,142584,3,3353.25,1,4.75,middle50,True
A-G1.040-C3,142584,3,3364.0,1,10.75,middle50,True
A-G1.040-C3,142584,3,3398.75,2,34.75,late25,True
A-G1.040-C3,142584,3,3406.75,1,8.0,late25,True
A-G1.040-C3,142584,3,3414.5,1,7.75,late25,True
A-G1.040-C3,142584,3,3447.25,1,32.75,late25,True
A-G1.040-C3,142584,3,3455.25,1,8.0,late25,True
A-G1.040-C3,142584,3,3462.75,1,7.5,late25,True
A-G1.040-C3,142584,3,3468.0,1,5.25,late25,True
A-G1.040-C3,142584,3,3473.5,1,5.5,late25,True
A-G1.040-C3,150503,0,0.25,3,,early25,False
A-G1.040-C3,150503,0,8.5,1,8.25,early25,False
A-G1.040-C3,150503,0,10.5,1,2.0,early25,False
A-G1.040-C3,150503,0,20.5,1,10.0,early25,False
A-G1.040-C3,150503,0,24.25,1,3.75,early25,False
A-G1.040-C3,150503,0,32.75,1,8.5,early25,False
A-G1.040-C3,150503,0,41.0,1,8.25,early25,False
A-G1.040-C3,150503,0,54.25,1,13.25,early25,False
A-G1.040-C3,150503,0,97.0,1,42.75,early25,False
A-G1.040-C3,150503,0,101.5,1,4.5,early25,False
A-G1.040-C3,150503,0,105.25,1,3.75,early25,False
A-G1.040-C3,150503,0,128.25,5,23.0,early25,False
A-G1.040-C3,150503,0,155.5,3,27.25,early25,False
A-G1.040-C3,150503,0,165.0,1,9.5,early25,False
A-G1.040-C3,150503,0,171.5,1,6.5,early25,False
A-G1.040-C3,150503,0,176.75,1,5.25,middle50,False
A-G1.040-C3,150503,0,207.5,1,30.75,middle50,False
A-G1.040-C3,150503,0,210.25,1,2.75,middle50,False
A-G1.040-C3,150503,0,217.75,1,7.5,middle50,False
A-G1.040-C3,150503,0,224.25,1,6.5,middle50,False
A-G1.040-C3,150503,0,227.25,1,3.0,middle50,False
A-G1.040-C3,150503,0,233.0,1,5.75,middle50,False
A-G1.040-C3,150503,0,236.5,1,3.5,middle50,False
A-G1.040-C3,150503,0,389.5,1,153.0,middle50,False
A-G1.040-C3,150503,0,405.0,1,15.5,middle50,False
A-G1.040-C3,150503,0,410.75,1,5.75,middle50,False
A-G1.040-C3,150503,0,413.5,1,2.75,middle50,False
A-G1.040-C3,150503,0,419.0,1,5.5,middle50,False
A-G1.040-C3,150503,0,449.25,1,30.25,middle50,False
A-G1.040-C3,150503,0,451.75,1,2.5,middle50,False
A-G1.040-C3,150503,0,458.75,1,7.0,middle50,False
A-G1.040-C3,150503,0,460.75,1,2.0,middle50,False
A-G1.040-C3,150503,0,465.75,1,5.0,middle50,False
A-G1.040-C3,150503,0,472.75,1,7.0,middle50,False
A-G1.040-C3,150503,0,476.5,1,3.75,middle50,False
A-G1.040-C3,150503,0,484.25,1,7.75,middle50,False
A-G1.040-C3,150503,0,508.25,1,24.0,middle50,False
A-G1.040-C3,150503,0,512.0,1,3.75,middle50,False
A-G1.040-C3,150503,0,517.0,1,5.0,middle50,False
A-G1.040-C3,150503,0,521.5,1,4.5,middle50,False
A-G1.040-C3,150503,0,525.5,1,4.0,middle50,False
A-G1.040-C3,150503,0,530.0,1,4.5,middle50,False
A-G1.040-C3,150503,0,559.5,1,29.5,late25,False
A-G1.040-C3,150503,0,564.0,1,4.5,late25,False
A-G1.040-C3,150503,0,568.5,1,4.5,late25,False
A-G1.040-C3,150503,0,573.25,1,4.75,late25,False
A-G1.040-C3,150503,0,579.0,1,5.75,late25,False
A-G1.040-C3,150503,0,586.25,1,7.25,late25,False
A-G1.040-C3,150503,0,590.75,1,4.5,late25,False
A-G1.040-C3,150503,0,705.0,1,114.25,late25,False
A-G1.040-C3,150503,1,725.5,1,20.5,early25,False
A-G1.040-C3,150503,1,728.5,1,3.0,early25,False
A-G1.040-C3,150503,1,730.5,1,2.0,early25,False
A-G1.040-C3,150503,1,732.5,1,2.0,early25,False
A-G1.040-C3,150503,1,734.25,1,1.75,early25,False
A-G1.040-C3,150503,1,736.25,1,2.0,early25,False
A-G1.040-C3,150503,1,737.5,1,1.25,early25,False
A-G1.040-C3,150503,1,742.75,2,5.25,early25,False
A-G1.040-C3,150503,1,784.25,2,41.5,early25,False
A-G1.040-C3,150503,1,787.75,1,3.5,early25,False
A-G1.040-C3,150503,1,788.5,1,0.75,early25,False
A-G1.040-C3,150503,1,791.75,1,3.25,early25,False
A-G1.040-C3,150503,1,795.5,1,3.75,early25,False
A-G1.040-C3,150503,1,799.25,1,3.75,early25,False
A-G1.040-C3,150503,1,802.75,1,3.5,early25,False
A-G1.040-C3,150503,1,805.5,1,2.75,early25,False
A-G1.040-C3,150503,1,809.25,1,3.75,early25,False
A-G1.040-C3,150503,1,818.0,2,8.75,early25,False
A-G1.040-C3,150503,1,839.75,1,21.75,early25,False
A-G1.040-C3,150503,1,843.25,1,3.5,early25,False
A-G1.040-C3,150503,1,847.25,1,4.0,early25,False
A-G1.040-C3,150503,1,850.0,1,2.75,early25,False
A-G1.040-C3,150503,1,857.25,1,7.25,early25,False
A-G1.040-C3,150503,1,862.75,2,5.5,early25,False
A-G1.040-C3,150503,1,895.75,1,33.0,middle50,False
A-G1.040-C3,150503,1,898.25,1,2.5,middle50,False
A-G1.040-C3,150503,1,904.5,2,6.25,middle50,False
A-G1.040-C3,150503,1,908.0,1,3.5,middle50,False
A-G1.040-C3,150503,1,914.0,1,6.0,middle50,False
A-G1.040-C3,150503,1,916.0,1,2.0,middle50,False
A-G1.040-C3,150503,1,919.0,1,3.0,middle50,False
A-G1.040-C3,150503,1,922.0,1,3.0,middle50,False
A-G1.040-C3,150503,1,928.75,1,6.75,middle50,False
A-G1.040-C3,150503,1,1082.0,1,153.25,middle50,False
A-G1.040-C3,150503,1,1086.5,1,4.5,middle50,False
A-G1.040-C3,150503,1,1095.25,2,8.75,middle50,False
A-G1.040-C3,150503,1,1100.25,2,5.0,middle50,False
A-G1.040-C3,150503,1,1104.75,1,4.5,middle50,False
A-G1.040-C3,150503,1,1137.75,2,33.0,middle50,False
A-G1.040-C3,150503,1,1141.0,1,3.25,middle50,False
A-G1.040-C3,150503,1,1144.25,1,3.25,middle50,False
A-G1.040-C3,150503,1,1146.75,1,2.5,middle50,False
A-G1.040-C3,150503,1,1155.75,1,9.0,middle50,False
A-G1.040-C3,150503,1,1157.25,1,1.5,middle50,False
A-G1.040-C3,150503,1,1161.5,1,4.25,middle50,False
A-G1.040-C3,150503,1,1164.5,1,3.0,middle50,False
A-G1.040-C3,150503,1,1177.25,5,12.75,middle50,False
A-G1.040-C3,150503,1,1188.25,4,11.0,middle50,False
A-G1.040-C3,150503,1,1190.25,5,2.0,middle50,False
A-G1.040-C3,150503,1,1193.5,4,3.25,middle50,False
A-G1.040-C3,150503,1,1196.5,4,3.0,middle50,False
A-G1.040-C3,150503,1,1198.25,4,1.75,middle50,False
A-G1.040-C3,150503,1,1202.25,1,4.0,middle50,False
A-G1.040-C3,150503,1,1206.5,1,4.25,middle50,False
A-G1.040-C3,150503,1,1214.75,1,8.25,middle50,False
A-G1.040-C3,150503,1,1245.5,2,30.75,late25,False
A-G1.040-C3,150503,1,1249.0,1,3.5,late25,False
A-G1.040-C3,150503,1,1250.75,1,1.75,late25,False
A-G1.040-C3,150503,1,1256.25,1,5.5,late25,False
A-G1.040-C3,150503,1,1258.5,1,2.25,late25,False
A-G1.040-C3,150503,1,1262.0,1,3.5,late25,False
A-G1.040-C3,150503,1,1264.75,1,2.75,late25,False
A-G1.040-C3,150503,1,1267.25,2,2.5,late25,False
A-G1.040-C3,150503,1,1271.75,1,4.5,late25,False
A-G1.040-C3,150503,1,1275.75,1,4.0,late25,False
A-G1.040-C3,150503,2,1386.25,1,110.5,early25,False
A-G1.040-C3,150503,2,1401.0,2,14.75,early25,False
A-G1.040-C3,150503,2,1403.75,2,2.75,early25,False
A-G1.040-C3,150503,2,1406.0,1,2.25,early25,False
A-G1.040-C3,150503,2,1408.5,2,2.5,early25,False
A-G1.040-C3,150503,2,1413.25,3,4.75,early25,False
A-G1.040-C3,150503,2,1416.0,1,2.75,early25,False
A-G1.040-C3,150503,2,1420.5,2,4.5,early25,False
A-G1.040-C3,150503,2,1428.5,2,8.0,early25,False
A-G1.040-C3,150503,2,1457.25,3,28.75,early25,False
A-G1.040-C3,150503,2,1459.0,1,1.75,early25,False
A-G1.040-C3,150503,2,1461.5,2,2.5,early25,False
A-G1.040-C3,150503,2,1463.75,2,2.25,early25,False
A-G1.040-C3,150503,2,1464.75,1,1.0,early25,False
A-G1.040-C3,150503,2,1465.5,1,0.75,early25,False
A-G1.040-C3,150503,2,1471.0,3,5.5,early25,False
A-G1.040-C3,150503,2,1474.25,1,3.25,early25,False
A-G1.040-C3,150503,2,1482.0,3,7.75,early25,False
A-G1.040-C3,150503,2,1495.0,1,13.0,early25,False
A-G1.040-C3,150503,2,1501.25,7,6.25,early25,False
A-G1.040-C3,150503,2,1513.75,2,12.5,early25,False
A-G1.040-C3,150503,2,1518.75,2,5.0,early25,False
A-G1.040-C3,150503,2,1524.0,2,5.25,early25,False
A-G1.040-C3,150503,2,1527.75,1,3.75,early25,False
A-G1.040-C3,150503,2,1533.25,2,5.5,early25,False
A-G1.040-C3,150503,2,1539.0,3,5.75,early25,False
A-G1.040-C3,150503,2,1543.25,1,4.25,early25,False
A-G1.040-C3,150503,2,1568.75,21,25.5,middle50,False
A-G1.040-C3,150503,2,1571.0,1,2.25,middle50,False
A-G1.040-C3,150503,2,1572.75,1,1.75,middle50,False
A-G1.040-C3,150503,2,1584.5,2,11.75,middle50,False
A-G1.040-C3,150503,2,1587.5,2,3.0,middle50,False
A-G1.040-C3,150503,2,1589.5,1,2.0,middle50,False
A-G1.040-C3,150503,2,1592.75,1,3.25,middle50,False
A-G1.040-C3,150503,2,1595.25,2,2.5,middle50,False
A-G1.040-C3,150503,2,1598.0,1,2.75,middle50,False
A-G1.040-C3,150503,2,1736.25,1,138.25,middle50,False
A-G1.040-C3,150503,2,1741.75,2,5.5,middle50,False
A-G1.040-C3,150503,2,1744.25,1,2.5,middle50,False
A-G1.040-C3,150503,2,1747.25,1,3.0,middle50,False
A-G1.040-C3,150503,2,1749.5,1,2.25,middle50,False
A-G1.040-C3,150503,2,1752.25,1,2.75,middle50,False
A-G1.040-C3,150503,2,1755.0,1,2.75,middle50,False
A-G1.040-C3,150503,2,1758.25,1,3.25,middle50,False
A-G1.040-C3,150503,2,1762.0,1,3.75,middle50,False
A-G1.040-C3,150503,2,1765.5,2,3.5,middle50,False
A-G1.040-C3,150503,2,1790.0,1,24.5,middle50,False
A-G1.040-C3,150503,2,1792.5,1,2.5,middle50,False
A-G1.040-C3,150503,2,1794.75,13,2.25,middle50,False
A-G1.040-C3,150503,2,1797.5,1,2.75,middle50,False
A-G1.040-C3,150503,2,1799.5,1,2.0,middle50,False
A-G1.040-C3,150503,2,1804.25,1,4.75,middle50,False
A-G1.040-C3,150503,2,1806.25,1,2.0,middle50,False
A-G1.040-C3,150503,2,1809.25,1,3.0,middle50,False
A-G1.040-C3,150503,2,1813.25,2,4.0,middle50,False
A-G1.040-C3,150503,2,1819.75,2,6.5,middle50,False
A-G1.040-C3,150503,2,1821.25,1,1.5,middle50,False
A-G1.040-C3,150503,2,1841.25,1,20.0,middle50,False
A-G1.040-C3,150503,2,1844.25,1,3.0,middle50,False
A-G1.040-C3,150503,2,1848.25,1,4.0,middle50,False
A-G1.040-C3,150503,2,1851.75,1,3.5,middle50,False
A-G1.040-C3,150503,2,1854.0,1,2.25,middle50,False
A-G1.040-C3,150503,2,1857.25,1,3.25,middle50,False
A-G1.040-C3,150503,2,1860.0,10,2.75,middle50,False
A-G1.040-C3,150503,2,1864.75,2,4.75,middle50,False
A-G1.040-C3,150503,2,1867.5,1,2.75,middle50,False
A-G1.040-C3,150503,2,1899.5,2,32.0,late25,False
A-G1.040-C3,150503,2,1903.0,1,3.5,late25,False
A-G1.040-C3,150503,2,1906.0,1,3.0,late25,False
A-G1.040-C3,150503,2,1912.5,1,6.5,late25,False
A-G1.040-C3,150503,2,1916.5,1,4.0,late25,False
A-G1.040-C3,150503,2,1919.75,1,3.25,late25,False
A-G1.040-C3,150503,2,1925.25,1,5.5,late25,False
A-G1.040-C3,150503,3,2054.5,1,129.25,early25,True
A-G1.040-C3,150503,3,2059.5,2,5.0,early25,True
A-G1.040-C3,150503,3,2065.25,2,5.75,early25,True
A-G1.040-C3,150503,3,2068.5,2,3.25,early25,True
A-G1.040-C3,150503,3,2072.75,1,4.25,early25,True
A-G1.040-C3,150503,3,2077.75,3,5.0,early25,True
A-G1.040-C3,150503,3,2082.0,2,4.25,early25,True
A-G1.040-C3,150503,3,2086.75,2,4.75,early25,True
A-G1.040-C3,150503,3,2109.75,2,23.0,early25,True
A-G1.040-C3,150503,3,2113.25,18,3.5,early25,True
A-G1.040-C3,150503,3,2116.0,2,2.75,early25,True
A-G1.040-C3,150503,3,2122.5,1,6.5,early25,True
A-G1.040-C3,150503,3,2126.25,2,3.75,early25,True
A-G1.040-C3,150503,3,2128.0,2,1.75,early25,True
A-G1.040-C3,150503,3,2131.0,1,3.0,early25,True
A-G1.040-C3,150503,3,2138.75,3,7.75,early25,True
A-G1.040-C3,150503,3,2150.5,9,11.75,early25,True
A-G1.040-C3,150503,3,2160.0,1,9.5,early25,True
A-G1.040-C3,150503,3,2162.5,1,2.5,early25,True
A-G1.040-C3,150503,3,2165.75,1,3.25,early25,True
A-G1.040-C3,150503,3,2168.5,1,2.75,early25,True
A-G1.040-C3,150503,3,2172.25,2,3.75,early25,True
A-G1.040-C3,150503,3,2176.5,1,4.25,early25,True
A-G1.040-C3,150503,3,2180.5,1,4.0,early25,True
A-G1.040-C3,150503,3,2184.75,2,4.25,early25,True
A-G1.040-C3,150503,3,2188.0,1,3.25,early25,True
A-G1.040-C3,150503,3,2191.75,11,3.75,early25,True
A-G1.040-C3,150503,3,2216.75,4,25.0,early25,True
A-G1.040-C3,150503,3,2222.5,1,5.75,early25,True
A-G1.040-C3,150503,3,2229.5,1,7.0,early25,True
A-G1.040-C3,150503,3,2231.0,1,1.5,early25,True
A-G1.040-C3,150503,3,2232.25,1,1.25,early25,True
A-G1.040-C3,150503,3,2236.25,1,4.0,early25,True
A-G1.040-C3,150503,3,2241.5,1,5.25,early25,True
A-G1.040-C3,150503,3,2246.5,2,5.0,early25,True
A-G1.040-C3,150503,3,2262.25,1,15.75,early25,True
A-G1.040-C3,150503,3,2268.5,2,6.25,early25,True
A-G1.040-C3,150503,3,2278.5,2,10.0,early25,True
A-G1.040-C3,150503,3,2284.75,1,6.25,early25,True
A-G1.040-C3,150503,3,2292.0,1,7.25,early25,True
A-G1.040-C3,150503,3,2322.25,2,30.25,early25,True
A-G1.040-C3,150503,3,2327.5,1,5.25,early25,True
A-G1.040-C3,150503,3,2339.0,2,11.5,early25,True
A-G1.040-C3,150503,3,2344.25,1,5.25,early25,True
A-G1.040-C3,150503,3,2349.25,2,5.0,early25,True
A-G1.040-C3,150503,3,2379.5,1,30.25,early25,True
A-G1.040-C3,150503,3,2383.5,1,4.0,early25,True
A-G1.040-C3,150503,3,2387.0,1,3.5,early25,True
A-G1.040-C3,150503,3,2393.5,1,6.5,early25,True
A-G1.040-C3,150503,3,2396.0,1,2.5,early25,True
A-G1.040-C3,150503,3,2404.0,1,8.0,early25,True
A-G1.040-C3,150503,3,2441.5,1,37.5,middle50,True
A-G1.040-C3,150503,3,2446.25,2,4.75,middle50,True
A-G1.040-C3,150503,3,2455.25,2,9.0,middle50,True
A-G1.040-C3,150503,3,2460.0,1,4.75,middle50,True
A-G1.040-C3,150503,3,2476.75,5,16.75,middle50,True
A-G1.040-C3,150503,3,2485.5,4,8.75,middle50,True
A-G1.040-C3,150503,3,2491.5,1,6.0,middle50,True
A-G1.040-C3,150503,3,2501.25,1,9.75,middle50,True
A-G1.040-C3,150503,3,2506.5,1,5.25,middle50,True
A-G1.040-C3,150503,3,2512.5,1,6.0,middle50,True
A-G1.040-C3,150503,3,2545.5,1,33.0,middle50,True
A-G1.040-C3,150503,3,2550.25,2,4.75,middle50,True
A-G1.040-C3,150503,3,2551.25,2,1.0,middle50,True
A-G1.040-C3,150503,3,2552.5,3,1.25,middle50,True
A-G1.040-C3,150503,3,2557.25,1,4.75,middle50,True
A-G1.040-C3,150503,3,2563.75,1,6.5,middle50,True
A-G1.040-C3,150503,3,2571.75,1,8.0,middle50,True
A-G1.040-C3,150503,3,2582.5,4,10.75,middle50,True
A-G1.040-C3,150503,3,2721.25,1,138.75,middle50,True
A-G1.040-C3,150503,3,2728.75,1,7.5,middle50,True
A-G1.040-C3,150503,3,2735.25,1,6.5,middle50,True
A-G1.040-C3,150503,3,2748.0,1,12.75,middle50,True
A-G1.040-C3,150503,3,2781.25,1,33.25,middle50,True
A-G1.040-C3,150503,3,2785.25,1,4.0,middle50,True
A-G1.040-C3,150503,3,2791.75,1,6.5,middle50,True
A-G1.040-C3,150503,3,2803.5,1,11.75,middle50,True
A-G1.040-C3,150503,3,2812.25,1,8.75,middle50,True
A-G1.040-C3,150503,3,2835.25,1,23.0,middle50,True
A-G1.040-C3,150503,3,2849.75,1,14.5,middle50,True
A-G1.040-C3,150503,3,2857.5,1,7.75,middle50,True
A-G1.040-C3,150503,3,2863.0,1,5.5,middle50,True
A-G1.040-C3,150503,3,2891.25,1,28.25,middle50,True
A-G1.040-C3,150503,3,2899.25,1,8.0,middle50,True
A-G1.040-C3,150503,3,2902.0,1,2.75,middle50,True
A-G1.040-C3,150503,3,2909.0,1,7.0,middle50,True
A-G1.040-C3,150503,3,2919.25,1,10.25,middle50,True
A-G1.040-C3,150503,3,3084.25,1,165.0,middle50,True
A-G1.040-C3,150503,3,3092.5,1,8.25,middle50,True
A-G1.040-C3,150503,3,3098.5,1,6.0,middle50,True
A-G1.040-C3,150503,3,3130.0,1,31.5,middle50,True
A-G1.040-C3,150503,3,3146.75,1,16.75,middle50,True
A-G1.040-C3,150503,3,3159.0,1,12.25,middle50,True
A-G1.040-C3,150503,3,3178.75,1,19.75,middle50,True
A-G1.040-C3,150503,3,3187.25,1,8.5,middle50,True
A-G1.040-C3,150503,3,3195.5,1,8.25,middle50,True
A-G1.040-C3,150503,3,3205.75,5,10.25,middle50,True
A-G1.040-C3,150503,3,3237.75,1,32.0,late25,True
A-G1.040-C3,150503,3,3241.75,1,4.0,late25,True
A-G1.040-C3,150503,3,3248.5,1,6.75,late25,True
A-G1.040-C3,150503,3,3253.75,1,5.25,late25,True
A-G1.040-C3,150503,3,3261.25,1,7.5,late25,True
A-G1.040-C3,150503,3,3411.5,1,150.25,late25,True
A-G1.040-C3,150503,3,3422.25,1,10.75,late25,True
A-G1.040-C3,150503,3,3431.5,1,9.25,late25,True
A-G1.040-C3,150503,3,3474.75,1,43.25,late25,True
A-G1.040-C3,150503,3,3479.25,1,4.5,late25,True
A-G1.040-C3,150503,3,3484.75,1,5.5,late25,True
A-G1.040-C3,150503,3,3514.0,1,29.25,late25,True
A-G1.040-C3,150503,3,3523.25,1,9.25,late25,True
A-G1.040-C3,150503,3,3530.0,1,6.75,late25,True
A-G1.040-C3,150503,3,3536.0,3,6.0,late25,True
A-G1.040-C3,150503,3,3566.0,1,30.0,late25,True
A-G1.040-C3,150503,3,3573.75,1,7.75,late25,True
A-G1.040-C3,150503,3,3581.5,1,7.75,late25,True
A-G1.040-C3,150503,3,3588.25,1,6.75,late25,True
A-G1.040-C3,158422,0,0.25,3,,early25,False
A-G1.040-C3,158422,0,8.5,1,8.25,early25,False
A-G1.040-C3,158422,0,21.75,1,13.25,early25,False
A-G1.040-C3,158422,0,33.0,1,11.25,early25,False
A-G1.040-C3,158422,0,40.75,1,7.75,early25,False
A-G1.040-C3,158422,0,54.75,1,14.0,early25,False
A-G1.040-C3,158422,0,57.75,1,3.0,early25,False
A-G1.040-C3,158422,0,90.0,1,32.25,early25,False
A-G1.040-C3,158422,0,92.75,1,2.75,early25,False
A-G1.040-C3,158422,0,99.0,1,6.25,early25,False
A-G1.040-C3,158422,0,112.75,1,13.75,early25,False
A-G1.040-C3,158422,0,122.5,1,9.75,early25,False
A-G1.040-C3,158422,0,160.25,1,37.75,early25,False
A-G1.040-C3,158422,0,172.75,1,12.5,early25,False
A-G1.040-C3,158422,0,181.5,1,8.75,middle50,False
A-G1.040-C3,158422,0,196.0,1,14.5,middle50,False
A-G1.040-C3,158422,0,217.75,2,21.75,middle50,False
A-G1.040-C3,158422,0,223.25,1,5.5,middle50,False
A-G1.040-C3,158422,0,239.5,14,16.25,middle50,False
A-G1.040-C3,158422,0,397.75,1,158.25,middle50,False
A-G1.040-C3,158422,0,415.5,1,17.75,middle50,False
A-G1.040-C3,158422,0,447.75,1,32.25,middle50,False
A-G1.040-C3,158422,0,453.25,1,5.5,middle50,False
A-G1.040-C3,158422,0,459.0,1,5.75,middle50,False
A-G1.040-C3,158422,0,467.0,1,8.0,middle50,False
A-G1.040-C3,158422,0,470.75,1,3.75,middle50,False
A-G1.040-C3,158422,0,496.0,1,25.25,middle50,False
A-G1.040-C3,158422,0,498.75,1,2.75,middle50,False
A-G1.040-C3,158422,0,505.25,1,6.5,middle50,False
A-G1.040-C3,158422,0,509.25,1,4.0,middle50,False
A-G1.040-C3,158422,0,514.25,1,5.0,middle50,False
A-G1.040-C3,158422,0,522.0,1,7.75,late25,False
A-G1.040-C3,158422,0,550.0,1,28.0,late25,False
A-G1.040-C3,158422,0,554.75,1,4.75,late25,False
A-G1.040-C3,158422,0,556.5,1,1.75,late25,False
A-G1.040-C3,158422,0,560.0,1,3.5,late25,False
A-G1.040-C3,158422,0,566.0,1,6.0,late25,False
A-G1.040-C3,158422,0,570.25,1,4.25,late25,False
A-G1.040-C3,158422,0,572.5,1,2.25,late25,False
A-G1.040-C3,158422,0,577.0,1,4.5,late25,False
A-G1.040-C3,158422,0,581.75,1,4.75,late25,False
A-G1.040-C3,158422,0,587.25,1,5.5,late25,False
A-G1.040-C3,158422,0,694.25,1,107.0,late25,False
A-G1.040-C3,158422,1,714.5,1,20.25,early25,False
A-G1.040-C3,158422,1,716.5,1,2.0,early25,False
A-G1.040-C3,158422,1,718.5,1,2.0,early25,False
A-G1.040-C3,158422,1,722.25,1,3.75,early25,False
A-G1.040-C3,158422,1,728.5,2,6.25,early25,False
A-G1.040-C3,158422,1,739.75,2,11.25,early25,False
A-G1.040-C3,158422,1,774.75,1,35.0,early25,False
A-G1.040-C3,158422,1,779.75,2,5.0,early25,False
A-G1.040-C3,158422,1,783.5,1,3.75,early25,False
A-G1.040-C3,158422,1,789.0,1,5.5,early25,False
A-G1.040-C3,158422,1,790.75,1,1.75,early25,False
A-G1.040-C3,158422,1,796.25,2,5.5,early25,False
A-G1.040-C3,158422,1,799.75,1,3.5,early25,False
A-G1.040-C3,158422,1,800.75,1,1.0,early25,False
A-G1.040-C3,158422,1,813.75,6,13.0,early25,False
A-G1.040-C3,158422,1,831.0,1,17.25,early25,False
A-G1.040-C3,158422,1,836.0,2,5.0,early25,False
A-G1.040-C3,158422,1,840.75,1,4.75,early25,False
A-G1.040-C3,158422,1,845.25,1,4.5,early25,False
A-G1.040-C3,158422,1,849.5,2,4.25,early25,False
A-G1.040-C3,158422,1,882.75,1,33.25,middle50,False
A-G1.040-C3,158422,1,886.75,1,4.0,middle50,False
A-G1.040-C3,158422,1,890.75,1,4.0,middle50,False
A-G1.040-C3,158422,1,897.5,2,6.75,middle50,False
A-G1.040-C3,158422,1,902.5,1,5.0,middle50,False
A-G1.040-C3,158422,1,905.5,1,3.0,middle50,False
A-G1.040-C3,158422,1,909.5,2,4.0,middle50,False
A-G1.040-C3,158422,1,912.75,1,3.25,middle50,False
A-G1.040-C3,158422,1,919.5,1,6.75,middle50,False
A-G1.040-C3,158422,1,1069.0,2,149.5,middle50,False
A-G1.040-C3,158422,1,1076.0,1,7.0,middle50,False
A-G1.040-C3,158422,1,1078.5,1,2.5,middle50,False
A-G1.040-C3,158422,1,1081.75,1,3.25,middle50,False
A-G1.040-C3,158422,1,1084.75,1,3.0,middle50,False
A-G1.040-C3,158422,1,1088.25,1,3.5,middle50,False
A-G1.040-C3,158422,1,1092.0,1,3.75,middle50,False
A-G1.040-C3,158422,1,1121.5,1,29.5,middle50,False
A-G1.040-C3,158422,1,1128.75,2,7.25,middle50,False
A-G1.040-C3,158422,1,1138.5,2,9.75,middle50,False
A-G1.040-C3,158422,1,1139.75,1,1.25,middle50,False
A-G1.040-C3,158422,1,1141.0,1,1.25,middle50,False
A-G1.040-C3,158422,1,1144.0,1,3.0,middle50,False
A-G1.040-C3,158422,1,1146.25,1,2.25,middle50,False
A-G1.040-C3,158422,1,1149.25,1,3.0,middle50,False
A-G1.040-C3,158422,1,1178.25,1,29.0,middle50,False
A-G1.040-C3,158422,1,1181.25,2,3.0,middle50,False
A-G1.040-C3,158422,1,1189.5,2,8.25,middle50,False
A-G1.040-C3,158422,1,1195.0,1,5.5,middle50,False
A-G1.040-C3,158422,1,1197.75,1,2.75,middle50,False
A-G1.040-C3,158422,1,1200.5,1,2.75,middle50,False
A-G1.040-C3,158422,1,1229.75,1,29.25,late25,False
A-G1.040-C3,158422,1,1232.75,1,3.0,late25,False
A-G1.040-C3,158422,1,1237.0,1,4.25,late25,False
A-G1.040-C3,158422,1,1239.5,1,2.5,late25,False
A-G1.040-C3,158422,1,1243.0,1,3.5,late25,False
A-G1.040-C3,158422,1,1245.75,2,2.75,late25,False
A-G1.040-C3,158422,1,1251.25,1,5.5,late25,False
A-G1.040-C3,158422,1,1253.5,1,2.25,late25,False
A-G1.040-C3,158422,1,1258.75,1,5.25,late25,False
A-G1.040-C3,158422,1,1265.0,1,6.25,late25,False
A-G1.040-C3,158422,2,1394.25,1,129.25,early25,False
A-G1.040-C3,158422,2,1396.25,2,2.0,early25,False
A-G1.040-C3,158422,2,1397.5,1,1.25,early25,False
A-G1.040-C3,158422,2,1400.5,1,3.0,early25,False
A-G1.040-C3,158422,2,1406.0,2,5.5,early25,False
A-G1.040-C3,158422,2,1409.25,2,3.25,early25,False
A-G1.040-C3,158422,2,1413.0,3,3.75,early25,False
A-G1.040-C3,158422,2,1416.25,3,3.25,early25,False
A-G1.040-C3,158422,2,1417.75,1,1.5,early25,False
A-G1.040-C3,158422,2,1421.0,3,3.25,early25,False
A-G1.040-C3,158422,2,1454.5,3,33.5,early25,False
A-G1.040-C3,158422,2,1465.25,2,10.75,early25,False
A-G1.040-C3,158422,2,1467.5,2,2.25,early25,False
A-G1.040-C3,158422,2,1472.0,2,4.5,early25,False
A-G1.040-C3,158422,2,1477.75,3,5.75,early25,False
A-G1.040-C3,158422,2,1480.5,3,2.75,early25,False
A-G1.040-C3,158422,2,1512.75,1,32.25,early25,False
A-G1.040-C3,158422,2,1526.75,2,14.0,early25,False
A-G1.040-C3,158422,2,1531.0,2,4.25,early25,False
A-G1.040-C3,158422,2,1567.75,2,36.75,early25,False
A-G1.040-C3,158422,2,1572.5,2,4.75,early25,False
A-G1.040-C3,158422,2,1577.25,2,4.75,early25,False
A-G1.040-C3,158422,2,1582.25,2,5.0,early25,False
A-G1.040-C3,158422,2,1588.5,3,6.25,early25,False
A-G1.040-C3,158422,2,1593.25,2,4.75,early25,False
A-G1.040-C3,158422,2,1619.5,4,26.25,early25,False
A-G1.040-C3,158422,2,1627.75,2,8.25,early25,False
A-G1.040-C3,158422,2,1632.5,1,4.75,early25,False
A-G1.040-C3,158422,2,1638.75,3,6.25,early25,False
A-G1.040-C3,158422,2,1642.75,1,4.0,early25,False
A-G1.040-C3,158422,2,1670.75,1,28.0,middle50,False
A-G1.040-C3,158422,2,1674.25,2,3.5,middle50,False
A-G1.040-C3,158422,2,1678.0,1,3.75,middle50,False
A-G1.040-C3,158422,2,1683.75,3,5.75,middle50,False
A-G1.040-C3,158422,2,1689.0,2,5.25,middle50,False
A-G1.040-C3,158422,2,1692.75,2,3.75,middle50,False
A-G1.040-C3,158422,2,1695.5,1,2.75,middle50,False
A-G1.040-C3,158422,2,1699.75,2,4.25,middle50,False
A-G1.040-C3,158422,2,1709.5,6,9.75,middle50,False
A-G1.040-C3,158422,2,1848.25,1,138.75,middle50,False
A-G1.040-C3,158422,2,1852.5,1,4.25,middle50,False
A-G1.040-C3,158422,2,1855.0,1,2.5,middle50,False
A-G1.040-C3,158422,2,1857.5,2,2.5,middle50,False
A-G1.040-C3,158422,2,1861.5,1,4.0,middle50,False
A-G1.040-C3,158422,2,1867.75,2,6.25,middle50,False
A-G1.040-C3,158422,2,1875.5,2,7.75,middle50,False
A-G1.040-C3,158422,2,1903.75,2,28.25,middle50,False
A-G1.040-C3,158422,2,1912.5,1,8.75,middle50,False
A-G1.040-C3,158422,2,1916.0,1,3.5,middle50,False
A-G1.040-C3,158422,2,1921.0,2,5.0,middle50,False
A-G1.040-C3,158422,2,1925.5,2,4.5,middle50,False
A-G1.040-C3,158422,2,1931.75,2,6.25,middle50,False
A-G1.040-C3,158422,2,1950.5,1,18.75,middle50,False
A-G1.040-C3,158422,2,1953.25,1,2.75,middle50,False
A-G1.040-C3,158422,2,1963.75,2,10.5,middle50,False
A-G1.040-C3,158422,2,1972.5,3,8.75,middle50,False
A-G1.040-C3,158422,2,1977.75,2,5.25,middle50,False
A-G1.040-C3,158422,2,2007.25,2,29.5,middle50,False
A-G1.040-C3,158422,2,2012.5,2,5.25,middle50,False
A-G1.040-C3,158422,2,2016.75,2,4.25,middle50,False
A-G1.040-C3,158422,2,2019.0,1,2.25,middle50,False
A-G1.040-C3,158422,2,2024.5,2,5.5,middle50,False
A-G1.040-C3,158422,2,2027.5,1,3.0,middle50,False
A-G1.040-C3,158422,2,2029.5,1,2.0,middle50,False
A-G1.040-C3,158422,2,2033.75,2,4.25,middle50,False
A-G1.040-C3,158422,2,2041.75,2,8.0,middle50,False
A-G1.040-C3,158422,2,2174.25,1,132.5,middle50,False
A-G1.040-C3,158422,2,2178.5,1,4.25,middle50,False
A-G1.040-C3,158422,2,2182.75,1,4.25,middle50,False
A-G1.040-C3,158422,2,2186.0,1,3.25,middle50,False
A-G1.040-C3,158422,2,2188.25,1,2.25,middle50,False
A-G1.040-C3,158422,2,2191.75,1,3.5,middle50,False
A-G1.040-C3,158422,2,2196.75,1,5.0,middle50,False
A-G1.040-C3,158422,2,2201.5,2,4.75,late25,False
A-G1.040-C3,158422,2,2204.75,1,3.25,late25,False
A-G1.040-C3,158422,2,2229.25,1,24.5,late25,False
A-G1.040-C3,158422,2,2232.25,1,3.0,late25,False
A-G1.040-C3,158422,2,2235.5,1,3.25,late25,False
A-G1.040-C3,158422,2,2238.5,1,3.0,late25,False
A-G1.040-C3,158422,2,2241.75,2,3.25,late25,False
A-G1.040-C3,158422,2,2244.25,1,2.5,late25,False
A-G1.040-C3,158422,2,2247.25,12,3.0,late25,False
A-G1.040-C3,158422,2,2249.25,1,2.0,late25,False
A-G1.040-C3,158422,2,2254.0,1,4.75,late25,False
A-G1.040-C3,158422,2,2260.5,1,6.5,late25,False
A-G1.040-C3,158422,2,2268.75,3,8.25,late25,False
A-G1.040-C3,158422,2,2278.5,1,9.75,late25,False
A-G1.040-C3,158422,2,2282.5,1,4.0,late25,False
A-G1.040-C3,158422,2,2285.0,1,2.5,late25,False
A-G1.040-C3,158422,2,2286.5,3,1.5,late25,False
A-G1.040-C3,158422,2,2291.5,1,5.0,late25,False
A-G1.040-C3,158422,2,2294.25,1,2.75,late25,False
A-G1.040-C3,158422,2,2299.25,2,5.0,late25,False
A-G1.040-C3,158422,2,2307.25,1,8.0,late25,False
A-G1.040-C3,158422,2,2332.75,2,25.5,late25,False
A-G1.040-C3,158422,2,2333.75,3,1.0,late25,False
A-G1.040-C3,158422,2,2334.5,2,0.75,late25,False
A-G1.040-C3,158422,2,2337.0,1,2.5,late25,False
A-G1.040-C3,158422,2,2343.25,1,6.25,late25,False
A-G1.040-C3,158422,2,2346.75,2,3.5,late25,False
A-G1.040-C3,158422,2,2353.25,1,6.5,late25,False
A-G1.040-C3,158422,2,2356.0,1,2.75,late25,False
A-G1.040-C3,158422,2,2359.25,1,3.25,late25,False
A-G1.040-C3,158422,2,2362.75,1,3.5,late25,False
A-G1.040-C3,158422,2,2371.0,1,8.25,late25,False
A-G1.040-C3,158422,2,2376.5,2,5.5,late25,False
A-G1.040-C3,158422,3,2490.25,5,113.75,early25,True
A-G1.040-C3,158422,3,2493.0,2,2.75,early25,True
A-G1.040-C3,158422,3,2495.5,4,2.5,early25,True
A-G1.040-C3,158422,3,2498.0,1,2.5,early25,True
A-G1.040-C3,158422,3,2502.0,2,4.0,early25,True
A-G1.040-C3,158422,3,2505.75,2,3.75,early25,True
A-G1.040-C3,158422,3,2509.5,1,3.75,early25,True
A-G1.040-C3,158422,3,2513.5,1,4.0,early25,True
A-G1.040-C3,158422,3,2518.25,2,4.75,early25,True
A-G1.040-C3,158422,3,2522.75,2,4.5,early25,True
A-G1.040-C3,158422,3,2546.5,1,23.75,early25,True
A-G1.040-C3,158422,3,2549.25,2,2.75,early25,True
A-G1.040-C3,158422,3,2552.75,1,3.5,early25,True
A-G1.040-C3,158422,3,2557.0,15,4.25,early25,True
A-G1.040-C3,158422,3,2560.25,1,3.25,early25,True
A-G1.040-C3,158422,3,2563.5,1,3.25,early25,True
A-G1.040-C3,158422,3,2570.5,2,7.0,early25,True
A-G1.040-C3,158422,3,2578.25,1,7.75,early25,True
A-G1.040-C3,158422,3,2593.25,1,15.0,early25,True
A-G1.040-C3,158422,3,2596.5,1,3.25,early25,True
A-G1.040-C3,158422,3,2599.5,1,3.0,early25,True
A-G1.040-C3,158422,3,2602.25,1,2.75,early25,True
A-G1.040-C3,158422,3,2612.25,1,10.0,early25,True
A-G1.040-C3,158422,3,2616.5,1,4.25,early25,True
A-G1.040-C3,158422,3,2620.5,1,4.0,early25,True
A-G1.040-C3,158422,3,2623.5,1,3.0,early25,True
A-G1.040-C3,158422,3,2650.5,1,27.0,early25,True
A-G1.040-C3,158422,3,2655.0,2,4.5,early25,True
A-G1.040-C3,158422,3,2662.0,10,7.0,early25,True
A-G1.040-C3,158422,3,2665.0,1,3.0,early25,True
A-G1.040-C3,158422,3,2680.5,1,15.5,early25,True
A-G1.040-C3,158422,3,2699.0,1,18.5,early25,True
A-G1.040-C3,158422,3,2701.25,1,2.25,early25,True
A-G1.040-C3,158422,3,2712.75,1,11.5,early25,True
A-G1.040-C3,158422,3,2715.25,1,2.5,early25,True
A-G1.040-C3,158422,3,2721.5,2,6.25,early25,True
A-G1.040-C3,158422,3,2728.5,1,7.0,early25,True
A-G1.040-C3,158422,3,2758.5,1,30.0,middle50,True
A-G1.040-C3,158422,3,2764.0,2,5.5,middle50,True
A-G1.040-C3,158422,3,2769.5,1,5.5,middle50,True
A-G1.040-C3,158422,3,2775.0,2,5.5,middle50,True
A-G1.040-C3,158422,3,2784.25,1,9.25,middle50,True
A-G1.040-C3,158422,3,2803.75,1,19.5,middle50,True
A-G1.040-C3,158422,3,2809.75,1,6.0,middle50,True
A-G1.040-C3,158422,3,2816.0,2,6.25,middle50,True
A-G1.040-C3,158422,3,2822.0,1,6.0,middle50,True
A-G1.040-C3,158422,3,2829.0,1,7.0,middle50,True
A-G1.040-C3,158422,3,2863.5,1,34.5,middle50,True
A-G1.040-C3,158422,3,2871.25,1,7.75,middle50,True
A-G1.040-C3,158422,3,2879.0,1,7.75,middle50,True
A-G1.040-C3,158422,3,2882.25,2,3.25,middle50,True
A-G1.040-C3,158422,3,2886.25,1,4.0,middle50,True
A-G1.040-C3,158422,3,2895.25,1,9.0,middle50,True
A-G1.040-C3,158422,3,2902.75,5,7.5,middle50,True
A-G1.040-C3,158422,3,3042.25,1,139.5,middle50,True
A-G1.040-C3,158422,3,3048.0,1,5.75,middle50,True
A-G1.040-C3,158422,3,3051.0,1,3.0,middle50,True
A-G1.040-C3,158422,3,3056.5,1,5.5,middle50,True
A-G1.040-C3,158422,3,3063.5,1,7.0,middle50,True
A-G1.040-C3,158422,3,3067.25,1,3.75,middle50,True
A-G1.040-C3,158422,3,3094.75,6,27.5,middle50,True
A-G1.040-C3,158422,3,3101.5,1,6.75,middle50,True
A-G1.040-C3,158422,3,3104.75,1,3.25,middle50,True
A-G1.040-C3,158422,3,3110.5,1,5.75,middle50,True
A-G1.040-C3,158422,3,3113.5,1,3.0,middle50,True
A-G1.040-C3,158422,3,3117.25,1,3.75,middle50,True
A-G1.040-C3,158422,3,3124.75,1,7.5,middle50,True
A-G1.040-C3,158422,3,3127.75,1,3.0,middle50,True
A-G1.040-C3,158422,3,3144.25,1,16.5,middle50,True
A-G1.040-C3,158422,3,3149.0,1,4.75,middle50,True
A-G1.040-C3,158422,3,3154.5,1,5.5,middle50,True
A-G1.040-C3,158422,3,3160.0,1,5.5,middle50,True
A-G1.040-C3,158422,3,3165.5,1,5.5,middle50,True
A-G1.040-C3,158422,3,3198.25,1,32.75,middle50,True
A-G1.040-C3,158422,3,3202.75,1,4.5,middle50,True
A-G1.040-C3,158422,3,3211.25,1,8.5,middle50,True
A-G1.040-C3,158422,3,3216.0,1,4.75,middle50,True
A-G1.040-C3,158422,3,3227.0,1,11.0,middle50,True
A-G1.040-C3,158422,3,3382.5,1,155.5,late25,True
A-G1.040-C3,158422,3,3393.5,1,11.0,late25,True
A-G1.040-C3,158422,3,3399.0,1,5.5,late25,True
A-G1.040-C3,158422,3,3405.0,1,6.0,late25,True
A-G1.040-C3,158422,3,3412.0,1,7.0,late25,True
A-G1.040-C3,158422,3,3439.0,1,27.0,late25,True
A-G1.040-C3,158422,3,3444.5,5,5.5,late25,True
A-G1.040-C3,158422,3,3461.5,1,17.0,late25,True
A-G1.040-C3,158422,3,3471.75,1,10.25,late25,True
A-G1.040-C3,158422,3,3498.0,1,26.25,late25,True
A-G1.040-C3,158422,3,3506.25,1,8.25,late25,True
A-G1.040-C3,158422,3,3516.75,1,10.5,late25,True
A-G1.040-C3,158422,3,3521.25,4,4.5,late25,True
A-G1.040-C3,158422,3,3551.75,1,30.5,late25,True
A-G1.040-C3,158422,3,3564.5,1,12.75,late25,True
A-G1.040-C3,158422,3,3575.0,1,10.5,late25,True
A-G1.040-C3,158422,3,3582.0,1,7.0,late25,True
A-G1.040-C3,166341,0,0.25,3,,early25,False
A-G1.040-C3,166341,0,8.25,1,8.0,early25,False
A-G1.040-C3,166341,0,28.5,1,20.25,early25,False
A-G1.040-C3,166341,0,36.0,1,7.5,early25,False
A-G1.040-C3,166341,0,48.0,1,12.0,early25,False
A-G1.040-C3,166341,0,93.5,1,45.5,early25,False
A-G1.040-C3,166341,0,99.5,1,6.0,early25,False
A-G1.040-C3,166341,0,107.5,1,8.0,early25,False
A-G1.040-C3,166341,0,116.5,1,9.0,early25,False
A-G1.040-C3,166341,0,151.75,1,35.25,early25,False
A-G1.040-C3,166341,0,163.5,1,11.75,early25,False
A-G1.040-C3,166341,0,170.5,1,7.0,early25,False
A-G1.040-C3,166341,0,179.5,1,9.0,middle50,False
A-G1.040-C3,166341,0,211.5,1,32.0,middle50,False
A-G1.040-C3,166341,0,221.0,1,9.5,middle50,False
A-G1.040-C3,166341,0,226.0,1,5.0,middle50,False
A-G1.040-C3,166341,0,234.75,1,8.75,middle50,False
A-G1.040-C3,166341,0,396.75,1,162.0,middle50,False
A-G1.040-C3,166341,0,405.0,1,8.25,middle50,False
A-G1.040-C3,166341,0,408.75,1,3.75,middle50,False
A-G1.040-C3,166341,0,418.0,1,9.25,middle50,False
A-G1.040-C3,166341,0,454.25,1,36.25,middle50,False
A-G1.040-C3,166341,0,466.75,1,12.5,middle50,False
A-G1.040-C3,166341,0,472.25,1,5.5,middle50,False
A-G1.040-C3,166341,0,478.75,1,6.5,middle50,False
A-G1.040-C3,166341,0,484.0,1,5.25,middle50,False
A-G1.040-C3,166341,0,514.25,1,30.25,middle50,False
A-G1.040-C3,166341,0,519.5,1,5.25,middle50,False
A-G1.040-C3,166341,0,529.25,1,9.75,middle50,False
A-G1.040-C3,166341,0,537.5,1,8.25,middle50,False
A-G1.040-C3,166341,0,543.25,1,5.75,late25,False
A-G1.040-C3,166341,0,570.5,1,27.25,late25,False
A-G1.040-C3,166341,0,574.25,1,3.75,late25,False
A-G1.040-C3,166341,0,582.75,1,8.5,late25,False
A-G1.040-C3,166341,0,586.0,1,3.25,late25,False
A-G1.040-C3,166341,0,588.5,1,2.5,late25,False
A-G1.040-C3,166341,0,595.5,1,7.0,late25,False
A-G1.040-C3,166341,0,601.0,1,5.5,late25,False
A-G1.040-C3,166341,1,741.25,1,140.25,early25,False
A-G1.040-C3,166341,1,742.75,1,1.5,early25,False
A-G1.040-C3,166341,1,745.5,1,2.75,early25,False
A-G1.040-C3,166341,1,748.5,1,3.0,early25,False
A-G1.040-C3,166341,1,750.5,1,2.0,early25,False
A-G1.040-C3,166341,1,755.5,1,5.0,early25,False
A-G1.040-C3,166341,1,769.25,2,13.75,early25,False
A-G1.040-C3,166341,1,796.5,1,27.25,early25,False
A-G1.040-C3,166341,1,803.5,2,7.0,early25,False
A-G1.040-C3,166341,1,807.0,1,3.5,early25,False
A-G1.040-C3,166341,1,816.75,2,9.75,early25,False
A-G1.040-C3,166341,1,821.0,2,4.25,early25,False
A-G1.040-C3,166341,1,824.5,1,3.5,early25,False
A-G1.040-C3,166341,1,828.75,2,4.25,early25,False
A-G1.040-C3,166341,1,859.5,1,30.75,early25,False
A-G1.040-C3,166341,1,865.5,2,6.0,early25,False
A-G1.040-C3,166341,1,873.0,2,7.5,early25,False
A-G1.040-C3,166341,1,882.75,2,9.75,early25,False
A-G1.040-C3,166341,1,891.25,2,8.5,early25,False
A-G1.040-C3,166341,1,911.75,2,20.5,early25,False
A-G1.040-C3,166341,1,917.0,1,5.25,early25,False
A-G1.040-C3,166341,1,923.0,20,6.0,early25,False
A-G1.040-C3,166341,1,928.25,1,5.25,early25,False
A-G1.040-C3,166341,1,932.25,1,4.0,early25,False
A-G1.040-C3,166341,1,935.25,1,3.0,early25,False
A-G1.040-C3,166341,1,943.5,1,8.25,early25,False
A-G1.040-C3,166341,1,1092.75,1,149.25,middle50,False
A-G1.040-C3,166341,1,1098.25,1,5.5,middle50,False
A-G1.040-C3,166341,1,1102.25,1,4.0,middle50,False
A-G1.040-C3,166341,1,1112.5,1,10.25,middle50,False
A-G1.040-C3,166341,1,1116.5,1,4.0,middle50,False
A-G1.040-C3,166341,1,1120.5,1,4.0,middle50,False
A-G1.040-C3,166341,1,1144.75,2,24.25,middle50,False
A-G1.040-C3,166341,1,1149.5,1,4.75,middle50,False
A-G1.040-C3,166341,1,1154.5,2,5.0,middle50,False
A-G1.040-C3,166341,1,1158.5,1,4.0,middle50,False
A-G1.040-C3,166341,1,1165.0,2,6.5,middle50,False
A-G1.040-C3,166341,1,1166.5,1,1.5,middle50,False
A-G1.040-C3,166341,1,1167.75,1,1.25,middle50,False
A-G1.040-C3,166341,1,1172.5,1,4.75,middle50,False
A-G1.040-C3,166341,1,1173.75,1,1.25,middle50,False
A-G1.040-C3,166341,1,1196.0,2,22.25,middle50,False
A-G1.040-C3,166341,1,1201.5,1,5.5,middle50,False
A-G1.040-C3,166341,1,1206.75,1,5.25,middle50,False
A-G1.040-C3,166341,1,1211.0,1,4.25,middle50,False
A-G1.040-C3,166341,1,1215.5,2,4.5,middle50,False
A-G1.040-C3,166341,1,1222.0,1,6.5,middle50,False
A-G1.040-C3,166341,1,1251.75,1,29.75,middle50,False
A-G1.040-C3,166341,1,1255.5,1,3.75,middle50,False
A-G1.040-C3,166341,1,1258.5,2,3.0,middle50,False
A-G1.040-C3,166341,1,1270.5,1,12.0,middle50,False
A-G1.040-C3,166341,1,1275.75,1,5.25,middle50,False
A-G1.040-C3,166341,1,1279.25,1,3.5,middle50,False
A-G1.040-C3,166341,1,1285.5,1,6.25,middle50,False
A-G1.040-C3,166341,1,1413.0,1,127.5,middle50,False
A-G1.040-C3,166341,1,1415.5,1,2.5,middle50,False
A-G1.040-C3,166341,1,1420.0,1,4.5,middle50,False
A-G1.040-C3,166341,1,1425.5,1,5.5,middle50,False
A-G1.040-C3,166341,1,1428.75,1,3.25,middle50,False
A-G1.040-C3,166341,1,1433.5,1,4.75,middle50,False
A-G1.040-C3,166341,1,1436.75,1,3.25,middle50,False
A-G1.040-C3,166341,1,1469.0,1,32.25,middle50,False
A-G1.040-C3,166341,1,1472.0,1,3.0,late25,False
A-G1.040-C3,166341,1,1476.75,1,4.75,late25,False
A-G1.040-C3,166341,1,1479.5,1,2.75,late25,False
A-G1.040-C3,166341,1,1482.75,1,3.25,late25,False
A-G1.040-C3,166341,1,1487.75,1,5.0,late25,False
A-G1.040-C3,166341,1,1489.5,1,1.75,late25,False
A-G1.040-C3,166341,1,1492.5,1,3.0,late25,False
A-G1.040-C3,166341,1,1495.75,2,3.25,late25,False
A-G1.040-C3,166341,1,1506.25,1,10.5,late25,False
A-G1.040-C3,166341,1,1512.5,4,6.25,late25,False
A-G1.040-C3,166341,1,1530.25,1,17.75,late25,False
A-G1.040-C3,166341,1,1535.25,3,5.0,late25,False
A-G1.040-C3,166341,1,1539.25,1,4.0,late25,False
A-G1.040-C3,166341,1,1542.5,2,3.25,late25,False
A-G1.040-C3,166341,1,1547.5,1,5.0,late25,False
A-G1.040-C3,166341,1,1550.25,1,2.75,late25,False
A-G1.040-C3,166341,1,1552.5,1,2.25,late25,False
A-G1.040-C3,166341,1,1583.25,1,30.75,late25,False
A-G1.040-C3,166341,1,1584.75,1,1.5,late25,False
A-G1.040-C3,166341,1,1591.5,1,6.75,late25,False
A-G1.040-C3,166341,1,1595.75,1,4.25,late25,False
A-G1.040-C3,166341,1,1598.0,3,2.25,late25,False
A-G1.040-C3,166341,1,1599.25,2,1.25,late25,False
A-G1.040-C3,166341,1,1601.75,1,2.5,late25,False
A-G1.040-C3,166341,1,1606.0,1,4.25,late25,False
A-G1.040-C3,166341,1,1607.25,1,1.25,late25,False
A-G1.040-C3,166341,1,1615.75,1,8.5,late25,False
A-G1.040-C3,166341,1,1713.0,1,97.25,late25,False
A-G1.040-C3,166341,1,1715.5,1,2.5,late25,False
A-G1.040-C3,166341,1,1719.25,1,3.75,late25,False
A-G1.040-C3,166341,2,1735.25,1,16.0,early25,False
A-G1.040-C3,166341,2,1738.25,2,3.0,early25,False
A-G1.040-C3,166341,2,1742.5,2,4.25,early25,False
A-G1.040-C3,166341,2,1746.0,2,3.5,early25,False
A-G1.040-C3,166341,2,1750.75,2,4.75,early25,False
A-G1.040-C3,166341,2,1755.5,2,4.75,early25,False
A-G1.040-C3,166341,2,1761.25,2,5.75,early25,False
A-G1.040-C3,166341,2,1767.25,3,6.0,early25,False
A-G1.040-C3,166341,2,1791.75,1,24.5,early25,False
A-G1.040-C3,166341,2,1796.0,24,4.25,early25,False
A-G1.040-C3,166341,2,1798.75,1,2.75,early25,False
A-G1.040-C3,166341,2,1802.0,1,3.25,early25,False
A-G1.040-C3,166341,2,1803.0,2,1.0,early25,False
A-G1.040-C3,166341,2,1812.25,1,9.25,early25,False
A-G1.040-C3,166341,2,1814.75,2,2.5,early25,False
A-G1.040-C3,166341,2,1816.75,1,2.0,early25,False
A-G1.040-C3,166341,2,1820.5,1,3.75,early25,False
A-G1.040-C3,166341,2,1821.75,1,1.25,early25,False
A-G1.040-C3,166341,2,1823.0,2,1.25,early25,False
A-G1.040-C3,166341,2,1965.75,1,142.75,middle50,False
A-G1.040-C3,166341,2,1972.0,1,6.25,middle50,False
A-G1.040-C3,166341,2,1973.5,1,1.5,middle50,False
A-G1.040-C3,166341,2,1977.25,1,3.75,middle50,False
A-G1.040-C3,166341,2,1980.75,1,3.5,middle50,False
A-G1.040-C3,166341,2,1985.25,2,4.5,middle50,False
A-G1.040-C3,166341,2,1989.5,1,4.25,middle50,False
A-G1.040-C3,166341,2,1994.5,2,5.0,middle50,False
A-G1.040-C3,166341,2,1999.75,2,5.25,middle50,False
A-G1.040-C3,166341,2,2021.75,1,22.0,middle50,False
A-G1.040-C3,166341,2,2025.25,17,3.5,middle50,False
A-G1.040-C3,166341,2,2034.0,2,8.75,middle50,False
A-G1.040-C3,166341,2,2039.25,2,5.25,middle50,False
A-G1.040-C3,166341,2,2045.5,2,6.25,middle50,False
A-G1.040-C3,166341,2,2052.25,2,6.75,middle50,False
A-G1.040-C3,166341,2,2077.5,2,25.25,middle50,False
A-G1.040-C3,166341,2,2080.25,1,2.75,middle50,False
A-G1.040-C3,166341,2,2083.5,2,3.25,middle50,False
A-G1.040-C3,166341,2,2086.25,1,2.75,middle50,False
A-G1.040-C3,166341,2,2088.75,1,2.5,middle50,False
A-G1.040-C3,166341,2,2093.5,2,4.75,middle50,False
A-G1.040-C3,166341,2,2099.75,1,6.25,middle50,False
A-G1.040-C3,166341,2,2104.75,2,5.0,middle50,False
A-G1.040-C3,166341,2,2109.5,2,4.75,middle50,False
A-G1.040-C3,166341,2,2133.0,1,23.5,late25,False
A-G1.040-C3,166341,2,2135.0,2,2.0,late25,False
A-G1.040-C3,166341,2,2137.0,1,2.0,late25,False
A-G1.040-C3,166341,2,2139.0,1,2.0,late25,False
A-G1.040-C3,166341,2,2145.75,2,6.75,late25,False
A-G1.040-C3,166341,2,2149.75,1,4.0,late25,False
A-G1.040-C3,166341,2,2152.5,1,2.75,late25,False
A-G1.040-C3,166341,2,2156.5,1,4.0,late25,False
A-G1.040-C3,166341,2,2159.25,2,2.75,late25,False
A-G1.040-C3,166341,2,2166.25,1,7.0,late25,False
A-G1.040-C3,166341,3,2284.5,1,118.25,early25,True
A-G1.040-C3,166341,3,2288.75,2,4.25,early25,True
A-G1.040-C3,166341,3,2292.0,2,3.25,early25,True
A-G1.040-C3,166341,3,2294.5,1,2.5,early25,True
A-G1.040-C3,166341,3,2302.25,4,7.75,early25,True
A-G1.040-C3,166341,3,2310.0,3,7.75,early25,True
A-G1.040-C3,166341,3,2314.0,2,4.0,early25,True
A-G1.040-C3,166341,3,2347.25,3,33.25,early25,True
A-G1.040-C3,166341,3,2349.75,2,2.5,early25,True
A-G1.040-C3,166341,3,2352.25,2,2.5,early25,True
A-G1.040-C3,166341,3,2362.5,3,10.25,early25,True
A-G1.040-C3,166341,3,2368.5,3,6.0,early25,True
A-G1.040-C3,166341,3,2371.5,3,3.0,early25,True
A-G1.040-C3,166341,3,2383.0,3,11.5,early25,True
A-G1.040-C3,166341,3,2389.25,6,6.25,early25,True
A-G1.040-C3,166341,3,2404.5,2,15.25,early25,True
A-G1.040-C3,166341,3,2407.0,1,2.5,early25,True
A-G1.040-C3,166341,3,2413.5,2,6.5,early25,True
A-G1.040-C3,166341,3,2416.75,1,3.25,early25,True
A-G1.040-C3,166341,3,2423.25,2,6.5,early25,True
A-G1.040-C3,166341,3,2456.75,2,33.5,early25,True
A-G1.040-C3,166341,3,2460.5,2,3.75,early25,True
A-G1.040-C3,166341,3,2465.25,2,4.75,early25,True
A-G1.040-C3,166341,3,2469.75,2,4.5,early25,True
A-G1.040-C3,166341,3,2474.25,2,4.5,early25,True
A-G1.040-C3,166341,3,2483.0,2,8.75,early25,True
A-G1.040-C3,166341,3,2493.0,2,10.0,early25,True
A-G1.040-C3,166341,3,2501.0,9,8.0,early25,True
A-G1.040-C3,166341,3,2523.25,2,22.25,early25,True
A-G1.040-C3,166341,3,2527.75,1,4.5,early25,True
A-G1.040-C3,166341,3,2569.25,2,41.5,early25,True
A-G1.040-C3,166341,3,2578.0,2,8.75,early25,True
A-G1.040-C3,166341,3,2583.5,3,5.5,early25,True
A-G1.040-C3,166341,3,2588.75,1,5.25,early25,True
A-G1.040-C3,166341,3,2591.0,1,2.25,early25,True
A-G1.040-C3,166341,3,2596.5,2,5.5,early25,True
A-G1.040-C3,166341,3,2616.75,1,20.25,middle50,True
A-G1.040-C3,166341,3,2620.25,1,3.5,middle50,True
A-G1.040-C3,166341,3,2623.0,1,2.75,middle50,True
A-G1.040-C3,166341,3,2635.75,1,12.75,middle50,True
A-G1.040-C3,166341,3,2639.75,1,4.0,middle50,True
A-G1.040-C3,166341,3,2643.75,1,4.0,middle50,True
A-G1.040-C3,166341,3,2647.0,1,3.25,middle50,True
A-G1.040-C3,166341,3,2672.5,9,25.5,middle50,True
A-G1.040-C3,166341,3,2676.5,2,4.0,middle50,True
A-G1.040-C3,166341,3,2682.75,1,6.25,middle50,True
A-G1.040-C3,166341,3,2686.0,2,3.25,middle50,True
A-G1.040-C3,166341,3,2690.0,1,4.0,middle50,True
A-G1.040-C3,166341,3,2694.25,2,4.25,middle50,True
A-G1.040-C3,166341,3,2701.75,1,7.5,middle50,True
A-G1.040-C3,166341,3,2711.25,3,9.5,middle50,True
A-G1.040-C3,166341,3,2724.75,1,13.5,middle50,True
A-G1.040-C3,166341,3,2731.5,2,6.75,middle50,True
A-G1.040-C3,166341,3,2738.25,2,6.75,middle50,True
A-G1.040-C3,166341,3,2748.75,1,10.5,middle50,True
A-G1.040-C3,166341,3,2782.5,1,33.75,middle50,True
A-G1.040-C3,166341,3,2788.25,2,5.75,middle50,True
A-G1.040-C3,166341,3,2791.75,1,3.5,middle50,True
A-G1.040-C3,166341,3,2795.25,1,3.5,middle50,True
A-G1.040-C3,166341,3,2803.0,1,7.75,middle50,True
A-G1.040-C3,166341,3,2806.5,1,3.5,middle50,True
A-G1.040-C3,166341,3,2836.0,1,29.5,middle50,True
A-G1.040-C3,166341,3,2840.0,1,4.0,middle50,True
A-G1.040-C3,166341,3,2843.75,1,3.75,middle50,True
A-G1.040-C3,166341,3,2850.0,1,6.25,middle50,True
A-G1.040-C3,166341,3,2853.25,1,3.25,middle50,True
A-G1.040-C3,166341,3,2857.25,7,4.0,middle50,True
A-G1.040-C3,166341,3,2861.25,1,4.0,middle50,True
A-G1.040-C3,166341,3,2888.0,1,26.75,middle50,True
A-G1.040-C3,166341,3,2891.5,1,3.5,middle50,True
A-G1.040-C3,166341,3,2900.75,1,9.25,middle50,True
A-G1.040-C3,166341,3,2905.5,1,4.75,middle50,True
A-G1.040-C3,166341,3,2910.75,1,5.25,middle50,True
A-G1.040-C3,166341,3,2912.5,1,1.75,middle50,True
A-G1.040-C3,166341,3,2917.75,1,5.25,middle50,True
A-G1.040-C3,166341,3,3081.75,1,164.0,middle50,True
A-G1.040-C3,166341,3,3088.75,1,7.0,middle50,True
A-G1.040-C3,166341,3,3092.25,1,3.5,middle50,True
A-G1.040-C3,166341,3,3100.5,1,8.25,middle50,True
A-G1.040-C3,166341,3,3130.25,1,29.75,middle50,True
A-G1.040-C3,166341,3,3133.25,1,3.0,middle50,True
A-G1.040-C3,166341,3,3136.25,5,3.0,middle50,True
A-G1.040-C3,166341,3,3139.5,1,3.25,middle50,True
A-G1.040-C3,166341,3,3142.25,1,2.75,middle50,True
A-G1.040-C3,166341,3,3147.5,1,5.25,middle50,True
A-G1.040-C3,166341,3,3152.75,6,5.25,middle50,True
A-G1.040-C3,166341,3,3158.5,1,5.75,middle50,True
A-G1.040-C3,166341,3,3168.0,1,9.5,middle50,True
A-G1.040-C3,166341,3,3175.0,3,7.0,middle50,True
A-G1.040-C3,166341,3,3190.25,1,15.25,middle50,True
A-G1.040-C3,166341,3,3202.5,1,12.25,middle50,True
A-G1.040-C3,166341,3,3209.25,1,6.75,middle50,True
A-G1.040-C3,166341,3,3215.75,1,6.5,middle50,True
A-G1.040-C3,166341,3,3242.25,1,26.5,middle50,True
A-G1.040-C3,166341,3,3245.0,4,2.75,middle50,True
A-G1.040-C3,166341,3,3247.25,1,2.25,middle50,True
A-G1.040-C3,166341,3,3257.0,1,9.75,middle50,True
A-G1.040-C3,166341,3,3265.75,1,8.75,middle50,True
A-G1.040-C3,166341,3,3407.5,1,141.75,late25,True
A-G1.040-C3,166341,3,3412.75,1,5.25,late25,True
A-G1.040-C3,166341,3,3419.25,1,6.5,late25,True
A-G1.040-C3,166341,3,3427.0,1,7.75,late25,True
A-G1.040-C3,166341,3,3432.0,3,5.0,late25,True
A-G1.040-C3,166341,3,3469.0,1,37.0,late25,True
A-G1.040-C3,166341,3,3475.5,1,6.5,late25,True
A-G1.040-C3,166341,3,3481.25,1,5.75,late25,True
A-G1.040-C3,166341,3,3487.75,1,6.5,late25,True
A-G1.040-C3,166341,3,3510.25,1,22.5,late25,True
A-G1.040-C3,166341,3,3518.5,1,8.25,late25,True
A-G1.040-C3,166341,3,3527.25,4,8.75,late25,True
A-G1.040-C3,166341,3,3562.0,1,34.75,late25,True
A-G1.040-C3,166341,3,3569.25,1,7.25,late25,True
A-G1.040-C3,166341,3,3576.25,1,7.0,late25,True
A-G1.040-C3,166341,3,3584.75,1,8.5,late25,True
A-G1.040-C3,166341,3,3589.0,1,4.25,late25,True
A-G1.040-C3,174260,0,0.25,3,,early25,False
A-G1.040-C3,174260,0,8.25,1,8.0,early25,False
A-G1.040-C3,174260,0,25.75,1,17.5,early25,False
A-G1.040-C3,174260,0,52.75,1,27.0,early25,False
A-G1.040-C3,174260,0,86.25,1,33.5,early25,False
A-G1.040-C3,174260,0,95.75,1,9.5,early25,False
A-G1.040-C3,174260,0,114.5,1,18.75,early25,False
A-G1.040-C3,174260,0,167.0,1,52.5,early25,False
A-G1.040-C3,174260,0,175.25,1,8.25,early25,False
A-G1.040-C3,174260,0,183.75,1,8.5,early25,False
A-G1.040-C3,174260,0,220.0,1,36.25,middle50,False
A-G1.040-C3,174260,0,232.25,1,12.25,middle50,False
A-G1.040-C3,174260,0,242.75,1,10.5,middle50,False
A-G1.040-C3,174260,0,279.25,1,36.5,middle50,False
A-G1.040-C3,174260,0,282.75,1,3.5,middle50,False
A-G1.040-C3,174260,0,288.0,1,5.25,middle50,False
A-G1.040-C3,174260,0,301.25,1,13.25,middle50,False
A-G1.040-C3,174260,0,331.0,1,29.75,middle50,False
A-G1.040-C3,174260,0,336.0,1,5.0,middle50,False
A-G1.040-C3,174260,0,338.25,1,2.25,middle50,False
A-G1.040-C3,174260,0,342.75,1,4.5,middle50,False
A-G1.040-C3,174260,0,348.25,1,5.5,middle50,False
A-G1.040-C3,174260,0,352.5,1,4.25,middle50,False
A-G1.040-C3,174260,0,360.25,1,7.75,middle50,False
A-G1.040-C3,174260,0,523.0,1,162.75,middle50,False
A-G1.040-C3,174260,0,529.5,1,6.5,middle50,False
A-G1.040-C3,174260,0,540.25,1,10.75,middle50,False
A-G1.040-C3,174260,0,546.25,1,6.0,middle50,False
A-G1.040-C3,174260,0,554.25,1,8.0,middle50,False
A-G1.040-C3,174260,0,578.0,1,23.75,middle50,False
A-G1.040-C3,174260,0,584.5,2,6.5,middle50,False
A-G1.040-C3,174260,0,593.0,1,8.5,middle50,False
A-G1.040-C3,174260,0,598.75,13,5.75,middle50,False
A-G1.040-C3,174260,0,635.25,1,36.5,late25,False
A-G1.040-C3,174260,0,656.25,1,21.0,late25,False
A-G1.040-C3,174260,0,685.75,1,29.5,late25,False
A-G1.040-C3,174260,0,690.25,1,4.5,late25,False
A-G1.040-C3,174260,0,694.5,1,4.25,late25,False
A-G1.040-C3,174260,0,700.0,1,5.5,late25,False
A-G1.040-C3,174260,0,705.25,1,5.25,late25,False
A-G1.040-C3,174260,0,709.0,1,3.75,late25,False
A-G1.040-C3,174260,0,713.75,1,4.75,late25,False
A-G1.040-C3,174260,0,823.5,1,109.75,late25,False
A-G1.040-C3,174260,1,837.5,2,14.0,early25,False
A-G1.040-C3,174260,1,854.0,2,16.5,early25,False
A-G1.040-C3,174260,1,860.5,1,6.5,early25,False
A-G1.040-C3,174260,1,862.75,1,2.25,early25,False
A-G1.040-C3,174260,1,865.5,1,2.75,early25,False
A-G1.040-C3,174260,1,873.5,3,8.0,early25,False
A-G1.040-C3,174260,1,880.25,2,6.75,early25,False
A-G1.040-C3,174260,1,884.0,1,3.75,early25,False
A-G1.040-C3,174260,1,910.0,2,26.0,early25,False
A-G1.040-C3,174260,1,915.25,10,5.25,early25,False
A-G1.040-C3,174260,1,920.25,1,5.0,early25,False
A-G1.040-C3,174260,1,925.5,1,5.25,early25,False
A-G1.040-C3,174260,1,926.25,1,0.75,early25,False
A-G1.040-C3,174260,1,932.25,1,6.0,early25,False
A-G1.040-C3,174260,1,949.5,6,17.25,early25,False
A-G1.040-C3,174260,1,1089.5,1,140.0,middle50,False
A-G1.040-C3,174260,1,1097.25,2,7.75,middle50,False
A-G1.040-C3,174260,1,1101.25,1,4.0,middle50,False
A-G1.040-C3,174260,1,1104.75,1,3.5,middle50,False
A-G1.040-C3,174260,1,1110.25,1,5.5,middle50,False
A-G1.040-C3,174260,1,1115.25,2,5.0,middle50,False
A-G1.040-C3,174260,1,1123.0,1,7.75,middle50,False
A-G1.040-C3,174260,1,1150.75,2,27.75,middle50,False
A-G1.040-C3,174260,1,1156.75,2,6.0,middle50,False
A-G1.040-C3,174260,1,1160.0,1,3.25,middle50,False
A-G1.040-C3,174260,1,1164.5,1,4.5,middle50,False
A-G1.040-C3,174260,1,1169.5,16,5.0,middle50,False
A-G1.040-C3,174260,1,1172.75,1,3.25,middle50,False
A-G1.040-C3,174260,1,1176.5,1,3.75,middle50,False
A-G1.040-C3,174260,1,1179.0,1,2.5,middle50,False
A-G1.040-C3,174260,1,1200.0,1,21.0,middle50,False
A-G1.040-C3,174260,1,1215.5,1,15.5,middle50,False
A-G1.040-C3,174260,1,1219.75,1,4.25,middle50,False
A-G1.040-C3,174260,1,1224.5,1,4.75,middle50,False
A-G1.040-C3,174260,1,1228.0,1,3.5,middle50,False
A-G1.040-C3,174260,1,1253.75,2,25.75,late25,False
A-G1.040-C3,174260,1,1258.0,1,4.25,late25,False
A-G1.040-C3,174260,1,1260.25,1,2.25,late25,False
A-G1.040-C3,174260,1,1263.75,1,3.5,late25,False
A-G1.040-C3,174260,1,1267.5,13,3.75,late25,False
A-G1.040-C3,174260,1,1270.25,1,2.75,late25,False
A-G1.040-C3,174260,1,1275.25,1,5.0,late25,False
A-G1.040-C3,174260,1,1385.5,1,110.25,late25,False
A-G1.040-C3,174260,1,1388.75,1,3.25,late25,False
A-G1.040-C3,174260,2,1405.75,2,17.0,early25,False
A-G1.040-C3,174260,2,1409.25,2,3.5,early25,False
A-G1.040-C3,174260,2,1411.75,1,2.5,early25,False
A-G1.040-C3,174260,2,1415.0,2,3.25,early25,False
A-G1.040-C3,174260,2,1418.25,2,3.25,early25,False
A-G1.040-C3,174260,2,1421.5,1,3.25,early25,False
A-G1.040-C3,174260,2,1428.75,3,7.25,early25,False
A-G1.040-C3,174260,2,1459.75,1,31.0,early25,False
A-G1.040-C3,174260,2,1469.0,4,9.25,early25,False
A-G1.040-C3,174260,2,1474.75,4,5.75,early25,False
A-G1.040-C3,174260,2,1480.25,4,5.5,early25,False
A-G1.040-C3,174260,2,1483.0,1,2.75,early25,False
A-G1.040-C3,174260,2,1488.0,2,5.0,early25,False
A-G1.040-C3,174260,2,1515.75,1,27.75,early25,False
A-G1.040-C3,174260,2,1519.75,2,4.0,early25,False
A-G1.040-C3,174260,2,1524.0,2,4.25,early25,False
A-G1.040-C3,174260,2,1529.25,2,5.25,early25,False
A-G1.040-C3,174260,2,1533.75,2,4.5,early25,False
A-G1.040-C3,174260,2,1536.75,1,3.0,early25,False
A-G1.040-C3,174260,2,1541.0,1,4.25,early25,False
A-G1.040-C3,174260,2,1565.25,20,24.25,middle50,False
A-G1.040-C3,174260,2,1567.25,2,2.0,middle50,False
A-G1.040-C3,174260,2,1569.0,1,1.75,middle50,False
A-G1.040-C3,174260,2,1572.25,1,3.25,middle50,False
A-G1.040-C3,174260,2,1574.75,1,2.5,middle50,False
A-G1.040-C3,174260,2,1580.75,3,6.0,middle50,False
A-G1.040-C3,174260,2,1585.5,2,4.75,middle50,False
A-G1.040-C3,174260,2,1587.5,1,2.0,middle50,False
A-G1.040-C3,174260,2,1592.0,2,4.5,middle50,False
A-G1.040-C3,174260,2,1597.0,1,5.0,middle50,False
A-G1.040-C3,174260,2,1604.5,6,7.5,middle50,False
A-G1.040-C3,174260,2,1744.25,2,139.75,middle50,False
A-G1.040-C3,174260,2,1748.75,1,4.5,middle50,False
A-G1.040-C3,174260,2,1754.5,1,5.75,middle50,False
A-G1.040-C3,174260,2,1756.25,1,1.75,middle50,False
A-G1.040-C3,174260,2,1759.75,2,3.5,middle50,False
A-G1.040-C3,174260,2,1763.75,1,4.0,middle50,False
A-G1.040-C3,174260,2,1767.75,2,4.0,middle50,False
A-G1.040-C3,174260,2,1770.5,1,2.75,middle50,False
A-G1.040-C3,174260,2,1775.0,1,4.5,middle50,False
A-G1.040-C3,174260,2,1798.5,2,23.5,middle50,False
A-G1.040-C3,174260,2,1801.25,1,2.75,middle50,False
A-G1.040-C3,174260,2,1804.5,16,3.25,middle50,False
A-G1.040-C3,174260,2,1811.0,2,6.5,middle50,False
A-G1.040-C3,174260,2,1813.25,1,2.25,middle50,False
A-G1.040-C3,174260,2,1818.25,1,5.0,middle50,False
A-G1.040-C3,174260,2,1819.75,1,1.5,middle50,False
A-G1.040-C3,174260,2,1823.25,1,3.5,middle50,False
A-G1.040-C3,174260,2,1827.25,2,4.0,middle50,False
A-G1.040-C3,174260,2,1829.25,1,2.0,middle50,False
A-G1.040-C3,174260,2,1836.75,4,7.5,middle50,False
A-G1.040-C3,174260,2,1845.75,1,9.0,middle50,False
A-G1.040-C3,174260,2,1847.5,1,1.75,middle50,False
A-G1.040-C3,174260,2,1848.5,3,1.0,middle50,False
A-G1.040-C3,174260,2,1853.0,1,4.5,middle50,False
A-G1.040-C3,174260,2,1854.25,3,1.25,middle50,False
A-G1.040-C3,174260,2,1859.5,2,5.25,middle50,False
A-G1.040-C3,174260,2,1864.25,1,4.75,middle50,False
A-G1.040-C3,174260,2,1869.0,2,4.75,middle50,False
A-G1.040-C3,174260,2,1873.5,2,4.5,middle50,False
A-G1.040-C3,174260,2,1903.0,1,29.5,late25,False
A-G1.040-C3,174260,2,1906.0,2,3.0,late25,False
A-G1.040-C3,174260,2,1911.5,1,5.5,late25,False
A-G1.040-C3,174260,2,1915.25,1,3.75,late25,False
A-G1.040-C3,174260,2,1918.5,1,3.25,late25,False
A-G1.040-C3,174260,2,1922.25,1,3.75,late25,False
A-G1.040-C3,174260,2,1924.0,1,1.75,late25,False
A-G1.040-C3,174260,2,1927.75,1,3.75,late25,False
A-G1.040-C3,174260,2,1932.75,1,5.0,late25,False
A-G1.040-C3,174260,3,2055.0,2,122.25,early25,True
A-G1.040-C3,174260,3,2059.25,2,4.25,early25,True
A-G1.040-C3,174260,3,2062.25,2,3.0,early25,True
A-G1.040-C3,174260,3,2065.0,1,2.75,early25,True
A-G1.040-C3,174260,3,2074.75,3,9.75,early25,True
A-G1.040-C3,174260,3,2082.5,3,7.75,early25,True
A-G1.040-C3,174260,3,2110.25,1,27.75,early25,True
A-G1.040-C3,174260,3,2116.25,4,6.0,early25,True
A-G1.040-C3,174260,3,2117.75,2,1.5,early25,True
A-G1.040-C3,174260,3,2119.25,2,1.5,early25,True
A-G1.040-C3,174260,3,2125.5,3,6.25,early25,True
A-G1.040-C3,174260,3,2131.5,2,6.0,early25,True
A-G1.040-C3,174260,3,2134.5,2,3.0,early25,True
A-G1.040-C3,174260,3,2141.0,3,6.5,early25,True
A-G1.040-C3,174260,3,2158.75,1,17.75,early25,True
A-G1.040-C3,174260,3,2162.75,2,4.0,early25,True
A-G1.040-C3,174260,3,2167.75,2,5.0,early25,True
A-G1.040-C3,174260,3,2172.25,1,4.5,early25,True
A-G1.040-C3,174260,3,2176.25,2,4.0,early25,True
A-G1.040-C3,174260,3,2180.25,2,4.0,early25,True
A-G1.040-C3,174260,3,2183.5,1,3.25,early25,True
A-G1.040-C3,174260,3,2188.25,16,4.75,early25,True
A-G1.040-C3,174260,3,2217.0,2,28.75,early25,True
A-G1.040-C3,174260,3,2219.25,1,2.25,early25,True
A-G1.040-C3,174260,3,2221.5,1,2.25,early25,True
A-G1.040-C3,174260,3,2224.25,1,2.75,early25,True
A-G1.040-C3,174260,3,2230.5,2,6.25,early25,True
A-G1.040-C3,174260,3,2238.0,2,7.5,early25,True
A-G1.040-C3,174260,3,2241.5,1,3.5,early25,True
A-G1.040-C3,174260,3,2264.5,1,23.0,early25,True
A-G1.040-C3,174260,3,2271.25,2,6.75,early25,True
A-G1.040-C3,174260,3,2277.75,2,6.5,early25,True
A-G1.040-C3,174260,3,2288.0,2,10.25,early25,True
A-G1.040-C3,174260,3,2316.5,2,28.5,early25,True
A-G1.040-C3,174260,3,2320.75,1,4.25,early25,True
A-G1.040-C3,174260,3,2326.0,2,5.25,early25,True
A-G1.040-C3,174260,3,2333.0,1,7.0,early25,True
A-G1.040-C3,174260,3,2336.5,2,3.5,early25,True
A-G1.040-C3,174260,3,2341.25,1,4.75,early25,True
A-G1.040-C3,174260,3,2360.25,7,19.0,early25,True
A-G1.040-C3,174260,3,2370.0,1,9.75,early25,True
A-G1.040-C3,174260,3,2373.5,1,3.5,early25,True
A-G1.040-C3,174260,3,2377.0,1,3.5,early25,True
A-G1.040-C3,174260,3,2383.5,1,6.5,early25,True
A-G1.040-C3,174260,3,2387.5,1,4.0,early25,True
A-G1.040-C3,174260,3,2390.5,1,3.0,early25,True
A-G1.040-C3,174260,3,2394.0,8,3.5,early25,True
A-G1.040-C3,174260,3,2396.25,4,2.25,early25,True
A-G1.040-C3,174260,3,2429.75,5,33.5,middle50,True
A-G1.040-C3,174260,3,2432.25,1,2.5,middle50,True
A-G1.040-C3,174260,3,2441.25,1,9.0,middle50,True
A-G1.040-C3,174260,3,2446.0,1,4.75,middle50,True
A-G1.040-C3,174260,3,2448.25,1,2.25,middle50,True
A-G1.040-C3,174260,3,2453.5,1,5.25,middle50,True
A-G1.040-C3,174260,3,2462.25,3,8.75,middle50,True
A-G1.040-C3,174260,3,2470.25,5,8.0,middle50,True
A-G1.040-C3,174260,3,2612.75,1,142.5,middle50,True
A-G1.040-C3,174260,3,2616.5,1,3.75,middle50,True
A-G1.040-C3,174260,3,2618.75,3,2.25,middle50,True
A-G1.040-C3,174260,3,2622.5,1,3.75,middle50,True
A-G1.040-C3,174260,3,2624.75,3,2.25,middle50,True
A-G1.040-C3,174260,3,2628.25,1,3.5,middle50,True
A-G1.040-C3,174260,3,2635.5,1,7.25,middle50,True
A-G1.040-C3,174260,3,2636.5,1,1.0,middle50,True
A-G1.040-C3,174260,3,2669.5,1,33.0,middle50,True
A-G1.040-C3,174260,3,2674.0,1,4.5,middle50,True
A-G1.040-C3,174260,3,2678.25,1,4.25,middle50,True
A-G1.040-C3,174260,3,2683.75,1,5.5,middle50,True
A-G1.040-C3,174260,3,2693.0,1,9.25,middle50,True
A-G1.040-C3,174260,3,2703.0,1,10.0,middle50,True
A-G1.040-C3,174260,3,2709.0,2,6.0,middle50,True
A-G1.040-C3,174260,3,2722.75,1,13.75,middle50,True
A-G1.040-C3,174260,3,2734.25,1,11.5,middle50,True
A-G1.040-C3,174260,3,2739.75,1,5.5,middle50,True
A-G1.040-C3,174260,3,2745.25,1,5.5,middle50,True
A-G1.040-C3,174260,3,2775.0,1,29.75,middle50,True
A-G1.040-C3,174260,3,2778.75,1,3.75,middle50,True
A-G1.040-C3,174260,3,2782.25,1,3.5,middle50,True
A-G1.040-C3,174260,3,2784.75,1,2.5,middle50,True
A-G1.040-C3,174260,3,2795.0,1,10.25,middle50,True
A-G1.040-C3,174260,3,2799.5,1,4.5,middle50,True
A-G1.040-C3,174260,3,2805.5,1,6.0,middle50,True
A-G1.040-C3,174260,3,2814.5,3,9.0,middle50,True
A-G1.040-C3,174260,3,2945.0,1,130.5,middle50,True
A-G1.040-C3,174260,3,2948.5,1,3.5,middle50,True
A-G1.040-C3,174260,3,2953.25,1,4.75,middle50,True
A-G1.040-C3,174260,3,2964.25,1,11.0,middle50,True
A-G1.040-C3,174260,3,2969.75,1,5.5,middle50,True
A-G1.040-C3,174260,3,3000.5,1,30.75,middle50,True
A-G1.040-C3,174260,3,3012.5,1,12.0,middle50,True
A-G1.040-C3,174260,3,3023.75,1,11.25,middle50,True
A-G1.040-C3,174260,3,3033.25,1,9.5,middle50,True
A-G1.040-C3,174260,3,3056.75,1,23.5,middle50,True
A-G1.040-C3,174260,3,3066.5,1,9.75,middle50,True
A-G1.040-C3,174260,3,3072.0,1,5.5,middle50,True
A-G1.040-C3,174260,3,3109.5,1,37.5,middle50,True
A-G1.040-C3,174260,3,3112.0,1,2.5,middle50,True
A-G1.040-C3,174260,3,3119.5,1,7.5,middle50,True
A-G1.040-C3,174260,3,3129.0,1,9.5,middle50,True
A-G1.040-C3,174260,3,3132.25,1,3.25,middle50,True
A-G1.040-C3,174260,3,3145.75,2,13.5,middle50,True
A-G1.040-C3,174260,3,3269.5,1,123.75,late25,True
A-G1.040-C3,174260,3,3271.5,2,2.0,late25,True
A-G1.040-C3,174260,3,3281.75,1,10.25,late25,True
A-G1.040-C3,174260,3,3289.75,1,8.0,late25,True
A-G1.040-C3,174260,3,3298.5,1,8.75,late25,True
A-G1.040-C3,174260,3,3328.5,1,30.0,late25,True
A-G1.040-C3,174260,3,3336.0,1,7.5,late25,True
A-G1.040-C3,174260,3,3338.25,3,2.25,late25,True
A-G1.040-C3,174260,3,3343.0,1,4.75,late25,True
A-G1.040-C3,174260,3,3345.5,3,2.5,late25,True
A-G1.040-C3,174260,3,3356.5,1,11.0,late25,True
A-G1.040-C3,174260,3,3381.0,1,24.5,late25,True
A-G1.040-C3,174260,3,3391.25,1,10.25,late25,True
A-G1.040-C3,174260,3,3406.75,1,15.5,late25,True
A-G1.040-C3,174260,3,3431.75,1,25.0,late25,True
A-G1.040-C3,174260,3,3443.25,1,11.5,late25,True
A-G1.040-C3,174260,3,3448.75,1,5.5,late25,True
A-G1.040-C3,174260,3,3456.0,1,7.25,late25,True
A-G1.040-C3,174260,3,3587.75,1,131.75,late25,True
A-G1.040-C3,182179,0,0.25,3,,early25,False
A-G1.040-C3,182179,0,8.5,1,8.25,early25,False
A-G1.040-C3,182179,0,17.25,1,8.75,early25,False
A-G1.040-C3,182179,0,26.75,1,9.5,early25,False
A-G1.040-C3,182179,0,30.5,1,3.75,early25,False
A-G1.040-C3,182179,0,43.25,1,12.75,early25,False
A-G1.040-C3,182179,0,94.0,1,50.75,early25,False
A-G1.040-C3,182179,0,98.0,1,4.0,early25,False
A-G1.040-C3,182179,0,113.5,1,15.5,early25,False
A-G1.040-C3,182179,0,157.25,1,43.75,early25,False
A-G1.040-C3,182179,0,166.75,1,9.5,early25,False
A-G1.040-C3,182179,0,173.5,1,6.75,early25,False
A-G1.040-C3,182179,0,184.5,1,11.0,middle50,False
A-G1.040-C3,182179,0,213.75,2,29.25,middle50,False
A-G1.040-C3,182179,0,218.25,1,4.5,middle50,False
A-G1.040-C3,182179,0,224.75,1,6.5,middle50,False
A-G1.040-C3,182179,0,231.5,14,6.75,middle50,False
A-G1.040-C3,182179,0,403.0,1,171.5,middle50,False
A-G1.040-C3,182179,0,408.5,1,5.5,middle50,False
A-G1.040-C3,182179,0,443.5,1,35.0,middle50,False
A-G1.040-C3,182179,0,452.5,1,9.0,middle50,False
A-G1.040-C3,182179,0,455.0,1,2.5,middle50,False
A-G1.040-C3,182179,0,458.0,1,3.0,middle50,False
A-G1.040-C3,182179,0,460.5,1,2.5,middle50,False
A-G1.040-C3,182179,0,463.5,1,3.0,middle50,False
A-G1.040-C3,182179,0,467.75,1,4.25,middle50,False
A-G1.040-C3,182179,0,471.75,1,4.0,middle50,False
A-G1.040-C3,182179,0,480.25,3,8.5,middle50,False
A-G1.040-C3,182179,0,495.75,1,15.5,middle50,False
A-G1.040-C3,182179,0,506.75,1,11.0,middle50,False
A-G1.040-C3,182179,0,515.25,1,8.5,middle50,False
A-G1.040-C3,182179,0,522.5,1,7.25,middle50,False
A-G1.040-C3,182179,0,554.75,1,32.25,late25,False
A-G1.040-C3,182179,0,559.75,1,5.0,late25,False
A-G1.040-C3,182179,0,564.0,1,4.25,late25,False
A-G1.040-C3,182179,0,572.0,1,8.0,late25,False
A-G1.040-C3,182179,0,578.0,1,6.0,late25,False
A-G1.040-C3,182179,0,583.5,1,5.5,late25,False
A-G1.040-C3,182179,0,590.0,1,6.5,late25,False
A-G1.040-C3,182179,0,696.25,1,106.25,late25,False
A-G1.040-C3,182179,1,706.0,2,9.75,early25,False
A-G1.040-C3,182179,1,719.75,1,13.75,early25,False
A-G1.040-C3,182179,1,722.75,1,3.0,early25,False
A-G1.040-C3,182179,1,726.25,1,3.5,early25,False
A-G1.040-C3,182179,1,731.0,1,4.75,early25,False
A-G1.040-C3,182179,1,738.5,3,7.5,early25,False
A-G1.040-C3,182179,1,745.25,2,6.75,early25,False
A-G1.040-C3,182179,1,749.0,1,3.75,early25,False
A-G1.040-C3,182179,1,754.0,1,5.0,early25,False
A-G1.040-C3,182179,1,779.0,11,25.0,early25,False
A-G1.040-C3,182179,1,780.75,1,1.75,early25,False
A-G1.040-C3,182179,1,785.0,1,4.25,early25,False
A-G1.040-C3,182179,1,792.0,1,7.0,early25,False
A-G1.040-C3,182179,1,793.75,1,1.75,early25,False
A-G1.040-C3,182179,1,797.75,1,4.0,early25,False
A-G1.040-C3,182179,1,800.75,1,3.0,early25,False
A-G1.040-C3,182179,1,806.0,2,5.25,early25,False
A-G1.040-C3,182179,1,839.5,1,33.5,early25,False
A-G1.040-C3,182179,1,849.25,2,9.75,early25,False
A-G1.040-C3,182179,1,853.0,1,3.75,early25,False
A-G1.040-C3,182179,1,856.75,1,3.75,early25,False
A-G1.040-C3,182179,1,862.0,1,5.25,early25,False
A-G1.040-C3,182179,1,893.75,2,31.75,middle50,False
A-G1.040-C3,182179,1,896.5,1,2.75,middle50,False
A-G1.040-C3,182179,1,900.0,1,3.5,middle50,False
A-G1.040-C3,182179,1,909.25,2,9.25,middle50,False
A-G1.040-C3,182179,1,912.5,1,3.25,middle50,False
A-G1.040-C3,182179,1,922.5,2,10.0,middle50,False
A-G1.040-C3,182179,1,929.75,1,7.25,middle50,False
A-G1.040-C3,182179,1,1073.75,1,144.0,middle50,False
A-G1.040-C3,182179,1,1077.25,1,3.5,middle50,False
A-G1.040-C3,182179,1,1079.75,1,2.5,middle50,False
A-G1.040-C3,182179,1,1083.5,1,3.75,middle50,False
A-G1.040-C3,182179,1,1086.75,1,3.25,middle50,False
A-G1.040-C3,182179,1,1090.25,2,3.5,middle50,False
A-G1.040-C3,182179,1,1095.25,1,5.0,middle50,False
A-G1.040-C3,182179,1,1097.75,1,2.5,middle50,False
A-G1.040-C3,182179,1,1101.0,1,3.25,middle50,False
A-G1.040-C3,182179,1,1134.25,1,33.25,middle50,False
A-G1.040-C3,182179,1,1138.0,2,3.75,middle50,False
A-G1.040-C3,182179,1,1142.5,2,4.5,middle50,False
A-G1.040-C3,182179,1,1146.75,1,4.25,middle50,False
A-G1.040-C3,182179,1,1149.5,1,2.75,middle50,False
A-G1.040-C3,182179,1,1152.0,1,2.5,middle50,False
A-G1.040-C3,182179,1,1155.0,1,3.0,middle50,False
A-G1.040-C3,182179,1,1156.25,1,1.25,middle50,False
A-G1.040-C3,182179,1,1160.25,1,4.0,middle50,False
A-G1.040-C3,182179,1,1181.4999999999,1,21.249999999899956,middle50,False
A-G1.040-C3,182179,1,1183.9999999999,1,2.5,middle50,False
A-G1.040-C3,182179,1,1186.9999999999,1,3.0,middle50,False
A-G1.040-C3,182179,1,1191.2499999999,1,4.25,middle50,False
A-G1.040-C3,182179,1,1193.4999999999,1,2.25,middle50,False
A-G1.040-C3,182179,1,1194.9999999999,1,1.5,middle50,False
A-G1.040-C3,182179,1,1197.7499999999,1,2.75,middle50,False
A-G1.040-C3,182179,1,1200.7499999999,1,3.0,middle50,False
A-G1.040-C3,182179,1,1202.9999999999,1,2.25,middle50,False
A-G1.040-C3,182179,1,1209.7499999999,1,6.75,late25,False
A-G1.040-C3,182179,1,1236.9999999999,1,27.25,late25,False
A-G1.040-C3,182179,1,1239.9999999999,1,3.0,late25,False
A-G1.040-C3,182179,1,1242.7499999999,1,2.75,late25,False
A-G1.040-C3,182179,1,1243.9999999999,1,1.25,late25,False
A-G1.040-C3,182179,1,1246.7499999999,1,2.75,late25,False
A-G1.040-C3,182179,1,1250.9999999999,1,4.25,late25,False
A-G1.040-C3,182179,1,1252.7499999999,1,1.75,late25,False
A-G1.040-C3,182179,1,1258.4999999999,1,5.75,late25,False
A-G1.040-C3,182179,1,1259.9999999999,1,1.5,late25,False
A-G1.040-C3,182179,1,1262.2499999999,1,2.25,late25,False
A-G1.040-C3,182179,1,1264.2499999999,1,2.0,late25,False
A-G1.040-C3,182179,1,1273.4999999999,2,9.25,late25,False
A-G1.040-C3,182179,1,1279.4999999999,4,6.0,late25,False
A-G1.040-C3,182179,1,1375.4999999999,3,96.0,late25,False
A-G1.040-C3,182179,1,1376.9999999999,1,1.5,late25,False
A-G1.040-C3,182179,1,1379.7499999999,1,2.75,late25,False
A-G1.040-C3,182179,2,1394.2499999999,1,14.5,early25,False
A-G1.040-C3,182179,2,1397.7499999999,2,3.5,early25,False
A-G1.040-C3,182179,2,1399.4999999999,8,1.75,early25,False
A-G1.040-C3,182179,2,1404.4999999999,1,5.0,early25,False
A-G1.040-C3,182179,2,1409.2499999999,2,4.75,early25,False
A-G1.040-C3,182179,2,1416.7499999999,4,7.5,early25,False
A-G1.040-C3,182179,2,1421.4999999999,2,4.75,early25,False
A-G1.040-C3,182179,2,1456.2499999999,2,34.75,early25,False
A-G1.040-C3,182179,2,1460.2499999999,2,4.0,early25,False
A-G1.040-C3,182179,2,1465.7499999999,3,5.5,early25,False
A-G1.040-C3,182179,2,1469.7499999999,2,4.0,early25,False
A-G1.040-C3,182179,2,1474.9999999999,4,5.25,early25,False
A-G1.040-C3,182179,2,1480.2499999999,3,5.25,early25,False
A-G1.040-C3,182179,2,1486.7499999999,1,6.5,early25,False
A-G1.040-C3,182179,2,1510.7499999999,2,24.0,early25,False
A-G1.040-C3,182179,2,1514.2499999999,1,3.5,early25,False
A-G1.040-C3,182179,2,1517.7499999999,2,3.5,early25,False
A-G1.040-C3,182179,2,1522.2499999999,2,4.5,early25,False
A-G1.040-C3,182179,2,1525.9999999999,1,3.75,early25,False
A-G1.040-C3,182179,2,1528.7499999999,1,2.75,early25,False
A-G1.040-C3,182179,2,1532.2499999999,2,3.5,early25,False
A-G1.040-C3,182179,2,1535.4999999999,18,3.25,early25,False
A-G1.040-C3,182179,2,1537.4999999999,1,2.0,early25,False
A-G1.040-C3,182179,2,1539.2499999999,1,1.75,early25,False
A-G1.040-C3,182179,2,1567.2499999999,2,28.0,middle50,False
A-G1.040-C3,182179,2,1569.9999999999,1,2.75,middle50,False
A-G1.040-C3,182179,2,1572.9999999999,2,3.0,middle50,False
A-G1.040-C3,182179,2,1574.9999999999,1,2.0,middle50,False
A-G1.040-C3,182179,2,1577.2499999999,1,2.25,middle50,False
A-G1.040-C3,182179,2,1579.7499999999,1,2.5,middle50,False
A-G1.040-C3,182179,2,1584.9999999999,1,5.25,middle50,False
A-G1.040-C3,182179,2,1589.4999999999,2,4.5,middle50,False
A-G1.040-C3,182179,2,1590.7499999999,1,1.25,middle50,False
A-G1.040-C3,182179,2,1591.9999999999,1,1.25,middle50,False
A-G1.040-C3,182179,2,1596.4999999999,2,4.5,middle50,False
A-G1.040-C3,182179,2,1603.4999999999,1,7.0,middle50,False
A-G1.040-C3,182179,2,1738.2499999999,2,134.75,middle50,False
A-G1.040-C3,182179,2,1741.2499999999,1,3.0,middle50,False
A-G1.040-C3,182179,2,1747.4999999999,1,6.25,middle50,False
A-G1.040-C3,182179,2,1753.2499999999,2,5.75,middle50,False
A-G1.040-C3,182179,2,1756.9999999999,2,3.75,middle50,False
A-G1.040-C3,182179,2,1760.2499999999,1,3.25,middle50,False
A-G1.040-C3,182179,2,1764.2499999999,1,4.0,middle50,False
A-G1.040-C3,182179,2,1769.2499999999,2,5.0,middle50,False
A-G1.040-C3,182179,2,1791.9999999999,1,22.75,middle50,False
A-G1.040-C3,182179,2,1795.7499999999,2,3.75,middle50,False
A-G1.040-C3,182179,2,1798.4999999999,1,2.75,middle50,False
A-G1.040-C3,182179,2,1801.5,14,3.0000000001000444,middle50,False
A-G1.040-C3,182179,2,1804.75,2,3.25,middle50,False
A-G1.040-C3,182179,2,1808.0,2,3.25,middle50,False
A-G1.040-C3,182179,2,1813.0,1,5.0,middle50,False
A-G1.040-C3,182179,2,1821.75,1,8.75,middle50,False
A-G1.040-C3,182179,2,1824.0,1,2.25,middle50,False
A-G1.040-C3,182179,2,1830.75,4,6.75,middle50,False
A-G1.040-C3,182179,2,1840.5,1,9.75,middle50,False
A-G1.040-C3,182179,2,1847.25,1,6.75,middle50,False
A-G1.040-C3,182179,2,1863.25,1,16.0,middle50,False
A-G1.040-C3,182179,2,1868.0,1,4.75,middle50,False
A-G1.040-C3,182179,2,1896.0,1,28.0,late25,False
A-G1.040-C3,182179,2,1898.0,1,2.0,late25,False
A-G1.040-C3,182179,2,1900.0,2,2.0,late25,False
A-G1.040-C3,182179,2,1903.75,1,3.75,late25,False
A-G1.040-C3,182179,2,1907.5,2,3.75,late25,False
A-G1.040-C3,182179,2,1911.0,1,3.5,late25,False
A-G1.040-C3,182179,2,1915.75,1,4.75,late25,False
A-G1.040-C3,182179,2,1921.5,2,5.75,late25,False
A-G1.040-C3,182179,2,1925.25,1,3.75,late25,False
A-G1.040-C3,182179,2,1927.75,1,2.5,late25,False
A-G1.040-C3,182179,3,2049.0,2,121.25,early25,True
A-G1.040-C3,182179,3,2051.25,1,2.25,early25,True
A-G1.040-C3,182179,3,2054.75,2,3.5,early25,True
A-G1.040-C3,182179,3,2059.25,4,4.5,early25,True
A-G1.040-C3,182179,3,2063.0,1,3.75,early25,True
A-G1.040-C3,182179,3,2067.25,2,4.25,early25,True
A-G1.040-C3,182179,3,2071.5,2,4.25,early25,True
A-G1.040-C3,182179,3,2074.75,2,3.25,early25,True
A-G1.040-C3,182179,3,2079.5,2,4.75,early25,True
A-G1.040-C3,182179,3,2104.25,2,24.75,early25,True
A-G1.040-C3,182179,3,2107.25,2,3.0,early25,True
A-G1.040-C3,182179,3,2110.5,18,3.25,early25,True
A-G1.040-C3,182179,3,2113.5,1,3.0,early25,True
A-G1.040-C3,182179,3,2116.5,2,3.0,early25,True
A-G1.040-C3,182179,3,2120.25,1,3.75,early25,True
A-G1.040-C3,182179,3,2122.0,1,1.75,early25,True
A-G1.040-C3,182179,3,2124.25,2,2.25,early25,True
A-G1.040-C3,182179,3,2128.5,2,4.25,early25,True
A-G1.040-C3,182179,3,2131.5,2,3.0,early25,True
A-G1.040-C3,182179,3,2135.75,1,4.25,early25,True
A-G1.040-C3,182179,3,2158.5,1,22.75,early25,True
A-G1.040-C3,182179,3,2161.0,1,2.5,early25,True
A-G1.040-C3,182179,3,2163.75,1,2.75,early25,True
A-G1.040-C3,182179,3,2166.5,1,2.75,early25,True
A-G1.040-C3,182179,3,2169.5,1,3.0,early25,True
A-G1.040-C3,182179,3,2173.5,1,4.0,early25,True
A-G1.040-C3,182179,3,2185.75,1,12.25,early25,True
A-G1.040-C3,182179,3,2188.0,1,2.25,early25,True
A-G1.040-C3,182179,3,2191.0,1,3.0,early25,True
A-G1.040-C3,182179,3,2214.25,10,23.25,early25,True
A-G1.040-C3,182179,3,2217.25,1,3.0,early25,True
A-G1.040-C3,182179,3,2226.75,1,9.5,early25,True
A-G1.040-C3,182179,3,2230.75,1,4.0,early25,True
A-G1.040-C3,182179,3,2234.75,1,4.0,early25,True
A-G1.040-C3,182179,3,2238.75,1,4.0,early25,True
A-G1.040-C3,182179,3,2244.0,2,5.25,early25,True
A-G1.040-C3,182179,3,2255.75,7,11.75,early25,True
A-G1.040-C3,182179,3,2267.5,2,11.75,early25,True
A-G1.040-C3,182179,3,2278.5,1,11.0,early25,True
A-G1.040-C3,182179,3,2288.0,2,9.5,early25,True
A-G1.040-C3,182179,3,2323.5,1,35.5,early25,True
A-G1.040-C3,182179,3,2328.75,2,5.25,early25,True
A-G1.040-C3,182179,3,2331.5,1,2.75,early25,True
A-G1.040-C3,182179,3,2334.25,1,2.75,early25,True
A-G1.040-C3,182179,3,2339.25,2,5.0,early25,True
A-G1.040-C3,182179,3,2344.5,1,5.25,early25,True
A-G1.040-C3,182179,3,2357.5,2,13.0,early25,True
A-G1.040-C3,182179,3,2365.0,6,7.5,early25,True
A-G1.040-C3,182179,3,2382.5,1,17.5,early25,True
A-G1.040-C3,182179,3,2385.0,1,2.5,early25,True
A-G1.040-C3,182179,3,2388.5,1,3.5,early25,True
A-G1.040-C3,182179,3,2396.25,1,7.75,early25,True
A-G1.040-C3,182179,3,2399.5,1,3.25,early25,True
A-G1.040-C3,182179,3,2403.75,7,4.25,early25,True
A-G1.040-C3,182179,3,2434.25,1,30.5,middle50,True
A-G1.040-C3,182179,3,2437.5,1,3.25,middle50,True
A-G1.040-C3,182179,3,2445.0,1,7.5,middle50,True
A-G1.040-C3,182179,3,2450.25,1,5.25,middle50,True
A-G1.040-C3,182179,3,2456.0,1,5.75,middle50,True
A-G1.040-C3,182179,3,2480.75,1,24.75,middle50,True
A-G1.040-C3,182179,3,2484.25,1,3.5,middle50,True
A-G1.040-C3,182179,3,2487.5,1,3.25,middle50,True
A-G1.040-C3,182179,3,2497.0,1,9.5,middle50,True
A-G1.040-C3,182179,3,2503.5,1,6.5,middle50,True
A-G1.040-C3,182179,3,2510.0,1,6.5,middle50,True
A-G1.040-C3,182179,3,2535.0,1,25.0,middle50,True
A-G1.040-C3,182179,3,2542.75,2,7.75,middle50,True
A-G1.040-C3,182179,3,2547.5,1,4.75,middle50,True
A-G1.040-C3,182179,3,2554.75,1,7.25,middle50,True
A-G1.040-C3,182179,3,2558.25,1,3.5,middle50,True
A-G1.040-C3,182179,3,2563.0,1,4.75,middle50,True
A-G1.040-C3,182179,3,2573.5,5,10.5,middle50,True
A-G1.040-C3,182179,3,2715.0,1,141.5,middle50,True
A-G1.040-C3,182179,3,2718.75,1,3.75,middle50,True
A-G1.040-C3,182179,3,2723.5,1,4.75,middle50,True
A-G1.040-C3,182179,3,2728.0,1,4.5,middle50,True
A-G1.040-C3,182179,3,2733.5,1,5.5,middle50,True
A-G1.040-C3,182179,3,2739.25,1,5.75,middle50,True
A-G1.040-C3,182179,3,2769.0,1,29.75,middle50,True
A-G1.040-C3,182179,3,2774.25,1,5.25,middle50,True
A-G1.040-C3,182179,3,2778.5,1,4.25,middle50,True
A-G1.040-C3,182179,3,2785.5,1,7.0,middle50,True
A-G1.040-C3,182179,3,2790.5,1,5.0,middle50,True
A-G1.040-C3,182179,3,2807.5,2,17.0,middle50,True
A-G1.040-C3,182179,3,2817.75,1,10.25,middle50,True
A-G1.040-C3,182179,3,2826.5,1,8.75,middle50,True
A-G1.040-C3,182179,3,2835.0,1,8.5,middle50,True
A-G1.040-C3,182179,3,2841.25,1,6.25,middle50,True
A-G1.040-C3,182179,3,2845.5,5,4.25,middle50,True
A-G1.040-C3,182179,3,2872.25,1,26.75,middle50,True
A-G1.040-C3,182179,3,2876.25,1,4.0,middle50,True
A-G1.040-C3,182179,3,2877.25,1,1.0,middle50,True
A-G1.040-C3,182179,3,2881.5,1,4.25,middle50,True
A-G1.040-C3,182179,3,2888.75,1,7.25,middle50,True
A-G1.040-C3,182179,3,2895.75,1,7.0,middle50,True
A-G1.040-C3,182179,3,2909.75,1,14.0,middle50,True
A-G1.040-C3,182179,3,2917.0,3,7.25,middle50,True
A-G1.040-C3,182179,3,3049.0,1,132.0,middle50,True
A-G1.040-C3,182179,3,3055.0,1,6.0,middle50,True
A-G1.040-C3,182179,3,3057.75,1,2.75,middle50,True
A-G1.040-C3,182179,3,3068.25,1,10.5,middle50,True
A-G1.040-C3,182179,3,3098.0,1,29.75,middle50,True
A-G1.040-C3,182179,3,3103.5,4,5.5,middle50,True
A-G1.040-C3,182179,3,3111.5,1,8.0,middle50,True
A-G1.040-C3,182179,3,3125.5,1,14.0,middle50,True
A-G1.040-C3,182179,3,3141.75,3,16.25,middle50,True
A-G1.040-C3,182179,3,3157.75,1,16.0,middle50,True
A-G1.040-C3,182179,3,3167.75,1,10.0,middle50,True
A-G1.040-C3,182179,3,3209.75,1,42.0,late25,True
A-G1.040-C3,182179,3,3217.25,1,7.5,late25,True
A-G1.040-C3,182179,3,3221.5,1,4.25,late25,True
A-G1.040-C3,182179,3,3232.5,1,11.0,late25,True
A-G1.040-C3,182179,3,3236.75,1,4.25,late25,True
A-G1.040-C3,182179,3,3375.5,1,138.75,late25,True
A-G1.040-C3,182179,3,3386.0,1,10.5,late25,True
A-G1.040-C3,182179,3,3391.25,1,5.25,late25,True
A-G1.040-C3,182179,3,3432.25,1,41.0,late25,True
A-G1.040-C3,182179,3,3440.75,1,8.5,late25,True
A-G1.040-C3,182179,3,3445.0,1,4.25,late25,True
A-G1.040-C3,182179,3,3451.25,1,6.25,late25,True
A-G1.040-C3,182179,3,3466.5,2,15.25,late25,True
A-G1.040-C3,182179,3,3478.5,1,12.0,late25,True
A-G1.040-C3,182179,3,3488.0,1,9.5,late25,True
A-G1.040-C3,182179,3,3496.75,4,8.75,late25,True
A-G1.040-C3,182179,3,3532.25,1,35.5,late25,True
A-G1.040-C3,182179,3,3543.5,1,11.25,late25,True
A-G1.040-C3,182179,3,3549.75,1,6.25,late25,True
A-G1.040-C3,182179,3,3560.5,1,10.75,late25,True
A-G1.040-C3,182179,3,3575.75,2,15.25,late25,True
A-G1.040-C3,190098,0,0.25,3,,early25,False
A-G1.040-C3,190098,0,8.25,1,8.0,early25,False
A-G1.040-C3,190098,0,12.25,1,4.0,early25,False
A-G1.040-C3,190098,0,32.75,1,20.5,early25,False
A-G1.040-C3,190098,0,92.5,1,59.75,early25,False
A-G1.040-C3,190098,0,96.0,1,3.5,early25,False
A-G1.040-C3,190098,0,103.25,1,7.25,early25,False
A-G1.040-C3,190098,0,108.5,1,5.25,early25,False
A-G1.040-C3,190098,0,114.25,1,5.75,early25,False
A-G1.040-C3,190098,0,117.25,1,3.0,early25,False
A-G1.040-C3,190098,0,158.5,1,41.25,early25,False
A-G1.040-C3,190098,0,174.0,2,15.5,early25,False
A-G1.040-C3,190098,0,185.25,1,11.25,middle50,False
A-G1.040-C3,190098,0,213.25,2,28.0,middle50,False
A-G1.040-C3,190098,0,224.25,1,11.0,middle50,False
A-G1.040-C3,190098,0,231.0,14,6.75,middle50,False
A-G1.040-C3,190098,0,386.75,1,155.75,middle50,False
A-G1.040-C3,190098,0,409.25,1,22.5,middle50,False
A-G1.040-C3,190098,0,442.75,1,33.5,middle50,False
A-G1.040-C3,190098,0,452.5,1,9.75,middle50,False
A-G1.040-C3,190098,0,457.25,1,4.75,middle50,False
A-G1.040-C3,190098,0,465.5,1,8.25,middle50,False
A-G1.040-C3,190098,0,471.5,1,6.0,middle50,False
A-G1.040-C3,190098,0,496.0,1,24.5,middle50,False
A-G1.040-C3,190098,0,505.0,1,9.0,middle50,False
A-G1.040-C3,190098,0,510.0,1,5.0,middle50,False
A-G1.040-C3,190098,0,515.75,1,5.75,middle50,False
A-G1.040-C3,190098,0,520.25,1,4.5,middle50,False
A-G1.040-C3,190098,0,553.75,1,33.5,late25,False
A-G1.040-C3,190098,0,560.5,1,6.75,late25,False
A-G1.040-C3,190098,0,565.5,1,5.0,late25,False
A-G1.040-C3,190098,0,569.25,1,3.75,late25,False
A-G1.040-C3,190098,0,570.5,1,1.25,late25,False
A-G1.040-C3,190098,0,573.75,1,3.25,late25,False
A-G1.040-C3,190098,0,577.5,1,3.75,late25,False
A-G1.040-C3,190098,0,581.75,1,4.25,late25,False
A-G1.040-C3,190098,0,695.25,1,113.5,late25,False
A-G1.040-C3,190098,1,717.5,1,22.25,early25,False
A-G1.040-C3,190098,1,719.5,1,2.0,early25,False
A-G1.040-C3,190098,1,726.0,2,6.5,early25,False
A-G1.040-C3,190098,1,731.5,1,5.5,early25,False
A-G1.040-C3,190098,1,738.5,2,7.0,early25,False
A-G1.040-C3,190098,1,747.5,3,9.0,early25,False
A-G1.040-C3,190098,1,755.25,2,7.75,early25,False
A-G1.040-C3,190098,1,775.0,1,19.75,early25,False
A-G1.040-C3,190098,1,779.75,1,4.75,early25,False
A-G1.040-C3,190098,1,785.25,21,5.5,early25,False
A-G1.040-C3,190098,1,788.0,1,2.75,early25,False
A-G1.040-C3,190098,1,790.5,1,2.5,early25,False
A-G1.040-C3,190098,1,794.75,1,4.25,early25,False
A-G1.040-C3,190098,1,798.5,1,3.75,early25,False
A-G1.040-C3,190098,1,802.0,1,3.5,early25,False
A-G1.040-C3,190098,1,804.0,1,2.0,early25,False
A-G1.040-C3,190098,1,807.25,1,3.25,early25,False
A-G1.040-C3,190098,1,814.25,5,7.0,early25,False
A-G1.040-C3,190098,1,960.75,1,146.5,middle50,False
A-G1.040-C3,190098,1,964.75,1,4.0,middle50,False
A-G1.040-C3,190098,1,972.25,2,7.5,middle50,False
A-G1.040-C3,190098,1,976.0,1,3.75,middle50,False
A-G1.040-C3,190098,1,981.5,1,5.5,middle50,False
A-G1.040-C3,190098,1,1016.0,2,34.5,middle50,False
A-G1.040-C3,190098,1,1018.75,1,2.75,middle50,False
A-G1.040-C3,190098,1,1022.5,1,3.75,middle50,False
A-G1.040-C3,190098,1,1023.75,1,1.25,middle50,False
A-G1.040-C3,190098,1,1029.25,2,5.5,middle50,False
A-G1.040-C3,190098,1,1032.5,1,3.25,middle50,False
A-G1.040-C3,190098,1,1035.0,1,2.5,middle50,False
A-G1.040-C3,190098,1,1037.25,1,2.25,middle50,False
A-G1.040-C3,190098,1,1041.0,1,3.75,middle50,False
A-G1.040-C3,190098,1,1068.75,1,27.75,middle50,False
A-G1.040-C3,190098,1,1072.25,1,3.5,middle50,False
A-G1.040-C3,190098,1,1079.5,1,7.25,middle50,False
A-G1.040-C3,190098,1,1083.25,1,3.75,middle50,False
A-G1.040-C3,190098,1,1086.0,1,2.75,middle50,False
A-G1.040-C3,190098,1,1118.5,1,32.5,middle50,False
A-G1.040-C3,190098,1,1124.25,1,5.75,late25,False
A-G1.040-C3,190098,1,1128.75,1,4.5,late25,False
A-G1.040-C3,190098,1,1133.0,1,4.25,late25,False
A-G1.040-C3,190098,1,1136.5,2,3.5,late25,False
A-G1.040-C3,190098,1,1142.75,1,6.25,late25,False
A-G1.040-C3,190098,1,1148.0,1,5.25,late25,False
A-G1.040-C3,190098,1,1155.5,1,7.5,late25,False
A-G1.040-C3,190098,2,1278.75,2,123.25,early25,False
A-G1.040-C3,190098,2,1280.5,2,1.75,early25,False
A-G1.040-C3,190098,2,1282.5,2,2.0,early25,False
A-G1.040-C3,190098,2,1285.75,3,3.25,early25,False
A-G1.040-C3,190098,2,1289.25,2,3.5,early25,False
A-G1.040-C3,190098,2,1292.5,3,3.25,early25,False
A-G1.040-C3,190098,2,1296.25,2,3.75,early25,False
A-G1.040-C3,190098,2,1300.5,2,4.25,early25,False
A-G1.040-C3,190098,2,1304.75,2,4.25,early25,False
A-G1.040-C3,190098,2,1310.25,2,5.5,early25,False
A-G1.040-C3,190098,2,1335.25,3,25.0,early25,False
A-G1.040-C3,190098,2,1338.0,1,2.75,early25,False
A-G1.040-C3,190098,2,1341.5,2,3.5,early25,False
A-G1.040-C3,190098,2,1344.5,26,3.0,early25,False
A-G1.040-C3,190098,2,1346.25,1,1.75,early25,False
A-G1.040-C3,190098,2,1348.0,1,1.75,early25,False
A-G1.040-C3,190098,2,1351.25,1,3.25,early25,False
A-G1.040-C3,190098,2,1353.5,2,2.25,early25,False
A-G1.040-C3,190098,2,1355.75,2,2.25,early25,False
A-G1.040-C3,190098,2,1358.0,1,2.25,early25,False
A-G1.040-C3,190098,2,1361.0,1,3.0,early25,False
A-G1.040-C3,190098,2,1381.75,2,20.75,early25,False
A-G1.040-C3,190098,2,1384.25,1,2.5,early25,False
A-G1.040-C3,190098,2,1395.25,3,11.0,early25,False
A-G1.040-C3,190098,2,1401.5,2,6.25,early25,False
A-G1.040-C3,190098,2,1404.5,2,3.0,early25,False
A-G1.040-C3,190098,2,1408.25,2,3.75,early25,False
A-G1.040-C3,190098,2,1437.5,1,29.25,early25,False
A-G1.040-C3,190098,2,1439.25,2,1.75,early25,False
A-G1.040-C3,190098,2,1444.25,2,5.0,early25,False
A-G1.040-C3,190098,2,1449.0,2,4.75,early25,False
A-G1.040-C3,190098,2,1453.75,3,4.75,early25,False
A-G1.040-C3,190098,2,1462.5,3,8.75,early25,False
A-G1.040-C3,190098,2,1467.25,2,4.75,early25,False
A-G1.040-C3,190098,2,1474.0,1,6.75,early25,False
A-G1.040-C3,190098,2,1480.0,6,6.0,early25,False
A-G1.040-C3,190098,2,1622.5,2,142.5,middle50,False
A-G1.040-C3,190098,2,1631.0,2,8.5,middle50,False
A-G1.040-C3,190098,2,1636.75,2,5.75,middle50,False
A-G1.040-C3,190098,2,1642.75,2,6.0,middle50,False
A-G1.040-C3,190098,2,1645.75,1,3.0,middle50,False
A-G1.040-C3,190098,2,1649.25,1,3.5,middle50,False
A-G1.040-C3,190098,2,1673.0,1,23.75,middle50,False
A-G1.040-C3,190098,2,1676.75,2,3.75,middle50,False
A-G1.040-C3,190098,2,1679.75,1,3.0,middle50,False
A-G1.040-C3,190098,2,1681.75,1,2.0,middle50,False
A-G1.040-C3,190098,2,1684.5,1,2.75,middle50,False
A-G1.040-C3,190098,2,1687.25,14,2.75,middle50,False
A-G1.040-C3,190098,2,1690.75,2,3.5,middle50,False
A-G1.040-C3,190098,2,1694.75,1,4.0,middle50,False
A-G1.040-C3,190098,2,1697.25,2,2.5,middle50,False
A-G1.040-C3,190098,2,1705.5,1,8.25,middle50,False
A-G1.040-C3,190098,2,1712.25,5,6.75,middle50,False
A-G1.040-C3,190098,2,1727.9999999999,1,15.749999999899956,middle50,False
A-G1.040-C3,190098,2,1732.4999999999,1,4.5,middle50,False
A-G1.040-C3,190098,2,1737.2499999999,2,4.75,middle50,False
A-G1.040-C3,190098,2,1743.4999999999,2,6.25,middle50,False
A-G1.040-C3,190098,2,1748.2499999999,2,4.75,middle50,False
A-G1.040-C3,190098,2,1780.4999999999,2,32.25,middle50,False
A-G1.040-C3,190098,2,1783.7499999999,1,3.25,middle50,False
A-G1.040-C3,190098,2,1786.7499999999,1,3.0,middle50,False
A-G1.040-C3,190098,2,1795.2499999999,2,8.5,middle50,False
A-G1.040-C3,190098,2,1799.2499999999,1,4.0,middle50,False
A-G1.040-C3,190098,2,1801.0,1,1.7500000001000444,middle50,False
A-G1.040-C3,190098,2,1805.0,2,4.0,middle50,False
A-G1.040-C3,190098,2,1808.75,2,3.75,middle50,False
A-G1.040-C3,190098,2,1821.5,3,12.75,middle50,False
A-G1.040-C3,190098,2,1943.75,1,122.25,middle50,False
A-G1.040-C3,190098,2,1946.5,1,2.75,middle50,False
A-G1.040-C3,190098,2,1952.25,1,5.75,middle50,False
A-G1.040-C3,190098,2,1955.25,1,3.0,middle50,False
A-G1.040-C3,190098,2,1958.25,1,3.0,middle50,False
A-G1.040-C3,190098,2,1962.0,1,3.75,middle50,False
A-G1.040-C3,190098,2,1965.25,1,3.25,middle50,False
A-G1.040-C3,190098,2,1971.75,1,6.5,middle50,False
A-G1.040-C3,190098,2,1997.25,2,25.5,late25,False
A-G1.040-C3,190098,2,2002.0,1,4.75,late25,False
A-G1.040-C3,190098,2,2004.5,1,2.5,late25,False
A-G1.040-C3,190098,2,2007.75,1,3.25,late25,False
A-G1.040-C3,190098,2,2010.5,1,2.75,late25,False
A-G1.040-C3,190098,2,2012.75,8,2.25,late25,False
A-G1.040-C3,190098,2,2015.5,9,2.75,late25,False
A-G1.040-C3,190098,2,2019.5,2,4.0,late25,False
A-G1.040-C3,190098,2,2045.75,1,26.25,late25,False
A-G1.040-C3,190098,2,2049.25,1,3.5,late25,False
A-G1.040-C3,190098,2,2053.25,1,4.0,late25,False
A-G1.040-C3,190098,2,2058.75,1,5.5,late25,False
A-G1.040-C3,190098,2,2064.0,1,5.25,late25,False
A-G1.040-C3,190098,2,2066.5,1,2.5,late25,False
A-G1.040-C3,190098,2,2070.75,1,4.25,late25,False
A-G1.040-C3,190098,2,2099.5,1,28.75,late25,False
A-G1.040-C3,190098,2,2103.5,1,4.0,late25,False
A-G1.040-C3,190098,2,2111.0,2,7.5,late25,False
A-G1.040-C3,190098,2,2114.5,1,3.5,late25,False
A-G1.040-C3,190098,2,2117.0,1,2.5,late25,False
A-G1.040-C3,190098,2,2122.5,1,5.5,late25,False
A-G1.040-C3,190098,2,2124.75,1,2.25,late25,False
A-G1.040-C3,190098,2,2130.5,1,5.75,late25,False
A-G1.040-C3,190098,2,2231.25,1,100.75,late25,False
A-G1.040-C3,190098,3,2240.75,2,9.5,early25,True
A-G1.040-C3,190098,3,2249.75,1,9.0,early25,True
A-G1.040-C3,190098,3,2252.5,1,2.75,early25,True
A-G1.040-C3,190098,3,2255.0,1,2.5,early25,True
A-G1.040-C3,190098,3,2257.0,1,2.0,early25,True
A-G1.040-C3,190098,3,2263.25,2,6.25,early25,True
A-G1.040-C3,190098,3,2267.75,2,4.5,early25,True
A-G1.040-C3,190098,3,2271.5,1,3.75,early25,True
A-G1.040-C3,190098,3,2274.25,1,2.75,early25,True
A-G1.040-C3,190098,3,2277.25,1,3.0,early25,True
A-G1.040-C3,190098,3,2279.0,1,1.75,early25,True
A-G1.040-C3,190098,3,2282.75,1,3.75,early25,True
A-G1.040-C3,190098,3,2306.0,1,23.25,early25,True
A-G1.040-C3,190098,3,2308.0,6,2.0,early25,True
A-G1.040-C3,190098,3,2312.25,1,4.25,early25,True
A-G1.040-C3,190098,3,2315.75,1,3.5,early25,True
A-G1.040-C3,190098,3,2320.0,2,4.25,early25,True
A-G1.040-C3,190098,3,2323.0,1,3.0,early25,True
A-G1.040-C3,190098,3,2326.75,11,3.75,early25,True
A-G1.040-C3,190098,3,2329.25,1,2.5,early25,True
A-G1.040-C3,190098,3,2331.5,1,2.25,early25,True
A-G1.040-C3,190098,3,2334.5,1,3.0,early25,True
A-G1.040-C3,190098,3,2337.25,1,2.75,early25,True
A-G1.040-C3,190098,3,2339.75,1,2.5,early25,True
A-G1.040-C3,190098,3,2365.75,2,26.0,early25,True
A-G1.040-C3,190098,3,2372.25,1,6.5,early25,True
A-G1.040-C3,190098,3,2373.75,1,1.5,early25,True
A-G1.040-C3,190098,3,2375.5,1,1.75,early25,True
A-G1.040-C3,190098,3,2379.25,1,3.75,early25,True
A-G1.040-C3,190098,3,2382.0,1,2.75,early25,True
A-G1.040-C3,190098,3,2386.75,1,4.75,early25,True
A-G1.040-C3,190098,3,2390.25,1,3.5,early25,True
A-G1.040-C3,190098,3,2391.25,1,1.0,early25,True
A-G1.040-C3,190098,3,2417.25,1,26.0,early25,True
A-G1.040-C3,190098,3,2420.0,1,2.75,early25,True
A-G1.040-C3,190098,3,2423.5,1,3.5,early25,True
A-G1.040-C3,190098,3,2424.5,1,1.0,early25,True
A-G1.040-C3,190098,3,2430.75,1,6.25,early25,True
A-G1.040-C3,190098,3,2439.0,2,8.25,early25,True
A-G1.040-C3,190098,3,2446.75,2,7.75,early25,True
A-G1.040-C3,190098,3,2458.75,5,12.0,early25,True
A-G1.040-C3,190098,3,2467.75,1,9.0,early25,True
A-G1.040-C3,190098,3,2476.5,2,8.75,early25,True
A-G1.040-C3,190098,3,2483.25,1,6.75,early25,True
A-G1.040-C3,190098,3,2497.25,1,14.0,early25,True
A-G1.040-C3,190098,3,2526.5,1,29.25,early25,True
A-G1.040-C3,190098,3,2528.25,1,1.75,early25,True
A-G1.040-C3,190098,3,2536.75,2,8.5,early25,True
A-G1.040-C3,190098,3,2540.0,1,3.25,early25,True
A-G1.040-C3,190098,3,2543.25,1,3.25,early25,True
A-G1.040-C3,190098,3,2548.0,1,4.75,early25,True
A-G1.040-C3,190098,3,2553.0,2,5.0,early25,True
A-G1.040-C3,190098,3,2562.25,1,9.25,early25,True
A-G1.040-C3,190098,3,2576.75,1,14.5,middle50,True
A-G1.040-C3,190098,3,2582.75,1,6.0,middle50,True
A-G1.040-C3,190098,3,2586.25,1,3.5,middle50,True
A-G1.040-C3,190098,3,2592.25,1,6.0,middle50,True
A-G1.040-C3,190098,3,2596.0,1,3.75,middle50,True
A-G1.040-C3,190098,3,2602.25,6,6.25,middle50,True
A-G1.040-C3,190098,3,2632.25,1,30.0,middle50,True
A-G1.040-C3,190098,3,2634.5,1,2.25,middle50,True
A-G1.040-C3,190098,3,2648.75,1,14.25,middle50,True
A-G1.040-C3,190098,3,2657.0,1,8.25,middle50,True
A-G1.040-C3,190098,3,2662.25,1,5.25,middle50,True
A-G1.040-C3,190098,3,2675.75,4,13.5,middle50,True
A-G1.040-C3,190098,3,2824.0,1,148.25,middle50,True
A-G1.040-C3,190098,3,2830.5,1,6.5,middle50,True
A-G1.040-C3,190098,3,2840.5,1,10.0,middle50,True
A-G1.040-C3,190098,3,2843.25,1,2.75,middle50,True
A-G1.040-C3,190098,3,2867.0,3,23.75,middle50,True
A-G1.040-C3,190098,3,2869.25,3,2.25,middle50,True
A-G1.040-C3,190098,3,2871.5,3,2.25,middle50,True
A-G1.040-C3,190098,3,2877.25,3,5.75,middle50,True
A-G1.040-C3,190098,3,2885.25,1,8.0,middle50,True
A-G1.040-C3,190098,3,2893.5,1,8.25,middle50,True
A-G1.040-C3,190098,3,2899.25,1,5.75,middle50,True
A-G1.040-C3,190098,3,2916.0,1,16.75,middle50,True
A-G1.040-C3,190098,3,2918.75,1,2.75,middle50,True
A-G1.040-C3,190098,3,2925.25,1,6.5,middle50,True
A-G1.040-C3,190098,3,2930.75,1,5.5,middle50,True
A-G1.040-C3,190098,3,2942.5,1,11.75,middle50,True
A-G1.040-C3,190098,3,2972.25,1,29.75,middle50,True
A-G1.040-C3,190098,3,2981.0,1,8.75,middle50,True
A-G1.040-C3,190098,3,2989.0,1,8.0,middle50,True
A-G1.040-C3,190098,3,2996.5,1,7.5,middle50,True
A-G1.040-C3,190098,3,3147.0,1,150.5,middle50,True
A-G1.040-C3,190098,3,3153.0,1,6.0,middle50,True
A-G1.040-C3,190098,3,3159.0,1,6.0,middle50,True
A-G1.040-C3,190098,3,3169.5,1,10.5,middle50,True
A-G1.040-C3,190098,3,3199.5,1,30.0,middle50,True
A-G1.040-C3,190098,3,3204.25,1,4.75,middle50,True
A-G1.040-C3,190098,3,3207.5,4,3.25,middle50,True
A-G1.040-C3,190098,3,3218.75,1,11.25,middle50,True
A-G1.040-C3,190098,3,3228.25,1,9.5,middle50,True
A-G1.040-C3,190098,3,3237.25,1,9.0,middle50,True
A-G1.040-C3,190098,3,3259.25,1,22.0,late25,True
A-G1.040-C3,190098,3,3266.0,1,6.75,late25,True
A-G1.040-C3,190098,3,3271.5,3,5.5,late25,True
A-G1.040-C3,190098,3,3276.75,1,5.25,late25,True
A-G1.040-C3,190098,3,3314.5,1,37.75,late25,True
A-G1.040-C3,190098,3,3325.25,1,10.75,late25,True
A-G1.040-C3,190098,3,3330.25,1,5.0,late25,True
A-G1.040-C3,190098,3,3342.5,1,12.25,late25,True
A-G1.040-C3,190098,3,3478.0,1,135.5,late25,True
A-G1.040-C3,190098,3,3486.5,1,8.5,late25,True
A-G1.040-C3,190098,3,3493.0,1,6.5,late25,True
A-G1.040-C3,190098,3,3523.5,1,30.5,late25,True
A-G1.040-C3,190098,3,3533.25,4,9.75,late25,True
A-G1.040-C3,190098,3,3538.0,1,4.75,late25,True
A-G1.040-C3,190098,3,3540.25,2,2.25,late25,True
A-G1.040-C3,190098,3,3552.25,1,12.0,late25,True
A-G1.040-C3,190098,3,3573.75,1,21.5,late25,True
A-G1.040-C3,190098,3,3583.25,1,9.5,late25,True
A-G1.040-C3,190098,3,3592.0,3,8.75,late25,True
A-G1.040-C3,190098,3,3599.0,1,7.0,late25,True
A-G1.040-C3,198017,0,0.25,3,,early25,False
A-G1.040-C3,198017,0,8.25,1,8.0,early25,False
A-G1.040-C3,198017,0,22.75,1,14.5,early25,False
A-G1.040-C3,198017,0,41.25,1,18.5,early25,False
A-G1.040-C3,198017,0,51.75,1,10.5,early25,False
A-G1.040-C3,198017,0,87.5,1,35.75,early25,False
A-G1.040-C3,198017,0,93.75,1,6.25,early25,False
A-G1.040-C3,198017,0,97.25,1,3.5,early25,False
A-G1.040-C3,198017,0,113.25,1,16.0,early25,False
A-G1.040-C3,198017,0,158.5,1,45.25,early25,False
A-G1.040-C3,198017,0,163.75,1,5.25,early25,False
A-G1.040-C3,198017,0,174.5,1,10.75,early25,False
A-G1.040-C3,198017,0,182.5,1,8.0,middle50,False
A-G1.040-C3,198017,0,215.0,1,32.5,middle50,False
A-G1.040-C3,198017,0,225.5,1,10.5,middle50,False
A-G1.040-C3,198017,0,228.75,1,3.25,middle50,False
A-G1.040-C3,198017,0,234.5,1,5.75,middle50,False
A-G1.040-C3,198017,0,237.0,1,2.5,middle50,False
A-G1.040-C3,198017,0,397.0,1,160.0,middle50,False
A-G1.040-C3,198017,0,401.0,1,4.0,middle50,False
A-G1.040-C3,198017,0,409.5,1,8.5,middle50,False
A-G1.040-C3,198017,0,415.25,1,5.75,middle50,False
A-G1.040-C3,198017,0,418.75,1,3.5,middle50,False
A-G1.040-C3,198017,0,454.75,1,36.0,middle50,False
A-G1.040-C3,198017,0,462.75,1,8.0,middle50,False
A-G1.040-C3,198017,0,465.5,1,2.75,middle50,False
A-G1.040-C3,198017,0,469.5,1,4.0,middle50,False
A-G1.040-C3,198017,0,473.0,1,3.5,middle50,False
A-G1.040-C3,198017,0,478.25,1,5.25,middle50,False
A-G1.040-C3,198017,0,487.75,1,9.5,middle50,False
A-G1.040-C3,198017,0,521.5,1,33.75,middle50,False
A-G1.040-C3,198017,0,526.75,1,5.25,middle50,False
A-G1.040-C3,198017,0,535.5,2,8.75,late25,False
A-G1.040-C3,198017,0,543.25,1,7.75,late25,False
A-G1.040-C3,198017,0,571.75,1,28.5,late25,False
A-G1.040-C3,198017,0,577.25,12,5.5,late25,False
A-G1.040-C3,198017,0,579.0,1,1.75,late25,False
A-G1.040-C3,198017,0,585.75,1,6.75,late25,False
A-G1.040-C3,198017,0,595.5,1,9.75,late25,False
A-G1.040-C3,198017,1,714.5,1,119.0,early25,False
A-G1.040-C3,198017,1,735.0,1,20.5,early25,False
A-G1.040-C3,198017,1,737.5,1,2.5,early25,False
A-G1.040-C3,198017,1,741.5,2,4.0,early25,False
A-G1.040-C3,198017,1,749.25,2,7.75,early25,False
A-G1.040-C3,198017,1,758.75,1,9.5,early25,False
A-G1.040-C3,198017,1,792.25,2,33.5,early25,False
A-G1.040-C3,198017,1,797.5,2,5.25,early25,False
A-G1.040-C3,198017,1,807.0,1,9.5,early25,False
A-G1.040-C3,198017,1,807.75,1,0.75,early25,False
A-G1.040-C3,198017,1,812.25,1,4.5,early25,False
A-G1.040-C3,198017,1,814.75,1,2.5,early25,False
A-G1.040-C3,198017,1,841.0,1,26.25,early25,False
A-G1.040-C3,198017,1,845.5,2,4.5,early25,False
A-G1.040-C3,198017,1,850.25,1,4.75,early25,False
A-G1.040-C3,198017,1,856.5,2,6.25,early25,False
A-G1.040-C3,198017,1,861.75,2,5.25,early25,False
A-G1.040-C3,198017,1,865.25,1,3.5,early25,False
A-G1.040-C3,198017,1,869.75,1,4.5,early25,False
A-G1.040-C3,198017,1,896.25,22,26.5,middle50,False
A-G1.040-C3,198017,1,908.25,1,12.0,middle50,False
A-G1.040-C3,198017,1,914.75,1,6.5,middle50,False
A-G1.040-C3,198017,1,916.75,1,2.0,middle50,False
A-G1.040-C3,198017,1,920.75,1,4.0,middle50,False
A-G1.040-C3,198017,1,924.75,2,4.0,middle50,False
A-G1.040-C3,198017,1,927.25,1,2.5,middle50,False
A-G1.040-C3,198017,1,1075.0,1,147.75,middle50,False
A-G1.040-C3,198017,1,1078.75,1,3.75,middle50,False
A-G1.040-C3,198017,1,1082.25,1,3.5,middle50,False
A-G1.040-C3,198017,1,1086.75,2,4.5,middle50,False
A-G1.040-C3,198017,1,1090.5,1,3.75,middle50,False
A-G1.040-C3,198017,1,1096.5,1,6.0,middle50,False
A-G1.040-C3,198017,1,1102.0,1,5.5,middle50,False
A-G1.040-C3,198017,1,1125.0,1,23.0,middle50,False
A-G1.040-C3,198017,1,1128.75,1,3.75,middle50,False
A-G1.040-C3,198017,1,1131.75,16,3.0,middle50,False
A-G1.040-C3,198017,1,1134.5,1,2.75,middle50,False
A-G1.040-C3,198017,1,1137.0,1,2.5,middle50,False
A-G1.040-C3,198017,1,1142.75,1,5.75,middle50,False
A-G1.040-C3,198017,1,1145.25,1,2.5,middle50,False
A-G1.040-C3,198017,1,1148.0,1,2.75,middle50,False
A-G1.040-C3,198017,1,1151.75,1,3.75,middle50,False
A-G1.040-C3,198017,1,1154.0,1,2.25,middle50,False
A-G1.040-C3,198017,1,1157.5,1,3.5,middle50,False
A-G1.040-C3,198017,1,1165.0,4,7.5,middle50,False
A-G1.040-C3,198017,1,1177.25,1,12.25,middle50,False
A-G1.040-C3,198017,1,1179.5,1,2.25,middle50,False
A-G1.040-C3,198017,1,1184.0,1,4.5,middle50,False
A-G1.040-C3,198017,1,1186.0,4,2.0,middle50,False
A-G1.040-C3,198017,1,1188.0,3,2.0,middle50,False
A-G1.040-C3,198017,1,1190.25,1,2.25,middle50,False
A-G1.040-C3,198017,1,1195.0,1,4.75,middle50,False
A-G1.040-C3,198017,1,1199.25,1,4.25,middle50,False
A-G1.040-C3,198017,1,1203.25,1,4.0,middle50,False
A-G1.040-C3,198017,1,1231.0,3,27.75,late25,False
A-G1.040-C3,198017,1,1232.0,3,1.0,late25,False
A-G1.040-C3,198017,1,1234.75,3,2.75,late25,False
A-G1.040-C3,198017,1,1236.5,1,1.75,late25,False
A-G1.040-C3,198017,1,1240.25,1,3.75,late25,False
A-G1.040-C3,198017,1,1242.5,1,2.25,late25,False
A-G1.040-C3,198017,1,1248.75,1,6.25,late25,False
A-G1.040-C3,198017,1,1249.75,1,1.0,late25,False
A-G1.040-C3,198017,1,1254.75,1,5.0,late25,False
A-G1.040-C3,198017,1,1256.75,1,2.0,late25,False
A-G1.040-C3,198017,1,1260.25,1,3.5,late25,False
A-G1.040-C3,198017,1,1269.5,1,9.25,late25,False
A-G1.040-C3,198017,1,1371.75,1,102.25,late25,False
A-G1.040-C3,198017,2,1389.25,2,17.5,early25,False
A-G1.040-C3,198017,2,1392.25,2,3.0,early25,False
A-G1.040-C3,198017,2,1395.75,2,3.5,early25,False
A-G1.040-C3,198017,2,1400.25,1,4.5,early25,False
A-G1.040-C3,198017,2,1402.75,1,2.5,early25,False
A-G1.040-C3,198017,2,1411.25,4,8.5,early25,False
A-G1.040-C3,198017,2,1417.25,2,6.0,early25,False
A-G1.040-C3,198017,2,1451.25,3,34.0,early25,False
A-G1.040-C3,198017,2,1457.75,2,6.5,early25,False
A-G1.040-C3,198017,2,1464.0,1,6.25,early25,False
A-G1.040-C3,198017,2,1469.5,4,5.5,early25,False
A-G1.040-C3,198017,2,1482.5,3,13.0,early25,False
A-G1.040-C3,198017,2,1508.25,2,25.75,early25,False
A-G1.040-C3,198017,2,1521.0,2,12.75,early25,False
A-G1.040-C3,198017,2,1528.5,3,7.5,early25,False
A-G1.040-C3,198017,2,1559.25,3,30.75,early25,False
A-G1.040-C3,198017,2,1564.75,1,5.5,early25,False
A-G1.040-C3,198017,2,1569.5,2,4.75,early25,False
A-G1.040-C3,198017,2,1575.0,2,5.5,early25,False
A-G1.040-C3,198017,2,1580.5,3,5.5,early25,False
A-G1.040-C3,198017,2,1584.75,1,4.25,early25,False
A-G1.040-C3,198017,2,1592.75,6,8.0,early25,False
A-G1.040-C3,198017,2,1734.75,1,142.0,middle50,False
A-G1.040-C3,198017,2,1737.0,1,2.25,middle50,False
A-G1.040-C3,198017,2,1742.5,2,5.5,middle50,False
A-G1.040-C3,198017,2,1748.0,2,5.5,middle50,False
A-G1.040-C3,198017,2,1753.25,3,5.25,middle50,False
A-G1.040-C3,198017,2,1758.75,1,5.5,middle50,False
A-G1.040-C3,198017,2,1764.0,2,5.25,middle50,False
A-G1.040-C3,198017,2,1788.25,2,24.25,middle50,False
A-G1.040-C3,198017,2,1789.5,1,1.25,middle50,False
A-G1.040-C3,198017,2,1794.75,1,5.25,middle50,False
A-G1.040-C3,198017,2,1802.75,3,8.0,middle50,False
A-G1.040-C3,198017,2,1807.25,2,4.5,middle50,False
A-G1.040-C3,198017,2,1812.5,1,5.25,middle50,False
A-G1.040-C3,198017,2,1815.25,2,2.75,middle50,False
A-G1.040-C3,198017,2,1818.5,1,3.25,middle50,False
A-G1.040-C3,198017,2,1827.5,3,9.0,middle50,False
A-G1.040-C3,198017,2,1843.25,1,15.75,middle50,False
A-G1.040-C3,198017,2,1847.0,1,3.75,middle50,False
A-G1.040-C3,198017,2,1850.75,1,3.75,middle50,False
A-G1.040-C3,198017,2,1853.5,1,2.75,middle50,False
A-G1.040-C3,198017,2,1857.75,2,4.25,middle50,False
A-G1.040-C3,198017,2,1862.0,1,4.25,middle50,False
A-G1.040-C3,198017,2,1865.25,2,3.25,middle50,False
A-G1.040-C3,198017,2,1868.75,13,3.5,middle50,False
A-G1.040-C3,198017,2,1870.0,1,1.25,middle50,False
A-G1.040-C3,198017,2,1897.75,1,27.75,middle50,False
A-G1.040-C3,198017,2,1899.75,1,2.0,middle50,False
A-G1.040-C3,198017,2,1902.75,2,3.0,middle50,False
A-G1.040-C3,198017,2,1906.5,1,3.75,middle50,False
A-G1.040-C3,198017,2,1910.25,1,3.75,middle50,False
A-G1.040-C3,198017,2,1913.25,1,3.0,middle50,False
A-G1.040-C3,198017,2,1918.25,1,5.0,middle50,False
A-G1.040-C3,198017,2,1922.25,1,4.0,middle50,False
A-G1.040-C3,198017,2,1927.25,1,5.0,middle50,False
A-G1.040-C3,198017,2,1933.75,1,6.5,middle50,False
A-G1.040-C3,198017,2,2065.75,1,132.0,middle50,False
A-G1.040-C3,198017,2,2068.75,1,3.0,middle50,False
A-G1.040-C3,198017,2,2072.25,1,3.5,middle50,False
A-G1.040-C3,198017,2,2075.75,1,3.5,middle50,False
A-G1.040-C3,198017,2,2078.25,1,2.5,middle50,False
A-G1.040-C3,198017,2,2082.25,1,4.0,middle50,False
A-G1.040-C3,198017,2,2086.0,1,3.75,middle50,False
A-G1.040-C3,198017,2,2089.0,1,3.0,middle50,False
A-G1.040-C3,198017,2,2092.25,10,3.25,middle50,False
A-G1.040-C3,198017,2,2120.25,2,28.0,middle50,False
A-G1.040-C3,198017,2,2124.25,1,4.0,middle50,False
A-G1.040-C3,198017,2,2126.5,1,2.25,middle50,False
A-G1.040-C3,198017,2,2132.5,1,6.0,middle50,False
A-G1.040-C3,198017,2,2136.0,1,3.5,middle50,False
A-G1.040-C3,198017,2,2137.75,1,1.75,middle50,False
A-G1.040-C3,198017,2,2142.5,1,4.75,middle50,False
A-G1.040-C3,198017,2,2144.5,1,2.0,middle50,False
A-G1.040-C3,198017,2,2146.75,1,2.25,middle50,False
A-G1.040-C3,198017,2,2150.25,1,3.5,middle50,False
A-G1.040-C3,198017,2,2157.5,1,7.25,middle50,False
A-G1.040-C3,198017,2,2183.0,1,25.5,middle50,False
A-G1.040-C3,198017,2,2186.75,1,3.75,middle50,False
A-G1.040-C3,198017,2,2191.75,1,5.0,middle50,False
A-G1.040-C3,198017,2,2196.5,2,4.75,middle50,False
A-G1.040-C3,198017,2,2204.25,1,7.75,middle50,False
A-G1.040-C3,198017,2,2209.0,1,4.75,middle50,False
A-G1.040-C3,198017,2,2235.5,1,26.5,middle50,False
A-G1.040-C3,198017,2,2237.75,1,2.25,middle50,False
A-G1.040-C3,198017,2,2243.75,1,6.0,middle50,False
A-G1.040-C3,198017,2,2247.75,1,4.0,middle50,False
A-G1.040-C3,198017,2,2249.75,1,2.0,middle50,False
A-G1.040-C3,198017,2,2253.75,1,4.0,middle50,False
A-G1.040-C3,198017,2,2263.25,1,9.5,middle50,False
A-G1.040-C3,198017,2,2266.75,1,3.5,middle50,False
A-G1.040-C3,198017,2,2395.0,1,128.25,late25,False
A-G1.040-C3,198017,2,2401.0,1,6.0,late25,False
A-G1.040-C3,198017,2,2406.25,1,5.25,late25,False
A-G1.040-C3,198017,2,2413.0,1,6.75,late25,False
A-G1.040-C3,198017,2,2420.5,2,7.5,late25,False
A-G1.040-C3,198017,2,2454.0,1,33.5,late25,False
A-G1.040-C3,198017,2,2455.25,1,1.25,late25,False
A-G1.040-C3,198017,2,2462.75,1,7.5,late25,False
A-G1.040-C3,198017,2,2465.25,1,2.5,late25,False
A-G1.040-C3,198017,2,2468.75,1,3.5,late25,False
A-G1.040-C3,198017,2,2472.0,1,3.25,late25,False
A-G1.040-C3,198017,2,2478.0,1,6.0,late25,False
A-G1.040-C3,198017,2,2479.5,1,1.5,late25,False
A-G1.040-C3,198017,2,2488.25,1,8.75,late25,False
A-G1.040-C3,198017,2,2504.0,1,15.75,late25,False
A-G1.040-C3,198017,2,2516.0,1,12.0,late25,False
A-G1.040-C3,198017,2,2520.25,1,4.25,late25,False
A-G1.040-C3,198017,2,2558.25,1,38.0,late25,False
A-G1.040-C3,198017,2,2562.75,1,4.5,late25,False
A-G1.040-C3,198017,2,2566.25,1,3.5,late25,False
A-G1.040-C3,198017,2,2569.25,1,3.0,late25,False
A-G1.040-C3,198017,2,2575.25,1,6.0,late25,False
A-G1.040-C3,198017,2,2581.0,1,5.75,late25,False
A-G1.040-C3,198017,2,2584.75,1,3.75,late25,False
A-G1.040-C3,198017,2,2599.0,2,14.25,late25,False
A-G1.040-C3,198017,2,2691.0,1,92.0,late25,False
A-G1.040-C3,198017,2,2694.0,1,3.0,late25,False
A-G1.040-C3,198017,2,2697.25,1,3.25,late25,False
A-G1.040-C3,198017,3,2714.75,2,17.5,early25,True
A-G1.040-C3,198017,3,2717.75,1,3.0,early25,True
A-G1.040-C3,198017,3,2720.5,1,2.75,early25,True
A-G1.040-C3,198017,3,2725.25,2,4.75,early25,True
A-G1.040-C3,198017,3,2733.75,2,8.5,early25,True
A-G1.040-C3,198017,3,2737.75,1,4.0,early25,True
A-G1.040-C3,198017,3,2771.0,2,33.25,early25,True
A-G1.040-C3,198017,3,2777.0,2,6.0,early25,True
A-G1.040-C3,198017,3,2780.0,1,3.0,early25,True
A-G1.040-C3,198017,3,2791.5,1,11.5,early25,True
A-G1.040-C3,198017,3,2797.25,2,5.75,early25,True
A-G1.040-C3,198017,3,2804.0,1,6.75,early25,True
A-G1.040-C3,198017,3,2810.0,3,6.0,early25,True
A-G1.040-C3,198017,3,2818.75,1,8.75,early25,True
A-G1.040-C3,198017,3,2820.25,3,1.5,early25,True
A-G1.040-C3,198017,3,2825.5,1,5.25,early25,True
A-G1.040-C3,198017,3,2831.75,2,6.25,early25,True
A-G1.040-C3,198017,3,2837.75,1,6.0,early25,True
A-G1.040-C3,198017,3,2843.75,1,6.0,early25,True
A-G1.040-C3,198017,3,2847.75,1,4.0,early25,True
A-G1.040-C3,198017,3,2877.5,2,29.75,early25,True
A-G1.040-C3,198017,3,2887.5,1,10.0,early25,True
A-G1.040-C3,198017,3,2891.5,1,4.0,early25,True
A-G1.040-C3,198017,3,2899.0,1,7.5,early25,True
A-G1.040-C3,198017,3,2913.0,1,14.0,early25,True
A-G1.040-C3,198017,3,2921.25,5,8.25,early25,True
A-G1.040-C3,198017,3,2932.5,1,11.25,middle50,True
A-G1.040-C3,198017,3,2939.25,1,6.75,middle50,True
A-G1.040-C3,198017,3,2946.0,1,6.75,middle50,True
A-G1.040-C3,198017,3,2955.5,1,9.5,middle50,True
A-G1.040-C3,198017,3,2995.0,1,39.5,middle50,True
A-G1.040-C3,198017,3,2997.75,1,2.75,middle50,True
A-G1.040-C3,198017,3,3004.75,1,7.0,middle50,True
A-G1.040-C3,198017,3,3007.5,1,2.75,middle50,True
A-G1.040-C3,198017,3,3012.25,1,4.75,middle50,True
A-G1.040-C3,198017,3,3017.25,1,5.0,middle50,True
A-G1.040-C3,198017,3,3043.25,1,26.0,middle50,True
A-G1.040-C3,198017,3,3049.25,1,6.0,middle50,True
A-G1.040-C3,198017,3,3057.25,1,8.0,middle50,True
A-G1.040-C3,198017,3,3065.0,1,7.75,middle50,True
A-G1.040-C3,198017,3,3097.0,1,32.0,middle50,True
A-G1.040-C3,198017,3,3102.5,1,5.5,middle50,True
A-G1.040-C3,198017,3,3105.75,1,3.25,middle50,True
A-G1.040-C3,198017,3,3107.75,1,2.0,middle50,True
A-G1.040-C3,198017,3,3117.0,1,9.25,middle50,True
A-G1.040-C3,198017,3,3121.75,1,4.75,middle50,True
A-G1.040-C3,198017,3,3269.75,1,148.0,middle50,True
A-G1.040-C3,198017,3,3275.5,1,5.75,middle50,True
A-G1.040-C3,198017,3,3281.25,1,5.75,middle50,True
A-G1.040-C3,198017,3,3284.5,1,3.25,middle50,True
A-G1.040-C3,198017,3,3287.75,1,3.25,middle50,True
A-G1.040-C3,198017,3,3295.25,1,7.5,middle50,True
A-G1.040-C3,198017,3,3298.5,1,3.25,middle50,True
A-G1.040-C3,198017,3,3325.75,1,27.25,middle50,True
A-G1.040-C3,198017,3,3329.5,6,3.75,middle50,True
A-G1.040-C3,198017,3,3332.25,1,2.75,middle50,True
A-G1.040-C3,198017,3,3336.5,1,4.25,middle50,True
A-G1.040-C3,198017,3,3346.5,1,10.0,middle50,True
A-G1.040-C3,198017,3,3350.75,1,4.25,middle50,True
A-G1.040-C3,198017,3,3361.75,2,11.0,middle50,True
A-G1.040-C3,198017,3,3377.0,1,15.25,late25,True
A-G1.040-C3,198017,3,3384.75,1,7.75,late25,True
A-G1.040-C3,198017,3,3389.5,1,4.75,late25,True
A-G1.040-C3,198017,3,3396.0,1,6.5,late25,True
A-G1.040-C3,198017,3,3399.5,1,3.5,late25,True
A-G1.040-C3,198017,3,3430.25,1,30.75,late25,True
A-G1.040-C3,198017,3,3433.0,1,2.75,late25,True
A-G1.040-C3,198017,3,3442.25,1,9.25,late25,True
A-G1.040-C3,198017,3,3446.75,1,4.5,late25,True
A-G1.040-C3,198017,3,3451.25,1,4.5,late25,True
A-G1.040-C3,198017,3,3455.75,1,4.5,late25,True
A-G1.040-C3,198017,3,3596.0,1,140.25,late25,True
A-G1.040-C3,205936,0,0.25,3,,early25,False
A-G1.040-C3,205936,0,15.0,1,14.75,early25,False
A-G1.040-C3,205936,0,26.25,2,11.25,early25,False
A-G1.040-C3,205936,0,34.25,1,8.0,early25,False
A-G1.040-C3,205936,0,47.75,2,13.5,early25,False
A-G1.040-C3,205936,0,63.0,1,15.25,early25,False
A-G1.040-C3,205936,0,89.5,1,26.5,early25,False
A-G1.040-C3,205936,0,97.0,1,7.5,early25,False
A-G1.040-C3,205936,0,105.5,15,8.5,early25,False
A-G1.040-C3,205936,0,127.5,4,22.0,early25,False
A-G1.040-C3,205936,0,295.0,1,167.5,middle50,False
A-G1.040-C3,205936,0,301.0,1,6.0,middle50,False
A-G1.040-C3,205936,0,326.25,4,25.25,middle50,False
A-G1.040-C3,205936,0,331.0,3,4.75,middle50,False
A-G1.040-C3,205936,0,336.0,1,5.0,middle50,False
A-G1.040-C3,205936,0,341.0,1,5.0,middle50,False
A-G1.040-C3,205936,0,347.0,1,6.0,middle50,False
A-G1.040-C3,205936,0,354.25,1,7.25,middle50,False
A-G1.040-C3,205936,0,384.0,1,29.75,middle50,False
A-G1.040-C3,205936,0,395.5,1,11.5,middle50,False
A-G1.040-C3,205936,0,402.5,1,7.0,middle50,False
A-G1.040-C3,205936,0,408.5,1,6.0,middle50,False
A-G1.040-C3,205936,0,442.75,1,34.25,late25,False
A-G1.040-C3,205936,0,450.25,1,7.5,late25,False
A-G1.040-C3,205936,0,453.5,1,3.25,late25,False
A-G1.040-C3,205936,0,457.0,1,3.5,late25,False
A-G1.040-C3,205936,0,464.25,1,7.25,late25,False
A-G1.040-C3,205936,0,467.75,1,3.5,late25,False
A-G1.040-C3,205936,0,477.0,1,9.25,late25,False
A-G1.040-C3,205936,0,584.5,1,107.5,late25,False
A-G1.040-C3,205936,1,612.0,2,27.5,early25,False
A-G1.040-C3,205936,1,617.5,1,5.5,early25,False
A-G1.040-C3,205936,1,622.5,2,5.0,early25,False
A-G1.040-C3,205936,1,662.75,2,40.25,early25,False
A-G1.040-C3,205936,1,666.75,1,4.0,early25,False
A-G1.040-C3,205936,1,677.75,2,11.0,early25,False
A-G1.040-C3,205936,1,680.75,2,3.0,early25,False
A-G1.040-C3,205936,1,686.5,2,5.75,early25,False
A-G1.040-C3,205936,1,689.5,1,3.0,early25,False
A-G1.040-C3,205936,1,714.0,1,24.5,early25,False
A-G1.040-C3,205936,1,718.75,2,4.75,early25,False
A-G1.040-C3,205936,1,723.25,1,4.5,early25,False
A-G1.040-C3,205936,1,729.25,2,6.0,early25,False
A-G1.040-C3,205936,1,734.5,2,5.25,early25,False
A-G1.040-C3,205936,1,738.5,1,4.0,early25,False
A-G1.040-C3,205936,1,744.0,1,5.5,early25,False
A-G1.040-C3,205936,1,770.0,21,26.0,middle50,False
A-G1.040-C3,205936,1,773.0,1,3.0,middle50,False
A-G1.040-C3,205936,1,777.75,2,4.75,middle50,False
A-G1.040-C3,205936,1,780.5,1,2.75,middle50,False
A-G1.040-C3,205936,1,785.0,1,4.5,middle50,False
A-G1.040-C3,205936,1,787.0,1,2.0,middle50,False
A-G1.040-C3,205936,1,793.0,1,6.0,middle50,False
A-G1.040-C3,205936,1,797.75,1,4.75,middle50,False
A-G1.040-C3,205936,1,799.75,1,2.0,middle50,False
A-G1.040-C3,205936,1,942.75,1,143.0,middle50,False
A-G1.040-C3,205936,1,948.0,1,5.25,middle50,False
A-G1.040-C3,205936,1,950.25,1,2.25,middle50,False
A-G1.040-C3,205936,1,955.25,1,5.0,middle50,False
A-G1.040-C3,205936,1,960.75,2,5.5,middle50,False
A-G1.040-C3,205936,1,971.0,2,10.25,middle50,False
A-G1.040-C3,205936,1,995.75,2,24.75,middle50,False
A-G1.040-C3,205936,1,998.25,1,2.5,middle50,False
A-G1.040-C3,205936,1,1001.75,1,3.5,middle50,False
A-G1.040-C3,205936,1,1005.75,14,4.0,middle50,False
A-G1.040-C3,205936,1,1011.5,1,5.75,middle50,False
A-G1.040-C3,205936,1,1015.25,1,3.75,middle50,False
A-G1.040-C3,205936,1,1024.25,1,9.0,middle50,False
A-G1.040-C3,205936,1,1044.0,1,19.75,middle50,False
A-G1.040-C3,205936,1,1047.5,1,3.5,middle50,False
A-G1.040-C3,205936,1,1052.0,1,4.5,middle50,False
A-G1.040-C3,205936,1,1057.5,2,5.5,middle50,False
A-G1.040-C3,205936,1,1062.5,1,5.0,middle50,False
A-G1.040-C3,205936,1,1065.25,1,2.75,middle50,False
A-G1.040-C3,205936,1,1069.0,1,3.75,middle50,False
A-G1.040-C3,205936,1,1073.25,11,4.25,middle50,False
A-G1.040-C3,205936,1,1101.0,1,27.75,late25,False
A-G1.040-C3,205936,1,1103.75,1,2.75,late25,False
A-G1.040-C3,205936,1,1106.5,1,2.75,late25,False
A-G1.040-C3,205936,1,1109.0,1,2.5,late25,False
A-G1.040-C3,205936,1,1114.25,1,5.25,late25,False
A-G1.040-C3,205936,1,1116.75,1,2.5,late25,False
A-G1.040-C3,205936,1,1119.75,1,3.0,late25,False
A-G1.040-C3,205936,1,1122.25,1,2.5,late25,False
A-G1.040-C3,205936,1,1126.75,1,4.5,late25,False
A-G1.040-C3,205936,1,1130.5,1,3.75,late25,False
A-G1.040-C3,205936,1,1236.25,1,105.75,late25,False
A-G1.040-C3,205936,1,1238.25,1,2.0,late25,False
A-G1.040-C3,205936,1,1245.0,1,6.75,late25,False
A-G1.040-C3,205936,2,1261.25,1,16.25,early25,False
A-G1.040-C3,205936,2,1263.75,2,2.5,early25,False
A-G1.040-C3,205936,2,1266.25,1,2.5,early25,False
A-G1.040-C3,205936,2,1275.0,4,8.75,early25,False
A-G1.040-C3,205936,2,1281.5,3,6.5,early25,False
A-G1.040-C3,205936,2,1317.75,3,36.25,early25,False
A-G1.040-C3,205936,2,1322.0,3,4.25,early25,False
A-G1.040-C3,205936,2,1328.5,3,6.5,early25,False
A-G1.040-C3,205936,2,1333.5,3,5.0,early25,False
A-G1.040-C3,205936,2,1344.25,3,10.75,early25,False
A-G1.040-C3,205936,2,1356.0,7,11.75,early25,False
A-G1.040-C3,205936,2,1368.0,2,12.0,early25,False
A-G1.040-C3,205936,2,1374.5,2,6.5,early25,False
A-G1.040-C3,205936,2,1378.25,2,3.75,early25,False
A-G1.040-C3,205936,2,1381.5,1,3.25,early25,False
A-G1.040-C3,205936,2,1385.25,1,3.75,early25,False
A-G1.040-C3,205936,2,1387.25,1,2.0,early25,False
A-G1.040-C3,205936,2,1393.0,2,5.75,early25,False
A-G1.040-C3,205936,2,1428.75,3,35.75,middle50,False
A-G1.040-C3,205936,2,1433.5,3,4.75,middle50,False
A-G1.040-C3,205936,2,1437.25,1,3.75,middle50,False
A-G1.040-C3,205936,2,1439.5,1,2.25,middle50,False
A-G1.040-C3,205936,2,1445.0,3,5.5,middle50,False
A-G1.040-C3,205936,2,1448.5,1,3.5,middle50,False
A-G1.040-C3,205936,2,1453.0,3,4.5,middle50,False
A-G1.040-C3,205936,2,1597.5,1,144.5,middle50,False
A-G1.040-C3,205936,2,1605.5,2,8.0,middle50,False
A-G1.040-C3,205936,2,1611.5,3,6.0,middle50,False
A-G1.040-C3,205936,2,1617.5,2,6.0,middle50,False
A-G1.040-C3,205936,2,1623.0,1,5.5,middle50,False
A-G1.040-C3,205936,2,1660.75,1,37.75,middle50,False
A-G1.040-C3,205936,2,1667.25,2,6.5,middle50,False
A-G1.040-C3,205936,2,1674.0,1,6.75,middle50,False
A-G1.040-C3,205936,2,1679.0,2,5.0,middle50,False
A-G1.040-C3,205936,2,1684.25,3,5.25,middle50,False
A-G1.040-C3,205936,2,1705.0,1,20.75,middle50,False
A-G1.040-C3,205936,2,1709.0,1,4.0,middle50,False
A-G1.040-C3,205936,2,1712.75,2,3.75,middle50,False
A-G1.040-C3,205936,2,1715.75,1,3.0,middle50,False
A-G1.040-C3,205936,2,1720.0,1,4.25,middle50,False
A-G1.040-C3,205936,2,1724.25,2,4.25,middle50,False
A-G1.040-C3,205936,2,1727.5,1,3.25,middle50,False
A-G1.040-C3,205936,2,1731.25,15,3.75,middle50,False
A-G1.040-C3,205936,2,1763.25,1,32.0,late25,False
A-G1.040-C3,205936,2,1764.75,1,1.5,late25,False
A-G1.040-C3,205936,2,1774.0,1,9.25,late25,False
A-G1.040-C3,205936,2,1776.0,1,2.0,late25,False
A-G1.040-C3,205936,2,1779.0,2,3.0,late25,False
A-G1.040-C3,205936,2,1784.0,1,5.0,late25,False
A-G1.040-C3,205936,2,1788.0,2,4.0,late25,False
A-G1.040-C3,205936,2,1791.25,1,3.25,late25,False
A-G1.040-C3,205936,2,1801.25,7,10.0,late25,False
A-G1.040-C3,205936,3,1915.5,1,114.25,early25,True
A-G1.040-C3,205936,3,1918.0,2,2.5,early25,True
A-G1.040-C3,205936,3,1922.75,2,4.75,early25,True
A-G1.040-C3,205936,3,1926.25,2,3.5,early25,True
A-G1.040-C3,205936,3,1931.0,3,4.75,early25,True
A-G1.040-C3,205936,3,1933.5,13,2.5,early25,True
A-G1.040-C3,205936,3,1936.25,12,2.75,early25,True
A-G1.040-C3,205936,3,1945.0,3,8.75,early25,True
A-G1.040-C3,205936,3,1976.25,2,31.25,early25,True
A-G1.040-C3,205936,3,1983.25,3,7.0,early25,True
A-G1.040-C3,205936,3,1990.25,3,7.0,early25,True
A-G1.040-C3,205936,3,1997.25,3,7.0,early25,True
A-G1.040-C3,205936,3,2001.75,1,4.5,early25,True
A-G1.040-C3,205936,3,2012.75,5,11.0,early25,True
A-G1.040-C3,205936,3,2024.25,2,11.5,early25,True
A-G1.040-C3,205936,3,2029.75,2,5.5,early25,True
A-G1.040-C3,205936,3,2035.5,3,5.75,early25,True
A-G1.040-C3,205936,3,2050.25,1,14.75,early25,True
A-G1.040-C3,205936,3,2081.25,2,31.0,early25,True
A-G1.040-C3,205936,3,2087.0,2,5.75,early25,True
A-G1.040-C3,205936,3,2092.75,1,5.75,early25,True
A-G1.040-C3,205936,3,2097.0,2,4.25,early25,True
A-G1.040-C3,205936,3,2099.75,1,2.75,early25,True
A-G1.040-C3,205936,3,2104.25,1,4.5,early25,True
A-G1.040-C3,205936,3,2114.5,2,10.25,early25,True
A-G1.040-C3,205936,3,2122.75,8,8.25,early25,True
A-G1.040-C3,205936,3,2136.0,1,13.25,early25,True
A-G1.040-C3,205936,3,2141.5,2,5.5,early25,True
A-G1.040-C3,205936,3,2145.25,1,3.75,early25,True
A-G1.040-C3,205936,3,2150.5,1,5.25,early25,True
A-G1.040-C3,205936,3,2155.75,1,5.25,early25,True
A-G1.040-C3,205936,3,2161.0,2,5.25,early25,True
A-G1.040-C3,205936,3,2188.75,1,27.75,early25,True
A-G1.040-C3,205936,3,2195.25,2,6.5,early25,True
A-G1.040-C3,205936,3,2202.25,1,7.0,early25,True
A-G1.040-C3,205936,3,2206.5,1,4.25,early25,True
A-G1.040-C3,205936,3,2210.75,1,4.25,early25,True
A-G1.040-C3,205936,3,2212.75,1,2.0,early25,True
A-G1.040-C3,205936,3,2218.0,2,5.25,early25,True
A-G1.040-C3,205936,3,2228.0,1,10.0,early25,True
A-G1.040-C3,205936,3,2233.75,4,5.75,early25,True
A-G1.040-C3,205936,3,2246.75,1,13.0,early25,True
A-G1.040-C3,205936,3,2249.25,1,2.5,early25,True
A-G1.040-C3,205936,3,2254.5,1,5.25,early25,True
A-G1.040-C3,205936,3,2258.0,1,3.5,early25,True
A-G1.040-C3,205936,3,2261.0,1,3.0,early25,True
A-G1.040-C3,205936,3,2266.0,1,5.0,early25,True
A-G1.040-C3,205936,3,2268.5,7,2.5,early25,True
A-G1.040-C3,205936,3,2269.75,2,1.25,early25,True
A-G1.040-C3,205936,3,2271.25,1,1.5,early25,True
A-G1.040-C3,205936,3,2272.25,2,1.0,early25,True
A-G1.040-C3,205936,3,2301.75,1,29.5,early25,True
A-G1.040-C3,205936,3,2304.75,1,3.0,early25,True
A-G1.040-C3,205936,3,2314.75,1,10.0,early25,True
A-G1.040-C3,205936,3,2319.5,1,4.75,early25,True
A-G1.040-C3,205936,3,2321.5,1,2.0,early25,True
A-G1.040-C3,205936,3,2327.5,1,6.0,middle50,True
A-G1.040-C3,205936,3,2329.5,1,2.0,middle50,True
A-G1.040-C3,205936,3,2343.0,5,13.5,middle50,True
A-G1.040-C3,205936,3,2362.0,1,19.0,middle50,True
A-G1.040-C3,205936,3,2367.75,1,5.75,middle50,True
A-G1.040-C3,205936,3,2376.25,1,8.5,middle50,True
A-G1.040-C3,205936,3,2411.0,2,34.75,middle50,True
A-G1.040-C3,205936,3,2425.25,1,14.25,middle50,True
A-G1.040-C3,205936,3,2434.0,1,8.75,middle50,True
A-G1.040-C3,205936,3,2439.25,1,5.25,middle50,True
A-G1.040-C3,205936,3,2589.25,2,150.0,middle50,True
A-G1.040-C3,205936,3,2596.25,1,7.0,middle50,True
A-G1.040-C3,205936,3,2604.25,1,8.0,middle50,True
A-G1.040-C3,205936,3,2609.5,1,5.25,middle50,True
A-G1.040-C3,205936,3,2616.0,1,6.5,middle50,True
A-G1.040-C3,205936,3,2642.75,1,26.75,middle50,True
A-G1.040-C3,205936,3,2649.0,1,6.25,middle50,True
A-G1.040-C3,205936,3,2652.0,5,3.0,middle50,True
A-G1.040-C3,205936,3,2662.25,1,10.25,middle50,True
A-G1.040-C3,205936,3,2669.0,1,6.75,middle50,True
A-G1.040-C3,205936,3,2679.0,1,10.0,middle50,True
A-G1.040-C3,205936,3,2696.25,1,17.25,middle50,True
A-G1.040-C3,205936,3,2706.5,1,10.25,middle50,True
A-G1.040-C3,205936,3,2713.0,1,6.5,middle50,True
A-G1.040-C3,205936,3,2719.5,1,6.5,middle50,True
A-G1.040-C3,205936,3,2754.25,1,34.75,middle50,True
A-G1.040-C3,205936,3,2759.75,1,5.5,middle50,True
A-G1.040-C3,205936,3,2769.75,1,10.0,middle50,True
A-G1.040-C3,205936,3,2774.25,1,4.5,middle50,True
A-G1.040-C3,205936,3,2779.5,1,5.25,middle50,True
A-G1.040-C3,205936,3,2916.5,1,137.0,middle50,True
A-G1.040-C3,205936,3,2927.5,1,11.0,middle50,True
A-G1.040-C3,205936,3,2933.0,1,5.5,middle50,True
A-G1.040-C3,205936,3,2940.0,1,7.0,middle50,True
A-G1.040-C3,205936,3,2946.75,1,6.75,middle50,True
A-G1.040-C3,205936,3,2972.5,1,25.75,middle50,True
A-G1.040-C3,205936,3,2977.0,1,4.5,middle50,True
A-G1.040-C3,205936,3,2980.25,5,3.25,middle50,True
A-G1.040-C3,205936,3,2989.0,1,8.75,middle50,True
A-G1.040-C3,205936,3,2996.25,1,7.25,middle50,True
A-G1.040-C3,205936,3,3002.75,1,6.5,middle50,True
A-G1.040-C3,205936,3,3027.75,1,25.0,middle50,True
A-G1.040-C3,205936,3,3041.0,1,13.25,middle50,True
A-G1.040-C3,205936,3,3049.0,1,8.0,middle50,True
A-G1.040-C3,205936,3,3083.25,1,34.25,middle50,True
A-G1.040-C3,205936,3,3092.75,1,9.5,middle50,True
A-G1.040-C3,205936,3,3097.5,1,4.75,middle50,True
A-G1.040-C3,205936,3,3110.0,1,12.5,middle50,True
A-G1.040-C3,205936,3,3121.75,3,11.75,middle50,True
A-G1.040-C3,205936,3,3249.25,1,127.5,late25,True
A-G1.040-C3,205936,3,3256.0,1,6.75,late25,True
A-G1.040-C3,205936,3,3266.25,1,10.25,late25,True
A-G1.040-C3,205936,3,3276.75,1,10.5,late25,True
A-G1.040-C3,205936,3,3303.0,1,26.25,late25,True
A-G1.040-C3,205936,3,3308.5,1,5.5,late25,True
A-G1.040-C3,205936,3,3315.5,1,7.0,late25,True
A-G1.040-C3,205936,3,3318.5,3,3.0,late25,True
A-G1.040-C3,205936,3,3322.75,1,4.25,late25,True
A-G1.040-C3,205936,3,3333.5,2,10.75,late25,True
A-G1.040-C3,205936,3,3348.5,1,15.0,late25,True
A-G1.040-C3,205936,3,3357.75,1,9.25,late25,True
A-G1.040-C3,205936,3,3360.25,2,2.5,late25,True
A-G1.040-C3,205936,3,3369.0,1,8.75,late25,True
A-G1.040-C3,205936,3,3378.0,1,9.0,late25,True
A-G1.040-C3,205936,3,3407.75,3,29.75,late25,True
A-G1.040-C3,205936,3,3413.5,1,5.75,late25,True
A-G1.040-C3,205936,3,3420.5,1,7.0,late25,True
A-G1.040-C3,205936,3,3429.0,1,8.5,late25,True
A-G1.040-C3,205936,3,3566.25,1,137.25,late25,True
A-G1.040-C3,205936,3,3589.5,1,23.25,late25,True
A-G1.040-C3,213855,0,0.25,3,,early25,False
A-G1.040-C3,213855,0,15.0,1,14.75,early25,False
A-G1.040-C3,213855,0,23.5,1,8.5,early25,False
A-G1.040-C3,213855,0,35.0,2,11.5,early25,False
A-G1.040-C3,213855,0,48.25,2,13.25,early25,False
A-G1.040-C3,213855,0,63.5,1,15.25,early25,False
A-G1.040-C3,213855,0,89.5,1,26.0,early25,False
A-G1.040-C3,213855,0,97.0,1,7.5,early25,False
A-G1.040-C3,213855,0,105.5,15,8.5,early25,False
A-G1.040-C3,213855,0,289.25,1,183.75,middle50,False
A-G1.040-C3,213855,0,295.25,1,6.0,middle50,False
A-G1.040-C3,213855,0,325.0,1,29.75,middle50,False
A-G1.040-C3,213855,0,333.75,1,8.75,middle50,False
A-G1.040-C3,213855,0,342.5,1,8.75,middle50,False
A-G1.040-C3,213855,0,347.75,1,5.25,middle50,False
A-G1.040-C3,213855,0,351.75,1,4.0,middle50,False
A-G1.040-C3,213855,0,361.75,1,10.0,middle50,False
A-G1.040-C3,213855,0,383.0,1,21.25,middle50,False
A-G1.040-C3,213855,0,386.75,1,3.75,middle50,False
A-G1.040-C3,213855,0,395.5,1,8.75,middle50,False
A-G1.040-C3,213855,0,401.75,1,6.25,middle50,False
A-G1.040-C3,213855,0,410.25,1,8.5,middle50,False
A-G1.040-C3,213855,0,439.0,1,28.75,middle50,False
A-G1.040-C3,213855,0,442.25,1,3.25,late25,False
A-G1.040-C3,213855,0,448.25,1,6.0,late25,False
A-G1.040-C3,213855,0,451.5,1,3.25,late25,False
A-G1.040-C3,213855,0,455.5,1,4.0,late25,False
A-G1.040-C3,213855,0,460.0,1,4.5,late25,False
A-G1.040-C3,213855,0,463.5,1,3.5,late25,False
A-G1.040-C3,213855,0,468.75,1,5.25,late25,False
A-G1.040-C3,213855,0,584.25,1,115.5,late25,False
A-G1.040-C3,213855,1,590.0,1,5.75,early25,False
A-G1.040-C3,213855,1,604.75,1,14.75,early25,False
A-G1.040-C3,213855,1,609.25,1,4.5,early25,False
A-G1.040-C3,213855,1,611.5,1,2.25,early25,False
A-G1.040-C3,213855,1,618.75,2,7.25,early25,False
A-G1.040-C3,213855,1,625.0,1,6.25,early25,False
A-G1.040-C3,213855,1,632.75,2,7.75,early25,False
A-G1.040-C3,213855,1,641.75,3,9.0,early25,False
A-G1.040-C3,213855,1,665.75,2,24.0,early25,False
A-G1.040-C3,213855,1,669.25,1,3.5,early25,False
A-G1.040-C3,213855,1,674.25,2,5.0,early25,False
A-G1.040-C3,213855,1,680.0,21,5.75,early25,False
A-G1.040-C3,213855,1,684.75,1,4.75,early25,False
A-G1.040-C3,213855,1,685.5,1,0.75,early25,False
A-G1.040-C3,213855,1,688.0,1,2.5,early25,False
A-G1.040-C3,213855,1,710.75,1,22.75,early25,False
A-G1.040-C3,213855,1,714.0,1,3.25,early25,False
A-G1.040-C3,213855,1,715.75,1,1.75,early25,False
A-G1.040-C3,213855,1,725.5,1,9.75,early25,False
A-G1.040-C3,213855,1,730.0,1,4.5,early25,False
A-G1.040-C3,213855,1,730.75,1,0.75,early25,False
A-G1.040-C3,213855,1,734.5,1,3.75,early25,False
A-G1.040-C3,213855,1,738.5,1,4.0,early25,False
A-G1.040-C3,213855,1,740.25,1,1.75,early25,False
A-G1.040-C3,213855,1,766.25,1,26.0,middle50,False
A-G1.040-C3,213855,1,769.0,1,2.75,middle50,False
A-G1.040-C3,213855,1,773.0,1,4.0,middle50,False
A-G1.040-C3,213855,1,773.75,1,0.75,middle50,False
A-G1.040-C3,213855,1,780.0,1,6.25,middle50,False
A-G1.040-C3,213855,1,782.25,1,2.25,middle50,False
A-G1.040-C3,213855,1,784.75,1,2.5,middle50,False
A-G1.040-C3,213855,1,787.25,1,2.5,middle50,False
A-G1.040-C3,213855,1,790.5,1,3.25,middle50,False
A-G1.040-C3,213855,1,793.25,1,2.75,middle50,False
A-G1.040-C3,213855,1,795.5,1,2.25,middle50,False
A-G1.040-C3,213855,1,798.75,1,3.25,middle50,False
A-G1.040-C3,213855,1,805.5,1,6.75,middle50,False
A-G1.040-C3,213855,1,812.0,5,6.5,middle50,False
A-G1.040-C3,213855,1,945.0,1,133.0,middle50,False
A-G1.040-C3,213855,1,949.5,2,4.5,middle50,False
A-G1.040-C3,213855,1,952.0,1,2.5,middle50,False
A-G1.040-C3,213855,1,957.5,1,5.5,middle50,False
A-G1.040-C3,213855,1,958.75,3,1.25,middle50,False
A-G1.040-C3,213855,1,960.5,4,1.75,middle50,False
A-G1.040-C3,213855,1,963.5,2,3.0,middle50,False
A-G1.040-C3,213855,1,966.75,4,3.25,middle50,False
A-G1.040-C3,213855,1,968.5,4,1.75,middle50,False
A-G1.040-C3,213855,1,971.25,1,2.75,middle50,False
A-G1.040-C3,213855,1,972.25,2,1.0,middle50,False
A-G1.040-C3,213855,1,999.25,1,27.0,middle50,False
A-G1.040-C3,213855,1,1004.25,1,5.0,middle50,False
A-G1.040-C3,213855,1,1008.75,1,4.5,middle50,False
A-G1.040-C3,213855,1,1010.75,1,2.0,middle50,False
A-G1.040-C3,213855,1,1014.25,1,3.5,middle50,False
A-G1.040-C3,213855,1,1017.5,1,3.25,middle50,False
A-G1.040-C3,213855,1,1019.5,1,2.0,middle50,False
A-G1.040-C3,213855,1,1020.0,2,0.5,middle50,False
A-G1.040-C3,213855,1,1022.75,1,2.75,middle50,False
A-G1.040-C3,213855,1,1025.75,1,3.0,middle50,False
A-G1.040-C3,213855,1,1035.25,2,9.5,middle50,False
A-G1.040-C3,213855,1,1051.5,1,16.25,middle50,False
A-G1.040-C3,213855,1,1053.5,1,2.0,middle50,False
A-G1.040-C3,213855,1,1056.5,1,3.0,middle50,False
A-G1.040-C3,213855,1,1059.5,1,3.0,middle50,False
A-G1.040-C3,213855,1,1065.5,1,6.0,middle50,False
A-G1.040-C3,213855,1,1069.75,1,4.25,middle50,False
A-G1.040-C3,213855,1,1073.5,1,3.75,middle50,False
A-G1.040-C3,213855,1,1079.5,1,6.0,middle50,False
A-G1.040-C3,213855,1,1107.0,1,27.5,late25,False
A-G1.040-C3,213855,1,1111.25,1,4.25,late25,False
A-G1.040-C3,213855,1,1115.25,1,4.0,late25,False
A-G1.040-C3,213855,1,1116.5,1,1.25,late25,False
A-G1.040-C3,213855,1,1120.25,1,3.75,late25,False
A-G1.040-C3,213855,1,1122.0,1,1.75,late25,False
A-G1.040-C3,213855,1,1126.0,1,4.0,late25,False
A-G1.040-C3,213855,1,1130.5,1,4.5,late25,False
A-G1.040-C3,213855,1,1136.0,1,5.5,late25,False
A-G1.040-C3,213855,1,1148.25,4,12.25,late25,False
A-G1.040-C3,213855,1,1238.0,1,89.75,late25,False
A-G1.040-C3,213855,1,1243.5,1,5.5,late25,False
A-G1.040-C3,213855,1,1247.25,1,3.75,late25,False
A-G1.040-C3,213855,2,1254.25,2,7.0,early25,False
A-G1.040-C3,213855,2,1264.0,1,9.75,early25,False
A-G1.040-C3,213855,2,1266.0,1,2.0,early25,False
A-G1.040-C3,213855,2,1268.0,6,2.0,early25,False
A-G1.040-C3,213855,2,1269.0,6,1.0,early25,False
A-G1.040-C3,213855,2,1271.0,1,2.0,early25,False
A-G1.040-C3,213855,2,1274.25,1,3.25,early25,False
A-G1.040-C3,213855,2,1276.0,1,1.75,early25,False
A-G1.040-C3,213855,2,1278.75,2,2.75,early25,False
A-G1.040-C3,213855,2,1280.75,1,2.0,early25,False
A-G1.040-C3,213855,2,1283.5,1,2.75,early25,False
A-G1.040-C3,213855,2,1285.75,10,2.25,early25,False
A-G1.040-C3,213855,2,1287.75,1,2.0,early25,False
A-G1.040-C3,213855,2,1290.25,2,2.5,early25,False
A-G1.040-C3,213855,2,1292.75,1,2.5,early25,False
A-G1.040-C3,213855,2,1293.5,4,0.75,early25,False
A-G1.040-C3,213855,2,1319.75,1,26.25,early25,False
A-G1.040-C3,213855,2,1321.5,1,1.75,early25,False
A-G1.040-C3,213855,2,1322.25,1,0.75,early25,False
A-G1.040-C3,213855,2,1323.5,1,1.25,early25,False
A-G1.040-C3,213855,2,1326.0,1,2.5,early25,False
A-G1.040-C3,213855,2,1326.5,1,0.5,early25,False
A-G1.040-C3,213855,2,1328.25,1,1.75,early25,False
A-G1.040-C3,213855,2,1329.25,1,1.0,early25,False
A-G1.040-C3,213855,2,1329.75,4,0.5,early25,False
A-G1.040-C3,213855,2,1331.25,1,1.5,early25,False
A-G1.040-C3,213855,2,1333.0,1,1.75,early25,False
A-G1.040-C3,213855,2,1338.25,3,5.25,early25,False
A-G1.040-C3,213855,2,1339.0,1,0.75,early25,False
A-G1.040-C3,213855,2,1343.25,2,4.25,early25,False
A-G1.040-C3,213855,2,1345.5,1,2.25,early25,False
A-G1.040-C3,213855,2,1347.75,1,2.25,early25,False
A-G1.040-C3,213855,2,1350.25,1,2.5,early25,False
A-G1.040-C3,213855,2,1357.75,1,7.5,early25,False
A-G1.040-C3,213855,2,1488.25,1,130.5,middle50,False
A-G1.040-C3,213855,2,1498.0,2,9.75,middle50,False
A-G1.040-C3,213855,2,1500.5,1,2.5,middle50,False
A-G1.040-C3,213855,2,1503.75,1,3.25,middle50,False
A-G1.040-C3,213855,2,1506.5,1,2.75,middle50,False
A-G1.040-C3,213855,2,1510.25,2,3.75,middle50,False
A-G1.040-C3,213855,2,1513.75,1,3.5,middle50,False
A-G1.040-C3,213855,2,1516.0,1,2.25,middle50,False
A-G1.040-C3,213855,2,1519.0,1,3.0,middle50,False
A-G1.040-C3,213855,2,1545.25,13,26.25,middle50,False
A-G1.040-C3,213855,2,1548.25,1,3.0,middle50,False
A-G1.040-C3,213855,2,1550.75,1,2.5,middle50,False
A-G1.040-C3,213855,2,1555.5,1,4.75,middle50,False
A-G1.040-C3,213855,2,1560.5,2,5.0,middle50,False
A-G1.040-C3,213855,2,1566.5,2,6.0,middle50,False
A-G1.040-C3,213855,2,1571.75,2,5.25,middle50,False
A-G1.040-C3,213855,2,1575.5,2,3.75,middle50,False
A-G1.040-C3,213855,2,1587.5,4,12.0,middle50,False
A-G1.040-C3,213855,2,1596.25,1,8.75,middle50,False
A-G1.040-C3,213855,2,1601.25,1,5.0,middle50,False
A-G1.040-C3,213855,2,1604.0,1,2.75,middle50,False
A-G1.040-C3,213855,2,1607.5,1,3.5,middle50,False
A-G1.040-C3,213855,2,1610.5,1,3.0,middle50,False
A-G1.040-C3,213855,2,1612.5,1,2.0,middle50,False
A-G1.040-C3,213855,2,1615.25,1,2.75,middle50,False
A-G1.040-C3,213855,2,1618.0,9,2.75,middle50,False
A-G1.040-C3,213855,2,1620.25,1,2.25,middle50,False
A-G1.040-C3,213855,2,1652.5,1,32.25,middle50,False
A-G1.040-C3,213855,2,1654.0,1,1.5,middle50,False
A-G1.040-C3,213855,2,1659.25,1,5.25,late25,False
A-G1.040-C3,213855,2,1663.75,1,4.5,late25,False
A-G1.040-C3,213855,2,1665.0,1,1.25,late25,False
A-G1.040-C3,213855,2,1666.5,1,1.5,late25,False
A-G1.040-C3,213855,2,1673.75,1,7.25,late25,False
A-G1.040-C3,213855,2,1676.25,1,2.5,late25,False
A-G1.040-C3,213855,2,1679.75,1,3.5,late25,False
A-G1.040-C3,213855,2,1682.0,1,2.25,late25,False
A-G1.040-C3,213855,2,1690.0,1,8.0,late25,False
A-G1.040-C3,213855,2,1695.75,3,5.75,late25,False
A-G1.040-C3,213855,2,1794.5,3,98.75,late25,False
A-G1.040-C3,213855,3,1809.5,1,15.0,early25,True
A-G1.040-C3,213855,3,1814.5,1,5.0,early25,True
A-G1.040-C3,213855,3,1820.0,3,5.5,early25,True
A-G1.040-C3,213855,3,1822.75,1,2.75,early25,True
A-G1.040-C3,213855,3,1826.0,1,3.25,early25,True
A-G1.040-C3,213855,3,1829.25,2,3.25,early25,True
A-G1.040-C3,213855,3,1833.25,2,4.0,early25,True
A-G1.040-C3,213855,3,1837.0,1,3.75,early25,True
A-G1.040-C3,213855,3,1839.5,1,2.5,early25,True
A-G1.040-C3,213855,3,1864.5,1,25.0,early25,True
A-G1.040-C3,213855,3,1866.75,14,2.25,early25,True
A-G1.040-C3,213855,3,1868.0,5,1.25,early25,True
A-G1.040-C3,213855,3,1868.5,3,0.5,early25,True
A-G1.040-C3,213855,3,1876.25,1,7.75,early25,True
A-G1.040-C3,213855,3,1878.75,3,2.5,early25,True
A-G1.040-C3,213855,3,1882.5,1,3.75,early25,True
A-G1.040-C3,213855,3,1889.25,2,6.75,early25,True
A-G1.040-C3,213855,3,1891.25,1,2.0,early25,True
A-G1.040-C3,213855,3,1897.25,2,6.0,early25,True
A-G1.040-C3,213855,3,1919.75,1,22.5,early25,True
A-G1.040-C3,213855,3,1923.5,1,3.75,early25,True
A-G1.040-C3,213855,3,1925.5,1,2.0,early25,True
A-G1.040-C3,213855,3,1930.0,1,4.5,early25,True
A-G1.040-C3,213855,3,1936.25,2,6.25,early25,True
A-G1.040-C3,213855,3,1945.25,2,9.0,early25,True
A-G1.040-C3,213855,3,1981.5,2,36.25,early25,True
A-G1.040-C3,213855,3,1992.75,1,11.25,early25,True
A-G1.040-C3,213855,3,1999.25,2,6.5,early25,True
A-G1.040-C3,213855,3,2005.75,1,6.5,early25,True
A-G1.040-C3,213855,3,2012.75,1,7.0,early25,True
A-G1.040-C3,213855,3,2027.0,1,14.25,early25,True
A-G1.040-C3,213855,3,2030.75,1,3.75,early25,True
A-G1.040-C3,213855,3,2035.0,1,4.25,early25,True
A-G1.040-C3,213855,3,2039.25,2,4.25,early25,True
A-G1.040-C3,213855,3,2042.75,1,3.5,early25,True
A-G1.040-C3,213855,3,2046.5,1,3.75,early25,True
A-G1.040-C3,213855,3,2049.5,1,3.0,early25,True
A-G1.040-C3,213855,3,2054.25,11,4.75,early25,True
A-G1.040-C3,213855,3,2092.5,1,38.25,early25,True
A-G1.040-C3,213855,3,2096.5,1,4.0,early25,True
A-G1.040-C3,213855,3,2102.0,1,5.5,early25,True
A-G1.040-C3,213855,3,2104.5,1,2.5,early25,True
A-G1.040-C3,213855,3,2108.25,1,3.75,early25,True
A-G1.040-C3,213855,3,2118.0,1,9.75,early25,True
A-G1.040-C3,213855,3,2125.75,6,7.75,early25,True
A-G1.040-C3,213855,3,2139.25,1,13.5,early25,True
A-G1.040-C3,213855,3,2147.5,2,8.25,early25,True
A-G1.040-C3,213855,3,2191.5,1,44.0,early25,True
A-G1.040-C3,213855,3,2196.75,1,5.25,early25,True
A-G1.040-C3,213855,3,2209.75,2,13.0,early25,True
A-G1.040-C3,213855,3,2215.0,1,5.25,early25,True
A-G1.040-C3,213855,3,2226.5,1,11.5,early25,True
A-G1.040-C3,213855,3,2255.25,1,28.75,middle50,True
A-G1.040-C3,213855,3,2259.75,1,4.5,middle50,True
A-G1.040-C3,213855,3,2264.0,1,4.25,middle50,True
A-G1.040-C3,213855,3,2271.25,1,7.25,middle50,True
A-G1.040-C3,213855,3,2274.5,1,3.25,middle50,True
A-G1.040-C3,213855,3,2279.0,7,4.5,middle50,True
A-G1.040-C3,213855,3,2306.25,1,27.25,middle50,True
A-G1.040-C3,213855,3,2310.75,1,4.5,middle50,True
A-G1.040-C3,213855,3,2315.25,1,4.5,middle50,True
A-G1.040-C3,213855,3,2318.75,1,3.5,middle50,True
A-G1.040-C3,213855,3,2323.25,1,4.5,middle50,True
A-G1.040-C3,213855,3,2328.0,1,4.75,middle50,True
A-G1.040-C3,213855,3,2332.5,1,4.5,middle50,True
A-G1.040-C3,213855,3,2342.0,1,9.5,middle50,True
A-G1.040-C3,213855,3,2497.5,1,155.5,middle50,True
A-G1.040-C3,213855,3,2507.5,1,10.0,middle50,True
A-G1.040-C3,213855,3,2511.0,1,3.5,middle50,True
A-G1.040-C3,213855,3,2518.75,1,7.75,middle50,True
A-G1.040-C3,213855,3,2522.75,1,4.0,middle50,True
A-G1.040-C3,213855,3,2550.0,1,27.25,middle50,True
A-G1.040-C3,213855,3,2552.5,1,2.5,middle50,True
A-G1.040-C3,213855,3,2556.0,6,3.5,middle50,True
A-G1.040-C3,213855,3,2564.0,1,8.0,middle50,True
A-G1.040-C3,213855,3,2578.5,1,14.5,middle50,True
A-G1.040-C3,213855,3,2588.0,1,9.5,middle50,True
A-G1.040-C3,213855,3,2611.25,1,23.25,middle50,True
A-G1.040-C3,213855,3,2615.75,1,4.5,middle50,True
A-G1.040-C3,213855,3,2623.25,1,7.5,middle50,True
A-G1.040-C3,213855,3,2628.75,1,5.5,middle50,True
A-G1.040-C3,213855,3,2639.5,1,10.75,middle50,True
A-G1.040-C3,213855,3,2667.75,1,28.25,middle50,True
A-G1.040-C3,213855,3,2688.0,1,20.25,middle50,True
A-G1.040-C3,213855,3,2692.5,1,4.5,middle50,True
A-G1.040-C3,213855,3,2702.5,1,10.0,middle50,True
A-G1.040-C3,213855,3,2710.25,3,7.75,middle50,True
A-G1.040-C3,213855,3,2847.5,1,137.25,middle50,True
A-G1.040-C3,213855,3,2855.25,1,7.75,middle50,True
A-G1.040-C3,213855,3,2859.25,1,4.0,middle50,True
A-G1.040-C3,213855,3,2869.25,1,10.0,middle50,True
A-G1.040-C3,213855,3,2875.25,1,6.0,middle50,True
A-G1.040-C3,213855,3,2905.5,1,30.25,middle50,True
A-G1.040-C3,213855,3,2911.0,1,5.5,middle50,True
A-G1.040-C3,213855,3,2922.0,1,11.0,middle50,True
A-G1.040-C3,213855,3,2930.0,1,8.0,middle50,True
A-G1.040-C3,213855,3,2952.75,1,22.75,middle50,True
A-G1.040-C3,213855,3,2958.25,1,5.5,middle50,True
A-G1.040-C3,213855,3,2964.75,3,6.5,middle50,True
A-G1.040-C3,213855,3,2968.25,1,3.5,middle50,True
A-G1.040-C3,213855,3,2972.5,1,4.25,middle50,True
A-G1.040-C3,213855,3,3013.25,1,40.75,middle50,True
A-G1.040-C3,213855,3,3021.75,1,8.5,middle50,True
A-G1.040-C3,213855,3,3030.25,1,8.5,middle50,True
A-G1.040-C3,213855,3,3177.25,1,147.0,late25,True
A-G1.040-C3,213855,3,3183.75,1,6.5,late25,True
A-G1.040-C3,213855,3,3196.25,1,12.5,late25,True
A-G1.040-C3,213855,3,3203.5,1,7.25,late25,True
A-G1.040-C3,213855,3,3232.0,1,28.5,late25,True
A-G1.040-C3,213855,3,3236.0,3,4.0,late25,True
A-G1.040-C3,213855,3,3241.5,1,5.5,late25,True
A-G1.040-C3,213855,3,3258.0,1,16.5,late25,True
A-G1.040-C3,213855,3,3285.0,1,27.0,late25,True
A-G1.040-C3,213855,3,3296.5,1,11.5,late25,True
A-G1.040-C3,213855,3,3304.0,1,7.5,late25,True
A-G1.040-C3,213855,3,3309.75,3,5.75,late25,True
A-G1.040-C3,213855,3,3342.5,1,32.75,late25,True
A-G1.040-C3,213855,3,3349.5,1,7.0,late25,True
A-G1.040-C3,213855,3,3358.25,1,8.75,late25,True
A-G1.040-C3,213855,3,3366.5,1,8.25,late25,True
A-G1.040-C3,213855,3,3385.5,2,19.0,late25,True
A-G1.040-C3,213855,3,3504.75,1,119.25,late25,True
A-G1.040-C3,213855,3,3515.0,1,10.25,late25,True
A-G1.040-C3,213855,3,3524.0,1,9.0,late25,True
A-G1.040-C3,213855,3,3536.5,3,12.5,late25,True
A-G1.040-C3,213855,3,3562.25,1,25.75,late25,True
A-G1.040-C3,213855,3,3572.25,1,10.0,late25,True
A-G1.040-C3,213855,3,3579.25,1,7.0,late25,True
A-G1.040-C3,213855,3,3591.75,1,12.5,late25,True
A-G1.040-C3,221774,0,0.25,3,,early25,False
A-G1.040-C3,221774,0,8.25,1,8.0,early25,False
A-G1.040-C3,221774,0,36.75,1,28.5,early25,False
A-G1.040-C3,221774,0,43.0,1,6.25,early25,False
A-G1.040-C3,221774,0,92.0,1,49.0,early25,False
A-G1.040-C3,221774,0,106.75,1,14.75,early25,False
A-G1.040-C3,221774,0,116.5,1,9.75,early25,False
A-G1.040-C3,221774,0,164.5,1,48.0,early25,False
A-G1.040-C3,221774,0,171.75,1,7.25,early25,False
A-G1.040-C3,221774,0,181.0,1,9.25,middle50,False
A-G1.040-C3,221774,0,192.75,2,11.75,middle50,False
A-G1.040-C3,221774,0,218.25,1,25.5,middle50,False
A-G1.040-C3,221774,0,223.25,1,5.0,middle50,False
A-G1.040-C3,221774,0,230.0,1,6.75,middle50,False
A-G1.040-C3,221774,0,237.5,14,7.5,middle50,False
A-G1.040-C3,221774,0,239.25,1,1.75,middle50,False
A-G1.040-C3,221774,0,252.25,4,13.0,middle50,False
A-G1.040-C3,221774,0,445.25,1,193.0,middle50,False
A-G1.040-C3,221774,0,451.25,1,6.0,middle50,False
A-G1.040-C3,221774,0,453.25,3,2.0,middle50,False
A-G1.040-C3,221774,0,457.0,1,3.75,middle50,False
A-G1.040-C3,221774,0,461.0,1,4.0,middle50,False
A-G1.040-C3,221774,0,464.5,1,3.5,middle50,False
A-G1.040-C3,221774,0,468.0,1,3.5,middle50,False
A-G1.040-C3,221774,0,470.75,1,2.75,middle50,False
A-G1.040-C3,221774,0,475.0,1,4.25,middle50,False
A-G1.040-C3,221774,0,503.5,1,28.5,middle50,False
A-G1.040-C3,221774,0,507.0,1,3.5,middle50,False
A-G1.040-C3,221774,0,511.0,1,4.0,middle50,False
A-G1.040-C3,221774,0,515.0,1,4.0,middle50,False
A-G1.040-C3,221774,0,520.0,1,5.0,middle50,False
A-G1.040-C3,221774,0,524.25,1,4.25,middle50,False
A-G1.040-C3,221774,0,558.75,1,34.5,late25,False
A-G1.040-C3,221774,0,562.0,1,3.25,late25,False
A-G1.040-C3,221774,0,568.5,1,6.5,late25,False
A-G1.040-C3,221774,0,571.0,1,2.5,late25,False
A-G1.040-C3,221774,0,577.75,1,6.75,late25,False
A-G1.040-C3,221774,0,582.0,1,4.25,late25,False
A-G1.040-C3,221774,0,588.0,1,6.0,late25,False
A-G1.040-C3,221774,1,722.0,1,134.0,early25,False
A-G1.040-C3,221774,1,724.0,1,2.0,early25,False
A-G1.040-C3,221774,1,728.25,1,4.25,early25,False
A-G1.040-C3,221774,1,733.0,2,4.75,early25,False
A-G1.040-C3,221774,1,738.0,1,5.0,early25,False
A-G1.040-C3,221774,1,744.5,3,6.5,early25,False
A-G1.040-C3,221774,1,750.0,1,5.5,early25,False
A-G1.040-C3,221774,1,753.75,1,3.75,early25,False
A-G1.040-C3,221774,1,780.0,2,26.25,early25,False
A-G1.040-C3,221774,1,783.75,22,3.75,early25,False
A-G1.040-C3,221774,1,786.75,1,3.0,early25,False
A-G1.040-C3,221774,1,793.5,1,6.75,early25,False
A-G1.040-C3,221774,1,795.5,1,2.0,early25,False
A-G1.040-C3,221774,1,800.0,1,4.5,early25,False
A-G1.040-C3,221774,1,806.0,1,6.0,early25,False
A-G1.040-C3,221774,1,809.5,2,3.5,early25,False
A-G1.040-C3,221774,1,962.5,1,153.0,middle50,False
A-G1.040-C3,221774,1,965.5,1,3.0,middle50,False
A-G1.040-C3,221774,1,969.25,1,3.75,middle50,False
A-G1.040-C3,221774,1,973.5,1,4.25,middle50,False
A-G1.040-C3,221774,1,979.75,2,6.25,middle50,False
A-G1.040-C3,221774,1,984.0,1,4.25,middle50,False
A-G1.040-C3,221774,1,1017.5,2,33.5,middle50,False
A-G1.040-C3,221774,1,1025.25,1,7.75,middle50,False
A-G1.040-C3,221774,1,1027.75,1,2.5,middle50,False
A-G1.040-C3,221774,1,1030.75,1,3.0,middle50,False
A-G1.040-C3,221774,1,1032.75,1,2.0,middle50,False
A-G1.040-C3,221774,1,1039.0,1,6.25,middle50,False
A-G1.040-C3,221774,1,1046.5,2,7.5,middle50,False
A-G1.040-C3,221774,1,1059.75,5,13.25,middle50,False
A-G1.040-C3,221774,1,1072.25,1,12.5,middle50,False
A-G1.040-C3,221774,1,1078.25,1,6.0,middle50,False
A-G1.040-C3,221774,1,1081.0,1,2.75,middle50,False
A-G1.040-C3,221774,1,1089.25,1,8.25,middle50,False
A-G1.040-C3,221774,1,1092.75,1,3.5,middle50,False
A-G1.040-C3,221774,1,1097.25,1,4.5,middle50,False
A-G1.040-C3,221774,1,1127.75,2,30.5,late25,False
A-G1.040-C3,221774,1,1130.25,1,2.5,late25,False
A-G1.040-C3,221774,1,1133.75,1,3.5,late25,False
A-G1.040-C3,221774,1,1139.0,1,5.25,late25,False
A-G1.040-C3,221774,1,1141.75,1,2.75,late25,False
A-G1.040-C3,221774,1,1145.25,2,3.5,late25,False
A-G1.040-C3,221774,1,1147.0,1,1.75,late25,False
A-G1.040-C3,221774,1,1150.25,1,3.25,late25,False
A-G1.040-C3,221774,1,1153.0,1,2.75,late25,False
A-G1.040-C3,221774,1,1155.75,1,2.75,late25,False
A-G1.040-C3,221774,1,1163.25,1,7.5,late25,False
A-G1.040-C3,221774,1,1268.0,1,104.75,late25,False
A-G1.040-C3,221774,2,1283.5,2,15.5,early25,False
A-G1.040-C3,221774,2,1286.0,2,2.5,early25,False
A-G1.040-C3,221774,2,1288.25,2,2.25,early25,False
A-G1.040-C3,221774,2,1292.25,2,4.0,early25,False
A-G1.040-C3,221774,2,1295.5,2,3.25,early25,False
A-G1.040-C3,221774,2,1299.75,2,4.25,early25,False
A-G1.040-C3,221774,2,1307.75,3,8.0,early25,False
A-G1.040-C3,221774,2,1312.75,2,5.0,early25,False
A-G1.040-C3,221774,2,1344.5,4,31.75,early25,False
A-G1.040-C3,221774,2,1350.75,2,6.25,early25,False
A-G1.040-C3,221774,2,1357.5,3,6.75,early25,False
A-G1.040-C3,221774,2,1358.75,2,1.25,early25,False
A-G1.040-C3,221774,2,1362.75,1,4.0,early25,False
A-G1.040-C3,221774,2,1364.5,1,1.75,early25,False
A-G1.040-C3,221774,2,1375.0,3,10.5,early25,False
A-G1.040-C3,221774,2,1397.0,3,22.0,early25,False
A-G1.040-C3,221774,2,1402.25,3,5.25,early25,False
A-G1.040-C3,221774,2,1406.0,1,3.75,early25,False
A-G1.040-C3,221774,2,1411.25,2,5.25,early25,False
A-G1.040-C3,221774,2,1412.5,1,1.25,early25,False
A-G1.040-C3,221774,2,1417.0,2,4.5,early25,False
A-G1.040-C3,221774,2,1426.25,3,9.25,early25,False
A-G1.040-C3,221774,2,1449.0,4,22.75,early25,False
A-G1.040-C3,221774,2,1461.0,2,12.0,middle50,False
A-G1.040-C3,221774,2,1463.25,1,2.25,middle50,False
A-G1.040-C3,221774,2,1468.5,2,5.25,middle50,False
A-G1.040-C3,221774,2,1473.0,1,4.5,middle50,False
A-G1.040-C3,221774,2,1478.75,3,5.75,middle50,False
A-G1.040-C3,221774,2,1485.75,6,7.0,middle50,False
A-G1.040-C3,221774,2,1497.75,1,12.0,middle50,False
A-G1.040-C3,221774,2,1500.5,1,2.75,middle50,False
A-G1.040-C3,221774,2,1503.25,1,2.75,middle50,False
A-G1.040-C3,221774,2,1506.5,2,3.25,middle50,False
A-G1.040-C3,221774,2,1516.75,2,10.25,middle50,False
A-G1.040-C3,221774,2,1520.75,1,4.0,middle50,False
A-G1.040-C3,221774,2,1552.5,2,31.75,middle50,False
A-G1.040-C3,221774,2,1554.0,1,1.5,middle50,False
A-G1.040-C3,221774,2,1558.5,2,4.5,middle50,False
A-G1.040-C3,221774,2,1563.0,3,4.5,middle50,False
A-G1.040-C3,221774,2,1569.0,1,6.0,middle50,False
A-G1.040-C3,221774,2,1573.5,3,4.5,middle50,False
A-G1.040-C3,221774,2,1577.0,1,3.5,middle50,False
A-G1.040-C3,221774,2,1580.75,2,3.75,middle50,False
A-G1.040-C3,221774,2,1591.5,6,10.75,middle50,False
A-G1.040-C3,221774,2,1732.75,2,141.25,middle50,False
A-G1.040-C3,221774,2,1747.0,2,14.25,middle50,False
A-G1.040-C3,221774,2,1752.5,2,5.5,middle50,False
A-G1.040-C3,221774,2,1757.25,2,4.75,middle50,False
A-G1.040-C3,221774,2,1792.75,2,35.5,middle50,False
A-G1.040-C3,221774,2,1802.75,1,10.0,middle50,False
A-G1.040-C3,221774,2,1806.0,1,3.25,middle50,False
A-G1.040-C3,221774,2,1809.0,1,3.0,middle50,False
A-G1.040-C3,221774,2,1813.0,1,4.0,middle50,False
A-G1.040-C3,221774,2,1821.0,1,8.0,middle50,False
A-G1.040-C3,221774,2,1827.0,5,6.0,middle50,False
A-G1.040-C3,221774,2,1838.0,1,11.0,middle50,False
A-G1.040-C3,221774,2,1841.0,1,3.0,middle50,False
A-G1.040-C3,221774,2,1845.25,1,4.25,late25,False
A-G1.040-C3,221774,2,1849.25,2,4.0,late25,False
A-G1.040-C3,221774,2,1854.0,1,4.75,late25,False
A-G1.040-C3,221774,2,1858.75,2,4.75,late25,False
A-G1.040-C3,221774,2,1862.25,1,3.5,late25,False
A-G1.040-C3,221774,2,1866.25,14,4.0,late25,False
A-G1.040-C3,221774,2,1894.25,3,28.0,late25,False
A-G1.040-C3,221774,2,1896.25,1,2.0,late25,False
A-G1.040-C3,221774,2,1900.5,3,4.25,late25,False
A-G1.040-C3,221774,2,1904.0,1,3.5,late25,False
A-G1.040-C3,221774,2,1906.0,1,2.0,late25,False
A-G1.040-C3,221774,2,1909.75,1,3.75,late25,False
A-G1.040-C3,221774,2,1913.5,1,3.75,late25,False
A-G1.040-C3,221774,2,1917.25,2,3.75,late25,False
A-G1.040-C3,221774,2,1919.5,1,2.25,late25,False
A-G1.040-C3,221774,2,1921.5,1,2.0,late25,False
A-G1.040-C3,221774,2,1929.5,2,8.0,late25,False
A-G1.040-C3,221774,3,2054.0,1,124.5,early25,True
A-G1.040-C3,221774,3,2055.0,6,1.0,early25,True
A-G1.040-C3,221774,3,2056.75,1,1.75,early25,True
A-G1.040-C3,221774,3,2060.5,2,3.75,early25,True
A-G1.040-C3,221774,3,2064.25,1,3.75,early25,True
A-G1.040-C3,221774,3,2067.25,2,3.0,early25,True
A-G1.040-C3,221774,3,2070.5,1,3.25,early25,True
A-G1.040-C3,221774,3,2075.0,2,4.5,early25,True
A-G1.040-C3,221774,3,2080.0,2,5.0,early25,True
A-G1.040-C3,221774,3,2106.75,2,26.75,early25,True
A-G1.040-C3,221774,3,2110.5,2,3.75,early25,True
A-G1.040-C3,221774,3,2114.75,2,4.25,early25,True
A-G1.040-C3,221774,3,2119.25,2,4.5,early25,True
A-G1.040-C3,221774,3,2122.5,2,3.25,early25,True
A-G1.040-C3,221774,3,2135.75,2,13.25,early25,True
A-G1.040-C3,221774,3,2144.5,2,8.75,early25,True
A-G1.040-C3,221774,3,2181.75,2,37.25,early25,True
A-G1.040-C3,221774,3,2185.75,16,4.0,early25,True
A-G1.040-C3,221774,3,2189.75,14,4.0,early25,True
A-G1.040-C3,221774,3,2215.25,1,25.5,early25,True
A-G1.040-C3,221774,3,2218.5,1,3.25,early25,True
A-G1.040-C3,221774,3,2222.0,1,3.5,early25,True
A-G1.040-C3,221774,3,2225.25,1,3.25,early25,True
A-G1.040-C3,221774,3,2230.75,2,5.5,early25,True
A-G1.040-C3,221774,3,2239.5,2,8.75,early25,True
A-G1.040-C3,221774,3,2245.0,3,5.5,early25,True
A-G1.040-C3,221774,3,2255.0,7,10.0,early25,True
A-G1.040-C3,221774,3,2265.25,1,10.25,early25,True
A-G1.040-C3,221774,3,2268.75,1,3.5,early25,True
A-G1.040-C3,221774,3,2273.25,1,4.5,early25,True
A-G1.040-C3,221774,3,2277.25,2,4.0,early25,True
A-G1.040-C3,221774,3,2281.0,1,3.75,early25,True
A-G1.040-C3,221774,3,2284.0,1,3.0,early25,True
A-G1.040-C3,221774,3,2292.0,11,8.0,early25,True
A-G1.040-C3,221774,3,2320.5,6,28.5,early25,True
A-G1.040-C3,221774,3,2323.25,5,2.75,early25,True
A-G1.040-C3,221774,3,2328.0,1,4.75,early25,True
A-G1.040-C3,221774,3,2330.0,1,2.0,early25,True
A-G1.040-C3,221774,3,2334.5,1,4.5,early25,True
A-G1.040-C3,221774,3,2336.75,1,2.25,early25,True
A-G1.040-C3,221774,3,2341.25,1,4.5,early25,True
A-G1.040-C3,221774,3,2347.25,1,6.0,early25,True
A-G1.040-C3,221774,3,2351.0,1,3.75,early25,True
A-G1.040-C3,221774,3,2380.25,1,29.25,early25,True
A-G1.040-C3,221774,3,2382.5,1,2.25,early25,True
A-G1.040-C3,221774,3,2390.5,1,8.0,early25,True
A-G1.040-C3,221774,3,2394.25,1,3.75,early25,True
A-G1.040-C3,221774,3,2400.25,1,6.0,early25,True
A-G1.040-C3,221774,3,2403.25,1,3.0,early25,True
A-G1.040-C3,221774,3,2405.5,1,2.25,early25,True
A-G1.040-C3,221774,3,2435.5,1,30.0,middle50,True
A-G1.040-C3,221774,3,2438.25,1,2.75,middle50,True
A-G1.040-C3,221774,3,2443.75,1,5.5,middle50,True
A-G1.040-C3,221774,3,2446.5,6,2.75,middle50,True
A-G1.040-C3,221774,3,2456.0,2,9.5,middle50,True
A-G1.040-C3,221774,3,2461.0,1,5.0,middle50,True
A-G1.040-C3,221774,3,2472.25,1,11.25,middle50,True
A-G1.040-C3,221774,3,2614.75,1,142.5,middle50,True
A-G1.040-C3,221774,3,2619.25,1,4.5,middle50,True
A-G1.040-C3,221774,3,2626.25,1,7.0,middle50,True
A-G1.040-C3,221774,3,2633.5,1,7.25,middle50,True
A-G1.040-C3,221774,3,2640.5,1,7.0,middle50,True
A-G1.040-C3,221774,3,2669.75,1,29.25,middle50,True
A-G1.040-C3,221774,3,2674.75,1,5.0,middle50,True
A-G1.040-C3,221774,3,2679.5,1,4.75,middle50,True
A-G1.040-C3,221774,3,2687.25,1,7.75,middle50,True
A-G1.040-C3,221774,3,2695.25,1,8.0,middle50,True
A-G1.040-C3,221774,3,2704.75,1,9.5,middle50,True
A-G1.040-C3,221774,3,2710.25,2,5.5,middle50,True
A-G1.040-C3,221774,3,2723.0,1,12.75,middle50,True
A-G1.040-C3,221774,3,2730.25,1,7.25,middle50,True
A-G1.040-C3,221774,3,2733.5,1,3.25,middle50,True
A-G1.040-C3,221774,3,2743.0,6,9.5,middle50,True
A-G1.040-C3,221774,3,2777.25,1,34.25,middle50,True
A-G1.040-C3,221774,3,2779.5,1,2.25,middle50,True
A-G1.040-C3,221774,3,2790.0,1,10.5,middle50,True
A-G1.040-C3,221774,3,2796.25,1,6.25,middle50,True
A-G1.040-C3,221774,3,2799.25,1,3.0,middle50,True
A-G1.040-C3,221774,3,2812.5,1,13.25,middle50,True
A-G1.040-C3,221774,3,2819.5,3,7.0,middle50,True
A-G1.040-C3,221774,3,2958.25,1,138.75,middle50,True
A-G1.040-C3,221774,3,2961.5,2,3.25,middle50,True
A-G1.040-C3,221774,3,2965.0,1,3.5,middle50,True
A-G1.040-C3,221774,3,2970.25,1,5.25,middle50,True
A-G1.040-C3,221774,3,2981.0,1,10.75,middle50,True
A-G1.040-C3,221774,3,2987.5,1,6.5,middle50,True
A-G1.040-C3,221774,3,3016.25,2,28.75,middle50,True
A-G1.040-C3,221774,3,3019.75,1,3.5,middle50,True
A-G1.040-C3,221774,3,3033.75,1,14.0,middle50,True
A-G1.040-C3,221774,3,3036.5,2,2.75,middle50,True
A-G1.040-C3,221774,3,3051.75,3,15.25,middle50,True
A-G1.040-C3,221774,3,3071.0,1,19.25,middle50,True
A-G1.040-C3,221774,3,3081.5,1,10.5,middle50,True
A-G1.040-C3,221774,3,3086.75,1,5.25,middle50,True
A-G1.040-C3,221774,3,3121.0,1,34.25,middle50,True
A-G1.040-C3,221774,3,3129.5,1,8.5,middle50,True
A-G1.040-C3,221774,3,3139.5,1,10.0,middle50,True
A-G1.040-C3,221774,3,3153.0,1,13.5,middle50,True
A-G1.040-C3,221774,3,3282.5,1,129.5,late25,True
A-G1.040-C3,221774,3,3287.0,1,4.5,late25,True
A-G1.040-C3,221774,3,3297.5,1,10.5,late25,True
A-G1.040-C3,221774,3,3305.25,1,7.75,late25,True
A-G1.040-C3,221774,3,3337.5,1,32.25,late25,True
A-G1.040-C3,221774,3,3344.0,1,6.5,late25,True
A-G1.040-C3,221774,3,3346.5,2,2.5,late25,True
A-G1.040-C3,221774,3,3352.5,1,6.0,late25,True
A-G1.040-C3,221774,3,3359.25,1,6.75,late25,True
A-G1.040-C3,221774,3,3387.25,1,28.0,late25,True
A-G1.040-C3,221774,3,3393.5,1,6.25,late25,True
A-G1.040-C3,221774,3,3403.0,1,9.5,late25,True
A-G1.040-C3,221774,3,3405.0,2,2.0,late25,True
A-G1.040-C3,221774,3,3440.25,1,35.25,late25,True
A-G1.040-C3,221774,3,3449.0,1,8.75,late25,True
A-G1.040-C3,221774,3,3461.0,1,12.0,late25,True
A-G1.040-C3,221774,3,3467.25,1,6.25,late25,True
A-G1.040-C3,229693,0,0.25,3,,early25,False
A-G1.040-C3,229693,0,8.25,1,8.0,early25,False
A-G1.040-C3,229693,0,34.0,1,25.75,early25,False
A-G1.040-C3,229693,0,48.75,1,14.75,early25,False
A-G1.040-C3,229693,0,89.0,1,40.25,early25,False
A-G1.040-C3,229693,0,104.5,1,15.5,early25,False
A-G1.040-C3,229693,0,107.75,1,3.25,early25,False
A-G1.040-C3,229693,0,157.25,1,49.5,middle50,False
A-G1.040-C3,229693,0,161.0,1,3.75,middle50,False
A-G1.040-C3,229693,0,178.75,1,17.75,middle50,False
A-G1.040-C3,229693,0,217.25,1,38.5,middle50,False
A-G1.040-C3,229693,0,225.5,1,8.25,middle50,False
A-G1.040-C3,229693,0,232.75,1,7.25,middle50,False
A-G1.040-C3,229693,0,235.25,1,2.5,middle50,False
A-G1.040-C3,229693,0,242.5,1,7.25,middle50,False
A-G1.040-C3,229693,0,291.25,1,48.75,middle50,False
A-G1.040-C3,229693,0,300.75,1,9.5,middle50,False
A-G1.040-C3,229693,0,307.25,1,6.5,middle50,False
A-G1.040-C3,229693,0,318.5,2,11.25,middle50,False
A-G1.040-C3,229693,0,344.0,1,25.5,middle50,False
A-G1.040-C3,229693,0,348.25,1,4.25,middle50,False
A-G1.040-C3,229693,0,361.0,14,12.75,middle50,False
A-G1.040-C3,229693,0,371.5,1,10.5,late25,False
A-G1.040-C3,229693,1,536.25,1,164.75,early25,False
A-G1.040-C3,229693,1,564.25,1,28.0,early25,False
A-G1.040-C3,229693,1,565.5,1,1.25,early25,False
A-G1.040-C3,229693,1,568.25,1,2.75,early25,False
A-G1.040-C3,229693,1,572.5,2,4.25,early25,False
A-G1.040-C3,229693,1,576.75,2,4.25,early25,False
A-G1.040-C3,229693,1,579.0,1,2.25,early25,False
A-G1.040-C3,229693,1,585.5,2,6.5,early25,False
A-G1.040-C3,229693,1,617.5,1,32.0,early25,False
A-G1.040-C3,229693,1,619.5,1,2.0,early25,False
A-G1.040-C3,229693,1,628.5,3,9.0,early25,False
A-G1.040-C3,229693,1,676.5,2,48.0,early25,False
A-G1.040-C3,229693,1,679.75,1,3.25,early25,False
A-G1.040-C3,229693,1,682.25,1,2.5,early25,False
A-G1.040-C3,229693,1,687.5,2,5.25,early25,False
A-G1.040-C3,229693,1,697.0,2,9.5,early25,False
A-G1.040-C3,229693,1,703.0,2,6.0,early25,False
A-G1.040-C3,229693,1,711.0,1,8.0,middle50,False
A-G1.040-C3,229693,1,730.0,1,19.0,middle50,False
A-G1.040-C3,229693,1,734.75,2,4.75,middle50,False
A-G1.040-C3,229693,1,741.0,1,6.25,middle50,False
A-G1.040-C3,229693,1,755.75,1,14.75,middle50,False
A-G1.040-C3,229693,1,792.75,1,37.0,middle50,False
A-G1.040-C3,229693,1,794.25,1,1.5,middle50,False
A-G1.040-C3,229693,1,800.25,2,6.0,middle50,False
A-G1.040-C3,229693,1,804.0,2,3.75,middle50,False
A-G1.040-C3,229693,1,808.0,1,4.0,middle50,False
A-G1.040-C3,229693,1,812.0,2,4.0,middle50,False
A-G1.040-C3,229693,1,814.75,1,2.75,middle50,False
A-G1.040-C3,229693,1,822.75,1,8.0,middle50,False
A-G1.040-C3,229693,1,829.5,6,6.75,middle50,False
A-G1.040-C3,229693,1,844.75,1,15.25,middle50,False
A-G1.040-C3,229693,1,848.5,2,3.75,middle50,False
A-G1.040-C3,229693,1,850.25,1,1.75,middle50,False
A-G1.040-C3,229693,1,858.5,1,8.25,middle50,False
A-G1.040-C3,229693,1,867.25,2,8.75,middle50,False
A-G1.040-C3,229693,1,899.5,2,32.25,middle50,False
A-G1.040-C3,229693,1,907.5,2,8.0,middle50,False
A-G1.040-C3,229693,1,909.25,1,1.75,middle50,False
A-G1.040-C3,229693,1,912.75,1,3.5,middle50,False
A-G1.040-C3,229693,1,920.25,2,7.5,middle50,False
A-G1.040-C3,229693,1,922.75,1,2.5,middle50,False
A-G1.040-C3,229693,1,928.5,1,5.75,middle50,False
A-G1.040-C3,229693,1,936.0,1,7.5,middle50,False
A-G1.040-C3,229693,1,1081.25,1,145.25,middle50,False
A-G1.040-C3,229693,1,1084.25,2,3.0,middle50,False
A-G1.040-C3,229693,1,1093.0,1,8.75,middle50,False
A-G1.040-C3,229693,1,1096.0,1,3.0,middle50,False
A-G1.040-C3,229693,1,1099.75,1,3.75,middle50,False
A-G1.040-C3,229693,1,1102.25,1,2.5,middle50,False
A-G1.040-C3,229693,1,1136.0,1,33.75,middle50,False
A-G1.040-C3,229693,1,1141.0,2,5.0,middle50,False
A-G1.040-C3,229693,1,1144.0,1,3.0,middle50,False
A-G1.040-C3,229693,1,1148.5,1,4.5,middle50,False
A-G1.040-C3,229693,1,1153.75,1,5.25,middle50,False
A-G1.040-C3,229693,1,1158.25,1,4.5,middle50,False
A-G1.040-C3,229693,1,1164.5,2,6.25,late25,False
A-G1.040-C3,229693,1,1190.25,1,25.75,late25,False
A-G1.040-C3,229693,1,1201.5,1,11.25,late25,False
A-G1.040-C3,229693,1,1207.25,1,5.75,late25,False
A-G1.040-C3,229693,1,1214.5,1,7.25,late25,False
A-G1.040-C3,229693,1,1242.25,1,27.75,late25,False
A-G1.040-C3,229693,1,1245.25,1,3.0,late25,False
A-G1.040-C3,229693,1,1248.0,1,2.75,late25,False
A-G1.040-C3,229693,1,1252.0,1,4.0,late25,False
A-G1.040-C3,229693,1,1255.5,1,3.5,late25,False
A-G1.040-C3,229693,1,1258.5,1,3.0,late25,False
A-G1.040-C3,229693,1,1259.75,1,1.25,late25,False
A-G1.040-C3,229693,1,1262.25,1,2.5,late25,False
A-G1.040-C3,229693,1,1265.75,1,3.5,late25,False
A-G1.040-C3,229693,1,1269.25,1,3.5,late25,False
A-G1.040-C3,229693,1,1271.0,1,1.75,late25,False
A-G1.040-C3,229693,1,1278.5,1,7.5,late25,False
A-G1.040-C3,229693,1,1284.5,5,6.0,late25,False
A-G1.040-C3,229693,2,1400.25,2,115.75,early25,False
A-G1.040-C3,229693,2,1402.0,1,1.75,early25,False
A-G1.040-C3,229693,2,1403.5,1,1.5,early25,False
A-G1.040-C3,229693,2,1406.75,2,3.25,early25,False
A-G1.040-C3,229693,2,1408.75,1,2.0,early25,False
A-G1.040-C3,229693,2,1410.75,1,2.0,early25,False
A-G1.040-C3,229693,2,1413.25,2,2.5,early25,False
A-G1.040-C3,229693,2,1414.25,5,1.0,early25,False
A-G1.040-C3,229693,2,1421.5,3,7.25,early25,False
A-G1.040-C3,229693,2,1428.0,3,6.5,early25,False
A-G1.040-C3,229693,2,1435.0,4,7.0,early25,False
A-G1.040-C3,229693,2,1455.5,1,20.5,early25,False
A-G1.040-C3,229693,2,1456.25,5,0.75,early25,False
A-G1.040-C3,229693,2,1460.25,1,4.0,early25,False
A-G1.040-C3,229693,2,1465.25,4,5.0,early25,False
A-G1.040-C3,229693,2,1465.75,4,0.5,early25,False
A-G1.040-C3,229693,2,1466.5,1,0.75,early25,False
A-G1.040-C3,229693,2,1471.25,2,4.75,early25,False
A-G1.040-C3,229693,2,1476.75,3,5.5,early25,False
A-G1.040-C3,229693,2,1485.75,4,9.0,early25,False
A-G1.040-C3,229693,2,1491.75,3,6.0,early25,False
A-G1.040-C3,229693,2,1498.25,7,6.5,early25,False
A-G1.040-C3,229693,2,1509.75,2,11.5,early25,False
A-G1.040-C3,229693,2,1513.5,1,3.75,early25,False
A-G1.040-C3,229693,2,1516.5,2,3.0,early25,False
A-G1.040-C3,229693,2,1520.0,1,3.5,early25,False
A-G1.040-C3,229693,2,1523.25,1,3.25,early25,False
A-G1.040-C3,229693,2,1527.5,2,4.25,early25,False
A-G1.040-C3,229693,2,1531.25,2,3.75,early25,False
A-G1.040-C3,229693,2,1533.75,1,2.5,early25,False
A-G1.040-C3,229693,2,1537.25,1,3.5,early25,False
A-G1.040-C3,229693,2,1540.5,17,3.25,early25,False
A-G1.040-C3,229693,2,1570.75,3,30.25,middle50,False
A-G1.040-C3,229693,2,1574.5,2,3.75,middle50,False
A-G1.040-C3,229693,2,1578.5,1,4.0,middle50,False
A-G1.040-C3,229693,2,1581.25,1,2.75,middle50,False
A-G1.040-C3,229693,2,1582.75,1,1.5,middle50,False
A-G1.040-C3,229693,2,1586.25,2,3.5,middle50,False
A-G1.040-C3,229693,2,1590.75,2,4.5,middle50,False
A-G1.040-C3,229693,2,1595.0,1,4.25,middle50,False
A-G1.040-C3,229693,2,1742.5,1,147.5,middle50,False
A-G1.040-C3,229693,2,1748.25,2,5.75,middle50,False
A-G1.040-C3,229693,2,1752.25,1,4.0,middle50,False
A-G1.040-C3,229693,2,1756.75,1,4.5,middle50,False
A-G1.040-C3,229693,2,1760.25,1,3.5,middle50,False
A-G1.040-C3,229693,2,1765.75,2,5.5,middle50,False
A-G1.040-C3,229693,2,1771.0,2,5.25,middle50,False
A-G1.040-C3,229693,2,1798.0,1,27.0,middle50,False
A-G1.040-C3,229693,2,1801.25,12,3.25,middle50,False
A-G1.040-C3,229693,2,1804.5,1,3.25,middle50,False
A-G1.040-C3,229693,2,1807.5,1,3.0,middle50,False
A-G1.040-C3,229693,2,1810.75,1,3.25,middle50,False
A-G1.040-C3,229693,2,1814.75,2,4.0,middle50,False
A-G1.040-C3,229693,2,1823.25,1,8.5,middle50,False
A-G1.040-C3,229693,2,1827.25,2,4.0,middle50,False
A-G1.040-C3,229693,2,1834.25,4,7.0,middle50,False
A-G1.040-C3,229693,2,1844.0,1,9.75,middle50,False
A-G1.040-C3,229693,2,1846.5,1,2.5,middle50,False
A-G1.040-C3,229693,2,1851.0,1,4.5,middle50,False
A-G1.040-C3,229693,2,1854.75,1,3.75,middle50,False
A-G1.040-C3,229693,2,1857.75,1,3.0,middle50,False
A-G1.040-C3,229693,2,1862.5,2,4.75,middle50,False
A-G1.040-C3,229693,2,1864.75,1,2.25,middle50,False
A-G1.040-C3,229693,2,1872.0,1,7.25,middle50,False
A-G1.040-C3,229693,2,1900.0,1,28.0,late25,False
A-G1.040-C3,229693,2,1904.75,1,4.75,late25,False
A-G1.040-C3,229693,2,1907.75,2,3.0,late25,False
A-G1.040-C3,229693,2,1913.0,2,5.25,late25,False
A-G1.040-C3,229693,2,1917.5,1,4.5,late25,False
A-G1.040-C3,229693,2,1919.5,1,2.0,late25,False
A-G1.040-C3,229693,2,1923.25,2,3.75,late25,False
A-G1.040-C3,229693,2,1927.0,1,3.75,late25,False
A-G1.040-C3,229693,2,1930.75,1,3.75,late25,False
A-G1.040-C3,229693,2,1946.5,1,15.75,late25,False
A-G1.040-C3,229693,3,2071.25,3,124.75,early25,True
A-G1.040-C3,229693,3,2075.75,3,4.5,early25,True
A-G1.040-C3,229693,3,2080.25,3,4.5,early25,True
A-G1.040-C3,229693,3,2084.75,3,4.5,early25,True
A-G1.040-C3,229693,3,2088.75,2,4.0,early25,True
A-G1.040-C3,229693,3,2093.0,2,4.25,early25,True
A-G1.040-C3,229693,3,2117.0,2,24.0,early25,True
A-G1.040-C3,229693,3,2121.0,2,4.0,early25,True
A-G1.040-C3,229693,3,2124.25,2,3.25,early25,True
A-G1.040-C3,229693,3,2127.75,2,3.5,early25,True
A-G1.040-C3,229693,3,2130.75,1,3.0,early25,True
A-G1.040-C3,229693,3,2134.75,20,4.0,early25,True
A-G1.040-C3,229693,3,2136.5,1,1.75,early25,True
A-G1.040-C3,229693,3,2138.0,1,1.5,early25,True
A-G1.040-C3,229693,3,2142.25,2,4.25,early25,True
A-G1.040-C3,229693,3,2147.75,1,5.5,early25,True
A-G1.040-C3,229693,3,2155.0,5,7.25,early25,True
A-G1.040-C3,229693,3,2167.25,2,12.25,early25,True
A-G1.040-C3,229693,3,2174.25,1,7.0,early25,True
A-G1.040-C3,229693,3,2176.0,4,1.75,early25,True
A-G1.040-C3,229693,3,2179.25,4,3.25,early25,True
A-G1.040-C3,229693,3,2182.5,1,3.25,early25,True
A-G1.040-C3,229693,3,2184.0,3,1.5,early25,True
A-G1.040-C3,229693,3,2188.5,2,4.5,early25,True
A-G1.040-C3,229693,3,2191.5,1,3.0,early25,True
A-G1.040-C3,229693,3,2220.0,1,28.5,early25,True
A-G1.040-C3,229693,3,2222.5,1,2.5,early25,True
A-G1.040-C3,229693,3,2224.0,3,1.5,early25,True
A-G1.040-C3,229693,3,2229.25,2,5.25,early25,True
A-G1.040-C3,229693,3,2230.5,1,1.25,early25,True
A-G1.040-C3,229693,3,2231.75,1,1.25,early25,True
A-G1.040-C3,229693,3,2236.75,1,5.0,early25,True
A-G1.040-C3,229693,3,2242.0,2,5.25,early25,True
A-G1.040-C3,229693,3,2247.25,2,5.25,early25,True
A-G1.040-C3,229693,3,2256.25,2,9.0,early25,True
A-G1.040-C3,229693,3,2263.75,6,7.5,early25,True
A-G1.040-C3,229693,3,2273.5,1,9.75,early25,True
A-G1.040-C3,229693,3,2277.0,1,3.5,early25,True
A-G1.040-C3,229693,3,2283.0,1,6.0,early25,True
A-G1.040-C3,229693,3,2287.0,1,4.0,early25,True
A-G1.040-C3,229693,3,2291.0,1,4.0,early25,True
A-G1.040-C3,229693,3,2294.0,1,3.0,early25,True
A-G1.040-C3,229693,3,2297.5,8,3.5,early25,True
A-G1.040-C3,229693,3,2302.25,1,4.75,early25,True
A-G1.040-C3,229693,3,2333.5,1,31.25,early25,True
A-G1.040-C3,229693,3,2339.5,1,6.0,early25,True
A-G1.040-C3,229693,3,2355.5,2,16.0,early25,True
A-G1.040-C3,229693,3,2360.5,1,5.0,early25,True
A-G1.040-C3,229693,3,2384.25,2,23.75,early25,True
A-G1.040-C3,229693,3,2388.5,1,4.25,early25,True
A-G1.040-C3,229693,3,2395.25,1,6.75,early25,True
A-G1.040-C3,229693,3,2399.5,1,4.25,early25,True
A-G1.040-C3,229693,3,2432.5,1,33.0,early25,True
A-G1.040-C3,229693,3,2436.0,1,3.5,middle50,True
A-G1.040-C3,229693,3,2445.0,2,9.0,middle50,True
A-G1.040-C3,229693,3,2448.0,1,3.0,middle50,True
A-G1.040-C3,229693,3,2451.25,1,3.25,middle50,True
A-G1.040-C3,229693,3,2459.25,1,8.0,middle50,True
A-G1.040-C3,229693,3,2468.25,1,9.0,middle50,True
A-G1.040-C3,229693,3,2609.5,1,141.25,middle50,True
A-G1.040-C3,229693,3,2615.75,1,6.25,middle50,True
A-G1.040-C3,229693,3,2618.25,1,2.5,middle50,True
A-G1.040-C3,229693,3,2627.75,1,9.5,middle50,True
A-G1.040-C3,229693,3,2630.5,1,2.75,middle50,True
A-G1.040-C3,229693,3,2636.0,1,5.5,middle50,True
A-G1.040-C3,229693,3,2665.25,1,29.25,middle50,True
A-G1.040-C3,229693,3,2668.75,1,3.5,middle50,True
A-G1.040-C3,229693,3,2674.5,6,5.75,middle50,True
A-G1.040-C3,229693,3,2685.5,1,11.0,middle50,True
A-G1.040-C3,229693,3,2692.0,1,6.5,middle50,True
A-G1.040-C3,229693,3,2697.0,1,5.0,middle50,True
A-G1.040-C3,229693,3,2711.75,1,14.75,middle50,True
A-G1.040-C3,229693,3,2719.25,1,7.5,middle50,True
A-G1.040-C3,229693,3,2730.75,1,11.5,middle50,True
A-G1.040-C3,229693,3,2736.25,1,5.5,middle50,True
A-G1.040-C3,229693,3,2765.75,1,29.5,middle50,True
A-G1.040-C3,229693,3,2773.25,1,7.5,middle50,True
A-G1.040-C3,229693,3,2782.75,1,9.5,middle50,True
A-G1.040-C3,229693,3,2784.0,1,1.25,middle50,True
A-G1.040-C3,229693,3,2793.5,1,9.5,middle50,True
A-G1.040-C3,229693,3,2803.75,1,10.25,middle50,True
A-G1.040-C3,229693,3,2955.25,1,151.5,middle50,True
A-G1.040-C3,229693,3,2961.25,1,6.0,middle50,True
A-G1.040-C3,229693,3,2964.25,1,3.0,middle50,True
A-G1.040-C3,229693,3,2973.5,1,9.25,middle50,True
A-G1.040-C3,229693,3,2976.5,1,3.0,middle50,True
A-G1.040-C3,229693,3,3005.5,5,29.0,middle50,True
A-G1.040-C3,229693,3,3009.25,1,3.75,middle50,True
A-G1.040-C3,229693,3,3020.5,1,11.25,middle50,True
A-G1.040-C3,229693,3,3028.0,1,7.5,middle50,True
A-G1.040-C3,229693,3,3032.5,1,4.5,middle50,True
A-G1.040-C3,229693,3,3061.75,1,29.25,middle50,True
A-G1.040-C3,229693,3,3071.5,1,9.75,middle50,True
A-G1.040-C3,229693,3,3080.0,1,8.5,middle50,True
A-G1.040-C3,229693,3,3116.5,1,36.5,middle50,True
A-G1.040-C3,229693,3,3127.0,1,10.5,middle50,True
A-G1.040-C3,229693,3,3133.75,1,6.75,middle50,True
A-G1.040-C3,229693,3,3140.75,1,7.0,middle50,True
A-G1.040-C3,229693,3,3147.75,1,7.0,middle50,True
A-G1.040-C3,229693,3,3290.75,1,143.0,late25,True
A-G1.040-C3,229693,3,3304.0,1,13.25,late25,True
A-G1.040-C3,229693,3,3309.75,1,5.75,late25,True
A-G1.040-C3,229693,3,3350.5,1,40.75,late25,True
A-G1.040-C3,229693,3,3356.25,1,5.75,late25,True
A-G1.040-C3,229693,3,3366.0,1,9.75,late25,True
A-G1.040-C3,229693,3,3372.5,1,6.5,late25,True
A-G1.040-C3,229693,3,3391.0,1,18.5,late25,True
A-G1.040-C3,229693,3,3401.0,1,10.0,late25,True
A-G1.040-C3,229693,3,3410.0,4,9.0,late25,True
A-G1.040-C3,229693,3,3415.75,1,5.75,late25,True
A-G1.040-C3,229693,3,3451.75,1,36.0,late25,True
A-G1.040-C3,229693,3,3459.5,1,7.75,late25,True
A-G1.040-C3,229693,3,3463.75,1,4.25,late25,True
A-G1.042-C2,42,0,0.25,3,,early25,False
A-G1.042-C2,42,0,8.25,1,8.0,early25,False
A-G1.042-C2,42,0,22.0,1,13.75,early25,False
A-G1.042-C2,42,0,46.75,1,24.75,early25,False
A-G1.042-C2,42,0,58.0,1,11.25,early25,False
A-G1.042-C2,42,0,98.25,1,40.25,early25,False
A-G1.042-C2,42,0,108.25,1,10.0,early25,False
A-G1.042-C2,42,0,159.25,1,51.0,early25,False
A-G1.042-C2,42,0,170.25,1,11.0,early25,False
A-G1.042-C2,42,0,174.5,1,4.25,early25,False
A-G1.042-C2,42,0,216.5,1,42.0,middle50,False
A-G1.042-C2,42,0,219.25,1,2.75,middle50,False
A-G1.042-C2,42,0,227.0,1,7.75,middle50,False
A-G1.042-C2,42,0,232.5,1,5.5,middle50,False
A-G1.042-C2,42,0,235.5,1,3.0,middle50,False
A-G1.042-C2,42,0,241.25,1,5.75,middle50,False
A-G1.042-C2,42,0,275.5,1,34.25,middle50,False
A-G1.042-C2,42,0,291.0,1,15.5,middle50,False
A-G1.042-C2,42,0,294.5,1,3.5,middle50,False
A-G1.042-C2,42,0,331.0,1,36.5,middle50,False
A-G1.042-C2,42,0,340.25,1,9.25,middle50,False
A-G1.042-C2,42,0,342.25,1,2.0,middle50,False
A-G1.042-C2,42,0,350.5,1,8.25,middle50,False
A-G1.042-C2,42,0,353.25,1,2.75,middle50,False
A-G1.042-C2,42,0,366.75,1,13.5,middle50,False
A-G1.042-C2,42,0,520.25,1,153.5,middle50,False
A-G1.042-C2,42,0,525.75,1,5.5,middle50,False
A-G1.042-C2,42,0,532.5,1,6.75,middle50,False
A-G1.042-C2,42,0,544.0,1,11.5,late25,False
A-G1.042-C2,42,0,553.25,1,9.25,late25,False
A-G1.042-C2,42,0,575.75,1,22.5,late25,False
A-G1.042-C2,42,0,584.0,1,8.25,late25,False
A-G1.042-C2,42,0,591.5,2,7.5,late25,False
A-G1.042-C2,42,0,601.0,1,9.5,late25,False
A-G1.042-C2,42,0,607.5,12,6.5,late25,False
A-G1.042-C2,42,1,754.25,1,146.75,early25,False
A-G1.042-C2,42,1,766.25,1,12.0,early25,False
A-G1.042-C2,42,1,800.25,1,34.0,early25,False
A-G1.042-C2,42,1,802.0,1,1.75,early25,False
A-G1.042-C2,42,1,807.75,2,5.75,early25,False
A-G1.042-C2,42,1,813.0,3,5.25,early25,False
A-G1.042-C2,42,1,823.25,2,10.25,early25,False
A-G1.042-C2,42,1,839.0,6,15.75,early25,False
A-G1.042-C2,42,1,853.75,1,14.75,early25,False
A-G1.042-C2,42,1,861.5,1,7.75,early25,False
A-G1.042-C2,42,1,869.25,1,7.75,early25,False
A-G1.042-C2,42,1,876.75,1,7.5,early25,False
A-G1.042-C2,42,1,881.75,2,5.0,early25,False
A-G1.042-C2,42,1,916.5,1,34.75,middle50,False
A-G1.042-C2,42,1,924.0,2,7.5,middle50,False
A-G1.042-C2,42,1,928.5,1,4.5,middle50,False
A-G1.042-C2,42,1,936.75,2,8.25,middle50,False
A-G1.042-C2,42,1,945.0,1,8.25,middle50,False
A-G1.042-C2,42,1,964.0,1,19.0,middle50,False
A-G1.042-C2,42,1,968.75,2,4.75,middle50,False
A-G1.042-C2,42,1,973.0,1,4.25,middle50,False
A-G1.042-C2,42,1,978.75,2,5.75,middle50,False
A-G1.042-C2,42,1,983.75,1,5.0,middle50,False
A-G1.042-C2,42,1,987.25,1,3.5,middle50,False
A-G1.042-C2,42,1,991.75,2,4.5,middle50,False
A-G1.042-C2,42,1,995.75,19,4.0,middle50,False
A-G1.042-C2,42,1,1022.25,1,26.5,middle50,False
A-G1.042-C2,42,1,1024.5,1,2.25,middle50,False
A-G1.042-C2,42,1,1037.0,1,12.5,middle50,False
A-G1.042-C2,42,1,1040.25,1,3.25,middle50,False
A-G1.042-C2,42,1,1046.0,2,5.75,middle50,False
A-G1.042-C2,42,1,1052.0,1,6.0,middle50,False
A-G1.042-C2,42,1,1192.75,1,140.75,middle50,False
A-G1.042-C2,42,1,1197.5,2,4.75,middle50,False
A-G1.042-C2,42,1,1202.0,1,4.5,middle50,False
A-G1.042-C2,42,1,1205.25,1,3.25,middle50,False
A-G1.042-C2,42,1,1208.25,1,3.0,middle50,False
A-G1.042-C2,42,1,1211.75,1,3.5,middle50,False
A-G1.042-C2,42,1,1215.5,1,3.75,middle50,False
A-G1.042-C2,42,1,1242.0,2,26.5,late25,False
A-G1.042-C2,42,1,1245.25,1,3.25,late25,False
A-G1.042-C2,42,1,1250.5,1,5.25,late25,False
A-G1.042-C2,42,1,1253.25,15,2.75,late25,False
A-G1.042-C2,42,1,1260.0,1,6.75,late25,False
A-G1.042-C2,42,1,1262.25,1,2.25,late25,False
A-G1.042-C2,42,1,1267.5,1,5.25,late25,False
A-G1.042-C2,42,1,1270.75,1,3.25,late25,False
A-G1.042-C2,42,1,1273.0,1,2.25,late25,False
A-G1.042-C2,42,2,1406.25,2,133.25,early25,False
A-G1.042-C2,42,2,1409.25,2,3.0,early25,False
A-G1.042-C2,42,2,1413.5,3,4.25,early25,False
A-G1.042-C2,42,2,1417.5,1,4.0,early25,False
A-G1.042-C2,42,2,1422.5,2,5.0,early25,False
A-G1.042-C2,42,2,1426.75,2,4.25,early25,False
A-G1.042-C2,42,2,1433.0,3,6.25,early25,False
A-G1.042-C2,42,2,1438.0,2,5.0,early25,False
A-G1.042-C2,42,2,1460.0,1,22.0,early25,False
A-G1.042-C2,42,2,1463.75,2,3.75,early25,False
A-G1.042-C2,42,2,1466.75,23,3.0,early25,False
A-G1.042-C2,42,2,1469.75,1,3.0,early25,False
A-G1.042-C2,42,2,1471.25,1,1.5,early25,False
A-G1.042-C2,42,2,1473.0,2,1.75,early25,False
A-G1.042-C2,42,2,1475.75,2,2.75,early25,False
A-G1.042-C2,42,2,1479.75,1,4.0,early25,False
A-G1.042-C2,42,2,1482.0,1,2.25,early25,False
A-G1.042-C2,42,2,1484.5,1,2.5,early25,False
A-G1.042-C2,42,2,1490.0,3,5.5,early25,False
A-G1.042-C2,42,2,1499.75,6,9.75,early25,False
A-G1.042-C2,42,2,1523.25,1,23.5,early25,False
A-G1.042-C2,42,2,1525.0,1,1.75,early25,False
A-G1.042-C2,42,2,1527.5,1,2.5,early25,False
A-G1.042-C2,42,2,1529.0,5,1.5,early25,False
A-G1.042-C2,42,2,1531.75,1,2.75,early25,False
A-G1.042-C2,42,2,1539.25,1,7.5,early25,False
A-G1.042-C2,42,2,1568.75,1,29.5,early25,False
A-G1.042-C2,42,2,1575.25,2,6.5,early25,False
A-G1.042-C2,42,2,1583.25,2,8.0,early25,False
A-G1.042-C2,42,2,1588.25,3,5.0,early25,False
A-G1.042-C2,42,2,1592.25,1,4.0,early25,False
A-G1.042-C2,42,2,1597.25,2,5.0,early25,False
A-G1.042-C2,42,2,1747.5,3,150.25,middle50,False
A-G1.042-C2,42,2,1751.25,1,3.75,middle50,False
A-G1.042-C2,42,2,1754.75,2,3.5,middle50,False
A-G1.042-C2,42,2,1758.25,2,3.5,middle50,False
A-G1.042-C2,42,2,1764.75,1,6.5,middle50,False
A-G1.042-C2,42,2,1769.25,2,4.5,middle50,False
A-G1.042-C2,42,2,1772.5,1,3.25,middle50,False
A-G1.042-C2,42,2,1797.5,1,25.0,middle50,False
A-G1.042-C2,42,2,1801.75,2,4.25,middle50,False
A-G1.042-C2,42,2,1805.75,1,4.0,middle50,False
A-G1.042-C2,42,2,1808.75,1,3.0,middle50,False
A-G1.042-C2,42,2,1812.25,15,3.5,middle50,False
A-G1.042-C2,42,2,1816.0,1,3.75,middle50,False
A-G1.042-C2,42,2,1819.75,2,3.75,middle50,False
A-G1.042-C2,42,2,1824.25,2,4.5,middle50,False
A-G1.042-C2,42,2,1829.5,1,5.25,middle50,False
A-G1.042-C2,42,2,1957.25,2,127.75,middle50,False
A-G1.042-C2,42,2,1961.5,1,4.25,middle50,False
A-G1.042-C2,42,2,1968.0,1,6.5,middle50,False
A-G1.042-C2,42,2,1975.25,1,7.25,middle50,False
A-G1.042-C2,42,2,1982.75,1,7.5,middle50,False
A-G1.042-C2,42,2,1985.75,1,3.0,middle50,False
A-G1.042-C2,42,2,2011.75,1,26.0,middle50,False
A-G1.042-C2,42,2,2015.0,1,3.25,middle50,False
A-G1.042-C2,42,2,2019.5,1,4.5,middle50,False
A-G1.042-C2,42,2,2022.0,1,2.5,middle50,False
A-G1.042-C2,42,2,2025.25,1,3.25,middle50,False
A-G1.042-C2,42,2,2028.0,1,2.75,middle50,False
A-G1.042-C2,42,2,2030.0,1,2.0,middle50,False
A-G1.042-C2,42,2,2034.5,10,4.5,middle50,False
A-G1.042-C2,42,2,2038.0,1,3.5,middle50,False
A-G1.042-C2,42,2,2040.0,1,2.0,middle50,False
A-G1.042-C2,42,2,2054.25,4,14.25,middle50,False
A-G1.042-C2,42,2,2178.0,1,123.75,late25,False
A-G1.042-C2,42,2,2182.0,1,4.0,late25,False
A-G1.042-C2,42,2,2184.75,1,2.75,late25,False
A-G1.042-C2,42,2,2190.75,1,6.0,late25,False
A-G1.042-C2,42,2,2193.5,1,2.75,late25,False
A-G1.042-C2,42,2,2195.75,1,2.25,late25,False
A-G1.042-C2,42,2,2200.75,8,5.0,late25,False
A-G1.042-C2,42,2,2229.5,1,28.75,late25,False
A-G1.042-C2,42,2,2233.75,1,4.25,late25,False
A-G1.042-C2,42,2,2237.5,1,3.75,late25,False
A-G1.042-C2,42,2,2240.25,1,2.75,late25,False
A-G1.042-C2,42,2,2244.0,1,3.75,late25,False
A-G1.042-C2,42,2,2247.5,1,3.5,late25,False
A-G1.042-C2,42,2,2249.0,1,1.5,late25,False
A-G1.042-C2,42,2,2254.75,1,5.75,late25,False
A-G1.042-C2,42,2,2257.5,1,2.75,late25,False
A-G1.042-C2,42,2,2267.5,1,10.0,late25,False
A-G1.042-C2,42,2,2273.25,3,5.75,late25,False
A-G1.042-C2,42,3,2390.5,1,117.25,early25,True
A-G1.042-C2,42,3,2393.25,1,2.75,early25,True
A-G1.042-C2,42,3,2396.5,2,3.25,early25,True
A-G1.042-C2,42,3,2399.25,1,2.75,early25,True
A-G1.042-C2,42,3,2403.25,2,4.0,early25,True
A-G1.042-C2,42,3,2409.5,2,6.25,early25,True
A-G1.042-C2,42,3,2415.25,1,5.75,early25,True
A-G1.042-C2,42,3,2416.75,1,1.5,early25,True
A-G1.042-C2,42,3,2452.25,2,35.5,early25,True
A-G1.042-C2,42,3,2453.0,1,0.75,early25,True
A-G1.042-C2,42,3,2459.0,2,6.0,early25,True
A-G1.042-C2,42,3,2464.75,3,5.75,early25,True
A-G1.042-C2,42,3,2469.25,1,4.5,early25,True
A-G1.042-C2,42,3,2475.5,2,6.25,early25,True
A-G1.042-C2,42,3,2483.0,1,7.5,early25,True
A-G1.042-C2,42,3,2497.25,1,14.25,early25,True
A-G1.042-C2,42,3,2504.25,2,7.0,early25,True
A-G1.042-C2,42,3,2511.25,3,7.0,early25,True
A-G1.042-C2,42,3,2564.75,2,53.5,early25,True
A-G1.042-C2,42,3,2567.5,1,2.75,early25,True
A-G1.042-C2,42,3,2573.0,1,5.5,early25,True
A-G1.042-C2,42,3,2578.5,2,5.5,early25,True
A-G1.042-C2,42,3,2604.0,1,25.5,early25,True
A-G1.042-C2,42,3,2608.0,1,4.0,early25,True
A-G1.042-C2,42,3,2614.75,2,6.75,early25,True
A-G1.042-C2,42,3,2621.5,2,6.75,early25,True
A-G1.042-C2,42,3,2628.25,2,6.75,early25,True
A-G1.042-C2,42,3,2667.75,2,39.5,early25,True
A-G1.042-C2,42,3,2670.75,1,3.0,early25,True
A-G1.042-C2,42,3,2677.75,2,7.0,early25,True
A-G1.042-C2,42,3,2683.25,2,5.5,middle50,True
A-G1.042-C2,42,3,2693.0,2,9.75,middle50,True
A-G1.042-C2,42,3,2700.75,6,7.75,middle50,True
A-G1.042-C2,42,3,2711.5,2,10.75,middle50,True
A-G1.042-C2,42,3,2718.25,1,6.75,middle50,True
A-G1.042-C2,42,3,2721.0,1,2.75,middle50,True
A-G1.042-C2,42,3,2734.0,1,13.0,middle50,True
A-G1.042-C2,42,3,2737.75,1,3.75,middle50,True
A-G1.042-C2,42,3,2741.75,1,4.0,middle50,True
A-G1.042-C2,42,3,2768.75,8,27.0,middle50,True
A-G1.042-C2,42,3,2770.75,1,2.0,middle50,True
A-G1.042-C2,42,3,2782.5,1,11.75,middle50,True
A-G1.042-C2,42,3,2785.25,1,2.75,middle50,True
A-G1.042-C2,42,3,2789.0,4,3.75,middle50,True
A-G1.042-C2,42,3,2790.25,1,1.25,middle50,True
A-G1.042-C2,42,3,2805.25,2,15.0,middle50,True
A-G1.042-C2,42,3,2830.75,1,25.5,middle50,True
A-G1.042-C2,42,3,2834.75,1,4.0,middle50,True
A-G1.042-C2,42,3,2844.5,1,9.75,middle50,True
A-G1.042-C2,42,3,2850.5,1,6.0,middle50,True
A-G1.042-C2,42,3,2889.0,1,38.5,middle50,True
A-G1.042-C2,42,3,2894.0,1,5.0,middle50,True
A-G1.042-C2,42,3,2904.25,2,10.25,middle50,True
A-G1.042-C2,42,3,2909.25,1,5.0,middle50,True
A-G1.042-C2,42,3,2911.75,1,2.5,middle50,True
A-G1.042-C2,42,3,2937.25,1,25.5,middle50,True
A-G1.042-C2,42,3,2944.5,1,7.25,middle50,True
A-G1.042-C2,42,3,2949.0,1,4.5,middle50,True
A-G1.042-C2,42,3,2957.0,1,8.0,middle50,True
A-G1.042-C2,42,3,2960.5,1,3.5,middle50,True
A-G1.042-C2,42,3,2990.0,7,29.5,middle50,True
A-G1.042-C2,42,3,2994.5,1,4.5,middle50,True
A-G1.042-C2,42,3,3010.0,1,15.5,middle50,True
A-G1.042-C2,42,3,3011.75,1,1.75,middle50,True
A-G1.042-C2,42,3,3015.25,1,3.5,middle50,True
A-G1.042-C2,42,3,3019.0,1,3.75,middle50,True
A-G1.042-C2,42,3,3034.0,3,15.0,middle50,True
A-G1.042-C2,42,3,3169.75,1,135.75,middle50,True
A-G1.042-C2,42,3,3178.75,1,9.0,middle50,True
A-G1.042-C2,42,3,3184.0,1,5.25,middle50,True
A-G1.042-C2,42,3,3189.75,1,5.75,middle50,True
A-G1.042-C2,42,3,3231.75,1,42.0,middle50,True
A-G1.042-C2,42,3,3240.0,1,8.25,middle50,True
A-G1.042-C2,42,3,3246.75,1,6.75,middle50,True
A-G1.042-C2,42,3,3257.0,1,10.25,middle50,True
A-G1.042-C2,42,3,3266.5,1,9.5,middle50,True
A-G1.042-C2,42,3,3273.75,3,7.25,middle50,True
A-G1.042-C2,42,3,3413.5,2,139.75,late25,True
A-G1.042-C2,42,3,3416.25,1,2.75,late25,True
A-G1.042-C2,42,3,3421.5,1,5.25,late25,True
A-G1.042-C2,42,3,3430.75,1,9.25,late25,True
A-G1.042-C2,42,3,3436.5,1,5.75,late25,True
A-G1.042-C2,42,3,3465.5,1,29.0,late25,True
A-G1.042-C2,42,3,3471.5,1,6.0,late25,True
A-G1.042-C2,42,3,3476.25,1,4.75,late25,True
A-G1.042-C2,42,3,3482.0,4,5.75,late25,True
A-G1.042-C2,42,3,3490.0,1,8.0,late25,True
A-G1.042-C2,42,3,3494.5,1,4.5,late25,True
A-G1.042-C2,42,3,3501.5,1,7.0,late25,True
A-G1.042-C2,7961,0,0.25,3,,early25,False
A-G1.042-C2,7961,0,8.25,1,8.0,early25,False
A-G1.042-C2,7961,0,17.25,1,9.0,early25,False
A-G1.042-C2,7961,0,39.25,1,22.0,early25,False
A-G1.042-C2,7961,0,54.5,1,15.25,early25,False
A-G1.042-C2,7961,0,109.0,1,54.5,early25,False
A-G1.042-C2,7961,0,112.25,1,3.25,early25,False
A-G1.042-C2,7961,0,116.75,1,4.5,early25,False
A-G1.042-C2,7961,0,170.25,1,53.5,early25,False
A-G1.042-C2,7961,0,177.5,1,7.25,early25,False
A-G1.042-C2,7961,0,209.25,1,31.75,early25,False
A-G1.042-C2,7961,0,218.75,1,9.5,early25,False
A-G1.042-C2,7961,0,228.75,1,10.0,early25,False
A-G1.042-C2,7961,0,234.75,1,6.0,early25,False
A-G1.042-C2,7961,0,244.25,1,9.5,middle50,False
A-G1.042-C2,7961,0,282.75,1,38.5,middle50,False
A-G1.042-C2,7961,0,289.25,1,6.5,middle50,False
A-G1.042-C2,7961,0,299.5,1,10.25,middle50,False
A-G1.042-C2,7961,0,331.75,1,32.25,middle50,False
A-G1.042-C2,7961,0,343.75,1,12.0,middle50,False
A-G1.042-C2,7961,0,349.5,1,5.75,middle50,False
A-G1.042-C2,7961,0,354.5,1,5.0,middle50,False
A-G1.042-C2,7961,0,366.5,1,12.0,middle50,False
A-G1.042-C2,7961,0,524.0,1,157.5,middle50,False
A-G1.042-C2,7961,0,532.0,1,8.0,middle50,False
A-G1.042-C2,7961,0,535.5,1,3.5,middle50,False
A-G1.042-C2,7961,0,572.25,1,36.75,middle50,False
A-G1.042-C2,7961,0,577.0,1,4.75,middle50,False
A-G1.042-C2,7961,0,584.75,1,7.75,middle50,False
A-G1.042-C2,7961,0,588.75,1,4.0,middle50,False
A-G1.042-C2,7961,0,594.25,1,5.5,middle50,False
A-G1.042-C2,7961,0,597.0,1,2.75,middle50,False
A-G1.042-C2,7961,0,601.75,1,4.75,middle50,False
A-G1.042-C2,7961,0,610.75,1,9.0,middle50,False
A-G1.042-C2,7961,0,755.5,1,144.75,late25,False
A-G1.042-C2,7961,0,760.75,1,5.25,late25,False
A-G1.042-C2,7961,0,773.75,1,13.0,late25,False
A-G1.042-C2,7961,0,779.75,1,6.0,late25,False
A-G1.042-C2,7961,0,789.75,1,10.0,late25,False
A-G1.042-C2,7961,0,812.25,2,22.5,late25,False
A-G1.042-C2,7961,0,821.75,1,9.5,late25,False
A-G1.042-C2,7961,0,828.0,11,6.25,late25,False
A-G1.042-C2,7961,0,835.5,1,7.5,late25,False
A-G1.042-C2,7961,1,989.75,1,154.25,early25,False
A-G1.042-C2,7961,1,992.0,2,2.25,early25,False
A-G1.042-C2,7961,1,994.0,1,2.0,early25,False
A-G1.042-C2,7961,1,1000.25,1,6.25,early25,False
A-G1.042-C2,7961,1,1027.5,1,27.25,early25,False
A-G1.042-C2,7961,1,1033.25,2,5.75,early25,False
A-G1.042-C2,7961,1,1040.25,3,7.0,early25,False
A-G1.042-C2,7961,1,1046.75,2,6.5,early25,False
A-G1.042-C2,7961,1,1050.0,1,3.25,early25,False
A-G1.042-C2,7961,1,1055.0,2,5.0,early25,False
A-G1.042-C2,7961,1,1064.75,19,9.75,early25,False
A-G1.042-C2,7961,1,1101.5,1,36.75,early25,False
A-G1.042-C2,7961,1,1136.0,1,34.5,early25,False
A-G1.042-C2,7961,1,1139.0,1,3.0,early25,False
A-G1.042-C2,7961,1,1145.25,2,6.25,early25,False
A-G1.042-C2,7961,1,1148.75,1,3.5,middle50,False
A-G1.042-C2,7961,1,1155.5,1,6.75,middle50,False
A-G1.042-C2,7961,1,1161.75,2,6.25,middle50,False
A-G1.042-C2,7961,1,1165.0,1,3.25,middle50,False
A-G1.042-C2,7961,1,1168.25,1,3.25,middle50,False
A-G1.042-C2,7961,1,1315.75,1,147.5,middle50,False
A-G1.042-C2,7961,1,1319.0,1,3.25,middle50,False
A-G1.042-C2,7961,1,1323.75,2,4.75,middle50,False
A-G1.042-C2,7961,1,1330.5,1,6.75,middle50,False
A-G1.042-C2,7961,1,1333.5,1,3.0,middle50,False
A-G1.042-C2,7961,1,1338.5,1,5.0,middle50,False
A-G1.042-C2,7961,1,1342.25,1,3.75,middle50,False
A-G1.042-C2,7961,1,1370.5,1,28.25,middle50,False
A-G1.042-C2,7961,1,1377.0,1,6.5,middle50,False
A-G1.042-C2,7961,1,1380.75,2,3.75,middle50,False
A-G1.042-C2,7961,1,1384.0,1,3.25,middle50,False
A-G1.042-C2,7961,1,1390.75,1,6.75,middle50,False
A-G1.042-C2,7961,1,1395.25,1,4.5,middle50,False
A-G1.042-C2,7961,1,1398.5,1,3.25,middle50,False
A-G1.042-C2,7961,1,1401.75,1,3.25,middle50,False
A-G1.042-C2,7961,1,1541.75,2,140.0,late25,False
A-G1.042-C2,7961,1,1545.25,1,3.5,late25,False
A-G1.042-C2,7961,1,1549.0,1,3.75,late25,False
A-G1.042-C2,7961,1,1558.75,1,9.75,late25,False
A-G1.042-C2,7961,1,1562.0,1,3.25,late25,False
A-G1.042-C2,7961,1,1591.75,1,29.75,late25,False
A-G1.042-C2,7961,1,1595.0,1,3.25,late25,False
A-G1.042-C2,7961,1,1599.5,1,4.5,late25,False
A-G1.042-C2,7961,1,1603.0,1,3.5,late25,False
A-G1.042-C2,7961,1,1605.25,1,2.25,late25,False
A-G1.042-C2,7961,1,1609.5,1,4.25,late25,False
A-G1.042-C2,7961,1,1611.5,1,2.0,late25,False
A-G1.042-C2,7961,1,1615.0,1,3.5,late25,False
A-G1.042-C2,7961,1,1620.75,1,5.75,late25,False
A-G1.042-C2,7961,1,1628.0,1,7.25,late25,False
A-G1.042-C2,7961,2,1750.0,2,122.0,early25,False
A-G1.042-C2,7961,2,1754.0,1,4.0,early25,False
A-G1.042-C2,7961,2,1756.5,1,2.5,early25,False
A-G1.042-C2,7961,2,1760.25,2,3.75,early25,False
A-G1.042-C2,7961,2,1764.5,2,4.25,early25,False
A-G1.042-C2,7961,2,1769.25,2,4.75,early25,False
A-G1.042-C2,7961,2,1775.25,3,6.0,early25,False
A-G1.042-C2,7961,2,1781.25,2,6.0,early25,False
A-G1.042-C2,7961,2,1806.75,1,25.5,early25,False
A-G1.042-C2,7961,2,1811.25,2,4.5,early25,False
A-G1.042-C2,7961,2,1815.0,25,3.75,early25,False
A-G1.042-C2,7961,2,1816.5,1,1.5,early25,False
A-G1.042-C2,7961,2,1821.5,1,5.0,early25,False
A-G1.042-C2,7961,2,1833.25,2,11.75,early25,False
A-G1.042-C2,7961,2,1854.75,1,21.5,early25,False
A-G1.042-C2,7961,2,1857.5,2,2.75,early25,False
A-G1.042-C2,7961,2,1861.0,1,3.5,early25,False
A-G1.042-C2,7961,2,1863.5,1,2.5,early25,False
A-G1.042-C2,7961,2,1870.75,2,7.25,early25,False
A-G1.042-C2,7961,2,1883.5,2,12.75,early25,False
A-G1.042-C2,7961,2,1911.0,1,27.5,early25,False
A-G1.042-C2,7961,2,1916.25,3,5.25,early25,False
A-G1.042-C2,7961,2,1921.5,2,5.25,early25,False
A-G1.042-C2,7961,2,1929.75,3,8.25,early25,False
A-G1.042-C2,7961,2,1933.75,2,4.0,early25,False
A-G1.042-C2,7961,2,1938.5,2,4.75,early25,False
A-G1.042-C2,7961,2,1946.0,1,7.5,early25,False
A-G1.042-C2,7961,2,1966.5,2,20.5,early25,False
A-G1.042-C2,7961,2,1970.5,1,4.0,early25,False
A-G1.042-C2,7961,2,1974.25,2,3.75,early25,False
A-G1.042-C2,7961,2,1979.0,2,4.75,early25,False
A-G1.042-C2,7961,2,1982.75,2,3.75,early25,False
A-G1.042-C2,7961,2,1987.5,2,4.75,early25,False
A-G1.042-C2,7961,2,2019.0,2,31.5,middle50,False
A-G1.042-C2,7961,2,2024.75,1,5.75,middle50,False
A-G1.042-C2,7961,2,2028.75,1,4.0,middle50,False
A-G1.042-C2,7961,2,2031.0,1,2.25,middle50,False
A-G1.042-C2,7961,2,2033.25,1,2.25,middle50,False
A-G1.042-C2,7961,2,2038.75,2,5.5,middle50,False
A-G1.042-C2,7961,2,2044.25,2,5.5,middle50,False
A-G1.042-C2,7961,2,2052.75,2,8.5,middle50,False
A-G1.042-C2,7961,2,2195.0,1,142.25,middle50,False
A-G1.042-C2,7961,2,2198.0,1,3.0,middle50,False
A-G1.042-C2,7961,2,2202.0,1,4.0,middle50,False
A-G1.042-C2,7961,2,2206.5,2,4.5,middle50,False
A-G1.042-C2,7961,2,2215.0,2,8.5,middle50,False
A-G1.042-C2,7961,2,2222.75,2,7.75,middle50,False
A-G1.042-C2,7961,2,2250.0,1,27.25,middle50,False
A-G1.042-C2,7961,2,2254.25,1,4.25,middle50,False
A-G1.042-C2,7961,2,2256.5,1,2.25,middle50,False
A-G1.042-C2,7961,2,2259.5,1,3.0,middle50,False
A-G1.042-C2,7961,2,2262.75,1,3.25,middle50,False
A-G1.042-C2,7961,2,2264.75,1,2.0,middle50,False
A-G1.042-C2,7961,2,2267.75,1,3.0,middle50,False
A-G1.042-C2,7961,2,2272.0,2,4.25,middle50,False
A-G1.042-C2,7961,2,2278.75,2,6.75,middle50,False
A-G1.042-C2,7961,2,2281.0,2,2.25,middle50,False
A-G1.042-C2,7961,2,2287.5,1,6.5,middle50,False
A-G1.042-C2,7961,2,2293.5,4,6.0,middle50,False
A-G1.042-C2,7961,2,2418.0,1,124.5,middle50,False
A-G1.042-C2,7961,2,2424.75,1,6.75,middle50,False
A-G1.042-C2,7961,2,2428.5,1,3.75,middle50,False
A-G1.042-C2,7961,2,2431.75,1,3.25,middle50,False
A-G1.042-C2,7961,2,2434.5,1,2.75,middle50,False
A-G1.042-C2,7961,2,2438.25,1,3.75,middle50,False
A-G1.042-C2,7961,2,2442.5,2,4.25,middle50,False
A-G1.042-C2,7961,2,2446.25,1,3.75,middle50,False
A-G1.042-C2,7961,2,2450.5,1,4.25,middle50,False
A-G1.042-C2,7961,2,2473.75,1,23.25,middle50,False
A-G1.042-C2,7961,2,2476.75,13,3.0,middle50,False
A-G1.042-C2,7961,2,2484.5,1,7.75,middle50,False
A-G1.042-C2,7961,2,2488.25,1,3.75,middle50,False
A-G1.042-C2,7961,2,2489.75,1,1.5,middle50,False
A-G1.042-C2,7961,2,2491.25,1,1.5,middle50,False
A-G1.042-C2,7961,2,2505.0,2,13.75,middle50,False
A-G1.042-C2,7961,2,2646.25,2,141.25,late25,False
A-G1.042-C2,7961,2,2650.25,1,4.0,late25,False
A-G1.042-C2,7961,2,2652.75,1,2.5,late25,False
A-G1.042-C2,7961,2,2662.0,2,9.25,late25,False
A-G1.042-C2,7961,2,2667.25,1,5.25,late25,False
A-G1.042-C2,7961,2,2698.5,1,31.25,late25,False
A-G1.042-C2,7961,2,2701.5,1,3.0,late25,False
A-G1.042-C2,7961,2,2705.5,1,4.0,late25,False
A-G1.042-C2,7961,2,2709.5,2,4.0,late25,False
A-G1.042-C2,7961,2,2720.0,1,10.5,late25,False
A-G1.042-C2,7961,2,2721.5,1,1.5,late25,False
A-G1.042-C2,7961,2,2726.75,2,5.25,late25,False
A-G1.042-C2,7961,3,2858.25,2,131.5,early25,True
A-G1.042-C2,7961,3,2861.75,1,3.5,early25,True
A-G1.042-C2,7961,3,2864.75,1,3.0,early25,True
A-G1.042-C2,7961,3,2868.75,2,4.0,early25,True
A-G1.042-C2,7961,3,2872.5,1,3.75,early25,True
A-G1.042-C2,7961,3,2876.5,3,4.0,early25,True
A-G1.042-C2,7961,3,2880.75,3,4.25,early25,True
A-G1.042-C2,7961,3,2887.0,3,6.25,early25,True
A-G1.042-C2,7961,3,2914.75,1,27.75,early25,True
A-G1.042-C2,7961,3,2916.5,1,1.75,early25,True
A-G1.042-C2,7961,3,2922.0,1,5.5,early25,True
A-G1.042-C2,7961,3,2928.75,3,6.75,early25,True
A-G1.042-C2,7961,3,2935.25,1,6.5,early25,True
A-G1.042-C2,7961,3,2937.0,1,1.75,early25,True
A-G1.042-C2,7961,3,2939.0,2,2.0,early25,True
A-G1.042-C2,7961,3,2950.0,3,11.0,early25,True
A-G1.042-C2,7961,3,2967.0,2,17.0,early25,True
A-G1.042-C2,7961,3,2973.0,1,6.0,early25,True
A-G1.042-C2,7961,3,2974.25,1,1.25,early25,True
A-G1.042-C2,7961,3,2984.75,2,10.5,early25,True
A-G1.042-C2,7961,3,2989.75,2,5.0,early25,True
A-G1.042-C2,7961,3,3022.25,2,32.5,early25,True
A-G1.042-C2,7961,3,3029.25,1,7.0,early25,True
A-G1.042-C2,7961,3,3033.5,1,4.25,middle50,True
A-G1.042-C2,7961,3,3043.0,2,9.5,middle50,True
A-G1.042-C2,7961,3,3046.5,2,3.5,middle50,True
A-G1.042-C2,7961,3,3070.75,2,24.25,middle50,True
A-G1.042-C2,7961,3,3077.75,3,7.0,middle50,True
A-G1.042-C2,7961,3,3083.25,1,5.5,middle50,True
A-G1.042-C2,7961,3,3087.75,2,4.5,middle50,True
A-G1.042-C2,7961,3,3093.0,2,5.25,middle50,True
A-G1.042-C2,7961,3,3125.0,2,32.0,middle50,True
A-G1.042-C2,7961,3,3127.75,1,2.75,middle50,True
A-G1.042-C2,7961,3,3134.25,1,6.5,middle50,True
A-G1.042-C2,7961,3,3146.75,2,12.5,middle50,True
A-G1.042-C2,7961,3,3152.75,2,6.0,middle50,True
A-G1.042-C2,7961,3,3170.5,1,17.75,middle50,True
A-G1.042-C2,7961,3,3174.75,1,4.25,middle50,True
A-G1.042-C2,7961,3,3179.75,1,5.0,middle50,True
A-G1.042-C2,7961,3,3184.5,1,4.75,middle50,True
A-G1.042-C2,7961,3,3188.75,1,4.25,middle50,True
A-G1.042-C2,7961,3,3193.0,1,4.25,middle50,True
A-G1.042-C2,7961,3,3196.5,1,3.5,middle50,True
A-G1.042-C2,7961,3,3201.5,11,5.0,middle50,True
A-G1.042-C2,7961,3,3225.25,1,23.75,middle50,True
A-G1.042-C2,7961,3,3240.0,1,14.75,middle50,True
A-G1.042-C2,7961,3,3243.25,1,3.25,middle50,True
A-G1.042-C2,7961,3,3250.25,1,7.0,middle50,True
A-G1.042-C2,7961,3,3256.5,1,6.25,middle50,True
A-G1.042-C2,7961,3,3264.75,2,8.25,middle50,True
A-G1.042-C2,7961,3,3277.75,2,13.0,middle50,True
A-G1.042-C2,7961,3,3281.0,1,3.25,middle50,True
A-G1.042-C2,7961,3,3289.0,1,8.0,middle50,True
A-G1.042-C2,7961,3,3293.0,1,4.0,middle50,True
A-G1.042-C2,7961,3,3296.5,1,3.5,middle50,True
A-G1.042-C2,7961,3,3299.5,1,3.0,middle50,True
A-G1.042-C2,7961,3,3303.0,1,3.5,middle50,True
A-G1.042-C2,7961,3,3307.25,8,4.25,middle50,True
A-G1.042-C2,7961,3,3329.5,1,22.25,middle50,True
A-G1.042-C2,7961,3,3336.0,1,6.5,middle50,True
A-G1.042-C2,7961,3,3343.0,1,7.0,middle50,True
A-G1.042-C2,7961,3,3348.5,1,5.5,middle50,True
A-G1.042-C2,7961,3,3357.0,1,8.5,middle50,True
A-G1.042-C2,7961,3,3362.25,1,5.25,middle50,True
A-G1.042-C2,7961,3,3370.75,4,8.5,middle50,True
A-G1.042-C2,7961,3,3379.25,1,8.5,middle50,True
A-G1.042-C2,7961,3,3387.75,1,8.5,middle50,True
A-G1.042-C2,7961,3,3396.25,1,8.5,middle50,True
A-G1.042-C2,7961,3,3408.75,1,12.5,middle50,True
A-G1.042-C2,7961,3,3438.25,1,29.5,late25,True
A-G1.042-C2,7961,3,3443.25,1,5.0,late25,True
A-G1.042-C2,7961,3,3451.75,1,8.5,late25,True
A-G1.042-C2,7961,3,3458.25,1,6.5,late25,True
A-G1.042-C2,7961,3,3462.25,1,4.0,late25,True
A-G1.042-C2,7961,3,3471.75,1,9.5,late25,True
A-G1.042-C2,7961,3,3489.75,1,18.0,late25,True
A-G1.042-C2,7961,3,3507.25,1,17.5,late25,True
A-G1.042-C2,7961,3,3543.0,1,35.75,late25,True
A-G1.042-C2,7961,3,3547.5,1,4.5,late25,True
A-G1.042-C2,7961,3,3554.25,1,6.75,late25,True
A-G1.042-C2,7961,3,3559.0,1,4.75,late25,True
A-G1.042-C2,7961,3,3563.75,1,4.75,late25,True
A-G1.042-C2,7961,3,3570.0,1,6.25,late25,True
A-G1.042-C2,7961,3,3584.0,4,14.0,late25,True
A-G1.042-C2,15880,0,0.25,3,,early25,False
A-G1.042-C2,15880,0,9.5,1,9.25,early25,False
A-G1.042-C2,15880,0,25.5,1,16.0,early25,False
A-G1.042-C2,15880,0,40.0,1,14.5,early25,False
A-G1.042-C2,15880,0,43.0,1,3.0,early25,False
A-G1.042-C2,15880,0,91.0,1,48.0,early25,False
A-G1.042-C2,15880,0,95.5,1,4.5,early25,False
A-G1.042-C2,15880,0,98.75,1,3.25,early25,False
A-G1.042-C2,15880,0,103.0,1,4.25,early25,False
A-G1.042-C2,15880,0,117.5,1,14.5,early25,False
A-G1.042-C2,15880,0,161.25,1,43.75,early25,False
A-G1.042-C2,15880,0,175.25,1,14.0,early25,False
A-G1.042-C2,15880,0,184.25,1,9.0,early25,False
A-G1.042-C2,15880,0,212.75,1,28.5,early25,False
A-G1.042-C2,15880,0,222.5,1,9.75,early25,False
A-G1.042-C2,15880,0,232.0,1,9.5,early25,False
A-G1.042-C2,15880,0,238.0,1,6.0,middle50,False
A-G1.042-C2,15880,0,274.75,1,36.75,middle50,False
A-G1.042-C2,15880,0,290.0,1,15.25,middle50,False
A-G1.042-C2,15880,0,292.75,1,2.75,middle50,False
A-G1.042-C2,15880,0,302.25,1,9.5,middle50,False
A-G1.042-C2,15880,0,334.75,1,32.5,middle50,False
A-G1.042-C2,15880,0,340.75,1,6.0,middle50,False
A-G1.042-C2,15880,0,342.25,1,1.5,middle50,False
A-G1.042-C2,15880,0,354.25,1,12.0,middle50,False
A-G1.042-C2,15880,0,365.5,1,11.25,middle50,False
A-G1.042-C2,15880,0,514.25,1,148.75,middle50,False
A-G1.042-C2,15880,0,522.5,1,8.25,middle50,False
A-G1.042-C2,15880,0,533.75,1,11.25,middle50,False
A-G1.042-C2,15880,0,538.75,1,5.0,middle50,False
A-G1.042-C2,15880,0,574.5,1,35.75,middle50,False
A-G1.042-C2,15880,0,581.5,1,7.0,middle50,False
A-G1.042-C2,15880,0,585.5,1,4.0,middle50,False
A-G1.042-C2,15880,0,590.0,1,4.5,middle50,False
A-G1.042-C2,15880,0,597.0,1,7.0,middle50,False
A-G1.042-C2,15880,0,746.75,1,149.75,late25,False
A-G1.042-C2,15880,0,752.25,1,5.5,late25,False
A-G1.042-C2,15880,0,759.75,1,7.5,late25,False
A-G1.042-C2,15880,0,765.75,1,6.0,late25,False
A-G1.042-C2,15880,0,774.0,1,8.25,late25,False
A-G1.042-C2,15880,0,809.5,1,35.5,late25,False
A-G1.042-C2,15880,0,813.75,1,4.25,late25,False
A-G1.042-C2,15880,0,817.25,1,3.5,late25,False
A-G1.042-C2,15880,0,823.25,1,6.0,late25,False
A-G1.042-C2,15880,0,827.25,1,4.0,late25,False
A-G1.042-C2,15880,1,973.5,2,146.25,early25,False
A-G1.042-C2,15880,1,976.5,1,3.0,early25,False
A-G1.042-C2,15880,1,979.5,1,3.0,early25,False
A-G1.042-C2,15880,1,984.75,2,5.25,early25,False
A-G1.042-C2,15880,1,991.0,1,6.25,early25,False
A-G1.042-C2,15880,1,996.5,2,5.5,early25,False
A-G1.042-C2,15880,1,1003.5,2,7.0,early25,False
A-G1.042-C2,15880,1,1031.5,2,28.0,early25,False
A-G1.042-C2,15880,1,1034.75,1,3.25,early25,False
A-G1.042-C2,15880,1,1039.25,1,4.5,early25,False
A-G1.042-C2,15880,1,1043.0,24,3.75,early25,False
A-G1.042-C2,15880,1,1048.0,1,5.0,early25,False
A-G1.042-C2,15880,1,1058.0,1,10.0,early25,False
A-G1.042-C2,15880,1,1060.75,1,2.75,early25,False
A-G1.042-C2,15880,1,1061.25,1,0.5,early25,False
A-G1.042-C2,15880,1,1088.0,1,26.75,early25,False
A-G1.042-C2,15880,1,1091.25,1,3.25,early25,False
A-G1.042-C2,15880,1,1099.0,1,7.75,early25,False
A-G1.042-C2,15880,1,1103.5,1,4.5,early25,False
A-G1.042-C2,15880,1,1108.75,2,5.25,early25,False
A-G1.042-C2,15880,1,1140.5,1,31.75,early25,False
A-G1.042-C2,15880,1,1147.25,2,6.75,early25,False
A-G1.042-C2,15880,1,1153.75,1,6.5,early25,False
A-G1.042-C2,15880,1,1162.25,1,8.5,early25,False
A-G1.042-C2,15880,1,1165.75,1,3.5,early25,False
A-G1.042-C2,15880,1,1167.5,1,1.75,early25,False
A-G1.042-C2,15880,1,1321.5,1,154.0,middle50,False
A-G1.042-C2,15880,1,1325.5,1,4.0,middle50,False
A-G1.042-C2,15880,1,1329.75,1,4.25,middle50,False
A-G1.042-C2,15880,1,1334.0,1,4.25,middle50,False
A-G1.042-C2,15880,1,1338.25,1,4.25,middle50,False
A-G1.042-C2,15880,1,1344.5,1,6.25,middle50,False
A-G1.042-C2,15880,1,1376.5,1,32.0,middle50,False
A-G1.042-C2,15880,1,1380.75,1,4.25,middle50,False
A-G1.042-C2,15880,1,1385.25,1,4.5,middle50,False
A-G1.042-C2,15880,1,1388.25,1,3.0,middle50,False
A-G1.042-C2,15880,1,1393.0,1,4.75,middle50,False
A-G1.042-C2,15880,1,1396.25,2,3.25,middle50,False
A-G1.042-C2,15880,1,1401.25,1,5.0,middle50,False
A-G1.042-C2,15880,1,1413.5,5,12.25,middle50,False
A-G1.042-C2,15880,1,1540.75,1,127.25,middle50,False
A-G1.042-C2,15880,1,1547.75,1,7.0,middle50,False
A-G1.042-C2,15880,1,1552.0,1,4.25,middle50,False
A-G1.042-C2,15880,1,1556.0,1,4.0,middle50,False
A-G1.042-C2,15880,1,1559.5,1,3.5,middle50,False
A-G1.042-C2,15880,1,1596.5,1,37.0,middle50,False
A-G1.042-C2,15880,1,1602.0,1,5.5,middle50,False
A-G1.042-C2,15880,1,1606.0,1,4.0,middle50,False
A-G1.042-C2,15880,1,1609.25,1,3.25,middle50,False
A-G1.042-C2,15880,1,1612.25,1,3.0,middle50,False
A-G1.042-C2,15880,1,1619.0,1,6.75,middle50,False
A-G1.042-C2,15880,1,1624.5,1,5.5,middle50,False
A-G1.042-C2,15880,1,1757.5,1,133.0,late25,False
A-G1.042-C2,15880,1,1761.25,1,3.75,late25,False
A-G1.042-C2,15880,1,1766.0,1,4.75,late25,False
A-G1.042-C2,15880,1,1768.5,1,2.5,late25,False
A-G1.042-C2,15880,1,1772.0,1,3.5,late25,False
A-G1.042-C2,15880,1,1775.25,1,3.25,late25,False
A-G1.042-C2,15880,1,1780.75,1,5.5,late25,False
A-G1.042-C2,15880,1,1784.25,1,3.5,late25,False
A-G1.042-C2,15880,1,1816.5,2,32.25,late25,False
A-G1.042-C2,15880,1,1819.25,1,2.75,late25,False
A-G1.042-C2,15880,1,1823.25,1,4.0,late25,False
A-G1.042-C2,15880,1,1827.25,1,4.0,late25,False
A-G1.042-C2,15880,1,1833.0,1,5.75,late25,False
A-G1.042-C2,15880,1,1835.75,1,2.75,late25,False
A-G1.042-C2,15880,1,1841.75,1,6.0,late25,False
A-G1.042-C2,15880,1,1844.25,1,2.5,late25,False
A-G1.042-C2,15880,1,1857.0,4,12.75,late25,False
A-G1.042-C2,15880,1,1956.5,1,99.5,late25,False
A-G1.042-C2,15880,2,1973.5,2,17.0,early25,False
A-G1.042-C2,15880,2,1976.25,2,2.75,early25,False
A-G1.042-C2,15880,2,1979.25,1,3.0,early25,False
A-G1.042-C2,15880,2,1988.5,4,9.25,early25,False
A-G1.042-C2,15880,2,1989.75,2,1.25,early25,False
A-G1.042-C2,15880,2,1997.5,3,7.75,early25,False
A-G1.042-C2,15880,2,2034.0,2,36.5,early25,False
A-G1.042-C2,15880,2,2038.5,2,4.5,early25,False
A-G1.042-C2,15880,2,2042.75,2,4.25,early25,False
A-G1.042-C2,15880,2,2050.75,3,8.0,early25,False
A-G1.042-C2,15880,2,2054.25,3,3.5,early25,False
A-G1.042-C2,15880,2,2057.75,3,3.5,early25,False
A-G1.042-C2,15880,2,2072.5,6,14.75,early25,False
A-G1.042-C2,15880,2,2085.5,3,13.0,early25,False
A-G1.042-C2,15880,2,2088.5,5,3.0,early25,False
A-G1.042-C2,15880,2,2092.75,1,4.25,early25,False
A-G1.042-C2,15880,2,2095.75,2,3.0,early25,False
A-G1.042-C2,15880,2,2099.0,2,3.25,early25,False
A-G1.042-C2,15880,2,2106.5,3,7.5,early25,False
A-G1.042-C2,15880,2,2111.25,1,4.75,early25,False
A-G1.042-C2,15880,2,2141.25,2,30.0,early25,False
A-G1.042-C2,15880,2,2148.0,1,6.75,early25,False
A-G1.042-C2,15880,2,2156.0,2,8.0,middle50,False
A-G1.042-C2,15880,2,2163.25,3,7.25,middle50,False
A-G1.042-C2,15880,2,2168.25,2,5.0,middle50,False
A-G1.042-C2,15880,2,2175.5,3,7.25,middle50,False
A-G1.042-C2,15880,2,2181.5,5,6.0,middle50,False
A-G1.042-C2,15880,2,2320.0,2,138.5,middle50,False
A-G1.042-C2,15880,2,2331.5,1,11.5,middle50,False
A-G1.042-C2,15880,2,2334.5,1,3.0,middle50,False
A-G1.042-C2,15880,2,2338.0,1,3.5,middle50,False
A-G1.042-C2,15880,2,2341.5,1,3.5,middle50,False
A-G1.042-C2,15880,2,2346.0,1,4.5,middle50,False
A-G1.042-C2,15880,2,2350.0,2,4.0,middle50,False
A-G1.042-C2,15880,2,2377.0,1,27.0,middle50,False
A-G1.042-C2,15880,2,2379.75,14,2.75,middle50,False
A-G1.042-C2,15880,2,2384.5,2,4.75,middle50,False
A-G1.042-C2,15880,2,2390.5,3,6.0,middle50,False
A-G1.042-C2,15880,2,2392.25,1,1.75,middle50,False
A-G1.042-C2,15880,2,2393.75,1,1.5,middle50,False
A-G1.042-C2,15880,2,2395.75,1,2.0,middle50,False
A-G1.042-C2,15880,2,2398.25,1,2.5,middle50,False
A-G1.042-C2,15880,2,2407.5,2,9.25,middle50,False
A-G1.042-C2,15880,2,2414.0,4,6.5,middle50,False
A-G1.042-C2,15880,2,2537.5,1,123.5,middle50,False
A-G1.042-C2,15880,2,2543.75,1,6.25,late25,False
A-G1.042-C2,15880,2,2547.75,1,4.0,late25,False
A-G1.042-C2,15880,2,2550.75,1,3.0,late25,False
A-G1.042-C2,15880,2,2555.75,2,5.0,late25,False
A-G1.042-C2,15880,2,2560.0,1,4.25,late25,False
A-G1.042-C2,15880,2,2562.5,1,2.5,late25,False
A-G1.042-C2,15880,2,2593.0,10,30.5,late25,False
A-G1.042-C2,15880,2,2596.0,1,3.0,late25,False
A-G1.042-C2,15880,2,2599.25,1,3.25,late25,False
A-G1.042-C2,15880,2,2600.25,1,1.0,late25,False
A-G1.042-C2,15880,2,2607.75,2,7.5,late25,False
A-G1.042-C2,15880,2,2613.75,1,6.0,late25,False
A-G1.042-C2,15880,2,2616.25,1,2.5,late25,False
A-G1.042-C2,15880,2,2623.0,1,6.75,late25,False
A-G1.042-C2,15880,3,2748.75,2,125.75,early25,True
A-G1.042-C2,15880,3,2751.75,1,3.0,early25,True
A-G1.042-C2,15880,3,2755.25,2,3.5,early25,True
A-G1.042-C2,15880,3,2758.5,1,3.25,early25,True
A-G1.042-C2,15880,3,2763.0,3,4.5,early25,True
A-G1.042-C2,15880,3,2766.75,1,3.75,early25,True
A-G1.042-C2,15880,3,2769.5,1,2.75,early25,True
A-G1.042-C2,15880,3,2773.0,2,3.5,early25,True
A-G1.042-C2,15880,3,2776.25,16,3.25,early25,True
A-G1.042-C2,15880,3,2803.0,1,26.75,early25,True
A-G1.042-C2,15880,3,2805.25,1,2.25,early25,True
A-G1.042-C2,15880,3,2808.25,1,3.0,early25,True
A-G1.042-C2,15880,3,2811.25,1,3.0,early25,True
A-G1.042-C2,15880,3,2812.75,1,1.5,early25,True
A-G1.042-C2,15880,3,2819.25,2,6.5,early25,True
A-G1.042-C2,15880,3,2828.0,3,8.75,early25,True
A-G1.042-C2,15880,3,2830.0,1,2.0,early25,True
A-G1.042-C2,15880,3,2831.75,1,1.75,early25,True
A-G1.042-C2,15880,3,2854.25,1,22.5,early25,True
A-G1.042-C2,15880,3,2858.75,1,4.5,early25,True
A-G1.042-C2,15880,3,2869.0,3,10.25,early25,True
A-G1.042-C2,15880,3,2876.25,2,7.25,early25,True
A-G1.042-C2,15880,3,2879.75,2,3.5,early25,True
A-G1.042-C2,15880,3,2920.25,2,40.5,early25,True
A-G1.042-C2,15880,3,2930.0,2,9.75,early25,True
A-G1.042-C2,15880,3,2933.75,2,3.75,early25,True
A-G1.042-C2,15880,3,2937.5,2,3.75,early25,True
A-G1.042-C2,15880,3,2946.25,4,8.75,early25,True
A-G1.042-C2,15880,3,2957.25,1,11.0,middle50,True
A-G1.042-C2,15880,3,2961.25,2,4.0,middle50,True
A-G1.042-C2,15880,3,2964.5,1,3.25,middle50,True
A-G1.042-C2,15880,3,2967.5,2,3.0,middle50,True
A-G1.042-C2,15880,3,2975.25,2,7.75,middle50,True
A-G1.042-C2,15880,3,2981.75,1,6.5,middle50,True
A-G1.042-C2,15880,3,3014.75,2,33.0,middle50,True
A-G1.042-C2,15880,3,3018.75,1,4.0,middle50,True
A-G1.042-C2,15880,3,3024.25,2,5.5,middle50,True
A-G1.042-C2,15880,3,3029.75,2,5.5,middle50,True
A-G1.042-C2,15880,3,3072.0,1,42.25,middle50,True
A-G1.042-C2,15880,3,3080.0,1,8.0,middle50,True
A-G1.042-C2,15880,3,3085.0,1,5.0,middle50,True
A-G1.042-C2,15880,3,3089.5,1,4.5,middle50,True
A-G1.042-C2,15880,3,3092.75,1,3.25,middle50,True
A-G1.042-C2,15880,3,3100.5,8,7.75,middle50,True
A-G1.042-C2,15880,3,3127.25,1,26.75,middle50,True
A-G1.042-C2,15880,3,3131.0,1,3.75,middle50,True
A-G1.042-C2,15880,3,3137.0,1,6.0,middle50,True
A-G1.042-C2,15880,3,3143.75,1,6.75,middle50,True
A-G1.042-C2,15880,3,3145.75,1,2.0,middle50,True
A-G1.042-C2,15880,3,3150.75,1,5.0,middle50,True
A-G1.042-C2,15880,3,3154.0,1,3.25,middle50,True
A-G1.042-C2,15880,3,3164.75,1,10.75,middle50,True
A-G1.042-C2,15880,3,3188.75,1,24.0,middle50,True
A-G1.042-C2,15880,3,3192.0,1,3.25,middle50,True
A-G1.042-C2,15880,3,3214.75,2,22.75,middle50,True
A-G1.042-C2,15880,3,3247.25,1,32.5,middle50,True
A-G1.042-C2,15880,3,3252.25,1,5.0,middle50,True
A-G1.042-C2,15880,3,3258.25,2,6.0,middle50,True
A-G1.042-C2,15880,3,3264.25,1,6.0,middle50,True
A-G1.042-C2,15880,3,3270.25,1,6.0,middle50,True
A-G1.042-C2,15880,3,3289.0,5,18.75,middle50,True
A-G1.042-C2,15880,3,3301.0,1,12.0,middle50,True
A-G1.042-C2,15880,3,3306.5,1,5.5,middle50,True
A-G1.042-C2,15880,3,3316.75,1,10.25,middle50,True
A-G1.042-C2,15880,3,3354.25,1,37.5,middle50,True
A-G1.042-C2,15880,3,3357.25,1,3.0,middle50,True
A-G1.042-C2,15880,3,3360.0,1,2.75,middle50,True
A-G1.042-C2,15880,3,3364.25,1,4.25,middle50,True
A-G1.042-C2,15880,3,3374.0,2,9.75,middle50,True
A-G1.042-C2,15880,3,3379.0,1,5.0,middle50,True
A-G1.042-C2,15880,3,3381.5,1,2.5,middle50,True
A-G1.042-C2,15880,3,3404.5,1,23.0,late25,True
A-G1.042-C2,15880,3,3407.75,1,3.25,late25,True
A-G1.042-C2,15880,3,3415.75,1,8.0,late25,True
A-G1.042-C2,15880,3,3419.0,1,3.25,late25,True
A-G1.042-C2,15880,3,3425.25,1,6.25,late25,True
A-G1.042-C2,15880,3,3429.25,7,4.0,late25,True
A-G1.042-C2,15880,3,3466.25,1,37.0,late25,True
A-G1.042-C2,15880,3,3470.75,1,4.5,late25,True
A-G1.042-C2,15880,3,3475.75,1,5.0,late25,True
A-G1.042-C2,15880,3,3480.0,1,4.25,late25,True
A-G1.042-C2,15880,3,3487.5,1,7.5,late25,True
A-G1.042-C2,15880,3,3501.5,2,14.0,late25,True
A-G1.042-C2,23799,0,0.25,3,,early25,False
A-G1.042-C2,23799,0,8.25,1,8.0,early25,False
A-G1.042-C2,23799,0,16.5,1,8.25,early25,False
A-G1.042-C2,23799,0,45.75,1,29.25,early25,False
A-G1.042-C2,23799,0,58.0,1,12.25,early25,False
A-G1.042-C2,23799,0,88.75,1,30.75,early25,False
A-G1.042-C2,23799,0,112.25,1,23.5,early25,False
A-G1.042-C2,23799,0,123.75,1,11.5,early25,False
A-G1.042-C2,23799,0,163.0,1,39.25,early25,False
A-G1.042-C2,23799,0,182.0,1,19.0,early25,False
A-G1.042-C2,23799,0,215.25,1,33.25,early25,False
A-G1.042-C2,23799,0,229.75,1,14.5,early25,False
A-G1.042-C2,23799,0,235.75,1,6.0,early25,False
A-G1.042-C2,23799,0,281.25,1,45.5,middle50,False
A-G1.042-C2,23799,0,292.0,1,10.75,middle50,False
A-G1.042-C2,23799,0,296.75,1,4.75,middle50,False
A-G1.042-C2,23799,0,304.5,1,7.75,middle50,False
A-G1.042-C2,23799,0,340.25,1,35.75,middle50,False
A-G1.042-C2,23799,0,346.75,1,6.5,middle50,False
A-G1.042-C2,23799,0,349.25,1,2.5,middle50,False
A-G1.042-C2,23799,0,354.5,1,5.25,middle50,False
A-G1.042-C2,23799,0,359.75,1,5.25,middle50,False
A-G1.042-C2,23799,0,369.5,1,9.75,middle50,False
A-G1.042-C2,23799,0,527.25,1,157.75,middle50,False
A-G1.042-C2,23799,0,532.5,1,5.25,middle50,False
A-G1.042-C2,23799,0,540.5,1,8.0,middle50,False
A-G1.042-C2,23799,0,577.0,1,36.5,middle50,False
A-G1.042-C2,23799,0,580.5,1,3.5,middle50,False
A-G1.042-C2,23799,0,583.0,1,2.5,middle50,False
A-G1.042-C2,23799,0,589.0,1,6.0,middle50,False
A-G1.042-C2,23799,0,598.25,1,9.25,middle50,False
A-G1.042-C2,23799,0,600.25,1,2.0,middle50,False
A-G1.042-C2,23799,0,603.75,1,3.5,middle50,False
A-G1.042-C2,23799,0,758.5,1,154.75,late25,False
A-G1.042-C2,23799,0,767.25,1,8.75,late25,False
A-G1.042-C2,23799,0,771.5,1,4.25,late25,False
A-G1.042-C2,23799,0,779.25,1,7.75,late25,False
A-G1.042-C2,23799,0,783.0,1,3.75,late25,False
A-G1.042-C2,23799,0,818.75,1,35.75,late25,False
A-G1.042-C2,23799,0,820.0,1,1.25,late25,False
A-G1.042-C2,23799,0,826.0,1,6.0,late25,False
A-G1.042-C2,23799,0,831.5,1,5.5,late25,False
A-G1.042-C2,23799,0,836.5,1,5.0,late25,False
A-G1.042-C2,23799,0,840.0,1,3.5,late25,False
A-G1.042-C2,23799,1,977.25,1,137.25,early25,False
A-G1.042-C2,23799,1,980.0,1,2.75,early25,False
A-G1.042-C2,23799,1,984.0,2,4.0,early25,False
A-G1.042-C2,23799,1,986.0,1,2.0,early25,False
A-G1.042-C2,23799,1,991.0,1,5.0,early25,False
A-G1.042-C2,23799,1,996.5,2,5.5,early25,False
A-G1.042-C2,23799,1,1003.0,2,6.5,early25,False
A-G1.042-C2,23799,1,1008.5,1,5.5,early25,False
A-G1.042-C2,23799,1,1037.5,2,29.0,early25,False
A-G1.042-C2,23799,1,1045.0,2,7.5,early25,False
A-G1.042-C2,23799,1,1049.0,2,4.0,early25,False
A-G1.042-C2,23799,1,1055.25,2,6.25,early25,False
A-G1.042-C2,23799,1,1060.75,2,5.5,early25,False
A-G1.042-C2,23799,1,1065.25,2,4.5,early25,False
A-G1.042-C2,23799,1,1072.75,1,7.5,early25,False
A-G1.042-C2,23799,1,1093.5,1,20.75,early25,False
A-G1.042-C2,23799,1,1095.0,1,1.5,early25,False
A-G1.042-C2,23799,1,1096.75,1,1.75,early25,False
A-G1.042-C2,23799,1,1100.25,1,3.5,early25,False
A-G1.042-C2,23799,1,1103.75,1,3.5,early25,False
A-G1.042-C2,23799,1,1113.25,1,9.5,early25,False
A-G1.042-C2,23799,1,1155.5,1,42.25,early25,False
A-G1.042-C2,23799,1,1156.75,1,1.25,early25,False
A-G1.042-C2,23799,1,1162.75,2,6.0,middle50,False
A-G1.042-C2,23799,1,1166.0,1,3.25,middle50,False
A-G1.042-C2,23799,1,1178.5,20,12.5,middle50,False
A-G1.042-C2,23799,1,1187.0,1,8.5,middle50,False
A-G1.042-C2,23799,1,1200.0,1,13.0,middle50,False
A-G1.042-C2,23799,1,1343.0,1,143.0,middle50,False
A-G1.042-C2,23799,1,1350.0,1,7.0,middle50,False
A-G1.042-C2,23799,1,1352.0,1,2.0,middle50,False
A-G1.042-C2,23799,1,1358.25,1,6.25,middle50,False
A-G1.042-C2,23799,1,1364.0,15,5.75,middle50,False
A-G1.042-C2,23799,1,1367.25,1,3.25,middle50,False
A-G1.042-C2,23799,1,1398.75,1,31.5,middle50,False
A-G1.042-C2,23799,1,1401.25,1,2.5,middle50,False
A-G1.042-C2,23799,1,1405.5,1,4.25,middle50,False
A-G1.042-C2,23799,1,1411.75,1,6.25,middle50,False
A-G1.042-C2,23799,1,1416.0,2,4.25,middle50,False
A-G1.042-C2,23799,1,1422.0,2,6.0,middle50,False
A-G1.042-C2,23799,1,1425.5,1,3.5,middle50,False
A-G1.042-C2,23799,1,1561.75,1,136.25,late25,False
A-G1.042-C2,23799,1,1562.75,1,1.0,late25,False
A-G1.042-C2,23799,1,1570.25,1,7.5,late25,False
A-G1.042-C2,23799,1,1574.0,2,3.75,late25,False
A-G1.042-C2,23799,1,1577.75,1,3.75,late25,False
A-G1.042-C2,23799,1,1589.75,1,12.0,late25,False
A-G1.042-C2,23799,1,1619.25,1,29.5,late25,False
A-G1.042-C2,23799,1,1621.75,1,2.5,late25,False
A-G1.042-C2,23799,1,1627.75,1,6.0,late25,False
A-G1.042-C2,23799,1,1630.25,1,2.5,late25,False
A-G1.042-C2,23799,1,1635.25,1,5.0,late25,False
A-G1.042-C2,23799,1,1636.5,1,1.25,late25,False
A-G1.042-C2,23799,1,1639.0,1,2.5,late25,False
A-G1.042-C2,23799,1,1644.25,1,5.25,late25,False
A-G1.042-C2,23799,1,1656.25,1,12.0,late25,False
A-G1.042-C2,23799,1,1662.5,4,6.25,late25,False
A-G1.042-C2,23799,1,1760.25,3,97.75,late25,False
A-G1.042-C2,23799,1,1762.5,4,2.25,late25,False
A-G1.042-C2,23799,2,1779.0,1,16.5,early25,False
A-G1.042-C2,23799,2,1782.25,2,3.25,early25,False
A-G1.042-C2,23799,2,1785.25,2,3.0,early25,False
A-G1.042-C2,23799,2,1790.75,2,5.5,early25,False
A-G1.042-C2,23799,2,1797.0,2,6.25,early25,False
A-G1.042-C2,23799,2,1801.5,1,4.5,early25,False
A-G1.042-C2,23799,2,1809.25,3,7.75,early25,False
A-G1.042-C2,23799,2,1837.0,3,27.75,early25,False
A-G1.042-C2,23799,2,1839.75,1,2.75,early25,False
A-G1.042-C2,23799,2,1843.5,2,3.75,early25,False
A-G1.042-C2,23799,2,1848.0,19,4.5,early25,False
A-G1.042-C2,23799,2,1850.25,1,2.25,early25,False
A-G1.042-C2,23799,2,1861.5,1,11.25,early25,False
A-G1.042-C2,23799,2,1866.5,3,5.0,early25,False
A-G1.042-C2,23799,2,1888.75,1,22.25,early25,False
A-G1.042-C2,23799,2,1892.75,1,4.0,early25,False
A-G1.042-C2,23799,2,1895.25,2,2.5,early25,False
A-G1.042-C2,23799,2,1901.25,2,6.0,early25,False
A-G1.042-C2,23799,2,1904.25,1,3.0,early25,False
A-G1.042-C2,23799,2,1910.25,3,6.0,early25,False
A-G1.042-C2,23799,2,1937.75,2,27.5,early25,False
A-G1.042-C2,23799,2,1942.75,2,5.0,early25,False
A-G1.042-C2,23799,2,1947.0,2,4.25,early25,False
A-G1.042-C2,23799,2,1955.0,2,8.0,early25,False
A-G1.042-C2,23799,2,1960.0,2,5.0,early25,False
A-G1.042-C2,23799,2,1967.5,2,7.5,early25,False
A-G1.042-C2,23799,2,1975.75,1,8.25,early25,False
A-G1.042-C2,23799,2,2121.75,2,146.0,middle50,False
A-G1.042-C2,23799,2,2127.25,2,5.5,middle50,False
A-G1.042-C2,23799,2,2131.75,2,4.5,middle50,False
A-G1.042-C2,23799,2,2139.5,2,7.75,middle50,False
A-G1.042-C2,23799,2,2142.5,2,3.0,middle50,False
A-G1.042-C2,23799,2,2175.25,2,32.75,middle50,False
A-G1.042-C2,23799,2,2178.75,1,3.5,middle50,False
A-G1.042-C2,23799,2,2186.0,1,7.25,middle50,False
A-G1.042-C2,23799,2,2191.0,2,5.0,middle50,False
A-G1.042-C2,23799,2,2197.75,1,6.75,middle50,False
A-G1.042-C2,23799,2,2202.75,1,5.0,middle50,False
A-G1.042-C2,23799,2,2209.75,1,7.0,middle50,False
A-G1.042-C2,23799,2,2343.25,1,133.5,middle50,False
A-G1.042-C2,23799,2,2346.0,1,2.75,middle50,False
A-G1.042-C2,23799,2,2353.75,1,7.75,middle50,False
A-G1.042-C2,23799,2,2358.0,1,4.25,middle50,False
A-G1.042-C2,23799,2,2364.0,2,6.0,middle50,False
A-G1.042-C2,23799,2,2369.25,1,5.25,middle50,False
A-G1.042-C2,23799,2,2372.75,1,3.5,middle50,False
A-G1.042-C2,23799,2,2399.5,1,26.75,middle50,False
A-G1.042-C2,23799,2,2402.0,1,2.5,middle50,False
A-G1.042-C2,23799,2,2405.25,1,3.25,middle50,False
A-G1.042-C2,23799,2,2407.5,1,2.25,middle50,False
A-G1.042-C2,23799,2,2410.5,2,3.0,middle50,False
A-G1.042-C2,23799,2,2413.75,1,3.25,middle50,False
A-G1.042-C2,23799,2,2418.0,2,4.25,middle50,False
A-G1.042-C2,23799,2,2421.75,1,3.75,middle50,False
A-G1.042-C2,23799,2,2423.75,1,2.0,middle50,False
A-G1.042-C2,23799,2,2430.0,2,6.25,middle50,False
A-G1.042-C2,23799,2,2438.25,1,8.25,middle50,False
A-G1.042-C2,23799,2,2444.0,4,5.75,middle50,False
A-G1.042-C2,23799,2,2564.0,1,120.0,late25,False
A-G1.042-C2,23799,2,2573.75,1,9.75,late25,False
A-G1.042-C2,23799,2,2577.0,1,3.25,late25,False
A-G1.042-C2,23799,2,2592.25,1,15.25,late25,False
A-G1.042-C2,23799,2,2596.25,2,4.0,late25,False
A-G1.042-C2,23799,2,2620.75,1,24.5,late25,False
A-G1.042-C2,23799,2,2624.25,1,3.5,late25,False
A-G1.042-C2,23799,2,2627.25,1,3.0,late25,False
A-G1.042-C2,23799,2,2629.5,1,2.25,late25,False
A-G1.042-C2,23799,2,2632.0,1,2.5,late25,False
A-G1.042-C2,23799,2,2635.25,8,3.25,late25,False
A-G1.042-C2,23799,2,2638.0,11,2.75,late25,False
A-G1.042-C2,23799,2,2645.0,1,7.0,late25,False
A-G1.042-C2,23799,2,2646.0,1,1.0,late25,False
A-G1.042-C2,23799,2,2647.75,2,1.75,late25,False
A-G1.042-C2,23799,2,2651.5,1,3.75,late25,False
A-G1.042-C2,23799,2,2653.0,1,1.5,late25,False
A-G1.042-C2,23799,3,2762.5,1,109.5,early25,True
A-G1.042-C2,23799,3,2772.0,1,9.5,early25,True
A-G1.042-C2,23799,3,2776.25,1,4.25,early25,True
A-G1.042-C2,23799,3,2784.0,3,7.75,early25,True
A-G1.042-C2,23799,3,2787.75,2,3.75,early25,True
A-G1.042-C2,23799,3,2795.25,1,7.5,early25,True
A-G1.042-C2,23799,3,2831.75,2,36.5,early25,True
A-G1.042-C2,23799,3,2838.0,3,6.25,early25,True
A-G1.042-C2,23799,3,2842.0,1,4.0,early25,True
A-G1.042-C2,23799,3,2848.25,3,6.25,early25,True
A-G1.042-C2,23799,3,2854.25,2,6.0,early25,True
A-G1.042-C2,23799,3,2858.25,2,4.0,early25,True
A-G1.042-C2,23799,3,2867.75,5,9.5,early25,True
A-G1.042-C2,23799,3,2879.75,1,12.0,early25,True
A-G1.042-C2,23799,3,2883.75,1,4.0,early25,True
A-G1.042-C2,23799,3,2887.0,1,3.25,early25,True
A-G1.042-C2,23799,3,2891.5,1,4.5,early25,True
A-G1.042-C2,23799,3,2896.5,2,5.0,early25,True
A-G1.042-C2,23799,3,2901.0,1,4.5,early25,True
A-G1.042-C2,23799,3,2906.25,2,5.25,early25,True
A-G1.042-C2,23799,3,2910.0,1,3.75,early25,True
A-G1.042-C2,23799,3,2933.75,13,23.75,early25,True
A-G1.042-C2,23799,3,2938.75,2,5.0,early25,True
A-G1.042-C2,23799,3,2943.25,2,4.5,early25,True
A-G1.042-C2,23799,3,2947.75,1,4.5,early25,True
A-G1.042-C2,23799,3,2948.75,1,1.0,early25,True
A-G1.042-C2,23799,3,2961.25,2,12.5,early25,True
A-G1.042-C2,23799,3,2972.5,4,11.25,middle50,True
A-G1.042-C2,23799,3,2982.25,1,9.75,middle50,True
A-G1.042-C2,23799,3,2989.75,1,7.5,middle50,True
A-G1.042-C2,23799,3,2997.25,1,7.5,middle50,True
A-G1.042-C2,23799,3,3000.75,1,3.5,middle50,True
A-G1.042-C2,23799,3,3003.0,2,2.25,middle50,True
A-G1.042-C2,23799,3,3009.75,2,6.75,middle50,True
A-G1.042-C2,23799,3,3038.0,1,28.25,middle50,True
A-G1.042-C2,23799,3,3043.25,1,5.25,middle50,True
A-G1.042-C2,23799,3,3047.5,1,4.25,middle50,True
A-G1.042-C2,23799,3,3054.75,1,7.25,middle50,True
A-G1.042-C2,23799,3,3060.0,2,5.25,middle50,True
A-G1.042-C2,23799,3,3063.5,1,3.5,middle50,True
A-G1.042-C2,23799,3,3067.0,1,3.5,middle50,True
A-G1.042-C2,23799,3,3086.75,1,19.75,middle50,True
A-G1.042-C2,23799,3,3091.25,1,4.5,middle50,True
A-G1.042-C2,23799,3,3095.5,1,4.25,middle50,True
A-G1.042-C2,23799,3,3099.5,1,4.0,middle50,True
A-G1.042-C2,23799,3,3108.75,2,9.25,middle50,True
A-G1.042-C2,23799,3,3140.75,1,32.0,middle50,True
A-G1.042-C2,23799,3,3148.25,1,7.5,middle50,True
A-G1.042-C2,23799,3,3153.5,2,5.25,middle50,True
A-G1.042-C2,23799,3,3161.0,2,7.5,middle50,True
A-G1.042-C2,23799,3,3165.5,1,4.5,middle50,True
A-G1.042-C2,23799,3,3177.25,1,11.75,middle50,True
A-G1.042-C2,23799,3,3195.0,1,17.75,middle50,True
A-G1.042-C2,23799,3,3197.25,1,2.25,middle50,True
A-G1.042-C2,23799,3,3213.0,1,15.75,middle50,True
A-G1.042-C2,23799,3,3216.0,1,3.0,middle50,True
A-G1.042-C2,23799,3,3251.25,1,35.25,middle50,True
A-G1.042-C2,23799,3,3256.5,1,5.25,middle50,True
A-G1.042-C2,23799,3,3269.0,2,12.5,middle50,True
A-G1.042-C2,23799,3,3274.5,1,5.5,middle50,True
A-G1.042-C2,23799,3,3284.0,1,9.5,middle50,True
A-G1.042-C2,23799,3,3310.75,1,26.75,middle50,True
A-G1.042-C2,23799,3,3315.25,1,4.5,middle50,True
A-G1.042-C2,23799,3,3319.75,1,4.5,middle50,True
A-G1.042-C2,23799,3,3327.25,1,7.5,middle50,True
A-G1.042-C2,23799,3,3330.5,1,3.25,middle50,True
A-G1.042-C2,23799,3,3334.5,7,4.0,middle50,True
A-G1.042-C2,23799,3,3366.75,1,32.25,middle50,True
A-G1.042-C2,23799,3,3374.0,1,7.25,middle50,True
A-G1.042-C2,23799,3,3377.75,1,3.75,middle50,True
A-G1.042-C2,23799,3,3382.5,1,4.75,middle50,True
A-G1.042-C2,23799,3,3390.0,1,7.5,late25,True
A-G1.042-C2,23799,3,3399.25,1,9.25,late25,True
A-G1.042-C2,23799,3,3540.5,1,141.25,late25,True
A-G1.042-C2,23799,3,3551.25,1,10.75,late25,True
A-G1.042-C2,23799,3,3557.25,1,6.0,late25,True
A-G1.042-C2,23799,3,3563.0,1,5.75,late25,True
A-G1.042-C2,23799,3,3596.5,1,33.5,late25,True
A-G1.042-C2,31718,0,0.25,3,,early25,False
A-G1.042-C2,31718,0,8.5,1,8.25,early25,False
A-G1.042-C2,31718,0,17.25,1,8.75,early25,False
A-G1.042-C2,31718,0,33.75,1,16.5,early25,False
A-G1.042-C2,31718,0,50.75,1,17.0,early25,False
A-G1.042-C2,31718,0,93.75,1,43.0,early25,False
A-G1.042-C2,31718,0,100.75,1,7.0,early25,False
A-G1.042-C2,31718,0,116.0,1,15.25,early25,False
A-G1.042-C2,31718,0,155.25,1,39.25,early25,False
A-G1.042-C2,31718,0,158.25,1,3.0,early25,False
A-G1.042-C2,31718,0,164.75,1,6.5,early25,False
A-G1.042-C2,31718,0,172.0,1,7.25,early25,False
A-G1.042-C2,31718,0,176.0,1,4.0,early25,False
A-G1.042-C2,31718,0,213.75,1,37.75,early25,False
A-G1.042-C2,31718,0,219.5,1,5.75,early25,False
A-G1.042-C2,31718,0,224.0,1,4.5,early25,False
A-G1.042-C2,31718,0,230.75,1,6.75,early25,False
A-G1.042-C2,31718,0,244.25,1,13.5,middle50,False
A-G1.042-C2,31718,0,279.0,1,34.75,middle50,False
A-G1.042-C2,31718,0,291.5,1,12.5,middle50,False
A-G1.042-C2,31718,0,298.5,1,7.0,middle50,False
A-G1.042-C2,31718,0,326.0,1,27.5,middle50,False
A-G1.042-C2,31718,0,329.75,1,3.75,middle50,False
A-G1.042-C2,31718,0,334.0,1,4.25,middle50,False
A-G1.042-C2,31718,0,338.75,1,4.75,middle50,False
A-G1.042-C2,31718,0,341.0,1,2.25,middle50,False
A-G1.042-C2,31718,0,346.75,1,5.75,middle50,False
A-G1.042-C2,31718,0,348.75,1,2.0,middle50,False
A-G1.042-C2,31718,0,361.5,1,12.75,middle50,False
A-G1.042-C2,31718,0,516.5,1,155.0,middle50,False
A-G1.042-C2,31718,0,523.75,1,7.25,middle50,False
A-G1.042-C2,31718,0,540.5,1,16.75,middle50,False
A-G1.042-C2,31718,0,572.5,1,32.0,middle50,False
A-G1.042-C2,31718,0,580.0,1,7.5,middle50,False
A-G1.042-C2,31718,0,583.75,1,3.75,middle50,False
A-G1.042-C2,31718,0,589.0,1,5.25,middle50,False
A-G1.042-C2,31718,0,595.75,1,6.75,middle50,False
A-G1.042-C2,31718,0,748.5,1,152.75,late25,False
A-G1.042-C2,31718,0,754.0,1,5.5,late25,False
A-G1.042-C2,31718,0,763.5,1,9.5,late25,False
A-G1.042-C2,31718,0,771.75,1,8.25,late25,False
A-G1.042-C2,31718,0,804.75,1,33.0,late25,False
A-G1.042-C2,31718,0,812.0,1,7.25,late25,False
A-G1.042-C2,31718,0,816.5,1,4.5,late25,False
A-G1.042-C2,31718,0,823.25,1,6.75,late25,False
A-G1.042-C2,31718,0,828.0,1,4.75,late25,False
A-G1.042-C2,31718,0,834.25,1,6.25,late25,False
A-G1.042-C2,31718,1,958.5,2,124.25,early25,False
A-G1.042-C2,31718,1,974.0,1,15.5,early25,False
A-G1.042-C2,31718,1,978.0,1,4.0,early25,False
A-G1.042-C2,31718,1,980.25,1,2.25,early25,False
A-G1.042-C2,31718,1,982.75,1,2.5,early25,False
A-G1.042-C2,31718,1,987.5,1,4.75,early25,False
A-G1.042-C2,31718,1,994.25,2,6.75,early25,False
A-G1.042-C2,31718,1,1002.0,3,7.75,early25,False
A-G1.042-C2,31718,1,1008.25,2,6.25,early25,False
A-G1.042-C2,31718,1,1030.5,1,22.25,early25,False
A-G1.042-C2,31718,1,1034.5,2,4.0,early25,False
A-G1.042-C2,31718,1,1039.0,11,4.5,early25,False
A-G1.042-C2,31718,1,1044.25,1,5.25,early25,False
A-G1.042-C2,31718,1,1047.75,1,3.5,early25,False
A-G1.042-C2,31718,1,1050.25,1,2.5,early25,False
A-G1.042-C2,31718,1,1055.5,1,5.25,early25,False
A-G1.042-C2,31718,1,1056.25,1,0.75,early25,False
A-G1.042-C2,31718,1,1057.5,1,1.25,early25,False
A-G1.042-C2,31718,1,1083.5,2,26.0,early25,False
A-G1.042-C2,31718,1,1091.5,1,8.0,middle50,False
A-G1.042-C2,31718,1,1096.0,2,4.5,middle50,False
A-G1.042-C2,31718,1,1100.5,1,4.5,middle50,False
A-G1.042-C2,31718,1,1104.5,1,4.0,middle50,False
A-G1.042-C2,31718,1,1110.0,2,5.5,middle50,False
A-G1.042-C2,31718,1,1114.75,1,4.75,middle50,False
A-G1.042-C2,31718,1,1137.0,1,22.25,middle50,False
A-G1.042-C2,31718,1,1140.5,1,3.5,middle50,False
A-G1.042-C2,31718,1,1143.75,19,3.25,middle50,False
A-G1.042-C2,31718,1,1148.0,1,4.25,middle50,False
A-G1.042-C2,31718,1,1156.5,1,8.5,middle50,False
A-G1.042-C2,31718,1,1161.0,1,4.5,middle50,False
A-G1.042-C2,31718,1,1164.0,1,3.0,middle50,False
A-G1.042-C2,31718,1,1302.75,1,138.75,middle50,False
A-G1.042-C2,31718,1,1308.0,1,5.25,middle50,False
A-G1.042-C2,31718,1,1311.25,1,3.25,middle50,False
A-G1.042-C2,31718,1,1314.75,1,3.5,middle50,False
A-G1.042-C2,31718,1,1319.25,1,4.5,middle50,False
A-G1.042-C2,31718,1,1320.25,1,1.0,middle50,False
A-G1.042-C2,31718,1,1330.5,1,10.25,middle50,False
A-G1.042-C2,31718,1,1360.0,1,29.5,middle50,False
A-G1.042-C2,31718,1,1365.0,2,5.0,late25,False
A-G1.042-C2,31718,1,1369.75,1,4.75,late25,False
A-G1.042-C2,31718,1,1373.25,1,3.5,late25,False
A-G1.042-C2,31718,1,1375.75,1,2.5,late25,False
A-G1.042-C2,31718,1,1378.75,1,3.0,late25,False
A-G1.042-C2,31718,1,1384.25,1,5.5,late25,False
A-G1.042-C2,31718,1,1387.25,1,3.0,late25,False
A-G1.042-C2,31718,1,1388.5,1,1.25,late25,False
A-G1.042-C2,31718,1,1400.5,4,12.0,late25,False
A-G1.042-C2,31718,2,1507.75,2,107.25,early25,False
A-G1.042-C2,31718,2,1521.0,2,13.25,early25,False
A-G1.042-C2,31718,2,1523.25,2,2.25,early25,False
A-G1.042-C2,31718,2,1526.75,2,3.5,early25,False
A-G1.042-C2,31718,2,1530.25,2,3.5,early25,False
A-G1.042-C2,31718,2,1543.25,3,13.0,early25,False
A-G1.042-C2,31718,2,1546.5,2,3.25,early25,False
A-G1.042-C2,31718,2,1548.25,1,1.75,early25,False
A-G1.042-C2,31718,2,1574.75,2,26.5,early25,False
A-G1.042-C2,31718,2,1575.75,1,1.0,early25,False
A-G1.042-C2,31718,2,1579.5,2,3.75,early25,False
A-G1.042-C2,31718,2,1585.75,2,6.25,early25,False
A-G1.042-C2,31718,2,1587.75,2,2.0,early25,False
A-G1.042-C2,31718,2,1588.75,1,1.0,early25,False
A-G1.042-C2,31718,2,1591.5,2,2.75,early25,False
A-G1.042-C2,31718,2,1592.75,1,1.25,early25,False
A-G1.042-C2,31718,2,1593.75,1,1.0,early25,False
A-G1.042-C2,31718,2,1600.5,4,6.75,early25,False
A-G1.042-C2,31718,2,1604.75,2,4.25,early25,False
A-G1.042-C2,31718,2,1618.0,7,13.25,early25,False
A-G1.042-C2,31718,2,1630.25,1,12.25,early25,False
A-G1.042-C2,31718,2,1634.75,1,4.5,early25,False
A-G1.042-C2,31718,2,1639.75,2,5.0,early25,False
A-G1.042-C2,31718,2,1644.75,1,5.0,early25,False
A-G1.042-C2,31718,2,1650.0,2,5.25,early25,False
A-G1.042-C2,31718,2,1654.25,2,4.25,early25,False
A-G1.042-C2,31718,2,1657.25,1,3.0,early25,False
A-G1.042-C2,31718,2,1661.0,2,3.75,early25,False
A-G1.042-C2,31718,2,1685.0,18,24.0,early25,False
A-G1.042-C2,31718,2,1690.0,1,5.0,early25,False
A-G1.042-C2,31718,2,1693.5,1,3.5,early25,False
A-G1.042-C2,31718,2,1697.0,1,3.5,middle50,False
A-G1.042-C2,31718,2,1700.0,2,3.0,middle50,False
A-G1.042-C2,31718,2,1703.75,1,3.75,middle50,False
A-G1.042-C2,31718,2,1708.5,2,4.75,middle50,False
A-G1.042-C2,31718,2,1713.25,3,4.75,middle50,False
A-G1.042-C2,31718,2,1716.75,1,3.5,middle50,False
A-G1.042-C2,31718,2,1860.5,2,143.75,middle50,False
A-G1.042-C2,31718,2,1864.0,2,3.5,middle50,False
A-G1.042-C2,31718,2,1869.5,1,5.5,middle50,False
A-G1.042-C2,31718,2,1875.0,2,5.5,middle50,False
A-G1.042-C2,31718,2,1879.0,1,4.0,middle50,False
A-G1.042-C2,31718,2,1882.25,1,3.25,middle50,False
A-G1.042-C2,31718,2,1886.5,1,4.25,middle50,False
A-G1.042-C2,31718,2,1892.0,2,5.5,middle50,False
A-G1.042-C2,31718,2,1916.75,2,24.75,middle50,False
A-G1.042-C2,31718,2,1919.0,1,2.25,middle50,False
A-G1.042-C2,31718,2,1922.0,1,3.0,middle50,False
A-G1.042-C2,31718,2,1925.5,12,3.5,middle50,False
A-G1.042-C2,31718,2,1931.25,1,5.75,middle50,False
A-G1.042-C2,31718,2,1933.0,1,1.75,middle50,False
A-G1.042-C2,31718,2,1939.0,1,6.0,middle50,False
A-G1.042-C2,31718,2,1945.25,1,6.25,middle50,False
A-G1.042-C2,31718,2,2076.25,1,131.0,middle50,False
A-G1.042-C2,31718,2,2080.25,1,4.0,late25,False
A-G1.042-C2,31718,2,2085.0,1,4.75,late25,False
A-G1.042-C2,31718,2,2088.25,1,3.25,late25,False
A-G1.042-C2,31718,2,2091.0,1,2.75,late25,False
A-G1.042-C2,31718,2,2094.75,1,3.75,late25,False
A-G1.042-C2,31718,2,2098.5,1,3.75,late25,False
A-G1.042-C2,31718,2,2102.75,2,4.25,late25,False
A-G1.042-C2,31718,2,2107.0,1,4.25,late25,False
A-G1.042-C2,31718,2,2133.25,1,26.25,late25,False
A-G1.042-C2,31718,2,2136.25,13,3.0,late25,False
A-G1.042-C2,31718,2,2140.5,1,4.25,late25,False
A-G1.042-C2,31718,2,2142.25,1,1.75,late25,False
A-G1.042-C2,31718,2,2157.0,1,14.75,late25,False
A-G1.042-C2,31718,2,2160.0,1,3.0,late25,False
A-G1.042-C2,31718,2,2162.25,1,2.25,late25,False
A-G1.042-C2,31718,2,2169.75,1,7.5,late25,False
A-G1.042-C2,31718,3,2288.75,1,119.0,early25,True
A-G1.042-C2,31718,3,2291.75,2,3.0,early25,True
A-G1.042-C2,31718,3,2295.0,1,3.25,early25,True
A-G1.042-C2,31718,3,2300.25,3,5.25,early25,True
A-G1.042-C2,31718,3,2305.25,3,5.0,early25,True
A-G1.042-C2,31718,3,2309.75,2,4.5,early25,True
A-G1.042-C2,31718,3,2314.5,1,4.75,early25,True
A-G1.042-C2,31718,3,2318.25,2,3.75,early25,True
A-G1.042-C2,31718,3,2323.0,2,4.75,early25,True
A-G1.042-C2,31718,3,2348.0,2,25.0,early25,True
A-G1.042-C2,31718,3,2353.25,2,5.25,early25,True
A-G1.042-C2,31718,3,2357.25,2,4.0,early25,True
A-G1.042-C2,31718,3,2362.0,18,4.75,early25,True
A-G1.042-C2,31718,3,2366.0,1,4.0,early25,True
A-G1.042-C2,31718,3,2367.25,1,1.25,early25,True
A-G1.042-C2,31718,3,2369.5,1,2.25,early25,True
A-G1.042-C2,31718,3,2371.0,1,1.5,early25,True
A-G1.042-C2,31718,3,2376.0,1,5.0,early25,True
A-G1.042-C2,31718,3,2401.25,1,25.25,early25,True
A-G1.042-C2,31718,3,2402.25,1,1.0,early25,True
A-G1.042-C2,31718,3,2405.0,1,2.75,early25,True
A-G1.042-C2,31718,3,2408.0,1,3.0,early25,True
A-G1.042-C2,31718,3,2411.25,1,3.25,early25,True
A-G1.042-C2,31718,3,2415.25,1,4.0,early25,True
A-G1.042-C2,31718,3,2418.75,2,3.5,early25,True
A-G1.042-C2,31718,3,2424.25,1,5.5,early25,True
A-G1.042-C2,31718,3,2427.75,12,3.5,early25,True
A-G1.042-C2,31718,3,2457.25,1,29.5,early25,True
A-G1.042-C2,31718,3,2464.5,1,7.25,early25,True
A-G1.042-C2,31718,3,2466.5,1,2.0,early25,True
A-G1.042-C2,31718,3,2468.75,1,2.25,early25,True
A-G1.042-C2,31718,3,2470.5,1,1.75,early25,True
A-G1.042-C2,31718,3,2478.75,2,8.25,early25,True
A-G1.042-C2,31718,3,2481.25,1,2.5,early25,True
A-G1.042-C2,31718,3,2483.5,1,2.25,early25,True
A-G1.042-C2,31718,3,2485.5,1,2.0,early25,True
A-G1.042-C2,31718,3,2494.5,1,9.0,early25,True
A-G1.042-C2,31718,3,2500.75,3,6.25,early25,True
A-G1.042-C2,31718,3,2509.0,3,8.25,early25,True
A-G1.042-C2,31718,3,2515.75,2,6.75,early25,True
A-G1.042-C2,31718,3,2520.75,1,5.0,early25,True
A-G1.042-C2,31718,3,2529.0,2,8.25,early25,True
A-G1.042-C2,31718,3,2534.25,1,5.25,early25,True
A-G1.042-C2,31718,3,2569.0,2,34.75,early25,True
A-G1.042-C2,31718,3,2573.25,2,4.25,early25,True
A-G1.042-C2,31718,3,2578.5,2,5.25,early25,True
A-G1.042-C2,31718,3,2583.5,1,5.0,early25,True
A-G1.042-C2,31718,3,2590.5,2,7.0,early25,True
A-G1.042-C2,31718,3,2595.75,1,5.25,early25,True
A-G1.042-C2,31718,3,2626.25,1,30.5,middle50,True
A-G1.042-C2,31718,3,2633.5,2,7.25,middle50,True
A-G1.042-C2,31718,3,2640.5,2,7.0,middle50,True
A-G1.042-C2,31718,3,2650.5,1,10.0,middle50,True
A-G1.042-C2,31718,3,2682.0,1,31.5,middle50,True
A-G1.042-C2,31718,3,2692.5,2,10.5,middle50,True
A-G1.042-C2,31718,3,2699.25,1,6.75,middle50,True
A-G1.042-C2,31718,3,2703.5,1,4.25,middle50,True
A-G1.042-C2,31718,3,2713.75,1,10.25,middle50,True
A-G1.042-C2,31718,3,2719.75,3,6.0,middle50,True
A-G1.042-C2,31718,3,2739.75,2,20.0,middle50,True
A-G1.042-C2,31718,3,2754.25,1,14.5,middle50,True
A-G1.042-C2,31718,3,2788.0,1,33.75,middle50,True
A-G1.042-C2,31718,3,2796.25,2,8.25,middle50,True
A-G1.042-C2,31718,3,2801.25,1,5.0,middle50,True
A-G1.042-C2,31718,3,2803.5,1,2.25,middle50,True
A-G1.042-C2,31718,3,2805.5,1,2.0,middle50,True
A-G1.042-C2,31718,3,2811.25,1,5.75,middle50,True
A-G1.042-C2,31718,3,2820.75,1,9.5,middle50,True
A-G1.042-C2,31718,3,2836.75,1,16.0,middle50,True
A-G1.042-C2,31718,3,2848.75,1,12.0,middle50,True
A-G1.042-C2,31718,3,2857.25,1,8.5,middle50,True
A-G1.042-C2,31718,3,2861.5,1,4.25,middle50,True
A-G1.042-C2,31718,3,2890.0,1,28.5,middle50,True
A-G1.042-C2,31718,3,2897.5,1,7.5,middle50,True
A-G1.042-C2,31718,3,2905.25,1,7.75,middle50,True
A-G1.042-C2,31718,3,2910.0,2,4.75,middle50,True
A-G1.042-C2,31718,3,2919.75,2,9.75,middle50,True
A-G1.042-C2,31718,3,2934.75,4,15.0,middle50,True
A-G1.042-C2,31718,3,3070.0,1,135.25,middle50,True
A-G1.042-C2,31718,3,3079.5,1,9.5,middle50,True
A-G1.042-C2,31718,3,3085.75,1,6.25,middle50,True
A-G1.042-C2,31718,3,3091.5,1,5.75,middle50,True
A-G1.042-C2,31718,3,3097.5,1,6.0,middle50,True
A-G1.042-C2,31718,3,3103.25,1,5.75,middle50,True
A-G1.042-C2,31718,3,3126.5,1,23.25,middle50,True
A-G1.042-C2,31718,3,3132.5,1,6.0,middle50,True
A-G1.042-C2,31718,3,3137.75,1,5.25,middle50,True
A-G1.042-C2,31718,3,3142.5,1,4.75,middle50,True
A-G1.042-C2,31718,3,3148.0,1,5.5,middle50,True
A-G1.042-C2,31718,3,3153.0,1,5.0,middle50,True
A-G1.042-C2,31718,3,3158.75,1,5.75,middle50,True
A-G1.042-C2,31718,3,3303.75,1,145.0,late25,True
A-G1.042-C2,31718,3,3320.0,1,16.25,late25,True
A-G1.042-C2,31718,3,3329.25,1,9.25,late25,True
A-G1.042-C2,31718,3,3360.5,1,31.25,late25,True
A-G1.042-C2,31718,3,3367.25,1,6.75,late25,True
A-G1.042-C2,31718,3,3373.5,5,6.25,late25,True
A-G1.042-C2,31718,3,3376.5,4,3.0,late25,True
A-G1.042-C2,31718,3,3378.5,1,2.0,late25,True
A-G1.042-C2,31718,3,3383.5,1,5.0,late25,True
A-G1.042-C2,31718,3,3388.5,1,5.0,late25,True
A-G1.042-C2,31718,3,3401.25,3,12.75,late25,True
A-G1.042-C2,31718,3,3539.0,1,137.75,late25,True
A-G1.042-C2,31718,3,3543.25,1,4.25,late25,True
A-G1.042-C2,31718,3,3547.5,1,4.25,late25,True
A-G1.042-C2,31718,3,3588.25,1,40.75,late25,True
A-G1.042-C2,31718,3,3593.5,1,5.25,late25,True
A-G1.042-C2,39637,0,0.25,3,,early25,False
A-G1.042-C2,39637,0,9.5,1,9.25,early25,False
A-G1.042-C2,39637,0,18.0,1,8.5,early25,False
A-G1.042-C2,39637,0,29.0,1,11.0,early25,False
A-G1.042-C2,39637,0,33.75,1,4.75,early25,False
A-G1.042-C2,39637,0,50.4999999999,1,16.749999999899998,early25,False
A-G1.042-C2,39637,0,92.4999999999,1,42.0,early25,False
A-G1.042-C2,39637,0,102.4999999999,1,10.0,early25,False
A-G1.042-C2,39637,0,112.4999999999,1,10.0,early25,False
A-G1.042-C2,39637,0,158.9999999999,1,46.500000000000014,early25,False
A-G1.042-C2,39637,0,169.2499999999,1,10.25,early25,False
A-G1.042-C2,39637,0,176.2499999999,1,7.0,early25,False
A-G1.042-C2,39637,0,216.9999999999,1,40.75,early25,False
A-G1.042-C2,39637,0,220.4999999999,1,3.5,early25,False
A-G1.042-C2,39637,0,225.4999999999,1,5.0,early25,False
A-G1.042-C2,39637,0,230.4999999999,1,5.0,early25,False
A-G1.042-C2,39637,0,234.7499999999,1,4.25,middle50,False
A-G1.042-C2,39637,0,270.4999999999,1,35.75,middle50,False
A-G1.042-C2,39637,0,275.7499999999,1,5.25,middle50,False
A-G1.042-C2,39637,0,282.7499999999,1,7.0,middle50,False
A-G1.042-C2,39637,0,292.9999999999,1,10.25,middle50,False
A-G1.042-C2,39637,0,331.2499999999,1,38.25,middle50,False
A-G1.042-C2,39637,0,342.2499999999,1,11.0,middle50,False
A-G1.042-C2,39637,0,344.9999999999,1,2.75,middle50,False
A-G1.042-C2,39637,0,357.9999999999,1,13.0,middle50,False
A-G1.042-C2,39637,0,512.7499999999,1,154.74999999999994,middle50,False
A-G1.042-C2,39637,0,518.9999999999,1,6.25,middle50,False
A-G1.042-C2,39637,0,526.9999999999,1,8.0,middle50,False
A-G1.042-C2,39637,0,529.4999999999,1,2.5,middle50,False
A-G1.042-C2,39637,0,565.7499999999,1,36.25,middle50,False
A-G1.042-C2,39637,0,572.7499999999,1,7.0,middle50,False
A-G1.042-C2,39637,0,574.7499999999,1,2.0,middle50,False
A-G1.042-C2,39637,0,583.9999999999,1,9.25,middle50,False
A-G1.042-C2,39637,0,585.9999999999,1,2.0,middle50,False
A-G1.042-C2,39637,0,592.2499999999,1,6.25,middle50,False
A-G1.042-C2,39637,0,740.4999999999,1,148.25,late25,False
A-G1.042-C2,39637,0,746.4999999999,1,6.0,late25,False
A-G1.042-C2,39637,0,753.2499999999,1,6.75,late25,False
A-G1.042-C2,39637,0,758.2499999999,1,5.0,late25,False
A-G1.042-C2,39637,0,765.2499999999,1,7.0,late25,False
A-G1.042-C2,39637,0,797.7499999999,1,32.5,late25,False
A-G1.042-C2,39637,0,800.2499999999,1,2.5,late25,False
A-G1.042-C2,39637,0,805.2499999999,1,5.0,late25,False
A-G1.042-C2,39637,0,809.4999999999,1,4.25,late25,False
A-G1.042-C2,39637,0,814.4999999999,1,5.0,late25,False
A-G1.042-C2,39637,0,818.4999999999,1,4.0,late25,False
A-G1.042-C2,39637,0,821.2499999999,1,2.75,late25,False
A-G1.042-C2,39637,1,964.4999999999,1,143.25,early25,False
A-G1.042-C2,39637,1,966.9999999999,1,2.5,early25,False
A-G1.042-C2,39637,1,969.9999999999,1,3.0,early25,False
A-G1.042-C2,39637,1,972.7499999999,2,2.75,early25,False
A-G1.042-C2,39637,1,977.9999999999,1,5.25,early25,False
A-G1.042-C2,39637,1,983.9999999999,2,6.0,early25,False
A-G1.042-C2,39637,1,989.4999999999,1,5.5,early25,False
A-G1.042-C2,39637,1,996.2499999999,3,6.75,early25,False
A-G1.042-C2,39637,1,1021.7499999999,1,25.5,early25,False
A-G1.042-C2,39637,1,1025.4999999999,1,3.75,early25,False
A-G1.042-C2,39637,1,1030.4999999999,2,5.0,early25,False
A-G1.042-C2,39637,1,1034.9999999999,23,4.5,early25,False
A-G1.042-C2,39637,1,1045.7499999999,1,10.75,early25,False
A-G1.042-C2,39637,1,1046.9999999999,1,1.25,early25,False
A-G1.042-C2,39637,1,1047.7499999999,1,0.75,early25,False
A-G1.042-C2,39637,1,1068.9999999999,1,21.25,early25,False
A-G1.042-C2,39637,1,1071.7499999999,1,2.75,early25,False
A-G1.042-C2,39637,1,1073.4999999999,1,1.75,early25,False
A-G1.042-C2,39637,1,1080.2499999999,2,6.75,middle50,False
A-G1.042-C2,39637,1,1084.2499999999,1,4.0,middle50,False
A-G1.042-C2,39637,1,1087.9999999999,1,3.75,middle50,False
A-G1.042-C2,39637,1,1092.2499999999,2,4.25,middle50,False
A-G1.042-C2,39637,1,1097.2499999999,1,5.0,middle50,False
A-G1.042-C2,39637,1,1124.9999999999,1,27.75,middle50,False
A-G1.042-C2,39637,1,1128.2499999999,1,3.25,middle50,False
A-G1.042-C2,39637,1,1130.7499999999,1,2.5,middle50,False
A-G1.042-C2,39637,1,1133.7499999999,1,3.0,middle50,False
A-G1.042-C2,39637,1,1137.7499999999,1,4.0,middle50,False
A-G1.042-C2,39637,1,1140.9999999999,1,3.25,middle50,False
A-G1.042-C2,39637,1,1144.2499999999,2,3.25,middle50,False
A-G1.042-C2,39637,1,1147.7499999999,1,3.5,middle50,False
A-G1.042-C2,39637,1,1153.2499999999,1,5.5,middle50,False
A-G1.042-C2,39637,1,1161.2499999999,1,8.0,middle50,False
A-G1.042-C2,39637,1,1309.7499999999,2,148.5,middle50,False
A-G1.042-C2,39637,1,1314.4999999999,1,4.75,middle50,False
A-G1.042-C2,39637,1,1317.4999999999,1,3.0,middle50,False
A-G1.042-C2,39637,1,1321.2499999999,1,3.75,middle50,False
A-G1.042-C2,39637,1,1327.2499999999,1,6.0,middle50,False
A-G1.042-C2,39637,1,1333.2499999999,2,6.0,middle50,False
A-G1.042-C2,39637,1,1369.2499999999,1,36.0,late25,False
A-G1.042-C2,39637,1,1372.2499999999,1,3.0,late25,False
A-G1.042-C2,39637,1,1380.2499999999,2,8.0,late25,False
A-G1.042-C2,39637,1,1384.7499999999,1,4.5,late25,False
A-G1.042-C2,39637,1,1387.4999999999,1,2.75,late25,False
A-G1.042-C2,39637,1,1390.4999999999,1,3.0,late25,False
A-G1.042-C2,39637,1,1403.2499999999,4,12.75,late25,False
A-G1.042-C2,39637,2,1523.2499999999,1,120.0,early25,False
A-G1.042-C2,39637,2,1526.4999999999,1,3.25,early25,False
A-G1.042-C2,39637,2,1529.4999999999,3,3.0,early25,False
A-G1.042-C2,39637,2,1532.4999999999,2,3.0,early25,False
A-G1.042-C2,39637,2,1533.7499999999,1,1.25,early25,False
A-G1.042-C2,39637,2,1535.2499999999,1,1.5,early25,False
A-G1.042-C2,39637,2,1536.4999999999,1,1.25,early25,False
A-G1.042-C2,39637,2,1546.7499999999,4,10.25,early25,False
A-G1.042-C2,39637,2,1590.2499999999,4,43.5,early25,False
A-G1.042-C2,39637,2,1607.9999999999,5,17.75,early25,False
A-G1.042-C2,39637,2,1638.2499999999,2,30.25,early25,False
A-G1.042-C2,39637,2,1643.9999999999,2,5.75,early25,False
A-G1.042-C2,39637,2,1648.4999999999,2,4.5,early25,False
A-G1.042-C2,39637,2,1655.4999999999,3,7.0,early25,False
A-G1.042-C2,39637,2,1661.9999999999,3,6.5,early25,False
A-G1.042-C2,39637,2,1687.2499999999,1,25.25,early25,False
A-G1.042-C2,39637,2,1691.2499999999,2,4.0,early25,False
A-G1.042-C2,39637,2,1695.7499999999,20,4.5,early25,False
A-G1.042-C2,39637,2,1714.9999999999,2,19.25,early25,False
A-G1.042-C2,39637,2,1726.7499999999,7,11.75,early25,False
A-G1.042-C2,39637,2,1739.2499999999,1,12.5,middle50,False
A-G1.042-C2,39637,2,1744.2499999999,2,5.0,middle50,False
A-G1.042-C2,39637,2,1763.7499999999,2,19.5,middle50,False
A-G1.042-C2,39637,2,1800.5,2,36.750000000100044,middle50,False
A-G1.042-C2,39637,2,1802.0,1,1.5,middle50,False
A-G1.042-C2,39637,2,1807.0,3,5.0,middle50,False
A-G1.042-C2,39637,2,1811.5,2,4.5,middle50,False
A-G1.042-C2,39637,2,1816.25,2,4.75,middle50,False
A-G1.042-C2,39637,2,1823.75,3,7.5,middle50,False
A-G1.042-C2,39637,2,1833.0,5,9.25,middle50,False
A-G1.042-C2,39637,2,1975.75,1,142.75,middle50,False
A-G1.042-C2,39637,2,1977.0,1,1.25,middle50,False
A-G1.042-C2,39637,2,1980.0,1,3.0,middle50,False
A-G1.042-C2,39637,2,1983.75,1,3.75,middle50,False
A-G1.042-C2,39637,2,1988.0,1,4.25,middle50,False
A-G1.042-C2,39637,2,1992.5,1,4.5,middle50,False
A-G1.042-C2,39637,2,1996.75,2,4.25,middle50,False
A-G1.042-C2,39637,2,2000.5,1,3.75,middle50,False
A-G1.042-C2,39637,2,2004.75,1,4.25,middle50,False
A-G1.042-C2,39637,2,2028.5,2,23.75,middle50,False
A-G1.042-C2,39637,2,2033.0,1,4.5,middle50,False
A-G1.042-C2,39637,2,2037.0,2,4.0,middle50,False
A-G1.042-C2,39637,2,2041.5,1,4.5,middle50,False
A-G1.042-C2,39637,2,2044.75,2,3.25,middle50,False
A-G1.042-C2,39637,2,2048.75,15,4.0,middle50,False
A-G1.042-C2,39637,2,2053.5,1,4.75,middle50,False
A-G1.042-C2,39637,2,2068.0,5,14.5,middle50,False
A-G1.042-C2,39637,2,2208.5,1,140.5,late25,False
A-G1.042-C2,39637,2,2213.0,1,4.5,late25,False
A-G1.042-C2,39637,2,2218.75,2,5.75,late25,False
A-G1.042-C2,39637,2,2224.25,2,5.5,late25,False
A-G1.042-C2,39637,2,2228.0,1,3.75,late25,False
A-G1.042-C2,39637,2,2230.75,1,2.75,late25,False
A-G1.042-C2,39637,2,2263.5,1,32.75,late25,False
A-G1.042-C2,39637,2,2268.0,1,4.5,late25,False
A-G1.042-C2,39637,2,2270.75,1,2.75,late25,False
A-G1.042-C2,39637,2,2274.75,2,4.0,late25,False
A-G1.042-C2,39637,2,2282.25,2,7.5,late25,False
A-G1.042-C2,39637,2,2286.25,1,4.0,late25,False
A-G1.042-C2,39637,2,2289.25,1,3.0,late25,False
A-G1.042-C2,39637,2,2297.5,1,8.25,late25,False
A-G1.042-C2,39637,2,2303.25,4,5.75,late25,False
A-G1.042-C2,39637,3,2420.9999999999,2,117.74999999989996,early25,True
A-G1.042-C2,39637,3,2424.4999999999,3,3.5,early25,True
A-G1.042-C2,39637,3,2429.7499999999,3,5.25,early25,True
A-G1.042-C2,39637,3,2432.9999999999,1,3.25,early25,True
A-G1.042-C2,39637,3,2438.2499999999,3,5.25,early25,True
A-G1.042-C2,39637,3,2442.9999999999,2,4.75,early25,True
A-G1.042-C2,39637,3,2447.7499999999,2,4.75,early25,True
A-G1.042-C2,39637,3,2453.7499999999,3,6.0,early25,True
A-G1.042-C2,39637,3,2477.9999999999,2,24.25,early25,True
A-G1.042-C2,39637,3,2481.7499999999,2,3.75,early25,True
A-G1.042-C2,39637,3,2484.9999999999,2,3.25,early25,True
A-G1.042-C2,39637,3,2488.2499999999,1,3.25,early25,True
A-G1.042-C2,39637,3,2491.7499999999,2,3.5,early25,True
A-G1.042-C2,39637,3,2495.9999999999,2,4.25,early25,True
A-G1.042-C2,39637,3,2499.9999999999,2,4.0,early25,True
A-G1.042-C2,39637,3,2503.4999999999,2,3.5,early25,True
A-G1.042-C2,39637,3,2507.7499999999,20,4.25,early25,True
A-G1.042-C2,39637,3,2511.2499999999,1,3.5,early25,True
A-G1.042-C2,39637,3,2524.2499999999,1,13.0,early25,True
A-G1.042-C2,39637,3,2527.9999999999,2,3.75,early25,True
A-G1.042-C2,39637,3,2530.4999999999,1,2.5,early25,True
A-G1.042-C2,39637,3,2536.4999999999,1,6.0,early25,True
A-G1.042-C2,39637,3,2544.4999999999,1,8.0,early25,True
A-G1.042-C2,39637,3,2552.9999999999,1,8.5,early25,True
A-G1.042-C2,39637,3,2556.7499999999,2,3.75,early25,True
A-G1.042-C2,39637,3,2579.9999999999,1,23.25,early25,True
A-G1.042-C2,39637,3,2585.4999999999,1,5.5,early25,True
A-G1.042-C2,39637,3,2588.2499999999,1,2.75,early25,True
A-G1.042-C2,39637,3,2591.9999999999,14,3.75,early25,True
A-G1.042-C2,39637,3,2593.9999999999,1,2.0,early25,True
A-G1.042-C2,39637,3,2600.7499999999,1,6.75,early25,True
A-G1.042-C2,39637,3,2603.2499999999,1,2.5,early25,True
A-G1.042-C2,39637,3,2604.7499999999,2,1.5,early25,True
A-G1.042-C2,39637,3,2607.9999999999,2,3.25,early25,True
A-G1.042-C2,39637,3,2609.9999999999,1,2.0,early25,True
A-G1.042-C2,39637,3,2613.7499999999,2,3.75,early25,True
A-G1.042-C2,39637,3,2644.4999999999,1,30.75,early25,True
A-G1.042-C2,39637,3,2650.9999999999,2,6.5,early25,True
A-G1.042-C2,39637,3,2659.7499999999,2,8.75,early25,True
A-G1.042-C2,39637,3,2696.2499999999,1,36.5,early25,True
A-G1.042-C2,39637,3,2702.4999999999,2,6.25,middle50,True
A-G1.042-C2,39637,3,2712.7499999999,2,10.25,middle50,True
A-G1.042-C2,39637,3,2722.9999999999,2,10.25,middle50,True
A-G1.042-C2,39637,3,2753.4999999999,1,30.5,middle50,True
A-G1.042-C2,39637,3,2760.4999999999,1,7.0,middle50,True
A-G1.042-C2,39637,3,2768.2499999999,1,7.75,middle50,True
A-G1.042-C2,39637,3,2778.2499999999,2,10.0,middle50,True
A-G1.042-C2,39637,3,2810.9999999999,1,32.75,middle50,True
A-G1.042-C2,39637,3,2814.9999999999,1,4.0,middle50,True
A-G1.042-C2,39637,3,2818.7499999999,2,3.75,middle50,True
A-G1.042-C2,39637,3,2826.2499999999,1,7.5,middle50,True
A-G1.042-C2,39637,3,2832.2499999999,1,6.0,middle50,True
A-G1.042-C2,39637,3,2837.4999999999,1,5.25,middle50,True
A-G1.042-C2,39637,3,2854.2499999999,1,16.75,middle50,True
A-G1.042-C2,39637,3,2867.2499999999,1,13.0,middle50,True
A-G1.042-C2,39637,3,2873.4999999999,1,6.25,middle50,True
A-G1.042-C2,39637,3,2879.7499999999,1,6.25,middle50,True
A-G1.042-C2,39637,3,2885.9999999999,2,6.25,middle50,True
A-G1.042-C2,39637,3,2920.9999999999,1,35.0,middle50,True
A-G1.042-C2,39637,3,2924.9999999999,1,4.0,middle50,True
A-G1.042-C2,39637,3,2934.2499999999,1,9.25,middle50,True
A-G1.042-C2,39637,3,2939.2499999999,1,5.0,middle50,True
A-G1.042-C2,39637,3,2945.7499999999,1,6.5,middle50,True
A-G1.042-C2,39637,3,2950.7499999999,1,5.0,middle50,True
A-G1.042-C2,39637,3,2974.7499999999,2,24.0,middle50,True
A-G1.042-C2,39637,3,2981.9999999999,1,7.25,middle50,True
A-G1.042-C2,39637,3,2985.7499999999,1,3.75,middle50,True
A-G1.042-C2,39637,3,2992.4999999999,1,6.75,middle50,True
A-G1.042-C2,39637,3,2996.2499999999,1,3.75,middle50,True
A-G1.042-C2,39637,3,3024.7499999999,6,28.5,middle50,True
A-G1.042-C2,39637,3,3029.4999999999,1,4.75,middle50,True
A-G1.042-C2,39637,3,3037.2499999999,1,7.75,middle50,True
A-G1.042-C2,39637,3,3040.2499999999,1,3.0,middle50,True
A-G1.042-C2,39637,3,3046.4999999999,1,6.25,middle50,True
A-G1.042-C2,39637,3,3073.7499999999,1,27.25,middle50,True
A-G1.042-C2,39637,3,3075.7499999999,1,2.0,middle50,True
A-G1.042-C2,39637,3,3081.7499999999,1,6.0,middle50,True
A-G1.042-C2,39637,3,3096.7499999999,1,15.0,middle50,True
A-G1.042-C2,39637,3,3128.7499999999,1,32.0,middle50,True
A-G1.042-C2,39637,3,3133.4999999999,1,4.75,middle50,True
A-G1.042-C2,39637,3,3138.2499999999,1,4.75,middle50,True
A-G1.042-C2,39637,3,3141.4999999999,1,3.25,middle50,True
A-G1.042-C2,39637,3,3144.4999999999,1,3.0,middle50,True
A-G1.042-C2,39637,3,3152.2499999999,1,7.75,middle50,True
A-G1.042-C2,39637,3,3169.7499999999,3,17.5,middle50,True
A-G1.042-C2,39637,3,3311.2499999999,1,141.5,late25,True
A-G1.042-C2,39637,3,3318.4999999999,1,7.25,late25,True
A-G1.042-C2,39637,3,3326.2499999999,1,7.75,late25,True
A-G1.042-C2,39637,3,3328.4999999999,1,2.25,late25,True
A-G1.042-C2,39637,3,3334.2499999999,1,5.75,late25,True
A-G1.042-C2,39637,3,3339.9999999999,1,5.75,late25,True
A-G1.042-C2,39637,3,3367.2499999999,1,27.25,late25,True
A-G1.042-C2,39637,3,3373.2499999999,1,6.0,late25,True
A-G1.042-C2,39637,3,3378.4999999999,1,5.25,late25,True
A-G1.042-C2,39637,3,3388.2499999999,1,9.75,late25,True
A-G1.042-C2,39637,3,3394.7499999999,1,6.5,late25,True
A-G1.042-C2,39637,3,3404.4999999999,3,9.75,late25,True
A-G1.042-C2,39637,3,3559.4999999999,1,155.0,late25,True
A-G1.042-C2,39637,3,3576.9999999999,1,17.5,late25,True
A-G1.042-C2,47556,0,0.25,3,,early25,False
A-G1.042-C2,47556,0,9.5,1,9.25,early25,False
A-G1.042-C2,47556,0,24.0,1,14.5,early25,False
A-G1.042-C2,47556,0,33.0,1,9.0,early25,False
A-G1.042-C2,47556,0,38.5,1,5.5,early25,False
A-G1.042-C2,47556,0,45.0,1,6.5,early25,False
A-G1.042-C2,47556,0,87.25,1,42.25,early25,False
A-G1.042-C2,47556,0,92.5,1,5.25,early25,False
A-G1.042-C2,47556,0,98.25,1,5.75,early25,False
A-G1.042-C2,47556,0,102.5,1,4.25,early25,False
A-G1.042-C2,47556,0,106.25,1,3.75,early25,False
A-G1.042-C2,47556,0,112.5,1,6.25,early25,False
A-G1.042-C2,47556,0,153.0,1,40.5,early25,False
A-G1.042-C2,47556,0,164.0,1,11.0,early25,False
A-G1.042-C2,47556,0,174.25,1,10.25,early25,False
A-G1.042-C2,47556,0,206.75,1,32.5,early25,False
A-G1.042-C2,47556,0,218.0,1,11.25,early25,False
A-G1.042-C2,47556,0,220.5,1,2.5,early25,False
A-G1.042-C2,47556,0,223.0,1,2.5,early25,False
A-G1.042-C2,47556,0,228.0,1,5.0,early25,False
A-G1.042-C2,47556,0,230.75,1,2.75,early25,False
A-G1.042-C2,47556,0,399.5,1,168.75,middle50,False
A-G1.042-C2,47556,0,411.25,1,11.75,middle50,False
A-G1.042-C2,47556,0,417.0,1,5.75,middle50,False
A-G1.042-C2,47556,0,424.5,1,7.5,middle50,False
A-G1.042-C2,47556,0,452.75,2,28.25,middle50,False
A-G1.042-C2,47556,0,459.75,1,7.0,middle50,False
A-G1.042-C2,47556,0,468.75,1,9.0,middle50,False
A-G1.042-C2,47556,0,475.5,13,6.75,middle50,False
A-G1.042-C2,47556,0,676.0,1,200.5,middle50,False
A-G1.042-C2,47556,0,679.25,1,3.25,middle50,False
A-G1.042-C2,47556,0,685.75,1,6.5,middle50,False
A-G1.042-C2,47556,0,689.25,1,3.5,middle50,False
A-G1.042-C2,47556,0,692.5,1,3.25,middle50,False
A-G1.042-C2,47556,0,699.0,1,6.5,middle50,False
A-G1.042-C2,47556,0,703.75,1,4.75,middle50,False
A-G1.042-C2,47556,0,850.0,1,146.25,late25,False
A-G1.042-C2,47556,0,855.25,1,5.25,late25,False
A-G1.042-C2,47556,0,860.5,1,5.25,late25,False
A-G1.042-C2,47556,0,870.75,1,10.25,late25,False
A-G1.042-C2,47556,0,878.25,2,7.5,late25,False
A-G1.042-C2,47556,0,906.0,1,27.75,late25,False
A-G1.042-C2,47556,0,913.25,1,7.25,late25,False
A-G1.042-C2,47556,0,918.0,10,4.75,late25,False
A-G1.042-C2,47556,0,921.5,1,3.5,late25,False
A-G1.042-C2,47556,0,927.5,1,6.0,late25,False
A-G1.042-C2,47556,0,934.0,1,6.5,late25,False
A-G1.042-C2,47556,0,935.5,1,1.5,late25,False
A-G1.042-C2,47556,0,1045.25,1,109.75,late25,False
A-G1.042-C2,47556,1,1067.75,2,22.5,early25,False
A-G1.042-C2,47556,1,1071.25,1,3.5,early25,False
A-G1.042-C2,47556,1,1072.5,1,1.25,early25,False
A-G1.042-C2,47556,1,1074.0,1,1.5,early25,False
A-G1.042-C2,47556,1,1077.0,1,3.0,early25,False
A-G1.042-C2,47556,1,1078.0,1,1.0,early25,False
A-G1.042-C2,47556,1,1082.75,1,4.75,early25,False
A-G1.042-C2,47556,1,1087.5,2,4.75,early25,False
A-G1.042-C2,47556,1,1122.5,1,35.0,early25,False
A-G1.042-C2,47556,1,1125.0,1,2.5,early25,False
A-G1.042-C2,47556,1,1128.25,1,3.25,early25,False
A-G1.042-C2,47556,1,1132.75,2,4.5,early25,False
A-G1.042-C2,47556,1,1137.0,2,4.25,early25,False
A-G1.042-C2,47556,1,1140.0,1,3.0,early25,False
A-G1.042-C2,47556,1,1160.25,1,20.25,early25,False
A-G1.042-C2,47556,1,1179.0,2,18.75,early25,False
A-G1.042-C2,47556,1,1184.5,1,5.5,early25,False
A-G1.042-C2,47556,1,1189.75,2,5.25,middle50,False
A-G1.042-C2,47556,1,1194.5,1,4.75,middle50,False
A-G1.042-C2,47556,1,1197.5,1,3.0,middle50,False
A-G1.042-C2,47556,1,1203.0,1,5.5,middle50,False
A-G1.042-C2,47556,1,1205.75,1,2.75,middle50,False
A-G1.042-C2,47556,1,1234.25,1,28.5,middle50,False
A-G1.042-C2,47556,1,1236.5,1,2.25,middle50,False
A-G1.042-C2,47556,1,1239.5,1,3.0,middle50,False
A-G1.042-C2,47556,1,1241.5,1,2.0,middle50,False
A-G1.042-C2,47556,1,1243.5,1,2.0,middle50,False
A-G1.042-C2,47556,1,1250.5,1,7.0,middle50,False
A-G1.042-C2,47556,1,1255.25,2,4.75,middle50,False
A-G1.042-C2,47556,1,1269.25,1,14.0,middle50,False
A-G1.042-C2,47556,1,1413.5,1,144.25,middle50,False
A-G1.042-C2,47556,1,1416.0,1,2.5,middle50,False
A-G1.042-C2,47556,1,1418.5,1,2.5,middle50,False
A-G1.042-C2,47556,1,1421.25,1,2.75,middle50,False
A-G1.042-C2,47556,1,1423.75,1,2.5,middle50,False
A-G1.042-C2,47556,1,1429.75,1,6.0,middle50,False
A-G1.042-C2,47556,1,1432.75,1,3.0,middle50,False
A-G1.042-C2,47556,1,1436.5,1,3.75,middle50,False
A-G1.042-C2,47556,1,1439.5,1,3.0,middle50,False
A-G1.042-C2,47556,1,1468.0,1,28.5,middle50,False
A-G1.042-C2,47556,1,1470.5,1,2.5,late25,False
A-G1.042-C2,47556,1,1473.75,1,3.25,late25,False
A-G1.042-C2,47556,1,1476.25,1,2.5,late25,False
A-G1.042-C2,47556,1,1480.25,1,4.0,late25,False
A-G1.042-C2,47556,1,1487.0,1,6.75,late25,False
A-G1.042-C2,47556,1,1491.25,1,4.25,late25,False
A-G1.042-C2,47556,1,1493.75,1,2.5,late25,False
A-G1.042-C2,47556,1,1497.0,1,3.25,late25,False
A-G1.042-C2,47556,1,1499.0,1,2.0,late25,False
A-G1.042-C2,47556,2,1628.5,1,129.5,early25,False
A-G1.042-C2,47556,2,1630.25,1,1.75,early25,False
A-G1.042-C2,47556,2,1632.0,2,1.75,early25,False
A-G1.042-C2,47556,2,1633.75,1,1.75,early25,False
A-G1.042-C2,47556,2,1636.75,1,3.0,early25,False
A-G1.042-C2,47556,2,1641.0,2,4.25,early25,False
A-G1.042-C2,47556,2,1644.25,2,3.25,early25,False
A-G1.042-C2,47556,2,1649.25,2,5.0,early25,False
A-G1.042-C2,47556,2,1655.0,2,5.75,early25,False
A-G1.042-C2,47556,2,1659.25,2,4.25,early25,False
A-G1.042-C2,47556,2,1687.0,3,27.75,early25,False
A-G1.042-C2,47556,2,1692.0,3,5.0,early25,False
A-G1.042-C2,47556,2,1697.25,3,5.25,early25,False
A-G1.042-C2,47556,2,1701.0,2,3.75,early25,False
A-G1.042-C2,47556,2,1705.5,28,4.5,early25,False
A-G1.042-C2,47556,2,1710.75,1,5.25,early25,False
A-G1.042-C2,47556,2,1712.25,1,1.5,early25,False
A-G1.042-C2,47556,2,1714.5,1,2.25,early25,False
A-G1.042-C2,47556,2,1722.5,1,8.0,early25,False
A-G1.042-C2,47556,2,1738.75,1,16.25,early25,False
A-G1.042-C2,47556,2,1742.5,1,3.75,early25,False
A-G1.042-C2,47556,2,1746.75,1,4.25,early25,False
A-G1.042-C2,47556,2,1748.25,1,1.5,early25,False
A-G1.042-C2,47556,2,1757.5,1,9.25,early25,False
A-G1.042-C2,47556,2,1758.75,1,1.25,early25,False
A-G1.042-C2,47556,2,1766.25,3,7.5,early25,False
A-G1.042-C2,47556,2,1791.5,1,25.25,early25,False
A-G1.042-C2,47556,2,1799.0,3,7.5,early25,False
A-G1.042-C2,47556,2,1803.0,3,4.0,early25,False
A-G1.042-C2,47556,2,1805.5,1,2.5,early25,False
A-G1.042-C2,47556,2,1811.25,3,5.75,early25,False
A-G1.042-C2,47556,2,1812.0,1,0.75,early25,False
A-G1.042-C2,47556,2,1812.5,1,0.5,early25,False
A-G1.042-C2,47556,2,1821.25,1,8.75,early25,False
A-G1.042-C2,47556,2,1823.0,1,1.75,early25,False
A-G1.042-C2,47556,2,1832.75,5,9.75,early25,False
A-G1.042-C2,47556,2,1845.25,2,12.5,early25,False
A-G1.042-C2,47556,2,1850.5,1,5.25,early25,False
A-G1.042-C2,47556,2,1855.75,2,5.25,early25,False
A-G1.042-C2,47556,2,1861.5,2,5.75,early25,False
A-G1.042-C2,47556,2,1867.25,3,5.75,early25,False
A-G1.042-C2,47556,2,1898.75,1,31.5,middle50,False
A-G1.042-C2,47556,2,1901.0,1,2.25,middle50,False
A-G1.042-C2,47556,2,1903.0,1,2.0,middle50,False
A-G1.042-C2,47556,2,1905.25,1,2.25,middle50,False
A-G1.042-C2,47556,2,1911.0,2,5.75,middle50,False
A-G1.042-C2,47556,2,1915.5,2,4.5,middle50,False
A-G1.042-C2,47556,2,1920.0,3,4.5,middle50,False
A-G1.042-C2,47556,2,1926.25,1,6.25,middle50,False
A-G1.042-C2,47556,2,1934.5,1,8.25,middle50,False
A-G1.042-C2,47556,2,2068.5,1,134.0,middle50,False
A-G1.042-C2,47556,2,2071.75,1,3.25,middle50,False
A-G1.042-C2,47556,2,2075.0,1,3.25,middle50,False
A-G1.042-C2,47556,2,2083.5,2,8.5,middle50,False
A-G1.042-C2,47556,2,2088.5,2,5.0,middle50,False
A-G1.042-C2,47556,2,2092.25,1,3.75,middle50,False
A-G1.042-C2,47556,2,2124.25,1,32.0,middle50,False
A-G1.042-C2,47556,2,2129.0,2,4.75,middle50,False
A-G1.042-C2,47556,2,2133.75,2,4.75,middle50,False
A-G1.042-C2,47556,2,2138.5,2,4.75,middle50,False
A-G1.042-C2,47556,2,2142.0,1,3.5,middle50,False
A-G1.042-C2,47556,2,2146.75,2,4.75,middle50,False
A-G1.042-C2,47556,2,2151.5,2,4.75,middle50,False
A-G1.042-C2,47556,2,2153.75,1,2.25,middle50,False
A-G1.042-C2,47556,2,2165.5,4,11.75,middle50,False
A-G1.042-C2,47556,2,2292.25,2,126.75,middle50,False
A-G1.042-C2,47556,2,2295.25,2,3.0,middle50,False
A-G1.042-C2,47556,2,2299.5,1,4.25,middle50,False
A-G1.042-C2,47556,2,2302.0,1,2.5,middle50,False
A-G1.042-C2,47556,2,2305.25,1,3.25,middle50,False
A-G1.042-C2,47556,2,2310.0,2,4.75,middle50,False
A-G1.042-C2,47556,2,2313.75,1,3.75,middle50,False
A-G1.042-C2,47556,2,2318.75,1,5.0,middle50,False
A-G1.042-C2,47556,2,2346.0,1,27.25,middle50,False
A-G1.042-C2,47556,2,2355.75,2,9.75,middle50,False
A-G1.042-C2,47556,2,2357.75,1,2.0,middle50,False
A-G1.042-C2,47556,2,2359.75,1,2.0,middle50,False
A-G1.042-C2,47556,2,2362.5,1,2.75,middle50,False
A-G1.042-C2,47556,2,2367.25,2,4.75,middle50,False
A-G1.042-C2,47556,2,2371.75,1,4.5,middle50,False
A-G1.042-C2,47556,2,2374.75,1,3.0,middle50,False
A-G1.042-C2,47556,2,2387.0,4,12.25,middle50,False
A-G1.042-C2,47556,2,2508.5,1,121.5,late25,False
A-G1.042-C2,47556,2,2514.0,1,5.5,late25,False
A-G1.042-C2,47556,2,2519.25,1,5.25,late25,False
A-G1.042-C2,47556,2,2524.0,1,4.75,late25,False
A-G1.042-C2,47556,2,2529.25,2,5.25,late25,False
A-G1.042-C2,47556,2,2531.75,1,2.5,late25,False
A-G1.042-C2,47556,2,2560.75,1,29.0,late25,False
A-G1.042-C2,47556,2,2570.5,2,9.75,late25,False
A-G1.042-C2,47556,2,2576.75,2,6.25,late25,False
A-G1.042-C2,47556,2,2581.0,1,4.25,late25,False
A-G1.042-C2,47556,2,2583.5,1,2.5,late25,False
A-G1.042-C2,47556,2,2585.75,1,2.25,late25,False
A-G1.042-C2,47556,2,2589.25,1,3.5,late25,False
A-G1.042-C2,47556,2,2596.25,1,7.0,late25,False
A-G1.042-C2,47556,2,2601.75,2,5.5,late25,False
A-G1.042-C2,47556,3,2716.25,2,114.5,early25,True
A-G1.042-C2,47556,3,2723.25,2,7.0,early25,True
A-G1.042-C2,47556,3,2728.25,3,5.0,early25,True
A-G1.042-C2,47556,3,2732.75,2,4.5,early25,True
A-G1.042-C2,47556,3,2737.25,1,4.5,early25,True
A-G1.042-C2,47556,3,2742.0,2,4.75,early25,True
A-G1.042-C2,47556,3,2747.5,2,5.5,early25,True
A-G1.042-C2,47556,3,2773.5,2,26.0,early25,True
A-G1.042-C2,47556,3,2777.5,1,4.0,early25,True
A-G1.042-C2,47556,3,2780.75,2,3.25,early25,True
A-G1.042-C2,47556,3,2784.25,1,3.5,early25,True
A-G1.042-C2,47556,3,2787.5,2,3.25,early25,True
A-G1.042-C2,47556,3,2791.5,2,4.0,early25,True
A-G1.042-C2,47556,3,2795.25,1,3.75,early25,True
A-G1.042-C2,47556,3,2798.75,2,3.5,early25,True
A-G1.042-C2,47556,3,2801.5,1,2.75,early25,True
A-G1.042-C2,47556,3,2804.5,1,3.0,early25,True
A-G1.042-C2,47556,3,2813.0,16,8.5,early25,True
A-G1.042-C2,47556,3,2843.5,1,30.5,early25,True
A-G1.042-C2,47556,3,2848.75,1,5.25,early25,True
A-G1.042-C2,47556,3,2859.0,1,10.25,early25,True
A-G1.042-C2,47556,3,2863.25,1,4.25,early25,True
A-G1.042-C2,47556,3,2868.25,13,5.0,early25,True
A-G1.042-C2,47556,3,2892.5,1,24.25,early25,True
A-G1.042-C2,47556,3,2897.0,1,4.5,early25,True
A-G1.042-C2,47556,3,2905.0,1,8.0,early25,True
A-G1.042-C2,47556,3,2909.0,1,4.0,early25,True
A-G1.042-C2,47556,3,2918.0,1,9.0,early25,True
A-G1.042-C2,47556,3,2939.5,1,21.5,middle50,True
A-G1.042-C2,47556,3,2944.0,1,4.5,middle50,True
A-G1.042-C2,47556,3,2949.5,1,5.5,middle50,True
A-G1.042-C2,47556,3,2954.25,1,4.75,middle50,True
A-G1.042-C2,47556,3,2957.75,1,3.5,middle50,True
A-G1.042-C2,47556,3,2961.5,1,3.75,middle50,True
A-G1.042-C2,47556,3,2964.5,1,3.0,middle50,True
A-G1.042-C2,47556,3,2969.0,10,4.5,middle50,True
A-G1.042-C2,47556,3,3003.5,1,34.5,middle50,True
A-G1.042-C2,47556,3,3006.0,1,2.5,middle50,True
A-G1.042-C2,47556,3,3011.0,1,5.0,middle50,True
A-G1.042-C2,47556,3,3019.5,1,8.5,middle50,True
A-G1.042-C2,47556,3,3024.5,2,5.0,middle50,True
A-G1.042-C2,47556,3,3033.25,3,8.75,middle50,True
A-G1.042-C2,47556,3,3050.5,1,17.25,middle50,True
A-G1.042-C2,47556,3,3054.25,1,3.75,middle50,True
A-G1.042-C2,47556,3,3059.0,1,4.75,middle50,True
A-G1.042-C2,47556,3,3063.25,1,4.25,middle50,True
A-G1.042-C2,47556,3,3071.75,1,8.5,middle50,True
A-G1.042-C2,47556,3,3075.5,1,3.75,middle50,True
A-G1.042-C2,47556,3,3100.0,7,24.5,middle50,True
A-G1.042-C2,47556,3,3103.75,1,3.75,middle50,True
A-G1.042-C2,47556,3,3110.75,1,7.0,middle50,True
A-G1.042-C2,47556,3,3117.5,1,6.75,middle50,True
A-G1.042-C2,47556,3,3126.5,1,9.0,middle50,True
A-G1.042-C2,47556,3,3156.0,1,29.5,middle50,True
A-G1.042-C2,47556,3,3161.75,1,5.75,middle50,True
A-G1.042-C2,47556,3,3167.75,1,6.0,middle50,True
A-G1.042-C2,47556,3,3172.5,1,4.75,middle50,True
A-G1.042-C2,47556,3,3201.25,1,28.75,middle50,True
A-G1.042-C2,47556,3,3205.25,1,4.0,middle50,True
A-G1.042-C2,47556,3,3209.5,5,4.25,middle50,True
A-G1.042-C2,47556,3,3214.25,1,4.75,middle50,True
A-G1.042-C2,47556,3,3220.5,1,6.25,middle50,True
A-G1.042-C2,47556,3,3224.25,1,3.75,middle50,True
A-G1.042-C2,47556,3,3230.75,1,6.5,middle50,True
A-G1.042-C2,47556,3,3244.5,4,13.75,middle50,True
A-G1.042-C2,47556,3,3385.5,1,141.0,late25,True
A-G1.042-C2,47556,3,3392.25,1,6.75,late25,True
A-G1.042-C2,47556,3,3398.0,1,5.75,late25,True
A-G1.042-C2,47556,3,3409.5,1,11.5,late25,True
A-G1.042-C2,47556,3,3445.25,1,35.75,late25,True
A-G1.042-C2,47556,3,3449.75,1,4.5,late25,True
A-G1.042-C2,47556,3,3460.75,1,11.0,late25,True
A-G1.042-C2,47556,3,3465.5,1,4.75,late25,True
A-G1.042-C2,55475,0,0.25,3,,early25,False
A-G1.042-C2,55475,0,8.5,1,8.25,early25,False
A-G1.042-C2,55475,0,24.25,1,15.75,early25,False
A-G1.042-C2,55475,0,52.5,1,28.25,early25,False
A-G1.042-C2,55475,0,93.5,1,41.0,early25,False
A-G1.042-C2,55475,0,116.0,1,22.5,early25,False
A-G1.042-C2,55475,0,119.0,1,3.0,early25,False
A-G1.042-C2,55475,0,160.5,1,41.5,early25,False
A-G1.042-C2,55475,0,178.75,1,18.25,early25,False
A-G1.042-C2,55475,0,216.75,1,38.0,early25,False
A-G1.042-C2,55475,0,223.0,1,6.25,early25,False
A-G1.042-C2,55475,0,225.5,1,2.5,early25,False
A-G1.042-C2,55475,0,229.75,1,4.25,early25,False
A-G1.042-C2,55475,0,240.75,1,11.0,middle50,False
A-G1.042-C2,55475,0,248.0,1,7.25,middle50,False
A-G1.042-C2,55475,0,293.0,1,45.0,middle50,False
A-G1.042-C2,55475,0,305.0,1,12.0,middle50,False
A-G1.042-C2,55475,0,340.5,1,35.5,middle50,False
A-G1.042-C2,55475,0,347.25,1,6.75,middle50,False
A-G1.042-C2,55475,0,350.0,1,2.75,middle50,False
A-G1.042-C2,55475,0,358.25,1,8.25,middle50,False
A-G1.042-C2,55475,0,362.75,1,4.5,middle50,False
A-G1.042-C2,55475,0,521.0,1,158.25,middle50,False
A-G1.042-C2,55475,0,524.5,1,3.5,middle50,False
A-G1.042-C2,55475,0,529.75,1,5.25,middle50,False
A-G1.042-C2,55475,0,538.5,1,8.75,middle50,False
A-G1.042-C2,55475,0,541.75,1,3.25,middle50,False
A-G1.042-C2,55475,0,583.75,1,42.0,middle50,False
A-G1.042-C2,55475,0,591.0,1,7.25,middle50,False
A-G1.042-C2,55475,0,596.0,1,5.0,middle50,False
A-G1.042-C2,55475,0,602.25,1,6.25,middle50,False
A-G1.042-C2,55475,0,611.5,1,9.25,middle50,False
A-G1.042-C2,55475,0,767.5,1,156.0,late25,False
A-G1.042-C2,55475,0,774.5,1,7.0,late25,False
A-G1.042-C2,55475,0,779.75,1,5.25,late25,False
A-G1.042-C2,55475,0,788.25,1,8.5,late25,False
A-G1.042-C2,55475,0,816.75,1,28.5,late25,False
A-G1.042-C2,55475,0,820.0,1,3.25,late25,False
A-G1.042-C2,55475,0,824.75,1,4.75,late25,False
A-G1.042-C2,55475,0,830.25,12,5.5,late25,False
A-G1.042-C2,55475,0,836.0,1,5.75,late25,False
A-G1.042-C2,55475,0,844.0,1,8.0,late25,False
A-G1.042-C2,55475,0,953.75,1,109.75,late25,False
A-G1.042-C2,55475,1,974.0,1,20.25,early25,False
A-G1.042-C2,55475,1,984.0,1,10.0,early25,False
A-G1.042-C2,55475,1,986.5,1,2.5,early25,False
A-G1.042-C2,55475,1,988.25,1,1.75,early25,False
A-G1.042-C2,55475,1,994.25,1,6.0,early25,False
A-G1.042-C2,55475,1,995.75,1,1.5,early25,False
A-G1.042-C2,55475,1,1000.5,2,4.75,early25,False
A-G1.042-C2,55475,1,1037.0,1,36.5,early25,False
A-G1.042-C2,55475,1,1040.5,1,3.5,early25,False
A-G1.042-C2,55475,1,1047.0,1,6.5,early25,False
A-G1.042-C2,55475,1,1050.25,1,3.25,early25,False
A-G1.042-C2,55475,1,1057.25,1,7.0,early25,False
A-G1.042-C2,55475,1,1074.5,2,17.25,early25,False
A-G1.042-C2,55475,1,1093.5,1,19.0,early25,False
A-G1.042-C2,55475,1,1097.25,1,3.75,early25,False
A-G1.042-C2,55475,1,1110.5,1,13.25,early25,False
A-G1.042-C2,55475,1,1115.0,2,4.5,early25,False
A-G1.042-C2,55475,1,1119.0,1,4.0,early25,False
A-G1.042-C2,55475,1,1121.0,1,2.0,early25,False
A-G1.042-C2,55475,1,1150.25,2,29.25,early25,False
A-G1.042-C2,55475,1,1154.25,1,4.0,early25,False
A-G1.042-C2,55475,1,1161.25,2,7.0,early25,False
A-G1.042-C2,55475,1,1168.5,2,7.25,early25,False
A-G1.042-C2,55475,1,1175.0,2,6.5,early25,False
A-G1.042-C2,55475,1,1185.25,1,10.25,middle50,False
A-G1.042-C2,55475,1,1203.75,2,18.5,middle50,False
A-G1.042-C2,55475,1,1206.75,1,3.0,middle50,False
A-G1.042-C2,55475,1,1216.25,1,9.5,middle50,False
A-G1.042-C2,55475,1,1220.75,2,4.5,middle50,False
A-G1.042-C2,55475,1,1224.25,1,3.5,middle50,False
A-G1.042-C2,55475,1,1229.5,1,5.25,middle50,False
A-G1.042-C2,55475,1,1263.0,1,33.5,middle50,False
A-G1.042-C2,55475,1,1267.0,1,4.0,middle50,False
A-G1.042-C2,55475,1,1272.5,2,5.5,middle50,False
A-G1.042-C2,55475,1,1277.25,1,4.75,middle50,False
A-G1.042-C2,55475,1,1282.25,2,5.0,middle50,False
A-G1.042-C2,55475,1,1285.5,1,3.25,middle50,False
A-G1.042-C2,55475,1,1293.5,1,8.0,middle50,False
A-G1.042-C2,55475,1,1300.75,5,7.25,middle50,False
A-G1.042-C2,55475,1,1440.75,2,140.0,middle50,False
A-G1.042-C2,55475,1,1443.5,1,2.75,middle50,False
A-G1.042-C2,55475,1,1447.0,1,3.5,middle50,False
A-G1.042-C2,55475,1,1450.5,1,3.5,middle50,False
A-G1.042-C2,55475,1,1457.75,2,7.25,middle50,False
A-G1.042-C2,55475,1,1461.25,1,3.5,middle50,False
A-G1.042-C2,55475,1,1465.25,1,4.0,middle50,False
A-G1.042-C2,55475,1,1501.25,1,36.0,middle50,False
A-G1.042-C2,55475,1,1504.75,1,3.5,middle50,False
A-G1.042-C2,55475,1,1507.0,1,2.25,middle50,False
A-G1.042-C2,55475,1,1510.0,1,3.0,middle50,False
A-G1.042-C2,55475,1,1515.0,1,5.0,middle50,False
A-G1.042-C2,55475,1,1519.25,1,4.25,middle50,False
A-G1.042-C2,55475,1,1522.0,1,2.75,middle50,False
A-G1.042-C2,55475,1,1662.5,1,140.5,late25,False
A-G1.042-C2,55475,1,1664.5,1,2.0,late25,False
A-G1.042-C2,55475,1,1669.25,1,4.75,late25,False
A-G1.042-C2,55475,1,1673.0,1,3.75,late25,False
A-G1.042-C2,55475,1,1676.0,1,3.0,late25,False
A-G1.042-C2,55475,1,1679.0,1,3.0,late25,False
A-G1.042-C2,55475,1,1686.5,1,7.5,late25,False
A-G1.042-C2,55475,1,1714.5,1,28.0,late25,False
A-G1.042-C2,55475,1,1717.5,1,3.0,late25,False
A-G1.042-C2,55475,1,1720.0,1,2.5,late25,False
A-G1.042-C2,55475,1,1723.25,1,3.25,late25,False
A-G1.042-C2,55475,1,1726.0,1,2.75,late25,False
A-G1.042-C2,55475,1,1728.5,1,2.5,late25,False
A-G1.042-C2,55475,1,1731.25,1,2.75,late25,False
A-G1.042-C2,55475,1,1735.5,1,4.25,late25,False
A-G1.042-C2,55475,1,1737.25,1,1.75,late25,False
A-G1.042-C2,55475,1,1740.75,1,3.5,late25,False
A-G1.042-C2,55475,1,1743.5,1,2.75,late25,False
A-G1.042-C2,55475,1,1758.25,4,14.75,late25,False
A-G1.042-C2,55475,2,1879.75,1,121.5,early25,False
A-G1.042-C2,55475,2,1881.25,1,1.5,early25,False
A-G1.042-C2,55475,2,1885.0,2,3.75,early25,False
A-G1.042-C2,55475,2,1887.25,1,2.25,early25,False
A-G1.042-C2,55475,2,1888.5,7,1.25,early25,False
A-G1.042-C2,55475,2,1890.5,2,2.0,early25,False
A-G1.042-C2,55475,2,1893.0,6,2.5,early25,False
A-G1.042-C2,55475,2,1896.25,2,3.25,early25,False
A-G1.042-C2,55475,2,1899.75,1,3.5,early25,False
A-G1.042-C2,55475,2,1901.25,2,1.5,early25,False
A-G1.042-C2,55475,2,1902.75,1,1.5,early25,False
A-G1.042-C2,55475,2,1905.0,1,2.25,early25,False
A-G1.042-C2,55475,2,1907.25,2,2.25,early25,False
A-G1.042-C2,55475,2,1936.0,2,28.75,early25,False
A-G1.042-C2,55475,2,1938.75,1,2.75,early25,False
A-G1.042-C2,55475,2,1944.0,4,5.25,early25,False
A-G1.042-C2,55475,2,1950.5,3,6.5,early25,False
A-G1.042-C2,55475,2,1954.75,1,4.25,early25,False
A-G1.042-C2,55475,2,1962.75,3,8.0,early25,False
A-G1.042-C2,55475,2,1974.0,1,11.25,early25,False
A-G1.042-C2,55475,2,1994.25,2,20.25,early25,False
A-G1.042-C2,55475,2,2002.0,3,7.75,early25,False
A-G1.042-C2,55475,2,2008.75,3,6.75,early25,False
A-G1.042-C2,55475,2,2049.25,2,40.5,early25,False
A-G1.042-C2,55475,2,2053.75,3,4.5,early25,False
A-G1.042-C2,55475,2,2058.5,3,4.75,early25,False
A-G1.042-C2,55475,2,2062.25,1,3.75,early25,False
A-G1.042-C2,55475,2,2068.0,3,5.75,early25,False
A-G1.042-C2,55475,2,2075.5,1,7.5,early25,False
A-G1.042-C2,55475,2,2084.5,6,9.0,middle50,False
A-G1.042-C2,55475,2,2098.25,1,13.75,middle50,False
A-G1.042-C2,55475,2,2102.0,1,3.75,middle50,False
A-G1.042-C2,55475,2,2105.0,5,3.0,middle50,False
A-G1.042-C2,55475,2,2108.75,1,3.75,middle50,False
A-G1.042-C2,55475,2,2114.25,2,5.5,middle50,False
A-G1.042-C2,55475,2,2118.5,2,4.25,middle50,False
A-G1.042-C2,55475,2,2154.25,3,35.75,middle50,False
A-G1.042-C2,55475,2,2158.75,2,4.5,middle50,False
A-G1.042-C2,55475,2,2168.0,2,9.25,middle50,False
A-G1.042-C2,55475,2,2169.0,3,1.0,middle50,False
A-G1.042-C2,55475,2,2177.5,3,8.5,middle50,False
A-G1.042-C2,55475,2,2182.25,1,4.75,middle50,False
A-G1.042-C2,55475,2,2190.5,5,8.25,middle50,False
A-G1.042-C2,55475,2,2320.25,2,129.75,middle50,False
A-G1.042-C2,55475,2,2325.25,1,5.0,middle50,False
A-G1.042-C2,55475,2,2337.75,2,12.5,middle50,False
A-G1.042-C2,55475,2,2344.0,1,6.25,middle50,False
A-G1.042-C2,55475,2,2378.0,1,34.0,middle50,False
A-G1.042-C2,55475,2,2382.25,2,4.25,middle50,False
A-G1.042-C2,55475,2,2391.0,2,8.75,middle50,False
A-G1.042-C2,55475,2,2399.0,2,8.0,middle50,False
A-G1.042-C2,55475,2,2401.75,1,2.75,middle50,False
A-G1.042-C2,55475,2,2536.75,1,135.0,late25,False
A-G1.042-C2,55475,2,2542.25,2,5.5,late25,False
A-G1.042-C2,55475,2,2545.0,1,2.75,late25,False
A-G1.042-C2,55475,2,2548.25,1,3.25,late25,False
A-G1.042-C2,55475,2,2555.5,2,7.25,late25,False
A-G1.042-C2,55475,2,2559.0,1,3.5,late25,False
A-G1.042-C2,55475,2,2565.5,1,6.5,late25,False
A-G1.042-C2,55475,2,2591.75,1,26.25,late25,False
A-G1.042-C2,55475,2,2594.75,2,3.0,late25,False
A-G1.042-C2,55475,2,2598.75,1,4.0,late25,False
A-G1.042-C2,55475,2,2602.25,1,3.5,late25,False
A-G1.042-C2,55475,2,2605.5,1,3.25,late25,False
A-G1.042-C2,55475,2,2608.0,1,2.5,late25,False
A-G1.042-C2,55475,2,2611.0,12,3.0,late25,False
A-G1.042-C2,55475,2,2613.0,8,2.0,late25,False
A-G1.042-C2,55475,2,2617.75,1,4.75,late25,False
A-G1.042-C2,55475,2,2618.75,1,1.0,late25,False
A-G1.042-C2,55475,2,2633.25,3,14.5,late25,False
A-G1.042-C2,55475,3,2751.0,1,117.75,early25,True
A-G1.042-C2,55475,3,2753.5,2,2.5,early25,True
A-G1.042-C2,55475,3,2756.0,1,2.5,early25,True
A-G1.042-C2,55475,3,2756.75,1,0.75,early25,True
A-G1.042-C2,55475,3,2760.25,2,3.5,early25,True
A-G1.042-C2,55475,3,2762.0,1,1.75,early25,True
A-G1.042-C2,55475,3,2763.75,1,1.75,early25,True
A-G1.042-C2,55475,3,2767.5,1,3.75,early25,True
A-G1.042-C2,55475,3,2770.0,2,2.5,early25,True
A-G1.042-C2,55475,3,2773.25,1,3.25,early25,True
A-G1.042-C2,55475,3,2777.0,2,3.75,early25,True
A-G1.042-C2,55475,3,2803.0,2,26.0,early25,True
A-G1.042-C2,55475,3,2806.0,2,3.0,early25,True
A-G1.042-C2,55475,3,2808.25,1,2.25,early25,True
A-G1.042-C2,55475,3,2811.0,9,2.75,early25,True
A-G1.042-C2,55475,3,2814.25,1,3.25,early25,True
A-G1.042-C2,55475,3,2816.5,1,2.25,early25,True
A-G1.042-C2,55475,3,2823.0,3,6.5,early25,True
A-G1.042-C2,55475,3,2829.0,2,6.0,early25,True
A-G1.042-C2,55475,3,2834.75,2,5.75,early25,True
A-G1.042-C2,55475,3,2863.25,1,28.5,early25,True
A-G1.042-C2,55475,3,2867.75,2,4.5,early25,True
A-G1.042-C2,55475,3,2872.0,1,4.25,early25,True
A-G1.042-C2,55475,3,2875.25,1,3.25,early25,True
A-G1.042-C2,55475,3,2880.25,2,5.0,early25,True
A-G1.042-C2,55475,3,2885.25,1,5.0,early25,True
A-G1.042-C2,55475,3,2889.0,1,3.75,early25,True
A-G1.042-C2,55475,3,2893.25,12,4.25,early25,True
A-G1.042-C2,55475,3,2917.0,1,23.75,early25,True
A-G1.042-C2,55475,3,2921.75,1,4.75,early25,True
A-G1.042-C2,55475,3,2925.75,1,4.0,early25,True
A-G1.042-C2,55475,3,2926.75,1,1.0,early25,True
A-G1.042-C2,55475,3,2930.25,1,3.5,early25,True
A-G1.042-C2,55475,3,2933.0,1,2.75,early25,True
A-G1.042-C2,55475,3,2933.75,1,0.75,early25,True
A-G1.042-C2,55475,3,2943.25,2,9.5,early25,True
A-G1.042-C2,55475,3,2948.75,2,5.5,early25,True
A-G1.042-C2,55475,3,2973.25,2,24.5,middle50,True
A-G1.042-C2,55475,3,2979.75,1,6.5,middle50,True
A-G1.042-C2,55475,3,2982.0,1,2.25,middle50,True
A-G1.042-C2,55475,3,2985.5,1,3.5,middle50,True
A-G1.042-C2,55475,3,2989.0,2,3.5,middle50,True
A-G1.042-C2,55475,3,3020.25,1,31.25,middle50,True
A-G1.042-C2,55475,3,3023.0,1,2.75,middle50,True
A-G1.042-C2,55475,3,3028.25,1,5.25,middle50,True
A-G1.042-C2,55475,3,3033.5,2,5.25,middle50,True
A-G1.042-C2,55475,3,3038.75,1,5.25,middle50,True
A-G1.042-C2,55475,3,3044.0,2,5.25,middle50,True
A-G1.042-C2,55475,3,3049.25,1,5.25,middle50,True
A-G1.042-C2,55475,3,3062.5,3,13.25,middle50,True
A-G1.042-C2,55475,3,3070.25,2,7.75,middle50,True
A-G1.042-C2,55475,3,3075.25,1,5.0,middle50,True
A-G1.042-C2,55475,3,3077.75,1,2.5,middle50,True
A-G1.042-C2,55475,3,3082.75,1,5.0,middle50,True
A-G1.042-C2,55475,3,3097.25,2,14.5,middle50,True
A-G1.042-C2,55475,3,3126.0,2,28.75,middle50,True
A-G1.042-C2,55475,3,3126.75,2,0.75,middle50,True
A-G1.042-C2,55475,3,3131.75,1,5.0,middle50,True
A-G1.042-C2,55475,3,3135.75,1,4.0,middle50,True
A-G1.042-C2,55475,3,3136.25,2,0.5,middle50,True
A-G1.042-C2,55475,3,3141.25,1,5.0,middle50,True
A-G1.042-C2,55475,3,3149.25,1,8.0,middle50,True
A-G1.042-C2,55475,3,3163.75,1,14.5,middle50,True
A-G1.042-C2,55475,3,3185.5,1,21.75,middle50,True
A-G1.042-C2,55475,3,3193.25,1,7.75,middle50,True
A-G1.042-C2,55475,3,3200.0,1,6.75,middle50,True
A-G1.042-C2,55475,3,3203.25,1,3.25,middle50,True
A-G1.042-C2,55475,3,3211.25,5,8.0,middle50,True
A-G1.042-C2,55475,3,3212.75,1,1.5,middle50,True
A-G1.042-C2,55475,3,3243.0,1,30.25,middle50,True
A-G1.042-C2,55475,3,3247.75,1,4.75,middle50,True
A-G1.042-C2,55475,3,3263.75,1,16.0,middle50,True
A-G1.042-C2,55475,3,3271.0,1,7.25,middle50,True
A-G1.042-C2,55475,3,3418.75,1,147.75,late25,True
A-G1.042-C2,55475,3,3421.75,1,3.0,late25,True
A-G1.042-C2,55475,3,3433.25,1,11.5,late25,True
A-G1.042-C2,55475,3,3436.25,1,3.0,late25,True
A-G1.042-C2,55475,3,3443.5,1,7.25,late25,True
A-G1.042-C2,55475,3,3447.25,1,3.75,late25,True
A-G1.042-C2,55475,3,3474.0,1,26.75,late25,True
A-G1.042-C2,55475,3,3479.75,6,5.75,late25,True
A-G1.042-C2,55475,3,3487.0,1,7.25,late25,True
A-G1.042-C2,55475,3,3501.75,1,14.75,late25,True
A-G1.042-C2,55475,3,3510.5,2,8.75,late25,True
A-G1.042-C2,63394,0,0.25,3,,early25,False
A-G1.042-C2,63394,0,8.25,1,8.0,early25,False
A-G1.042-C2,63394,0,34.25,1,26.0,early25,False
A-G1.042-C2,63394,0,39.25,1,5.0,early25,False
A-G1.042-C2,63394,0,46.5,1,7.25,early25,False
A-G1.042-C2,63394,0,97.5,1,51.0,early25,False
A-G1.042-C2,63394,0,112.4999999998,1,14.999999999799996,early25,False
A-G1.042-C2,63394,0,131.9999999998,5,19.5,early25,False
A-G1.042-C2,63394,0,164.2499999998,3,32.25,middle50,False
A-G1.042-C2,63394,0,174.7499999998,1,10.5,middle50,False
A-G1.042-C2,63394,0,221.4999999998,1,46.75,middle50,False
A-G1.042-C2,63394,0,233.9999999998,1,12.5,middle50,False
A-G1.042-C2,63394,0,240.2499999998,1,6.25,middle50,False
A-G1.042-C2,63394,0,243.9999999998,1,3.75,middle50,False
A-G1.042-C2,63394,0,409.2499999998,1,165.25000000000003,middle50,False
A-G1.042-C2,63394,0,414.9999999998,1,5.75,middle50,False
A-G1.042-C2,63394,0,424.7499999998,1,9.75,middle50,False
A-G1.042-C2,63394,0,432.2499999998,1,7.5,middle50,False
A-G1.042-C2,63394,0,460.9999999998,1,28.75,late25,False
A-G1.042-C2,63394,0,468.7499999998,2,7.75,late25,False
A-G1.042-C2,63394,0,475.7499999998,1,7.0,late25,False
A-G1.042-C2,63394,0,485.2499999998,1,9.5,late25,False
A-G1.042-C2,63394,0,496.2499999998,13,11.0,late25,False
A-G1.042-C2,63394,1,649.9999999998,1,153.75,early25,False
A-G1.042-C2,63394,1,685.7499999998,1,35.75,early25,False
A-G1.042-C2,63394,1,688.9999999998,2,3.25,early25,False
A-G1.042-C2,63394,1,690.4999999998,1,1.5,early25,False
A-G1.042-C2,63394,1,691.9999999998,1,1.5,early25,False
A-G1.042-C2,63394,1,699.9999999998,2,8.0,early25,False
A-G1.042-C2,63394,1,704.7499999998,2,4.75,early25,False
A-G1.042-C2,63394,1,709.2499999998,2,4.5,early25,False
A-G1.042-C2,63394,1,739.9999999998,2,30.75,early25,False
A-G1.042-C2,63394,1,748.2499999998,1,8.25,early25,False
A-G1.042-C2,63394,1,750.9999999998,1,2.75,early25,False
A-G1.042-C2,63394,1,761.9999999998,2,11.0,early25,False
A-G1.042-C2,63394,1,766.7499999998,1,4.75,early25,False
A-G1.042-C2,63394,1,794.2499999998,2,27.5,early25,False
A-G1.042-C2,63394,1,797.7499999998,1,3.5,early25,False
A-G1.042-C2,63394,1,802.7499999998,2,5.0,early25,False
A-G1.042-C2,63394,1,810.4999999998,2,7.75,early25,False
A-G1.042-C2,63394,1,812.7499999998,1,2.25,early25,False
A-G1.042-C2,63394,1,816.9999999998,2,4.25,early25,False
A-G1.042-C2,63394,1,821.7499999998,1,4.75,early25,False
A-G1.042-C2,63394,1,829.4999999998,2,7.75,early25,False
A-G1.042-C2,63394,1,848.9999999998,1,19.5,early25,False
A-G1.042-C2,63394,1,853.2499999998,2,4.25,early25,False
A-G1.042-C2,63394,1,855.4999999998,1,2.25,early25,False
A-G1.042-C2,63394,1,860.7499999998,1,5.25,middle50,False
A-G1.042-C2,63394,1,865.7499999998,2,5.0,middle50,False
A-G1.042-C2,63394,1,872.7499999998,2,7.0,middle50,False
A-G1.042-C2,63394,1,905.7499999998,2,33.0,middle50,False
A-G1.042-C2,63394,1,911.9999999998,1,6.25,middle50,False
A-G1.042-C2,63394,1,916.4999999998,1,4.5,middle50,False
A-G1.042-C2,63394,1,920.7499999998,2,4.25,middle50,False
A-G1.042-C2,63394,1,928.9999999998,1,8.25,middle50,False
A-G1.042-C2,63394,1,934.2499999998,1,5.25,middle50,False
A-G1.042-C2,63394,1,955.7499999998,1,21.5,middle50,False
A-G1.042-C2,63394,1,959.9999999998,1,4.25,middle50,False
A-G1.042-C2,63394,1,962.9999999998,1,3.0,middle50,False
A-G1.042-C2,63394,1,965.7499999998,1,2.75,middle50,False
A-G1.042-C2,63394,1,971.4999999998,1,5.75,middle50,False
A-G1.042-C2,63394,1,979.2499999998,2,7.75,middle50,False
A-G1.042-C2,63394,1,1013.9999999998,2,34.75,middle50,False
A-G1.042-C2,63394,1,1017.2499999998,1,3.25,middle50,False
A-G1.042-C2,63394,1,1020.4999999998,2,3.25,middle50,False
A-G1.042-C2,63394,1,1023.7499999998,1,3.25,middle50,False
A-G1.042-C2,63394,1,1028.9999999998,1,5.249999999999886,middle50,False
A-G1.042-C2,63394,1,1033.4999999998,1,4.5,middle50,False
A-G1.042-C2,63394,1,1036.7499999998,1,3.25,middle50,False
A-G1.042-C2,63394,1,1039.4999999998,2,2.75,middle50,False
A-G1.042-C2,63394,1,1041.4999999998,1,2.0,middle50,False
A-G1.042-C2,63394,1,1198.9999999998,1,157.5,middle50,False
A-G1.042-C2,63394,1,1204.7499999998,1,5.75,middle50,False
A-G1.042-C2,63394,1,1208.4999999998,1,3.75,middle50,False
A-G1.042-C2,63394,1,1212.2499999998,2,3.75,middle50,False
A-G1.042-C2,63394,1,1215.9999999998,1,3.75,middle50,False
A-G1.042-C2,63394,1,1251.2499999998,1,35.25,middle50,False
A-G1.042-C2,63394,1,1256.7499999998,2,5.5,middle50,False
A-G1.042-C2,63394,1,1264.4999999998,1,7.75,middle50,False
A-G1.042-C2,63394,1,1269.7499999998,1,5.25,middle50,False
A-G1.042-C2,63394,1,1274.9999999998,1,5.25,middle50,False
A-G1.042-C2,63394,1,1283.7499999998,1,8.75,middle50,False
A-G1.042-C2,63394,1,1411.4999999998,1,127.75,late25,False
A-G1.042-C2,63394,1,1413.7499999998,1,2.25,late25,False
A-G1.042-C2,63394,1,1419.4999999998,1,5.75,late25,False
A-G1.042-C2,63394,1,1422.4999999998,1,3.0,late25,False
A-G1.042-C2,63394,1,1427.9999999998,1,5.5,late25,False
A-G1.042-C2,63394,1,1431.2499999998,1,3.25,late25,False
A-G1.042-C2,63394,1,1434.9999999998,1,3.75,late25,False
A-G1.042-C2,63394,1,1439.7499999998,1,4.75,late25,False
A-G1.042-C2,63394,1,1443.9999999998,1,4.25,late25,False
A-G1.042-C2,63394,1,1467.4999999998,1,23.5,late25,False
A-G1.042-C2,63394,1,1470.7499999998,1,3.25,late25,False
A-G1.042-C2,63394,1,1473.4999999998,13,2.75,late25,False
A-G1.042-C2,63394,1,1477.4999999998,1,4.0,late25,False
A-G1.042-C2,63394,1,1499.2499999998,1,21.75,late25,False
A-G1.042-C2,63394,2,1620.9999999998,2,121.75,early25,False
A-G1.042-C2,63394,2,1623.9999999998,2,3.0,early25,False
A-G1.042-C2,63394,2,1628.2499999998,2,4.25,early25,False
A-G1.042-C2,63394,2,1636.4999999998,3,8.25,early25,False
A-G1.042-C2,63394,2,1648.2499999998,3,11.75,early25,False
A-G1.042-C2,63394,2,1683.2499999998,4,35.0,early25,False
A-G1.042-C2,63394,2,1687.7499999998,3,4.5,early25,False
A-G1.042-C2,63394,2,1688.7499999998,1,1.0,early25,False
A-G1.042-C2,63394,2,1693.2499999998,3,4.5,early25,False
A-G1.042-C2,63394,2,1694.2499999998,1,1.0,early25,False
A-G1.042-C2,63394,2,1697.2499999998,1,3.0,early25,False
A-G1.042-C2,63394,2,1702.7499999998,3,5.5,early25,False
A-G1.042-C2,63394,2,1732.9999999998,4,30.25,early25,False
A-G1.042-C2,63394,2,1738.4999999998,1,5.5,early25,False
A-G1.042-C2,63394,2,1743.2499999998,2,4.75,early25,False
A-G1.042-C2,63394,2,1756.9999999998,2,13.75,early25,False
A-G1.042-C2,63394,2,1764.2499999998,4,7.25,early25,False
A-G1.042-C2,63394,2,1792.9999999998,2,28.75,early25,False
A-G1.042-C2,63394,2,1798.2499999998,2,5.25,early25,False
A-G1.042-C2,63394,2,1801.5,1,3.250000000200089,early25,False
A-G1.042-C2,63394,2,1805.25,1,3.75,early25,False
A-G1.042-C2,63394,2,1810.5,3,5.25,early25,False
A-G1.042-C2,63394,2,1817.5,3,7.0,early25,False
A-G1.042-C2,63394,2,1833.25,1,15.75,middle50,False
A-G1.042-C2,63394,2,1837.25,2,4.0,middle50,False
A-G1.042-C2,63394,2,1841.5,1,4.25,middle50,False
A-G1.042-C2,63394,2,1845.0,1,3.5,middle50,False
A-G1.042-C2,63394,2,1850.0,2,5.0,middle50,False
A-G1.042-C2,63394,2,1854.25,2,4.25,middle50,False
A-G1.042-C2,63394,2,1859.25,2,5.0,middle50,False
A-G1.042-C2,63394,2,1863.0,1,3.75,middle50,False
A-G1.042-C2,63394,2,1889.0,19,26.0,middle50,False
A-G1.042-C2,63394,2,1891.75,1,2.75,middle50,False
A-G1.042-C2,63394,2,1893.75,1,2.0,middle50,False
A-G1.042-C2,63394,2,1896.5,1,2.75,middle50,False
A-G1.042-C2,63394,2,1902.0,1,5.5,middle50,False
A-G1.042-C2,63394,2,1904.25,1,2.25,middle50,False
A-G1.042-C2,63394,2,1906.75,1,2.5,middle50,False
A-G1.042-C2,63394,2,1909.25,1,2.5,middle50,False
A-G1.042-C2,63394,2,1911.25,1,2.0,middle50,False
A-G1.042-C2,63394,2,1914.5,1,3.25,middle50,False
A-G1.042-C2,63394,2,1919.25,1,4.75,middle50,False
A-G1.042-C2,63394,2,1920.5,1,1.25,middle50,False
A-G1.042-C2,63394,2,2062.5,1,142.0,middle50,False
A-G1.042-C2,63394,2,2065.0,1,2.5,middle50,False
A-G1.042-C2,63394,2,2071.25,1,6.25,middle50,False
A-G1.042-C2,63394,2,2073.5,1,2.25,middle50,False
A-G1.042-C2,63394,2,2080.0,2,6.5,middle50,False
A-G1.042-C2,63394,2,2084.25,1,4.25,middle50,False
A-G1.042-C2,63394,2,2089.25,2,5.0,middle50,False
A-G1.042-C2,63394,2,2118.5,1,29.25,middle50,False
A-G1.042-C2,63394,2,2121.25,1,2.75,middle50,False
A-G1.042-C2,63394,2,2124.5,2,3.25,middle50,False
A-G1.042-C2,63394,2,2128.0,2,3.5,middle50,False
A-G1.042-C2,63394,2,2130.5,1,2.5,middle50,False
A-G1.042-C2,63394,2,2139.75,2,9.25,middle50,False
A-G1.042-C2,63394,2,2145.25,1,5.5,middle50,False
A-G1.042-C2,63394,2,2147.5,1,2.25,middle50,False
A-G1.042-C2,63394,2,2149.5,1,2.0,middle50,False
A-G1.042-C2,63394,2,2162.75,8,13.25,middle50,False
A-G1.042-C2,63394,2,2282.75,5,120.0,late25,False
A-G1.042-C2,63394,2,2285.25,6,2.5,late25,False
A-G1.042-C2,63394,2,2287.25,1,2.0,late25,False
A-G1.042-C2,63394,2,2292.75,1,5.5,late25,False
A-G1.042-C2,63394,2,2296.0,1,3.25,late25,False
A-G1.042-C2,63394,2,2301.25,1,5.25,late25,False
A-G1.042-C2,63394,2,2304.0,1,2.75,late25,False
A-G1.042-C2,63394,2,2308.0,1,4.0,late25,False
A-G1.042-C2,63394,2,2338.75,1,30.75,late25,False
A-G1.042-C2,63394,2,2348.5,2,9.75,late25,False
A-G1.042-C2,63394,2,2350.5,1,2.0,late25,False
A-G1.042-C2,63394,2,2358.5,1,8.0,late25,False
A-G1.042-C2,63394,2,2362.25,1,3.75,late25,False
A-G1.042-C2,63394,2,2366.0,1,3.75,late25,False
A-G1.042-C2,63394,2,2380.0,3,14.0,late25,False
A-G1.042-C2,63394,3,2492.75,1,112.75,early25,True
A-G1.042-C2,63394,3,2495.5,2,2.75,early25,True
A-G1.042-C2,63394,3,2501.25,3,5.75,early25,True
A-G1.042-C2,63394,3,2505.0,1,3.75,early25,True
A-G1.042-C2,63394,3,2508.75,2,3.75,early25,True
A-G1.042-C2,63394,3,2515.25,2,6.5,early25,True
A-G1.042-C2,63394,3,2519.25,2,4.0,early25,True
A-G1.042-C2,63394,3,2549.75,2,30.5,early25,True
A-G1.042-C2,63394,3,2551.25,1,1.5,early25,True
A-G1.042-C2,63394,3,2559.25,3,8.0,early25,True
A-G1.042-C2,63394,3,2565.5,2,6.25,early25,True
A-G1.042-C2,63394,3,2573.75,3,8.25,early25,True
A-G1.042-C2,63394,3,2578.25,1,4.5,early25,True
A-G1.042-C2,63394,3,2590.5,11,12.25,early25,True
A-G1.042-C2,63394,3,2601.5,1,11.0,early25,True
A-G1.042-C2,63394,3,2606.0,1,4.5,early25,True
A-G1.042-C2,63394,3,2613.0,1,7.0,early25,True
A-G1.042-C2,63394,3,2623.0,2,10.0,early25,True
A-G1.042-C2,63394,3,2627.5,1,4.5,early25,True
A-G1.042-C2,63394,3,2661.25,1,33.75,early25,True
A-G1.042-C2,63394,3,2668.0,2,6.75,early25,True
A-G1.042-C2,63394,3,2670.5,1,2.5,early25,True
A-G1.042-C2,63394,3,2677.25,2,6.75,early25,True
A-G1.042-C2,63394,3,2684.0,2,6.75,early25,True
A-G1.042-C2,63394,3,2719.75,1,35.75,early25,True
A-G1.042-C2,63394,3,2722.5,1,2.75,early25,True
A-G1.042-C2,63394,3,2727.0,2,4.5,early25,True
A-G1.042-C2,63394,3,2732.5,1,5.5,early25,True
A-G1.042-C2,63394,3,2775.5,2,43.0,middle50,True
A-G1.042-C2,63394,3,2782.5,2,7.0,middle50,True
A-G1.042-C2,63394,3,2788.0,2,5.5,middle50,True
A-G1.042-C2,63394,3,2793.5,2,5.5,middle50,True
A-G1.042-C2,63394,3,2806.75,2,13.25,middle50,True
A-G1.042-C2,63394,3,2812.75,4,6.0,middle50,True
A-G1.042-C2,63394,3,2827.75,3,15.0,middle50,True
A-G1.042-C2,63394,3,2830.25,3,2.5,middle50,True
A-G1.042-C2,63394,3,2833.5,3,3.25,middle50,True
A-G1.042-C2,63394,3,2840.0,1,6.5,middle50,True
A-G1.042-C2,63394,3,2846.5,2,6.5,middle50,True
A-G1.042-C2,63394,3,2882.0,2,35.5,middle50,True
A-G1.042-C2,63394,3,2887.5,1,5.5,middle50,True
A-G1.042-C2,63394,3,2891.0,3,3.5,middle50,True
A-G1.042-C2,63394,3,2896.25,1,5.25,middle50,True
A-G1.042-C2,63394,3,2901.5,2,5.25,middle50,True
A-G1.042-C2,63394,3,2906.5,1,5.0,middle50,True
A-G1.042-C2,63394,3,2927.5,1,21.0,middle50,True
A-G1.042-C2,63394,3,2936.5,1,9.0,middle50,True
A-G1.042-C2,63394,3,2942.75,2,6.25,middle50,True
A-G1.042-C2,63394,3,2949.0,1,6.25,middle50,True
A-G1.042-C2,63394,3,2984.75,2,35.75,middle50,True
A-G1.042-C2,63394,3,2989.0,1,4.25,middle50,True
A-G1.042-C2,63394,3,2996.75,1,7.75,middle50,True
A-G1.042-C2,63394,3,3005.0,1,8.25,middle50,True
A-G1.042-C2,63394,3,3010.25,2,5.25,middle50,True
A-G1.042-C2,63394,3,3019.25,1,9.0,middle50,True
A-G1.042-C2,63394,3,3025.0,2,5.75,middle50,True
A-G1.042-C2,63394,3,3034.75,1,9.75,middle50,True
A-G1.042-C2,63394,3,3038.25,1,3.5,middle50,True
A-G1.042-C2,63394,3,3046.25,1,8.0,middle50,True
A-G1.042-C2,63394,3,3049.75,1,3.5,middle50,True
A-G1.042-C2,63394,3,3053.0,1,3.25,middle50,True
A-G1.042-C2,63394,3,3060.25,7,7.25,middle50,True
A-G1.042-C2,63394,3,3088.75,1,28.5,middle50,True
A-G1.042-C2,63394,3,3093.25,1,4.5,middle50,True
A-G1.042-C2,63394,3,3096.5,1,3.25,middle50,True
A-G1.042-C2,63394,3,3102.5,1,6.0,middle50,True
A-G1.042-C2,63394,3,3106.0,1,3.5,middle50,True
A-G1.042-C2,63394,3,3113.75,1,7.75,middle50,True
A-G1.042-C2,63394,3,3118.5,1,4.75,middle50,True
A-G1.042-C2,63394,3,3131.0,4,12.5,middle50,True
A-G1.042-C2,63394,3,3279.25,1,148.25,middle50,True
A-G1.042-C2,63394,3,3285.5,1,6.25,middle50,True
A-G1.042-C2,63394,3,3292.0,1,6.5,middle50,True
A-G1.042-C2,63394,3,3294.5,1,2.5,middle50,True
A-G1.042-C2,63394,3,3325.75,1,31.25,late25,True
A-G1.042-C2,63394,3,3330.75,1,5.0,late25,True
A-G1.042-C2,63394,3,3335.5,1,4.75,late25,True
A-G1.042-C2,63394,3,3340.0,4,4.5,late25,True
A-G1.042-C2,63394,3,3343.25,1,3.25,late25,True
A-G1.042-C2,63394,3,3349.0,1,5.75,late25,True
A-G1.042-C2,63394,3,3354.0,1,5.0,late25,True
A-G1.042-C2,63394,3,3361.5,5,7.5,late25,True
A-G1.042-C2,63394,3,3513.0,1,151.5,late25,True
A-G1.042-C2,63394,3,3521.25,1,8.25,late25,True
A-G1.042-C2,63394,3,3528.75,1,7.5,late25,True
A-G1.042-C2,63394,3,3572.25,1,43.5,late25,True
A-G1.042-C2,63394,3,3581.5,1,9.25,late25,True
A-G1.042-C2,71313,0,0.25,3,,early25,False
A-G1.042-C2,71313,0,8.5,1,8.25,early25,False
A-G1.042-C2,71313,0,18.25,1,9.75,early25,False
A-G1.042-C2,71313,0,45.75,1,27.5,early25,False
A-G1.042-C2,71313,0,63.5,1,17.75,early25,False
A-G1.042-C2,71313,0,101.25,1,37.75,early25,False
A-G1.042-C2,71313,0,104.25,1,3.0,early25,False
A-G1.042-C2,71313,0,159.75,1,55.5,early25,False
A-G1.042-C2,71313,0,164.0,1,4.25,early25,False
A-G1.042-C2,71313,0,172.5,1,8.5,early25,False
A-G1.042-C2,71313,0,175.75,1,3.25,early25,False
A-G1.042-C2,71313,0,183.0,1,7.25,early25,False
A-G1.042-C2,71313,0,221.5,1,38.5,early25,False
A-G1.042-C2,71313,0,227.25,1,5.75,early25,False
A-G1.042-C2,71313,0,229.5,1,2.25,early25,False
A-G1.042-C2,71313,0,236.5,1,7.0,early25,False
A-G1.042-C2,71313,0,240.25,1,3.75,middle50,False
A-G1.042-C2,71313,0,277.5,1,37.25,middle50,False
A-G1.042-C2,71313,0,289.5,1,12.0,middle50,False
A-G1.042-C2,71313,0,301.0,1,11.5,middle50,False
A-G1.042-C2,71313,0,334.75,1,33.75,middle50,False
A-G1.042-C2,71313,0,346.0,1,11.25,middle50,False
A-G1.042-C2,71313,0,352.75,1,6.75,middle50,False
A-G1.042-C2,71313,0,357.25,1,4.5,middle50,False
A-G1.042-C2,71313,0,360.75,1,3.5,middle50,False
A-G1.042-C2,71313,0,521.0,1,160.25,middle50,False
A-G1.042-C2,71313,0,524.25,1,3.25,middle50,False
A-G1.042-C2,71313,0,534.25,1,10.0,middle50,False
A-G1.042-C2,71313,0,543.75,1,9.5,middle50,False
A-G1.042-C2,71313,0,575.25,1,31.5,middle50,False
A-G1.042-C2,71313,0,578.75,1,3.5,middle50,False
A-G1.042-C2,71313,0,585.75,1,7.0,middle50,False
A-G1.042-C2,71313,0,590.5,1,4.75,middle50,False
A-G1.042-C2,71313,0,597.75,1,7.25,middle50,False
A-G1.042-C2,71313,0,601.5,1,3.75,middle50,False
A-G1.042-C2,71313,0,609.25,1,7.75,middle50,False
A-G1.042-C2,71313,0,751.75,1,142.5,late25,False
A-G1.042-C2,71313,0,757.25,1,5.5,late25,False
A-G1.042-C2,71313,0,762.25,1,5.0,late25,False
A-G1.042-C2,71313,0,768.25,1,6.0,late25,False
A-G1.042-C2,71313,0,779.75,1,11.5,late25,False
A-G1.042-C2,71313,0,809.0,2,29.25,late25,False
A-G1.042-C2,71313,0,814.75,1,5.75,late25,False
A-G1.042-C2,71313,0,822.75,1,8.0,late25,False
A-G1.042-C2,71313,0,828.0,11,5.25,late25,False
A-G1.042-C2,71313,0,829.5,1,1.5,late25,False
A-G1.042-C2,71313,0,837.0,1,7.5,late25,False
A-G1.042-C2,71313,0,947.75,1,110.75,late25,False
A-G1.042-C2,71313,1,969.0,1,21.25,early25,False
A-G1.042-C2,71313,1,972.5,1,3.5,early25,False
A-G1.042-C2,71313,1,981.0,2,8.5,early25,False
A-G1.042-C2,71313,1,985.0,1,4.0,early25,False
A-G1.042-C2,71313,1,989.0,2,4.0,early25,False
A-G1.042-C2,71313,1,992.75,1,3.75,early25,False
A-G1.042-C2,71313,1,997.5,1,4.75,early25,False
A-G1.042-C2,71313,1,1026.25,1,28.75,early25,False
A-G1.042-C2,71313,1,1030.25,1,4.0,early25,False
A-G1.042-C2,71313,1,1033.25,1,3.0,early25,False
A-G1.042-C2,71313,1,1037.0,2,3.75,early25,False
A-G1.042-C2,71313,1,1048.5,1,11.5,early25,False
A-G1.042-C2,71313,1,1051.75,1,3.25,early25,False
A-G1.042-C2,71313,1,1053.5,1,1.75,early25,False
A-G1.042-C2,71313,1,1080.0,2,26.5,early25,False
A-G1.042-C2,71313,1,1086.25,1,6.25,early25,False
A-G1.042-C2,71313,1,1090.75,1,4.5,early25,False
A-G1.042-C2,71313,1,1098.75,3,8.0,early25,False
A-G1.042-C2,71313,1,1105.5,2,6.75,early25,False
A-G1.042-C2,71313,1,1109.25,1,3.75,early25,False
A-G1.042-C2,71313,1,1134.5,1,25.25,early25,False
A-G1.042-C2,71313,1,1139.5,17,5.0,early25,False
A-G1.042-C2,71313,1,1148.75,1,9.25,early25,False
A-G1.042-C2,71313,1,1156.75,1,8.0,early25,False
A-G1.042-C2,71313,1,1158.75,1,2.0,early25,False
A-G1.042-C2,71313,1,1160.5,1,1.75,early25,False
A-G1.042-C2,71313,1,1164.0,1,3.5,early25,False
A-G1.042-C2,71313,1,1166.0,1,2.0,early25,False
A-G1.042-C2,71313,1,1312.5,1,146.5,middle50,False
A-G1.042-C2,71313,1,1319.0,1,6.5,middle50,False
A-G1.042-C2,71313,1,1324.25,2,5.25,middle50,False
A-G1.042-C2,71313,1,1331.0,1,6.75,middle50,False
A-G1.042-C2,71313,1,1359.25,1,28.25,middle50,False
A-G1.042-C2,71313,1,1362.25,1,3.0,middle50,False
A-G1.042-C2,71313,1,1365.0,1,2.75,middle50,False
A-G1.042-C2,71313,1,1371.0,1,6.0,middle50,False
A-G1.042-C2,71313,1,1374.75,1,3.75,middle50,False
A-G1.042-C2,71313,1,1377.0,1,2.25,middle50,False
A-G1.042-C2,71313,1,1381.5,1,4.5,middle50,False
A-G1.042-C2,71313,1,1388.25,2,6.75,middle50,False
A-G1.042-C2,71313,1,1537.5,1,149.25,middle50,False
A-G1.042-C2,71313,1,1547.75,1,10.25,middle50,False
A-G1.042-C2,71313,1,1552.5,1,4.75,middle50,False
A-G1.042-C2,71313,1,1558.0,1,5.5,middle50,False
A-G1.042-C2,71313,1,1562.5,1,4.5,middle50,False
A-G1.042-C2,71313,1,1588.25,1,25.75,middle50,False
A-G1.042-C2,71313,1,1593.75,1,5.5,middle50,False
A-G1.042-C2,71313,1,1598.5,2,4.75,middle50,False
A-G1.042-C2,71313,1,1601.25,1,2.75,middle50,False
A-G1.042-C2,71313,1,1609.25,12,8.0,middle50,False
A-G1.042-C2,71313,1,1612.75,1,3.5,middle50,False
A-G1.042-C2,71313,1,1615.75,1,3.0,middle50,False
A-G1.042-C2,71313,1,1744.0,1,128.25,late25,False
A-G1.042-C2,71313,1,1756.25,1,12.25,late25,False
A-G1.042-C2,71313,1,1758.0,1,1.75,late25,False
A-G1.042-C2,71313,1,1768.0,1,10.0,late25,False
A-G1.042-C2,71313,1,1772.75,1,4.75,late25,False
A-G1.042-C2,71313,1,1799.75,1,27.0,late25,False
A-G1.042-C2,71313,1,1802.75,1,3.0,late25,False
A-G1.042-C2,71313,1,1808.75,1,6.0,late25,False
A-G1.042-C2,71313,1,1813.75,2,5.0,late25,False
A-G1.042-C2,71313,1,1817.75,1,4.0,late25,False
A-G1.042-C2,71313,1,1823.25,1,5.5,late25,False
A-G1.042-C2,71313,1,1825.5,1,2.25,late25,False
A-G1.042-C2,71313,1,1830.25,2,4.75,late25,False
A-G1.042-C2,71313,1,1841.75,4,11.5,late25,False
A-G1.042-C2,71313,1,1936.5,1,94.75,late25,False
A-G1.042-C2,71313,1,1940.0,2,3.5,late25,False
A-G1.042-C2,71313,1,1942.0,1,2.0,late25,False
A-G1.042-C2,71313,2,1955.75,1,13.75,early25,False
A-G1.042-C2,71313,2,1959.5,1,3.75,early25,False
A-G1.042-C2,71313,2,1961.0,1,1.5,early25,False
A-G1.042-C2,71313,2,1963.0,1,2.0,early25,False
A-G1.042-C2,71313,2,1966.75,2,3.75,early25,False
A-G1.042-C2,71313,2,1979.0,2,12.25,early25,False
A-G1.042-C2,71313,2,1982.5,1,3.5,early25,False
A-G1.042-C2,71313,2,1986.5,2,4.0,early25,False
A-G1.042-C2,71313,2,2014.25,2,27.75,early25,False
A-G1.042-C2,71313,2,2017.75,2,3.5,early25,False
A-G1.042-C2,71313,2,2020.25,1,2.5,early25,False
A-G1.042-C2,71313,2,2023.25,1,3.0,early25,False
A-G1.042-C2,71313,2,2026.0,19,2.75,early25,False
A-G1.042-C2,71313,2,2027.0,1,1.0,early25,False
A-G1.042-C2,71313,2,2028.25,1,1.25,early25,False
A-G1.042-C2,71313,2,2028.75,1,0.5,early25,False
A-G1.042-C2,71313,2,2033.5,1,4.75,early25,False
A-G1.042-C2,71313,2,2034.5,1,1.0,early25,False
A-G1.042-C2,71313,2,2037.0,1,2.5,early25,False
A-G1.042-C2,71313,2,2038.75,1,1.75,early25,False
A-G1.042-C2,71313,2,2040.0,1,1.25,early25,False
A-G1.042-C2,71313,2,2050.0,3,10.0,early25,False
A-G1.042-C2,71313,2,2198.75,1,148.75,middle50,False
A-G1.042-C2,71313,2,2203.25,2,4.5,middle50,False
A-G1.042-C2,71313,2,2205.5,1,2.25,middle50,False
A-G1.042-C2,71313,2,2209.75,1,4.25,middle50,False
A-G1.042-C2,71313,2,2215.5,3,5.75,middle50,False
A-G1.042-C2,71313,2,2218.5,1,3.0,middle50,False
A-G1.042-C2,71313,2,2226.75,1,8.25,middle50,False
A-G1.042-C2,71313,2,2255.25,1,28.5,middle50,False
A-G1.042-C2,71313,2,2257.75,2,2.5,middle50,False
A-G1.042-C2,71313,2,2260.5,2,2.75,middle50,False
A-G1.042-C2,71313,2,2263.0,2,2.5,middle50,False
A-G1.042-C2,71313,2,2266.25,1,3.25,middle50,False
A-G1.042-C2,71313,2,2271.5,2,5.25,middle50,False
A-G1.042-C2,71313,2,2279.5,3,8.0,middle50,False
A-G1.042-C2,71313,2,2285.5,1,6.0,middle50,False
A-G1.042-C2,71313,2,2423.25,1,137.75,middle50,False
A-G1.042-C2,71313,2,2426.75,2,3.5,middle50,False
A-G1.042-C2,71313,2,2428.75,1,2.0,middle50,False
A-G1.042-C2,71313,2,2432.25,2,3.5,middle50,False
A-G1.042-C2,71313,2,2437.0,1,4.75,middle50,False
A-G1.042-C2,71313,2,2442.25,2,5.25,middle50,False
A-G1.042-C2,71313,2,2447.25,1,5.0,middle50,False
A-G1.042-C2,71313,2,2450.5,1,3.25,middle50,False
A-G1.042-C2,71313,2,2453.25,1,2.75,late25,False
A-G1.042-C2,71313,2,2480.0,2,26.75,late25,False
A-G1.042-C2,71313,2,2483.25,1,3.25,late25,False
A-G1.042-C2,71313,2,2486.75,1,3.5,late25,False
A-G1.042-C2,71313,2,2490.25,2,3.5,late25,False
A-G1.042-C2,71313,2,2493.0,1,2.75,late25,False
A-G1.042-C2,71313,2,2496.0,13,3.0,late25,False
A-G1.042-C2,71313,2,2500.0,1,4.0,late25,False
A-G1.042-C2,71313,2,2505.5,1,5.5,late25,False
A-G1.042-C2,71313,2,2507.75,1,2.25,late25,False
A-G1.042-C2,71313,2,2517.25,2,9.5,late25,False
A-G1.042-C2,71313,2,2523.0,3,5.75,late25,False
A-G1.042-C2,71313,3,2639.5,2,116.5,early25,True
A-G1.042-C2,71313,3,2641.75,2,2.25,early25,True
A-G1.042-C2,71313,3,2645.5,2,3.75,early25,True
A-G1.042-C2,71313,3,2650.25,2,4.75,early25,True
A-G1.042-C2,71313,3,2654.5,2,4.25,early25,True
A-G1.042-C2,71313,3,2659.0,2,4.5,early25,True
A-G1.042-C2,71313,3,2664.25,3,5.25,early25,True
A-G1.042-C2,71313,3,2669.25,2,5.0,early25,True
A-G1.042-C2,71313,3,2673.75,2,4.5,early25,True
A-G1.042-C2,71313,3,2697.0,2,23.25,early25,True
A-G1.042-C2,71313,3,2700.0,2,3.0,early25,True
A-G1.042-C2,71313,3,2704.25,21,4.25,early25,True
A-G1.042-C2,71313,3,2706.75,2,2.5,early25,True
A-G1.042-C2,71313,3,2712.5,1,5.75,early25,True
A-G1.042-C2,71313,3,2715.0,2,2.5,early25,True
A-G1.042-C2,71313,3,2721.75,1,6.75,early25,True
A-G1.042-C2,71313,3,2724.0,1,2.25,early25,True
A-G1.042-C2,71313,3,2726.5,1,2.5,early25,True
A-G1.042-C2,71313,3,2747.5,2,21.0,early25,True
A-G1.042-C2,71313,3,2754.5,2,7.0,early25,True
A-G1.042-C2,71313,3,2766.5,3,12.0,early25,True
A-G1.042-C2,71313,3,2804.25,2,37.75,early25,True
A-G1.042-C2,71313,3,2807.5,2,3.25,early25,True
A-G1.042-C2,71313,3,2813.5,1,6.0,early25,True
A-G1.042-C2,71313,3,2817.5,2,4.0,early25,True
A-G1.042-C2,71313,3,2825.75,2,8.25,early25,True
A-G1.042-C2,71313,3,2847.75,2,22.0,early25,True
A-G1.042-C2,71313,3,2853.5,1,5.75,early25,True
A-G1.042-C2,71313,3,2859.0,2,5.5,early25,True
A-G1.042-C2,71313,3,2866.0,2,7.0,early25,True
A-G1.042-C2,71313,3,2872.75,2,6.75,middle50,True
A-G1.042-C2,71313,3,2907.0,2,34.25,middle50,True
A-G1.042-C2,71313,3,2912.5,2,5.5,middle50,True
A-G1.042-C2,71313,3,2923.75,1,11.25,middle50,True
A-G1.042-C2,71313,3,2929.75,1,6.0,middle50,True
A-G1.042-C2,71313,3,2939.5,1,9.75,middle50,True
A-G1.042-C2,71313,3,2956.25,1,16.75,middle50,True
A-G1.042-C2,71313,3,2963.75,2,7.5,middle50,True
A-G1.042-C2,71313,3,2971.0,2,7.25,middle50,True
A-G1.042-C2,71313,3,2976.25,1,5.25,middle50,True
A-G1.042-C2,71313,3,3012.0,1,35.75,middle50,True
A-G1.042-C2,71313,3,3014.75,1,2.75,middle50,True
A-G1.042-C2,71313,3,3027.25,2,12.5,middle50,True
A-G1.042-C2,71313,3,3033.75,2,6.5,middle50,True
A-G1.042-C2,71313,3,3056.75,1,23.0,middle50,True
A-G1.042-C2,71313,3,3060.75,1,4.0,middle50,True
A-G1.042-C2,71313,3,3065.25,1,4.5,middle50,True
A-G1.042-C2,71313,3,3069.25,1,4.0,middle50,True
A-G1.042-C2,71313,3,3072.75,1,3.5,middle50,True
A-G1.042-C2,71313,3,3076.5,1,3.75,middle50,True
A-G1.042-C2,71313,3,3079.5,1,3.0,middle50,True
A-G1.042-C2,71313,3,3084.0,9,4.5,middle50,True
A-G1.042-C2,71313,3,3122.0,2,38.0,middle50,True
A-G1.042-C2,71313,3,3127.0,1,5.0,middle50,True
A-G1.042-C2,71313,3,3132.25,1,5.25,middle50,True
A-G1.042-C2,71313,3,3134.25,1,2.0,middle50,True
A-G1.042-C2,71313,3,3140.25,1,6.0,middle50,True
A-G1.042-C2,71313,3,3150.75,2,10.5,middle50,True
A-G1.042-C2,71313,3,3163.5,1,12.75,middle50,True
A-G1.042-C2,71313,3,3173.5,1,10.0,middle50,True
A-G1.042-C2,71313,3,3180.0,1,6.5,middle50,True
A-G1.042-C2,71313,3,3186.0,1,6.0,middle50,True
A-G1.042-C2,71313,3,3217.25,1,31.25,middle50,True
A-G1.042-C2,71313,3,3222.5,1,5.25,middle50,True
A-G1.042-C2,71313,3,3227.0,1,4.5,middle50,True
A-G1.042-C2,71313,3,3231.0,1,4.0,middle50,True
A-G1.042-C2,71313,3,3236.0,1,5.0,middle50,True
A-G1.042-C2,71313,3,3244.5,2,8.5,middle50,True
A-G1.042-C2,71313,3,3256.75,4,12.25,middle50,True
A-G1.042-C2,71313,3,3267.5,1,10.75,middle50,True
A-G1.042-C2,71313,3,3277.5,1,10.0,middle50,True
A-G1.042-C2,71313,3,3287.5,1,10.0,middle50,True
A-G1.042-C2,71313,3,3290.5,4,3.0,middle50,True
A-G1.042-C2,71313,3,3322.75,1,32.25,middle50,True
A-G1.042-C2,71313,3,3324.5,3,1.75,middle50,True
A-G1.042-C2,71313,3,3330.5,3,6.0,middle50,True
A-G1.042-C2,71313,3,3332.75,4,2.25,middle50,True
A-G1.042-C2,71313,3,3334.5,2,1.75,middle50,True
A-G1.042-C2,71313,3,3339.75,1,5.25,middle50,True
A-G1.042-C2,71313,3,3343.0,1,3.25,middle50,True
A-G1.042-C2,71313,3,3350.0,1,7.0,middle50,True
A-G1.042-C2,71313,3,3358.75,1,8.75,late25,True
A-G1.042-C2,71313,3,3500.0,1,141.25,late25,True
A-G1.042-C2,71313,3,3508.5,1,8.5,late25,True
A-G1.042-C2,71313,3,3515.5,1,7.0,late25,True
A-G1.042-C2,71313,3,3521.5,1,6.0,late25,True
A-G1.042-C2,71313,3,3528.25,4,6.75,late25,True
A-G1.042-C2,71313,3,3566.25,1,38.0,late25,True
A-G1.042-C2,71313,3,3571.5,1,5.25,late25,True
A-G1.042-C2,71313,3,3578.5,1,7.0,late25,True
A-G1.042-C2,71313,3,3583.25,1,4.75,late25,True
A-G1.042-C3,42,0,0.25,3,,early25,False
A-G1.042-C3,42,0,8.25,1,8.0,early25,False
A-G1.042-C3,42,0,22.0,1,13.75,early25,False
A-G1.042-C3,42,0,46.75,1,24.75,early25,False
A-G1.042-C3,42,0,58.0,1,11.25,early25,False
A-G1.042-C3,42,0,98.25,1,40.25,early25,False
A-G1.042-C3,42,0,108.25,1,10.0,early25,False
A-G1.042-C3,42,0,159.25,1,51.0,early25,False
A-G1.042-C3,42,0,170.25,1,11.0,early25,False
A-G1.042-C3,42,0,174.5,1,4.25,early25,False
A-G1.042-C3,42,0,216.5,1,42.0,middle50,False
A-G1.042-C3,42,0,219.25,1,2.75,middle50,False
A-G1.042-C3,42,0,227.0,1,7.75,middle50,False
A-G1.042-C3,42,0,232.5,1,5.5,middle50,False
A-G1.042-C3,42,0,235.5,1,3.0,middle50,False
A-G1.042-C3,42,0,241.25,1,5.75,middle50,False
A-G1.042-C3,42,0,275.5,1,34.25,middle50,False
A-G1.042-C3,42,0,291.0,1,15.5,middle50,False
A-G1.042-C3,42,0,294.5,1,3.5,middle50,False
A-G1.042-C3,42,0,331.0,1,36.5,middle50,False
A-G1.042-C3,42,0,340.25,1,9.25,middle50,False
A-G1.042-C3,42,0,342.25,1,2.0,middle50,False
A-G1.042-C3,42,0,350.5,1,8.25,middle50,False
A-G1.042-C3,42,0,353.25,1,2.75,middle50,False
A-G1.042-C3,42,0,366.75,1,13.5,middle50,False
A-G1.042-C3,42,0,520.25,1,153.5,middle50,False
A-G1.042-C3,42,0,525.75,1,5.5,middle50,False
A-G1.042-C3,42,0,532.5,1,6.75,middle50,False
A-G1.042-C3,42,0,544.0,1,11.5,middle50,False
A-G1.042-C3,42,0,553.25,1,9.25,middle50,False
A-G1.042-C3,42,0,575.75,1,22.5,middle50,False
A-G1.042-C3,42,0,584.0,1,8.25,middle50,False
A-G1.042-C3,42,0,591.5,2,7.5,middle50,False
A-G1.042-C3,42,0,601.0,1,9.5,middle50,False
A-G1.042-C3,42,0,607.5,12,6.5,middle50,False
A-G1.042-C3,42,0,631.5,1,24.0,late25,False
A-G1.042-C3,42,0,689.5,1,58.0,late25,False
A-G1.042-C3,42,0,696.25,1,6.75,late25,False
A-G1.042-C3,42,0,701.0,1,4.75,late25,False
A-G1.042-C3,42,0,703.25,1,2.25,late25,False
A-G1.042-C3,42,0,708.5,1,5.25,late25,False
A-G1.042-C3,42,0,710.5,1,2.0,late25,False
A-G1.042-C3,42,0,714.75,1,4.25,late25,False
A-G1.042-C3,42,1,844.5,2,129.75,early25,False
A-G1.042-C3,42,1,846.25,1,1.75,early25,False
A-G1.042-C3,42,1,849.5,1,3.25,early25,False
A-G1.042-C3,42,1,854.0,1,4.5,early25,False
A-G1.042-C3,42,1,857.0,1,3.0,early25,False
A-G1.042-C3,42,1,863.5,1,6.5,early25,False
A-G1.042-C3,42,1,871.25,1,7.75,early25,False
A-G1.042-C3,42,1,900.25,1,29.0,early25,False
A-G1.042-C3,42,1,904.25,1,4.0,early25,False
A-G1.042-C3,42,1,908.25,2,4.0,early25,False
A-G1.042-C3,42,1,909.25,1,1.0,early25,False
A-G1.042-C3,42,1,922.0,1,12.75,early25,False
A-G1.042-C3,42,1,924.0,2,2.0,early25,False
A-G1.042-C3,42,1,927.75,2,3.75,early25,False
A-G1.042-C3,42,1,959.75,2,32.0,early25,False
A-G1.042-C3,42,1,965.5,1,5.75,early25,False
A-G1.042-C3,42,1,967.25,1,1.75,early25,False
A-G1.042-C3,42,1,969.5,1,2.25,early25,False
A-G1.042-C3,42,1,976.5,1,7.0,early25,False
A-G1.042-C3,42,1,981.75,1,5.25,early25,False
A-G1.042-C3,42,1,1013.5,2,31.75,early25,False
A-G1.042-C3,42,1,1023.25,1,9.75,middle50,False
A-G1.042-C3,42,1,1035.25,2,12.0,middle50,False
A-G1.042-C3,42,1,1039.75,2,4.5,middle50,False
A-G1.042-C3,42,1,1049.25,1,9.5,middle50,False
A-G1.042-C3,42,1,1066.25,1,17.0,middle50,False
A-G1.042-C3,42,1,1071.25,1,5.0,middle50,False
A-G1.042-C3,42,1,1075.75,1,4.5,middle50,False
A-G1.042-C3,42,1,1081.75,1,6.0,middle50,False
A-G1.042-C3,42,1,1088.75,3,7.0,middle50,False
A-G1.042-C3,42,1,1095.0,1,6.25,middle50,False
A-G1.042-C3,42,1,1098.5,1,3.5,middle50,False
A-G1.042-C3,42,1,1123.5,1,25.0,middle50,False
A-G1.042-C3,42,1,1128.0,16,4.5,middle50,False
A-G1.042-C3,42,1,1130.5,1,2.5,middle50,False
A-G1.042-C3,42,1,1134.0,2,3.5,middle50,False
A-G1.042-C3,42,1,1147.25,1,13.25,middle50,False
A-G1.042-C3,42,1,1150.75,1,3.5,middle50,False
A-G1.042-C3,42,1,1155.5,1,4.75,middle50,False
A-G1.042-C3,42,1,1162.25,4,6.75,middle50,False
A-G1.042-C3,42,1,1286.75,1,124.5,middle50,False
A-G1.042-C3,42,1,1289.5,1,2.75,middle50,False
A-G1.042-C3,42,1,1293.25,1,3.75,middle50,False
A-G1.042-C3,42,1,1298.5,1,5.25,middle50,False
A-G1.042-C3,42,1,1302.5,1,4.0,middle50,False
A-G1.042-C3,42,1,1311.75,1,9.25,middle50,False
A-G1.042-C3,42,1,1342.5,1,30.75,middle50,False
A-G1.042-C3,42,1,1348.5,2,6.0,middle50,False
A-G1.042-C3,42,1,1354.25,1,5.75,middle50,False
A-G1.042-C3,42,1,1358.0,1,3.75,middle50,False
A-G1.042-C3,42,1,1363.5,1,5.5,middle50,False
A-G1.042-C3,42,1,1367.25,1,3.75,middle50,False
A-G1.042-C3,42,1,1370.5,1,3.25,middle50,False
A-G1.042-C3,42,1,1377.75,1,7.25,middle50,False
A-G1.042-C3,42,1,1394.75,1,17.0,middle50,False
A-G1.042-C3,42,1,1397.5,1,2.75,middle50,False
A-G1.042-C3,42,1,1401.75,1,4.25,late25,False
A-G1.042-C3,42,1,1405.0,1,3.25,late25,False
A-G1.042-C3,42,1,1406.25,1,1.25,late25,False
A-G1.042-C3,42,1,1409.5,1,3.25,late25,False
A-G1.042-C3,42,1,1417.25,1,7.75,late25,False
A-G1.042-C3,42,1,1421.5,1,4.25,late25,False
A-G1.042-C3,42,1,1448.25,1,26.75,late25,False
A-G1.042-C3,42,1,1450.25,1,2.0,late25,False
A-G1.042-C3,42,1,1452.25,1,2.0,late25,False
A-G1.042-C3,42,1,1455.25,1,3.0,late25,False
A-G1.042-C3,42,1,1458.75,1,3.5,late25,False
A-G1.042-C3,42,1,1464.0,1,5.25,late25,False
A-G1.042-C3,42,1,1467.75,1,3.75,late25,False
A-G1.042-C3,42,1,1473.5,1,5.75,late25,False
A-G1.042-C3,42,1,1477.25,1,3.75,late25,False
A-G1.042-C3,42,1,1484.75,1,7.5,late25,False
A-G1.042-C3,42,1,1585.75,1,101.0,late25,False
A-G1.042-C3,42,2,1595.75,2,10.0,early25,False
A-G1.042-C3,42,2,1606.0,2,10.25,early25,False
A-G1.042-C3,42,2,1608.0,1,2.0,early25,False
A-G1.042-C3,42,2,1610.25,2,2.25,early25,False
A-G1.042-C3,42,2,1614.0,2,3.75,early25,False
A-G1.042-C3,42,2,1616.25,1,2.25,early25,False
A-G1.042-C3,42,2,1618.25,1,2.0,early25,False
A-G1.042-C3,42,2,1622.0,2,3.75,early25,False
A-G1.042-C3,42,2,1625.25,2,3.25,early25,False
A-G1.042-C3,42,2,1627.5,1,2.25,early25,False
A-G1.042-C3,42,2,1630.5,2,3.0,early25,False
A-G1.042-C3,42,2,1633.25,10,2.75,early25,False
A-G1.042-C3,42,2,1634.75,1,1.5,early25,False
A-G1.042-C3,42,2,1664.5,1,29.75,early25,False
A-G1.042-C3,42,2,1665.75,1,1.25,early25,False
A-G1.042-C3,42,2,1668.75,1,3.0,early25,False
A-G1.042-C3,42,2,1670.25,1,1.5,early25,False
A-G1.042-C3,42,2,1675.5,2,5.25,early25,False
A-G1.042-C3,42,2,1676.0,1,0.5,early25,False
A-G1.042-C3,42,2,1687.25,3,11.25,early25,False
A-G1.042-C3,42,2,1699.0,1,11.75,early25,False
A-G1.042-C3,42,2,1711.75,1,12.75,early25,False
A-G1.042-C3,42,2,1716.0,1,4.25,early25,False
A-G1.042-C3,42,2,1719.75,1,3.75,early25,False
A-G1.042-C3,42,2,1724.5,2,4.75,early25,False
A-G1.042-C3,42,2,1730.5,2,6.0,early25,False
A-G1.042-C3,42,2,1736.0,2,5.5,early25,False
A-G1.042-C3,42,2,1739.0,1,3.0,early25,False
A-G1.042-C3,42,2,1743.0,2,4.0,early25,False
A-G1.042-C3,42,2,1770.75,14,27.75,middle50,False
A-G1.042-C3,42,2,1774.75,1,4.0,middle50,False
A-G1.042-C3,42,2,1788.75,3,14.0,middle50,False
A-G1.042-C3,42,2,1796.25,2,7.5,middle50,False
A-G1.042-C3,42,2,1806.25,2,10.0,middle50,False
A-G1.042-C3,42,2,1812.5,5,6.25,middle50,False
A-G1.042-C3,42,2,1948.5,1,136.0,middle50,False
A-G1.042-C3,42,2,1953.0,1,4.5,middle50,False
A-G1.042-C3,42,2,1958.5,2,5.5,middle50,False
A-G1.042-C3,42,2,1961.0,1,2.5,middle50,False
A-G1.042-C3,42,2,1964.25,1,3.25,middle50,False
A-G1.042-C3,42,2,1967.0,1,2.75,middle50,False
A-G1.042-C3,42,2,1971.0,1,4.0,middle50,False
A-G1.042-C3,42,2,1974.5,2,3.5,middle50,False
A-G1.042-C3,42,2,1980.0,1,5.5,middle50,False
A-G1.042-C3,42,2,2005.0,12,25.0,middle50,False
A-G1.042-C3,42,2,2007.5,1,2.5,middle50,False
A-G1.042-C3,42,2,2011.25,1,3.75,middle50,False
A-G1.042-C3,42,2,2017.25,1,6.0,middle50,False
A-G1.042-C3,42,2,2020.0,1,2.75,middle50,False
A-G1.042-C3,42,2,2024.0,1,4.0,middle50,False
A-G1.042-C3,42,2,2027.75,2,3.75,middle50,False
A-G1.042-C3,42,2,2032.0,1,4.25,middle50,False
A-G1.042-C3,42,2,2033.75,1,1.75,middle50,False
A-G1.042-C3,42,2,2038.0,2,4.25,middle50,False
A-G1.042-C3,42,2,2060.25,1,22.25,middle50,False
A-G1.042-C3,42,2,2069.25,1,9.0,middle50,False
A-G1.042-C3,42,2,2072.0,1,2.75,middle50,False
A-G1.042-C3,42,2,2089.0,1,17.0,middle50,False
A-G1.042-C3,42,2,2117.0,1,28.0,late25,False
A-G1.042-C3,42,2,2120.75,1,3.75,late25,False
A-G1.042-C3,42,2,2126.0,1,5.25,late25,False
A-G1.042-C3,42,2,2131.0,1,5.0,late25,False
A-G1.042-C3,42,2,2136.25,1,5.25,late25,False
A-G1.042-C3,42,2,2139.0,1,2.75,late25,False
A-G1.042-C3,42,2,2145.75,1,6.75,late25,False
A-G1.042-C3,42,2,2153.75,2,8.0,late25,False
A-G1.042-C3,42,3,2283.75,2,130.0,early25,True
A-G1.042-C3,42,3,2289.0,2,5.25,early25,True
A-G1.042-C3,42,3,2292.25,3,3.25,early25,True
A-G1.042-C3,42,3,2297.5,2,5.25,early25,True
A-G1.042-C3,42,3,2299.75,1,2.25,early25,True
A-G1.042-C3,42,3,2306.25,1,6.5,early25,True
A-G1.042-C3,42,3,2338.5,1,32.25,early25,True
A-G1.042-C3,42,3,2347.0,3,8.5,early25,True
A-G1.042-C3,42,3,2354.0,2,7.0,early25,True
A-G1.042-C3,42,3,2362.0,2,8.0,early25,True
A-G1.042-C3,42,3,2387.0,1,25.0,early25,True
A-G1.042-C3,42,3,2397.25,1,10.25,early25,True
A-G1.042-C3,42,3,2401.0,1,3.75,early25,True
A-G1.042-C3,42,3,2404.75,2,3.75,early25,True
A-G1.042-C3,42,3,2409.5,2,4.75,early25,True
A-G1.042-C3,42,3,2413.5,1,4.0,early25,True
A-G1.042-C3,42,3,2416.5,1,3.0,early25,True
A-G1.042-C3,42,3,2420.25,1,3.75,early25,True
A-G1.042-C3,42,3,2423.75,15,3.5,early25,True
A-G1.042-C3,42,3,2451.5,1,27.75,early25,True
A-G1.042-C3,42,3,2456.5,2,5.0,early25,True
A-G1.042-C3,42,3,2459.25,1,2.75,early25,True
A-G1.042-C3,42,3,2465.25,1,6.0,early25,True
A-G1.042-C3,42,3,2474.5,3,9.25,early25,True
A-G1.042-C3,42,3,2477.75,1,3.25,early25,True
A-G1.042-C3,42,3,2494.0,2,16.25,early25,True
A-G1.042-C3,42,3,2512.0,3,18.0,early25,True
A-G1.042-C3,42,3,2516.5,2,4.5,early25,True
A-G1.042-C3,42,3,2520.0,1,3.5,early25,True
A-G1.042-C3,42,3,2529.25,2,9.25,early25,True
A-G1.042-C3,42,3,2536.25,3,7.0,early25,True
A-G1.042-C3,42,3,2575.25,2,39.0,early25,True
A-G1.042-C3,42,3,2578.0,2,2.75,early25,True
A-G1.042-C3,42,3,2588.25,2,10.25,early25,True
A-G1.042-C3,42,3,2613.0,2,24.75,middle50,True
A-G1.042-C3,42,3,2619.75,1,6.75,middle50,True
A-G1.042-C3,42,3,2624.25,1,4.5,middle50,True
A-G1.042-C3,42,3,2631.0,1,6.75,middle50,True
A-G1.042-C3,42,3,2633.25,1,2.25,middle50,True
A-G1.042-C3,42,3,2640.5,1,7.25,middle50,True
A-G1.042-C3,42,3,2671.5,2,31.0,middle50,True
A-G1.042-C3,42,3,2677.75,2,6.25,middle50,True
A-G1.042-C3,42,3,2683.25,2,5.5,middle50,True
A-G1.042-C3,42,3,2688.75,1,5.5,middle50,True
A-G1.042-C3,42,3,2699.5,2,10.75,middle50,True
A-G1.042-C3,42,3,2716.75,1,17.25,middle50,True
A-G1.042-C3,42,3,2721.0,1,4.25,middle50,True
A-G1.042-C3,42,3,2728.75,2,7.75,middle50,True
A-G1.042-C3,42,3,2733.25,1,4.5,middle50,True
A-G1.042-C3,42,3,2739.25,1,6.0,middle50,True
A-G1.042-C3,42,3,2744.0,7,4.75,middle50,True
A-G1.042-C3,42,3,2783.5,1,39.5,middle50,True
A-G1.042-C3,42,3,2789.75,1,6.25,middle50,True
A-G1.042-C3,42,3,2792.75,1,3.0,middle50,True
A-G1.042-C3,42,3,2798.5,1,5.75,middle50,True
A-G1.042-C3,42,3,2811.25,3,12.75,middle50,True
A-G1.042-C3,42,3,2820.5,1,9.25,middle50,True
A-G1.042-C3,42,3,2829.25,2,8.75,middle50,True
A-G1.042-C3,42,3,2835.5,1,6.25,middle50,True
A-G1.042-C3,42,3,2842.75,1,7.25,middle50,True
A-G1.042-C3,42,3,2848.5,1,5.75,middle50,True
A-G1.042-C3,42,3,2879.0,1,30.5,middle50,True
A-G1.042-C3,42,3,2888.75,1,9.75,middle50,True
A-G1.042-C3,42,3,2898.0,1,9.25,middle50,True
A-G1.042-C3,42,3,2903.5,2,5.5,middle50,True
A-G1.042-C3,42,3,2913.5,1,10.0,middle50,True
A-G1.042-C3,42,3,2919.5,2,6.0,middle50,True
A-G1.042-C3,42,3,2931.5,1,12.0,middle50,True
A-G1.042-C3,42,3,2934.25,1,2.75,middle50,True
A-G1.042-C3,42,3,2942.0,1,7.75,middle50,True
A-G1.042-C3,42,3,2946.25,1,4.25,middle50,True
A-G1.042-C3,42,3,2953.75,1,7.5,middle50,True
A-G1.042-C3,42,3,2957.75,6,4.0,middle50,True
A-G1.042-C3,42,3,2986.25,1,28.5,middle50,True
A-G1.042-C3,42,3,2990.5,1,4.25,middle50,True
A-G1.042-C3,42,3,3003.0,1,12.5,middle50,True
A-G1.042-C3,42,3,3012.75,1,9.75,middle50,True
A-G1.042-C3,42,3,3016.0,1,3.25,middle50,True
A-G1.042-C3,42,3,3029.25,4,13.25,middle50,True
A-G1.042-C3,42,3,3189.25,1,160.0,middle50,True
A-G1.042-C3,42,3,3195.75,1,6.5,middle50,True
A-G1.042-C3,42,3,3203.25,1,7.5,middle50,True
A-G1.042-C3,42,3,3209.25,1,6.0,middle50,True
A-G1.042-C3,42,3,3238.5,1,29.25,middle50,True
A-G1.042-C3,42,3,3243.5,1,5.0,middle50,True
A-G1.042-C3,42,3,3249.5,1,6.0,middle50,True
A-G1.042-C3,42,3,3255.25,1,5.75,middle50,True
A-G1.042-C3,42,3,3258.25,5,3.0,middle50,True
A-G1.042-C3,42,3,3271.5,2,13.25,late25,True
A-G1.042-C3,42,3,3279.0,4,7.5,late25,True
A-G1.042-C3,42,3,3297.0,1,18.0,late25,True
A-G1.042-C3,42,3,3312.25,1,15.25,late25,True
A-G1.042-C3,42,3,3346.0,1,33.75,late25,True
A-G1.042-C3,42,3,3354.25,1,8.25,late25,True
A-G1.042-C3,42,3,3365.0,1,10.75,late25,True
A-G1.042-C3,42,3,3369.75,1,4.75,late25,True
A-G1.042-C3,42,3,3381.75,1,12.0,late25,True
A-G1.042-C3,42,3,3389.5,3,7.75,late25,True
A-G1.042-C3,42,3,3545.2499999999,1,155.74999999989996,late25,True
A-G1.042-C3,42,3,3558.2499999999,1,13.0,late25,True
A-G1.042-C3,42,3,3590.9999999999,1,32.75,late25,True
A-G1.042-C3,42,3,3599.9999999999,1,9.0,late25,True
A-G1.042-C3,7961,0,0.25,3,,early25,False
A-G1.042-C3,7961,0,8.25,1,8.0,early25,False
A-G1.042-C3,7961,0,17.25,1,9.0,early25,False
A-G1.042-C3,7961,0,39.25,1,22.0,early25,False
A-G1.042-C3,7961,0,54.5,1,15.25,early25,False
A-G1.042-C3,7961,0,109.0,1,54.5,early25,False
A-G1.042-C3,7961,0,112.25,1,3.25,early25,False
A-G1.042-C3,7961,0,116.75,1,4.5,early25,False
A-G1.042-C3,7961,0,170.25,1,53.5,early25,False
A-G1.042-C3,7961,0,177.5,1,7.25,early25,False
A-G1.042-C3,7961,0,209.25,1,31.75,middle50,False
A-G1.042-C3,7961,0,218.75,1,9.5,middle50,False
A-G1.042-C3,7961,0,228.75,1,10.0,middle50,False
A-G1.042-C3,7961,0,234.75,1,6.0,middle50,False
A-G1.042-C3,7961,0,244.25,1,9.5,middle50,False
A-G1.042-C3,7961,0,282.75,1,38.5,middle50,False
A-G1.042-C3,7961,0,289.25,1,6.5,middle50,False
A-G1.042-C3,7961,0,299.5,1,10.25,middle50,False
A-G1.042-C3,7961,0,331.75,1,32.25,middle50,False
A-G1.042-C3,7961,0,343.75,1,12.0,middle50,False
A-G1.042-C3,7961,0,349.5,1,5.75,middle50,False
A-G1.042-C3,7961,0,354.5,1,5.0,middle50,False
A-G1.042-C3,7961,0,366.5,1,12.0,middle50,False
A-G1.042-C3,7961,0,524.0,1,157.5,middle50,False
A-G1.042-C3,7961,0,532.0,1,8.0,middle50,False
A-G1.042-C3,7961,0,535.5,1,3.5,middle50,False
A-G1.042-C3,7961,0,572.25,1,36.75,middle50,False
A-G1.042-C3,7961,0,577.0,1,4.75,middle50,False
A-G1.042-C3,7961,0,584.75,1,7.75,middle50,False
A-G1.042-C3,7961,0,588.75,1,4.0,middle50,False
A-G1.042-C3,7961,0,594.25,1,5.5,middle50,False
A-G1.042-C3,7961,0,597.0,1,2.75,middle50,False
A-G1.042-C3,7961,0,601.75,1,4.75,middle50,False
A-G1.042-C3,7961,0,610.75,1,9.0,middle50,False
A-G1.042-C3,7961,0,636.75,1,26.0,late25,False
A-G1.042-C3,7961,0,643.5,1,6.75,late25,False
A-G1.042-C3,7961,0,649.0,1,5.5,late25,False
A-G1.042-C3,7961,0,655.0,1,6.0,late25,False
A-G1.042-C3,7961,0,661.75,1,6.75,late25,False
A-G1.042-C3,7961,0,693.0,1,31.25,late25,False
A-G1.042-C3,7961,0,697.5,1,4.5,late25,False
A-G1.042-C3,7961,0,706.0,1,8.5,late25,False
A-G1.042-C3,7961,0,711.75,1,5.75,late25,False
A-G1.042-C3,7961,0,716.5,1,4.75,late25,False
A-G1.042-C3,7961,0,725.5,1,9.0,late25,False
A-G1.042-C3,7961,1,860.0,1,134.5,early25,False
A-G1.042-C3,7961,1,862.75,1,2.75,early25,False
A-G1.042-C3,7961,1,867.5,2,4.75,early25,False
A-G1.042-C3,7961,1,874.25,2,6.75,early25,False
A-G1.042-C3,7961,1,880.0,1,5.75,early25,False
A-G1.042-C3,7961,1,886.5,2,6.5,early25,False
A-G1.042-C3,7961,1,892.0,1,5.5,early25,False
A-G1.042-C3,7961,1,916.25,2,24.25,early25,False
A-G1.042-C3,7961,1,921.75,2,5.5,early25,False
A-G1.042-C3,7961,1,927.5,2,5.75,early25,False
A-G1.042-C3,7961,1,932.25,2,4.75,early25,False
A-G1.042-C3,7961,1,935.25,1,3.0,early25,False
A-G1.042-C3,7961,1,942.5,2,7.25,early25,False
A-G1.042-C3,7961,1,949.0,2,6.5,early25,False
A-G1.042-C3,7961,1,967.5,1,18.5,early25,False
A-G1.042-C3,7961,1,976.5,1,9.0,early25,False
A-G1.042-C3,7961,1,978.0,1,1.5,early25,False
A-G1.042-C3,7961,1,991.75,1,13.75,early25,False
A-G1.042-C3,7961,1,996.75,1,5.0,early25,False
A-G1.042-C3,7961,1,1026.0,1,29.25,middle50,False
A-G1.042-C3,7961,1,1030.25,22,4.25,middle50,False
A-G1.042-C3,7961,1,1035.5,16,5.25,middle50,False
A-G1.042-C3,7961,1,1043.75,1,8.25,middle50,False
A-G1.042-C3,7961,1,1066.25,5,22.5,middle50,False
A-G1.042-C3,7961,1,1201.5,4,135.25,middle50,False
A-G1.042-C3,7961,1,1207.25,1,5.75,middle50,False
A-G1.042-C3,7961,1,1213.25,1,6.0,middle50,False
A-G1.042-C3,7961,1,1217.75,1,4.5,middle50,False
A-G1.042-C3,7961,1,1225.25,2,7.5,middle50,False
A-G1.042-C3,7961,1,1231.75,1,6.5,middle50,False
A-G1.042-C3,7961,1,1255.5,1,23.75,middle50,False
A-G1.042-C3,7961,1,1259.5,1,4.0,middle50,False
A-G1.042-C3,7961,1,1264.0,12,4.5,middle50,False
A-G1.042-C3,7961,1,1268.0,3,4.0,middle50,False
A-G1.042-C3,7961,1,1271.5,3,3.5,middle50,False
A-G1.042-C3,7961,1,1279.5,1,8.0,middle50,False
A-G1.042-C3,7961,1,1282.75,1,3.25,middle50,False
A-G1.042-C3,7961,1,1288.25,1,5.5,middle50,False
A-G1.042-C3,7961,1,1313.5,2,25.25,middle50,False
A-G1.042-C3,7961,1,1316.75,1,3.25,middle50,False
A-G1.042-C3,7961,1,1321.25,1,4.5,middle50,False
A-G1.042-C3,7961,1,1323.75,1,2.5,middle50,False
A-G1.042-C3,7961,1,1326.75,1,3.0,middle50,False
A-G1.042-C3,7961,1,1330.0,1,3.25,middle50,False
A-G1.042-C3,7961,1,1337.0,2,7.0,middle50,False
A-G1.042-C3,7961,1,1369.75,1,32.75,late25,False
A-G1.042-C3,7961,1,1371.25,1,1.5,late25,False
A-G1.042-C3,7961,1,1376.5,1,5.25,late25,False
A-G1.042-C3,7961,1,1381.5,1,5.0,late25,False
A-G1.042-C3,7961,1,1386.5,1,5.0,late25,False
A-G1.042-C3,7961,1,1390.75,1,4.25,late25,False
A-G1.042-C3,7961,1,1392.25,1,1.5,late25,False
A-G1.042-C3,7961,1,1397.5,1,5.25,late25,False
A-G1.042-C3,7961,1,1399.0,1,1.5,late25,False
A-G1.042-C3,7961,1,1411.5,4,12.5,late25,False
A-G1.042-C3,7961,1,1504.25,1,92.75,late25,False
A-G1.042-C3,7961,1,1511.25,1,7.0,late25,False
A-G1.042-C3,7961,2,1520.0,3,8.75,early25,False
A-G1.042-C3,7961,2,1530.5,6,10.5,early25,False
A-G1.042-C3,7961,2,1534.25,1,3.75,early25,False
A-G1.042-C3,7961,2,1537.5,1,3.25,early25,False
A-G1.042-C3,7961,2,1539.75,2,2.25,early25,False
A-G1.042-C3,7961,2,1541.5,5,1.75,early25,False
A-G1.042-C3,7961,2,1544.25,2,2.75,early25,False
A-G1.042-C3,7961,2,1550.25,2,6.0,early25,False
A-G1.042-C3,7961,2,1552.5,1,2.25,early25,False
A-G1.042-C3,7961,2,1555.5,2,3.0,early25,False
A-G1.042-C3,7961,2,1559.25,8,3.75,early25,False
A-G1.042-C3,7961,2,1585.75,1,26.5,early25,False
A-G1.042-C3,7961,2,1587.5,2,1.75,early25,False
A-G1.042-C3,7961,2,1589.75,1,2.25,early25,False
A-G1.042-C3,7961,2,1591.25,1,1.5,early25,False
A-G1.042-C3,7961,2,1594.5,1,3.25,early25,False
A-G1.042-C3,7961,2,1596.25,1,1.75,early25,False
A-G1.042-C3,7961,2,1597.25,5,1.0,early25,False
A-G1.042-C3,7961,2,1598.25,5,1.0,early25,False
A-G1.042-C3,7961,2,1600.25,4,2.0,early25,False
A-G1.042-C3,7961,2,1601.75,1,1.5,early25,False
A-G1.042-C3,7961,2,1602.5,1,0.75,early25,False
A-G1.042-C3,7961,2,1605.25,1,2.75,early25,False
A-G1.042-C3,7961,2,1608.25,1,3.0,early25,False
A-G1.042-C3,7961,2,1612.25,1,4.0,early25,False
A-G1.042-C3,7961,2,1616.5,3,4.25,early25,False
A-G1.042-C3,7961,2,1625.75,2,9.25,early25,False
A-G1.042-C3,7961,2,1631.75,5,6.0,early25,False
A-G1.042-C3,7961,2,1769.25,1,137.5,middle50,False
A-G1.042-C3,7961,2,1773.5,1,4.25,middle50,False
A-G1.042-C3,7961,2,1776.0,1,2.5,middle50,False
A-G1.042-C3,7961,2,1777.25,3,1.25,middle50,False
A-G1.042-C3,7961,2,1784.0,2,6.75,middle50,False
A-G1.042-C3,7961,2,1789.25,2,5.25,middle50,False
A-G1.042-C3,7961,2,1791.75,1,2.5,middle50,False
A-G1.042-C3,7961,2,1798.25,1,6.5,middle50,False
A-G1.042-C3,7961,2,1825.25,2,27.0,middle50,False
A-G1.042-C3,7961,2,1828.25,1,3.0,middle50,False
A-G1.042-C3,7961,2,1833.0,1,4.75,middle50,False
A-G1.042-C3,7961,2,1835.5,11,2.5,middle50,False
A-G1.042-C3,7961,2,1836.0,2,0.5,middle50,False
A-G1.042-C3,7961,2,1840.0,1,4.0,middle50,False
A-G1.042-C3,7961,2,1841.75,3,1.75,middle50,False
A-G1.042-C3,7961,2,1842.25,2,0.5,middle50,False
A-G1.042-C3,7961,2,1850.0,2,7.75,middle50,False
A-G1.042-C3,7961,2,1852.0,1,2.0,middle50,False
A-G1.042-C3,7961,2,1884.5,1,32.5,middle50,False
A-G1.042-C3,7961,2,1890.0,1,5.5,middle50,False
A-G1.042-C3,7961,2,1893.5,1,3.5,middle50,False
A-G1.042-C3,7961,2,1896.5,1,3.0,middle50,False
A-G1.042-C3,7961,2,1898.75,1,2.25,middle50,False
A-G1.042-C3,7961,2,1904.0,9,5.25,middle50,False
A-G1.042-C3,7961,2,1906.75,1,2.75,middle50,False
A-G1.042-C3,7961,2,1920.75,1,14.0,middle50,False
A-G1.042-C3,7961,2,1943.5,1,22.75,late25,False
A-G1.042-C3,7961,2,1944.75,1,1.25,late25,False
A-G1.042-C3,7961,2,1949.0,1,4.25,late25,False
A-G1.042-C3,7961,2,1954.25,1,5.25,late25,False
A-G1.042-C3,7961,2,1958.0,2,3.75,late25,False
A-G1.042-C3,7961,2,1964.25,1,6.25,late25,False
A-G1.042-C3,7961,2,1971.25,2,7.0,late25,False
A-G1.042-C3,7961,2,1975.25,1,4.0,late25,False
A-G1.042-C3,7961,3,2083.5,1,108.25,early25,True
A-G1.042-C3,7961,3,2096.25,3,12.75,early25,True
A-G1.042-C3,7961,3,2099.5,2,3.25,early25,True
A-G1.042-C3,7961,3,2102.75,1,3.25,early25,True
A-G1.042-C3,7961,3,2107.25,2,4.5,early25,True
A-G1.042-C3,7961,3,2110.25,2,3.0,early25,True
A-G1.042-C3,7961,3,2114.0,1,3.75,early25,True
A-G1.042-C3,7961,3,2116.25,1,2.25,early25,True
A-G1.042-C3,7961,3,2118.75,1,2.5,early25,True
A-G1.042-C3,7961,3,2122.0,2,3.25,early25,True
A-G1.042-C3,7961,3,2124.75,1,2.75,early25,True
A-G1.042-C3,7961,3,2148.0,1,23.25,early25,True
A-G1.042-C3,7961,3,2150.25,2,2.25,early25,True
A-G1.042-C3,7961,3,2152.75,1,2.5,early25,True
A-G1.042-C3,7961,3,2154.5,6,1.75,early25,True
A-G1.042-C3,7961,3,2157.75,1,3.25,early25,True
A-G1.042-C3,7961,3,2161.25,2,3.5,early25,True
A-G1.042-C3,7961,3,2164.75,2,3.5,early25,True
A-G1.042-C3,7961,3,2168.5,1,3.75,early25,True
A-G1.042-C3,7961,3,2171.5,1,3.0,early25,True
A-G1.042-C3,7961,3,2174.75,13,3.25,early25,True
A-G1.042-C3,7961,3,2177.75,1,3.0,early25,True
A-G1.042-C3,7961,3,2179.25,1,1.5,early25,True
A-G1.042-C3,7961,3,2190.25,7,11.0,early25,True
A-G1.042-C3,7961,3,2201.0,1,10.75,early25,True
A-G1.042-C3,7961,3,2207.25,1,6.25,early25,True
A-G1.042-C3,7961,3,2211.5,1,4.25,early25,True
A-G1.042-C3,7961,3,2214.0,1,2.5,early25,True
A-G1.042-C3,7961,3,2218.0,1,4.0,early25,True
A-G1.042-C3,7961,3,2222.25,1,4.25,early25,True
A-G1.042-C3,7961,3,2258.5,2,36.25,early25,True
A-G1.042-C3,7961,3,2264.0,1,5.5,early25,True
A-G1.042-C3,7961,3,2269.25,2,5.25,early25,True
A-G1.042-C3,7961,3,2274.75,1,5.5,early25,True
A-G1.042-C3,7961,3,2280.0,2,5.25,early25,True
A-G1.042-C3,7961,3,2285.5,1,5.5,early25,True
A-G1.042-C3,7961,3,2308.5,1,23.0,early25,True
A-G1.042-C3,7961,3,2319.5,2,11.0,early25,True
A-G1.042-C3,7961,3,2327.75,1,8.25,early25,True
A-G1.042-C3,7961,3,2362.75,1,35.0,early25,True
A-G1.042-C3,7961,3,2369.5,1,6.75,early25,True
A-G1.042-C3,7961,3,2376.5,1,7.0,early25,True
A-G1.042-C3,7961,3,2380.75,1,4.25,early25,True
A-G1.042-C3,7961,3,2386.75,2,6.0,early25,True
A-G1.042-C3,7961,3,2413.5,1,26.75,early25,True
A-G1.042-C3,7961,3,2417.5,1,4.0,early25,True
A-G1.042-C3,7961,3,2424.25,2,6.75,early25,True
A-G1.042-C3,7961,3,2428.25,1,4.0,early25,True
A-G1.042-C3,7961,3,2433.75,1,5.5,early25,True
A-G1.042-C3,7961,3,2471.5,1,37.75,middle50,True
A-G1.042-C3,7961,3,2475.5,1,4.0,middle50,True
A-G1.042-C3,7961,3,2478.25,1,2.75,middle50,True
A-G1.042-C3,7961,3,2483.25,2,5.0,middle50,True
A-G1.042-C3,7961,3,2488.75,1,5.5,middle50,True
A-G1.042-C3,7961,3,2494.25,1,5.5,middle50,True
A-G1.042-C3,7961,3,2509.5,5,15.25,middle50,True
A-G1.042-C3,7961,3,2522.25,1,12.75,middle50,True
A-G1.042-C3,7961,3,2525.0,4,2.75,middle50,True
A-G1.042-C3,7961,3,2528.0,1,3.0,middle50,True
A-G1.042-C3,7961,3,2535.25,1,7.25,middle50,True
A-G1.042-C3,7961,3,2545.75,1,10.5,middle50,True
A-G1.042-C3,7961,3,2576.25,3,30.5,middle50,True
A-G1.042-C3,7961,3,2578.25,4,2.0,middle50,True
A-G1.042-C3,7961,3,2581.25,1,3.0,middle50,True
A-G1.042-C3,7961,3,2588.75,4,7.5,middle50,True
A-G1.042-C3,7961,3,2593.5,1,4.75,middle50,True
A-G1.042-C3,7961,3,2604.0,1,10.5,middle50,True
A-G1.042-C3,7961,3,2763.5,1,159.5,middle50,True
A-G1.042-C3,7961,3,2766.5,1,3.0,middle50,True
A-G1.042-C3,7961,3,2773.75,1,7.25,middle50,True
A-G1.042-C3,7961,3,2777.25,1,3.5,middle50,True
A-G1.042-C3,7961,3,2806.75,1,29.5,middle50,True
A-G1.042-C3,7961,3,2812.25,6,5.5,middle50,True
A-G1.042-C3,7961,3,2826.5,1,14.25,middle50,True
A-G1.042-C3,7961,3,2834.0,1,7.5,middle50,True
A-G1.042-C3,7961,3,2847.25,3,13.25,middle50,True
A-G1.042-C3,7961,3,2856.75,1,9.5,middle50,True
A-G1.042-C3,7961,3,2863.75,1,7.0,middle50,True
A-G1.042-C3,7961,3,2870.5,1,6.75,middle50,True
A-G1.042-C3,7961,3,2876.5,1,6.0,middle50,True
A-G1.042-C3,7961,3,2880.25,5,3.75,middle50,True
A-G1.042-C3,7961,3,2882.75,2,2.5,middle50,True
A-G1.042-C3,7961,3,2885.25,3,2.5,middle50,True
A-G1.042-C3,7961,3,2917.0,1,31.75,middle50,True
A-G1.042-C3,7961,3,2921.75,2,4.75,middle50,True
A-G1.042-C3,7961,3,2930.75,1,9.0,middle50,True
A-G1.042-C3,7961,3,2934.5,1,3.75,middle50,True
A-G1.042-C3,7961,3,2943.25,1,8.75,middle50,True
A-G1.042-C3,7961,3,3075.0,1,131.75,middle50,True
A-G1.042-C3,7961,3,3085.75,1,10.75,middle50,True
A-G1.042-C3,7961,3,3091.25,1,5.5,middle50,True
A-G1.042-C3,7961,3,3110.5,1,19.25,middle50,True
A-G1.042-C3,7961,3,3133.75,1,23.25,middle50,True
A-G1.042-C3,7961,3,3145.5,1,11.75,middle50,True
A-G1.042-C3,7961,3,3149.75,1,4.25,middle50,True
A-G1.042-C3,7961,3,3157.5,1,7.75,middle50,True
A-G1.042-C3,7961,3,3172.25,3,14.75,middle50,True
A-G1.042-C3,7961,3,3192.0,1,19.75,middle50,True
A-G1.042-C3,7961,3,3199.25,1,7.25,middle50,True
A-G1.042-C3,7961,3,3209.5,3,10.25,middle50,True
A-G1.042-C3,7961,3,3239.5,1,30.0,late25,True
A-G1.042-C3,7961,3,3255.75,1,16.25,late25,True
A-G1.042-C3,7961,3,3260.5,1,4.75,late25,True
A-G1.042-C3,7961,3,3267.25,1,6.75,late25,True
A-G1.042-C3,7961,3,3415.0,1,147.75,late25,True
A-G1.042-C3,7961,3,3425.5,1,10.5,late25,True
A-G1.042-C3,7961,3,3460.5,1,35.0,late25,True
A-G1.042-C3,7961,3,3468.75,1,8.25,late25,True
A-G1.042-C3,7961,3,3479.5,1,10.75,late25,True
A-G1.042-C3,7961,3,3487.0,1,7.5,late25,True
A-G1.042-C3,7961,3,3502.25,2,15.25,late25,True
A-G1.042-C3,7961,3,3510.0,1,7.75,late25,True
A-G1.042-C3,7961,3,3516.5,1,6.5,late25,True
A-G1.042-C3,7961,3,3530.5,1,14.0,late25,True
A-G1.042-C3,7961,3,3568.75,1,38.25,late25,True
A-G1.042-C3,7961,3,3575.75,1,7.0,late25,True
A-G1.042-C3,7961,3,3588.0,1,12.25,late25,True
A-G1.042-C3,15880,0,0.25,3,,early25,False
A-G1.042-C3,15880,0,9.5,1,9.25,early25,False
A-G1.042-C3,15880,0,25.5,1,16.0,early25,False
A-G1.042-C3,15880,0,40.0,1,14.5,early25,False
A-G1.042-C3,15880,0,43.0,1,3.0,early25,False
A-G1.042-C3,15880,0,91.0,1,48.0,early25,False
A-G1.042-C3,15880,0,95.5,1,4.5,early25,False
A-G1.042-C3,15880,0,98.75,1,3.25,early25,False
A-G1.042-C3,15880,0,103.0,1,4.25,early25,False
A-G1.042-C3,15880,0,117.5,1,14.5,early25,False
A-G1.042-C3,15880,0,161.25,1,43.75,early25,False
A-G1.042-C3,15880,0,175.25,1,14.0,early25,False
A-G1.042-C3,15880,0,184.25,1,9.0,early25,False
A-G1.042-C3,15880,0,212.75,1,28.5,middle50,False
A-G1.042-C3,15880,0,222.5,1,9.75,middle50,False
A-G1.042-C3,15880,0,232.0,1,9.5,middle50,False
A-G1.042-C3,15880,0,238.0,1,6.0,middle50,False
A-G1.042-C3,15880,0,274.75,1,36.75,middle50,False
A-G1.042-C3,15880,0,290.0,1,15.25,middle50,False
A-G1.042-C3,15880,0,292.75,1,2.75,middle50,False
A-G1.042-C3,15880,0,302.25,1,9.5,middle50,False
A-G1.042-C3,15880,0,334.75,1,32.5,middle50,False
A-G1.042-C3,15880,0,340.75,1,6.0,middle50,False
A-G1.042-C3,15880,0,342.25,1,1.5,middle50,False
A-G1.042-C3,15880,0,354.25,1,12.0,middle50,False
A-G1.042-C3,15880,0,365.5,1,11.25,middle50,False
A-G1.042-C3,15880,0,514.25,1,148.75,middle50,False
A-G1.042-C3,15880,0,522.5,1,8.25,middle50,False
A-G1.042-C3,15880,0,533.75,1,11.25,middle50,False
A-G1.042-C3,15880,0,538.75,1,5.0,middle50,False
A-G1.042-C3,15880,0,574.5,1,35.75,middle50,False
A-G1.042-C3,15880,0,581.5,1,7.0,middle50,False
A-G1.042-C3,15880,0,585.5,1,4.0,middle50,False
A-G1.042-C3,15880,0,590.0,1,4.5,middle50,False
A-G1.042-C3,15880,0,597.0,1,7.0,middle50,False
A-G1.042-C3,15880,0,627.75,1,30.75,late25,False
A-G1.042-C3,15880,0,635.25,1,7.5,late25,False
A-G1.042-C3,15880,0,640.5,1,5.25,late25,False
A-G1.042-C3,15880,0,647.75,1,7.25,late25,False
A-G1.042-C3,15880,0,652.5,1,4.75,late25,False
A-G1.042-C3,15880,0,682.75,1,30.25,late25,False
A-G1.042-C3,15880,0,689.25,1,6.5,late25,False
A-G1.042-C3,15880,0,694.5,1,5.25,late25,False
A-G1.042-C3,15880,0,699.0,1,4.5,late25,False
A-G1.042-C3,15880,0,706.5,1,7.5,late25,False
A-G1.042-C3,15880,0,708.5,1,2.0,late25,False
A-G1.042-C3,15880,0,726.75,3,18.25,late25,False
A-G1.042-C3,15880,1,854.75,1,128.0,early25,False
A-G1.042-C3,15880,1,856.0,1,1.25,early25,False
A-G1.042-C3,15880,1,859.0,1,3.0,early25,False
A-G1.042-C3,15880,1,861.75,5,2.75,early25,False
A-G1.042-C3,15880,1,863.0,1,1.25,early25,False
A-G1.042-C3,15880,1,866.75,1,3.75,early25,False
A-G1.042-C3,15880,1,868.75,1,2.0,early25,False
A-G1.042-C3,15880,1,874.75,2,6.0,early25,False
A-G1.042-C3,15880,1,881.75,1,7.0,early25,False
A-G1.042-C3,15880,1,886.75,2,5.0,early25,False
A-G1.042-C3,15880,1,915.75,2,29.0,early25,False
A-G1.042-C3,15880,1,922.0,2,6.25,early25,False
A-G1.042-C3,15880,1,925.5,1,3.5,early25,False
A-G1.042-C3,15880,1,930.25,2,4.75,early25,False
A-G1.042-C3,15880,1,935.5,19,5.25,early25,False
A-G1.042-C3,15880,1,938.75,1,3.25,early25,False
A-G1.042-C3,15880,1,940.0,1,1.25,early25,False
A-G1.042-C3,15880,1,943.5,1,3.5,early25,False
A-G1.042-C3,15880,1,1098.5,1,155.0,middle50,False
A-G1.042-C3,15880,1,1105.75,1,7.25,middle50,False
A-G1.042-C3,15880,1,1109.75,1,4.0,middle50,False
A-G1.042-C3,15880,1,1110.5,1,0.75,middle50,False
A-G1.042-C3,15880,1,1112.25,1,1.75,middle50,False
A-G1.042-C3,15880,1,1116.25,1,4.0,middle50,False
A-G1.042-C3,15880,1,1119.75,1,3.5,middle50,False
A-G1.042-C3,15880,1,1150.0,1,30.25,middle50,False
A-G1.042-C3,15880,1,1152.5,1,2.5,middle50,False
A-G1.042-C3,15880,1,1156.75,1,4.25,middle50,False
A-G1.042-C3,15880,1,1160.0,2,3.25,middle50,False
A-G1.042-C3,15880,1,1164.75,1,4.75,middle50,False
A-G1.042-C3,15880,1,1169.0,1,4.25,middle50,False
A-G1.042-C3,15880,1,1173.0,2,4.0,middle50,False
A-G1.042-C3,15880,1,1176.25,1,3.25,middle50,False
A-G1.042-C3,15880,1,1179.5,1,3.25,middle50,False
A-G1.042-C3,15880,1,1186.5,1,7.0,middle50,False
A-G1.042-C3,15880,1,1203.5,1,17.0,middle50,False
A-G1.042-C3,15880,1,1207.75,1,4.25,middle50,False
A-G1.042-C3,15880,1,1211.75,1,4.0,middle50,False
A-G1.042-C3,15880,1,1217.0,2,5.25,middle50,False
A-G1.042-C3,15880,1,1221.75,1,4.75,middle50,False
A-G1.042-C3,15880,1,1224.75,1,3.0,middle50,False
A-G1.042-C3,15880,1,1229.0,1,4.25,middle50,False
A-G1.042-C3,15880,1,1232.75,15,3.75,middle50,False
A-G1.042-C3,15880,1,1258.75,1,26.0,middle50,False
A-G1.042-C3,15880,1,1265.0,1,6.25,late25,False
A-G1.042-C3,15880,1,1267.25,1,2.25,late25,False
A-G1.042-C3,15880,1,1273.25,1,6.0,late25,False
A-G1.042-C3,15880,1,1274.5,1,1.25,late25,False
A-G1.042-C3,15880,1,1276.75,1,2.25,late25,False
A-G1.042-C3,15880,1,1279.5,1,2.75,late25,False
A-G1.042-C3,15880,1,1283.0,1,3.5,late25,False
A-G1.042-C3,15880,1,1286.0,1,3.0,late25,False
A-G1.042-C3,15880,1,1287.25,1,1.25,late25,False
A-G1.042-C3,15880,1,1301.75,4,14.5,late25,False
A-G1.042-C3,15880,1,1400.5,1,98.75,late25,False
A-G1.042-C3,15880,2,1407.5,2,7.0,early25,False
A-G1.042-C3,15880,2,1419.75,1,12.25,early25,False
A-G1.042-C3,15880,2,1422.75,2,3.0,early25,False
A-G1.042-C3,15880,2,1425.75,1,3.0,early25,False
A-G1.042-C3,15880,2,1428.0,2,2.25,early25,False
A-G1.042-C3,15880,2,1430.5,1,2.5,early25,False
A-G1.042-C3,15880,2,1432.75,2,2.25,early25,False
A-G1.042-C3,15880,2,1434.75,1,2.0,early25,False
A-G1.042-C3,15880,2,1438.0,2,3.25,early25,False
A-G1.042-C3,15880,2,1442.0,1,4.0,early25,False
A-G1.042-C3,15880,2,1446.5,2,4.5,early25,False
A-G1.042-C3,15880,2,1475.25,1,28.75,early25,False
A-G1.042-C3,15880,2,1480.75,1,5.5,early25,False
A-G1.042-C3,15880,2,1484.25,2,3.5,early25,False
A-G1.042-C3,15880,2,1486.75,1,2.5,early25,False
A-G1.042-C3,15880,2,1493.75,3,7.0,early25,False
A-G1.042-C3,15880,2,1503.5,3,9.75,early25,False
A-G1.042-C3,15880,2,1543.25,1,39.75,early25,False
A-G1.042-C3,15880,2,1551.75,2,8.5,early25,False
A-G1.042-C3,15880,2,1555.5,1,3.75,early25,False
A-G1.042-C3,15880,2,1558.25,1,2.75,early25,False
A-G1.042-C3,15880,2,1594.25,3,36.0,early25,False
A-G1.042-C3,15880,2,1597.0,1,2.75,early25,False
A-G1.042-C3,15880,2,1600.75,2,3.75,middle50,False
A-G1.042-C3,15880,2,1603.75,1,3.0,middle50,False
A-G1.042-C3,15880,2,1606.75,1,3.0,middle50,False
A-G1.042-C3,15880,2,1612.0,2,5.25,middle50,False
A-G1.042-C3,15880,2,1620.5,3,8.5,middle50,False
A-G1.042-C3,15880,2,1628.5,1,8.0,middle50,False
A-G1.042-C3,15880,2,1643.0,1,14.5,middle50,False
A-G1.042-C3,15880,2,1647.5,2,4.5,middle50,False
A-G1.042-C3,15880,2,1651.5,2,4.0,middle50,False
A-G1.042-C3,15880,2,1655.5,1,4.0,middle50,False
A-G1.042-C3,15880,2,1658.0,1,2.5,middle50,False
A-G1.042-C3,15880,2,1662.25,2,4.25,middle50,False
A-G1.042-C3,15880,2,1667.75,1,5.5,middle50,False
A-G1.042-C3,15880,2,1669.5,1,1.75,middle50,False
A-G1.042-C3,15880,2,1702.0,2,32.5,middle50,False
A-G1.042-C3,15880,2,1708.5,3,6.5,middle50,False
A-G1.042-C3,15880,2,1711.0,1,2.5,middle50,False
A-G1.042-C3,15880,2,1713.0,1,2.0,middle50,False
A-G1.042-C3,15880,2,1715.0,2,2.0,middle50,False
A-G1.042-C3,15880,2,1716.75,1,1.75,middle50,False
A-G1.042-C3,15880,2,1721.5,2,4.75,middle50,False
A-G1.042-C3,15880,2,1725.0,1,3.5,middle50,False
A-G1.042-C3,15880,2,1727.5,1,2.5,middle50,False
A-G1.042-C3,15880,2,1736.75,1,9.25,middle50,False
A-G1.042-C3,15880,2,1743.25,5,6.5,middle50,False
A-G1.042-C3,15880,2,1894.25,2,151.0,middle50,False
A-G1.042-C3,15880,2,1898.0,1,3.75,middle50,False
A-G1.042-C3,15880,2,1903.25,2,5.25,middle50,False
A-G1.042-C3,15880,2,1909.25,1,6.0,middle50,False
A-G1.042-C3,15880,2,1911.0,1,1.75,middle50,False
A-G1.042-C3,15880,2,1915.25,1,4.25,middle50,False
A-G1.042-C3,15880,2,1949.0,1,33.75,middle50,False
A-G1.042-C3,15880,2,1954.0,2,5.0,middle50,False
A-G1.042-C3,15880,2,1961.75,2,7.75,middle50,False
A-G1.042-C3,15880,2,1967.75,1,6.0,middle50,False
A-G1.042-C3,15880,2,1974.5,1,6.75,middle50,False
A-G1.042-C3,15880,2,1984.0,2,9.5,middle50,False
A-G1.042-C3,15880,2,1997.0,1,13.0,late25,False
A-G1.042-C3,15880,2,2001.25,1,4.25,late25,False
A-G1.042-C3,15880,2,2005.75,1,4.5,late25,False
A-G1.042-C3,15880,2,2009.25,1,3.5,late25,False
A-G1.042-C3,15880,2,2015.0,2,5.75,late25,False
A-G1.042-C3,15880,2,2020.0,1,5.0,late25,False
A-G1.042-C3,15880,2,2022.75,1,2.75,late25,False
A-G1.042-C3,15880,2,2026.75,1,4.0,late25,False
A-G1.042-C3,15880,2,2031.25,10,4.5,late25,False
A-G1.042-C3,15880,2,2054.25,1,23.0,late25,False
A-G1.042-C3,15880,2,2056.25,1,2.0,late25,False
A-G1.042-C3,15880,2,2059.25,1,3.0,late25,False
A-G1.042-C3,15880,2,2062.25,2,3.0,late25,False
A-G1.042-C3,15880,2,2065.0,1,2.75,late25,False
A-G1.042-C3,15880,2,2067.25,1,2.25,late25,False
A-G1.042-C3,15880,2,2071.75,1,4.5,late25,False
A-G1.042-C3,15880,2,2075.25,1,3.5,late25,False
A-G1.042-C3,15880,2,2080.0,1,4.75,late25,False
A-G1.042-C3,15880,2,2083.0,1,3.0,late25,False
A-G1.042-C3,15880,2,2086.75,1,3.75,late25,False
A-G1.042-C3,15880,2,2093.0,3,6.25,late25,False
A-G1.042-C3,15880,3,2213.2499999999,2,120.24999999989996,early25,True
A-G1.042-C3,15880,3,2214.4999999999,6,1.25,early25,True
A-G1.042-C3,15880,3,2216.7499999999,2,2.25,early25,True
A-G1.042-C3,15880,3,2219.2499999999,5,2.5,early25,True
A-G1.042-C3,15880,3,2223.9999999999,3,4.75,early25,True
A-G1.042-C3,15880,3,2227.4999999999,2,3.5,early25,True
A-G1.042-C3,15880,3,2231.4999999999,2,4.0,early25,True
A-G1.042-C3,15880,3,2235.9999999999,1,4.5,early25,True
A-G1.042-C3,15880,3,2241.2499999999,3,5.25,early25,True
A-G1.042-C3,15880,3,2267.4999999999,2,26.25,early25,True
A-G1.042-C3,15880,3,2270.9999999999,2,3.5,early25,True
A-G1.042-C3,15880,3,2274.4999999999,1,3.5,early25,True
A-G1.042-C3,15880,3,2277.7499999999,2,3.25,early25,True
A-G1.042-C3,15880,3,2281.7499999999,20,4.0,early25,True
A-G1.042-C3,15880,3,2284.7499999999,2,3.0,early25,True
A-G1.042-C3,15880,3,2285.2499999999,3,0.5,early25,True
A-G1.042-C3,15880,3,2287.9999999999,1,2.75,early25,True
A-G1.042-C3,15880,3,2294.2499999999,2,6.25,early25,True
A-G1.042-C3,15880,3,2310.2499999999,2,16.0,early25,True
A-G1.042-C3,15880,3,2323.2499999999,1,13.0,early25,True
A-G1.042-C3,15880,3,2331.9999999999,2,8.75,early25,True
A-G1.042-C3,15880,3,2335.4999999999,1,3.5,early25,True
A-G1.042-C3,15880,3,2341.4999999999,1,6.0,early25,True
A-G1.042-C3,15880,3,2346.7499999999,2,5.25,early25,True
A-G1.042-C3,15880,3,2353.4999999999,1,6.75,early25,True
A-G1.042-C3,15880,3,2380.7499999999,9,27.25,early25,True
A-G1.042-C3,15880,3,2384.9999999999,1,4.25,early25,True
A-G1.042-C3,15880,3,2388.2499999999,2,3.25,early25,True
A-G1.042-C3,15880,3,2391.4999999999,1,3.25,early25,True
A-G1.042-C3,15880,3,2394.2499999999,1,2.75,early25,True
A-G1.042-C3,15880,3,2397.4999999999,1,3.25,early25,True
A-G1.042-C3,15880,3,2398.9999999999,1,1.5,early25,True
A-G1.042-C3,15880,3,2401.2499999999,1,2.25,early25,True
A-G1.042-C3,15880,3,2405.4999999999,1,4.25,early25,True
A-G1.042-C3,15880,3,2415.7499999999,1,10.25,early25,True
A-G1.042-C3,15880,3,2423.4999999999,7,7.75,early25,True
A-G1.042-C3,15880,3,2436.7499999999,1,13.25,early25,True
A-G1.042-C3,15880,3,2438.9999999999,1,2.25,early25,True
A-G1.042-C3,15880,3,2445.7499999999,1,6.75,early25,True
A-G1.042-C3,15880,3,2449.4999999999,1,3.75,early25,True
A-G1.042-C3,15880,3,2455.9999999999,1,6.5,early25,True
A-G1.042-C3,15880,3,2460.9999999999,1,5.0,early25,True
A-G1.042-C3,15880,3,2491.4999999999,2,30.5,early25,True
A-G1.042-C3,15880,3,2496.7499999999,1,5.25,early25,True
A-G1.042-C3,15880,3,2499.4999999999,1,2.75,early25,True
A-G1.042-C3,15880,3,2506.2499999999,1,6.75,early25,True
A-G1.042-C3,15880,3,2513.7499999999,2,7.5,early25,True
A-G1.042-C3,15880,3,2519.4999999999,1,5.75,early25,True
A-G1.042-C3,15880,3,2537.7499999999,1,18.25,early25,True
A-G1.042-C3,15880,3,2542.2499999999,1,4.5,early25,True
A-G1.042-C3,15880,3,2546.9999999999,1,4.75,middle50,True
A-G1.042-C3,15880,3,2551.4999999999,1,4.5,middle50,True
A-G1.042-C3,15880,3,2564.2499999999,1,12.75,middle50,True
A-G1.042-C3,15880,3,2596.7499999999,1,32.5,middle50,True
A-G1.042-C3,15880,3,2599.2499999999,1,2.5,middle50,True
A-G1.042-C3,15880,3,2606.4999999999,1,7.25,middle50,True
A-G1.042-C3,15880,3,2612.2499999999,1,5.75,middle50,True
A-G1.042-C3,15880,3,2632.4999999999,5,20.25,middle50,True
A-G1.042-C3,15880,3,2645.2499999999,2,12.75,middle50,True
A-G1.042-C3,15880,3,2663.7499999999,1,18.5,middle50,True
A-G1.042-C3,15880,3,2670.2499999999,1,6.5,middle50,True
A-G1.042-C3,15880,3,2703.4999999999,1,33.25,middle50,True
A-G1.042-C3,15880,3,2708.4999999999,1,5.0,middle50,True
A-G1.042-C3,15880,3,2713.4999999999,1,5.0,middle50,True
A-G1.042-C3,15880,3,2722.9999999999,1,9.5,middle50,True
A-G1.042-C3,15880,3,2727.9999999999,1,5.0,middle50,True
A-G1.042-C3,15880,3,2737.7499999999,1,9.75,middle50,True
A-G1.042-C3,15880,3,2752.2499999999,1,14.5,middle50,True
A-G1.042-C3,15880,3,2756.2499999999,1,4.0,middle50,True
A-G1.042-C3,15880,3,2759.9999999999,1,3.75,middle50,True
A-G1.042-C3,15880,3,2767.7499999999,1,7.75,middle50,True
A-G1.042-C3,15880,3,2773.7499999999,1,6.0,middle50,True
A-G1.042-C3,15880,3,2809.2499999999,1,35.5,middle50,True
A-G1.042-C3,15880,3,2813.9999999999,1,4.75,middle50,True
A-G1.042-C3,15880,3,2827.9999999999,1,14.0,middle50,True
A-G1.042-C3,15880,3,2832.7499999999,1,4.75,middle50,True
A-G1.042-C3,15880,3,2844.7499999999,1,12.0,middle50,True
A-G1.042-C3,15880,3,2850.2499999999,2,5.5,middle50,True
A-G1.042-C3,15880,3,3004.2499999999,1,154.0,middle50,True
A-G1.042-C3,15880,3,3008.9999999999,1,4.75,middle50,True
A-G1.042-C3,15880,3,3019.4999999999,1,10.5,middle50,True
A-G1.042-C3,15880,3,3046.7499999999,1,27.25,middle50,True
A-G1.042-C3,15880,3,3053.7499999999,6,7.0,middle50,True
A-G1.042-C3,15880,3,3061.2499999999,1,7.5,middle50,True
A-G1.042-C3,15880,3,3065.2499999999,1,4.0,middle50,True
A-G1.042-C3,15880,3,3092.2499999999,1,27.0,middle50,True
A-G1.042-C3,15880,3,3099.2499999999,1,7.0,middle50,True
A-G1.042-C3,15880,3,3105.9999999999,1,6.75,middle50,True
A-G1.042-C3,15880,3,3111.9999999999,1,6.0,middle50,True
A-G1.042-C3,15880,3,3115.9999999999,5,4.0,middle50,True
A-G1.042-C3,15880,3,3145.4999999999,1,29.5,middle50,True
A-G1.042-C3,15880,3,3152.9999999999,1,7.5,middle50,True
A-G1.042-C3,15880,3,3160.9999999999,1,8.0,middle50,True
A-G1.042-C3,15880,3,3166.4999999999,1,5.5,middle50,True
A-G1.042-C3,15880,3,3173.7499999999,1,7.25,middle50,True
A-G1.042-C3,15880,3,3188.9999999999,3,15.25,middle50,True
A-G1.042-C3,15880,3,3327.2499999999,1,138.25,late25,True
A-G1.042-C3,15880,3,3335.7499999999,1,8.5,late25,True
A-G1.042-C3,15880,3,3345.7499999999,1,10.0,late25,True
A-G1.042-C3,15880,3,3351.4999999999,1,5.75,late25,True
A-G1.042-C3,15880,3,3357.4999999999,3,6.0,late25,True
A-G1.042-C3,15880,3,3394.7499999999,1,37.25,late25,True
A-G1.042-C3,15880,3,3399.2499999999,1,4.5,late25,True
A-G1.042-C3,15880,3,3408.2499999999,1,9.0,late25,True
A-G1.042-C3,15880,3,3410.2499999999,1,2.0,late25,True
A-G1.042-C3,15880,3,3421.4999999999,2,11.25,late25,True
A-G1.042-C3,15880,3,3433.4999999999,1,12.0,late25,True
A-G1.042-C3,15880,3,3441.4999999999,1,8.0,late25,True
A-G1.042-C3,15880,3,3450.9999999999,1,9.5,late25,True
A-G1.042-C3,15880,3,3487.7499999999,1,36.75,late25,True
A-G1.042-C3,15880,3,3496.4999999999,2,8.75,late25,True
A-G1.042-C3,15880,3,3507.4999999999,1,11.0,late25,True
A-G1.042-C3,15880,3,3527.2499999999,3,19.75,late25,True
A-G1.042-C3,23799,0,0.25,3,,early25,False
A-G1.042-C3,23799,0,8.25,1,8.0,early25,False
A-G1.042-C3,23799,0,16.5,1,8.25,early25,False
A-G1.042-C3,23799,0,45.75,1,29.25,early25,False
A-G1.042-C3,23799,0,58.0,1,12.25,early25,False
A-G1.042-C3,23799,0,88.75,1,30.75,early25,False
A-G1.042-C3,23799,0,112.25,1,23.5,early25,False
A-G1.042-C3,23799,0,123.75,1,11.5,early25,False
A-G1.042-C3,23799,0,163.0,1,39.25,early25,False
A-G1.042-C3,23799,0,182.0,1,19.0,early25,False
A-G1.042-C3,23799,0,215.25,1,33.25,middle50,False
A-G1.042-C3,23799,0,229.75,1,14.5,middle50,False
A-G1.042-C3,23799,0,235.75,1,6.0,middle50,False
A-G1.042-C3,23799,0,281.25,1,45.5,middle50,False
A-G1.042-C3,23799,0,292.0,1,10.75,middle50,False
A-G1.042-C3,23799,0,296.75,1,4.75,middle50,False
A-G1.042-C3,23799,0,304.5,1,7.75,middle50,False
A-G1.042-C3,23799,0,340.25,1,35.75,middle50,False
A-G1.042-C3,23799,0,346.75,1,6.5,middle50,False
A-G1.042-C3,23799,0,349.25,1,2.5,middle50,False
A-G1.042-C3,23799,0,354.5,1,5.25,middle50,False
A-G1.042-C3,23799,0,359.75,1,5.25,middle50,False
A-G1.042-C3,23799,0,369.5,1,9.75,middle50,False
A-G1.042-C3,23799,0,527.25,1,157.75,middle50,False
A-G1.042-C3,23799,0,532.5,1,5.25,middle50,False
A-G1.042-C3,23799,0,540.5,1,8.0,middle50,False
A-G1.042-C3,23799,0,577.0,1,36.5,middle50,False
A-G1.042-C3,23799,0,580.5,1,3.5,middle50,False
A-G1.042-C3,23799,0,583.0,1,2.5,middle50,False
A-G1.042-C3,23799,0,589.0,1,6.0,middle50,False
A-G1.042-C3,23799,0,598.25,1,9.25,middle50,False
A-G1.042-C3,23799,0,600.25,1,2.0,middle50,False
A-G1.042-C3,23799,0,603.75,1,3.5,middle50,False
A-G1.042-C3,23799,0,639.75,1,36.0,late25,False
A-G1.042-C3,23799,0,643.75,1,4.0,late25,False
A-G1.042-C3,23799,0,650.5,1,6.75,late25,False
A-G1.042-C3,23799,0,655.0,1,4.5,late25,False
A-G1.042-C3,23799,0,687.5,1,32.5,late25,False
A-G1.042-C3,23799,0,689.75,1,2.25,late25,False
A-G1.042-C3,23799,0,694.0,1,4.25,late25,False
A-G1.042-C3,23799,0,700.25,1,6.25,late25,False
A-G1.042-C3,23799,0,703.75,1,3.5,late25,False
A-G1.042-C3,23799,0,708.5,1,4.75,late25,False
A-G1.042-C3,23799,0,712.75,1,4.25,late25,False
A-G1.042-C3,23799,0,718.0,1,5.25,late25,False
A-G1.042-C3,23799,0,726.25,1,8.25,late25,False
A-G1.042-C3,23799,0,835.5,1,109.25,late25,False
A-G1.042-C3,23799,1,855.75,1,20.25,early25,False
A-G1.042-C3,23799,1,858.75,1,3.0,early25,False
A-G1.042-C3,23799,1,860.5,1,1.75,early25,False
A-G1.042-C3,23799,1,863.25,1,2.75,early25,False
A-G1.042-C3,23799,1,865.5,1,2.25,early25,False
A-G1.042-C3,23799,1,867.75,1,2.25,early25,False
A-G1.042-C3,23799,1,874.25,1,6.5,early25,False
A-G1.042-C3,23799,1,877.75,1,3.5,early25,False
A-G1.042-C3,23799,1,881.25,1,3.5,early25,False
A-G1.042-C3,23799,1,883.75,1,2.5,early25,False
A-G1.042-C3,23799,1,911.5,1,27.75,early25,False
A-G1.042-C3,23799,1,919.25,2,7.75,early25,False
A-G1.042-C3,23799,1,932.5,2,13.25,early25,False
A-G1.042-C3,23799,1,949.0,1,16.5,early25,False
A-G1.042-C3,23799,1,978.75,1,29.75,early25,False
A-G1.042-C3,23799,1,984.5,2,5.75,early25,False
A-G1.042-C3,23799,1,990.5,1,6.0,early25,False
A-G1.042-C3,23799,1,1025.25,1,34.75,early25,False
A-G1.042-C3,23799,1,1029.5,2,4.25,early25,False
A-G1.042-C3,23799,1,1043.5,2,14.0,middle50,False
A-G1.042-C3,23799,1,1047.25,1,3.75,middle50,False
A-G1.042-C3,23799,1,1052.25,2,5.0,middle50,False
A-G1.042-C3,23799,1,1060.5,2,8.25,middle50,False
A-G1.042-C3,23799,1,1068.25,6,7.75,middle50,False
A-G1.042-C3,23799,1,1086.75,1,18.5,middle50,False
A-G1.042-C3,23799,1,1090.5,1,3.75,middle50,False
A-G1.042-C3,23799,1,1092.25,4,1.75,middle50,False
A-G1.042-C3,23799,1,1094.5,2,2.25,middle50,False
A-G1.042-C3,23799,1,1101.0,1,6.5,middle50,False
A-G1.042-C3,23799,1,1105.5,2,4.5,middle50,False
A-G1.042-C3,23799,1,1110.5,1,5.0,middle50,False
A-G1.042-C3,23799,1,1139.25,2,28.75,middle50,False
A-G1.042-C3,23799,1,1145.5,2,6.25,middle50,False
A-G1.042-C3,23799,1,1151.0,1,5.5,middle50,False
A-G1.042-C3,23799,1,1156.25,1,5.25,middle50,False
A-G1.042-C3,23799,1,1157.75,1,1.5,middle50,False
A-G1.042-C3,23799,1,1162.25,1,4.5,middle50,False
A-G1.042-C3,23799,1,1166.0,1,3.75,middle50,False
A-G1.042-C3,23799,1,1314.75,2,148.75,middle50,False
A-G1.042-C3,23799,1,1320.25,1,5.5,middle50,False
A-G1.042-C3,23799,1,1323.75,1,3.5,middle50,False
A-G1.042-C3,23799,1,1327.25,1,3.5,middle50,False
A-G1.042-C3,23799,1,1331.25,1,4.0,middle50,False
A-G1.042-C3,23799,1,1336.25,1,5.0,middle50,False
A-G1.042-C3,23799,1,1340.5,2,4.25,middle50,False
A-G1.042-C3,23799,1,1368.25,1,27.75,middle50,False
A-G1.042-C3,23799,1,1371.25,16,3.0,middle50,False
A-G1.042-C3,23799,1,1375.5,1,4.25,middle50,False
A-G1.042-C3,23799,1,1381.5,1,6.0,middle50,False
A-G1.042-C3,23799,1,1389.0,1,7.5,middle50,False
A-G1.042-C3,23799,1,1391.5,1,2.5,middle50,False
A-G1.042-C3,23799,1,1397.0,2,5.5,middle50,False
A-G1.042-C3,23799,1,1416.75,1,19.75,middle50,False
A-G1.042-C3,23799,1,1425.25,1,8.5,late25,False
A-G1.042-C3,23799,1,1432.0,1,6.75,late25,False
A-G1.042-C3,23799,1,1434.5,1,2.5,late25,False
A-G1.042-C3,23799,1,1437.25,1,2.75,late25,False
A-G1.042-C3,23799,1,1440.5,1,3.25,late25,False
A-G1.042-C3,23799,1,1444.5,1,4.0,late25,False
A-G1.042-C3,23799,1,1472.0,1,27.5,late25,False
A-G1.042-C3,23799,1,1476.0,1,4.0,late25,False
A-G1.042-C3,23799,1,1477.25,1,1.25,late25,False
A-G1.042-C3,23799,1,1479.5,1,2.25,late25,False
A-G1.042-C3,23799,1,1484.0,1,4.5,late25,False
A-G1.042-C3,23799,1,1486.25,1,2.25,late25,False
A-G1.042-C3,23799,1,1488.0,1,1.75,late25,False
A-G1.042-C3,23799,1,1490.75,1,2.75,late25,False
A-G1.042-C3,23799,1,1495.75,1,5.0,late25,False
A-G1.042-C3,23799,1,1499.25,1,3.5,late25,False
A-G1.042-C3,23799,1,1503.25,1,4.0,late25,False
A-G1.042-C3,23799,1,1608.5,1,105.25,late25,False
A-G1.042-C3,23799,1,1612.0,1,3.5,late25,False
A-G1.042-C3,23799,2,1612.75,1,0.75,early25,False
A-G1.042-C3,23799,2,1626.25,1,13.5,early25,False
A-G1.042-C3,23799,2,1628.5,1,2.25,early25,False
A-G1.042-C3,23799,2,1629.5,1,1.0,early25,False
A-G1.042-C3,23799,2,1630.75,1,1.25,early25,False
A-G1.042-C3,23799,2,1633.0,2,2.25,early25,False
A-G1.042-C3,23799,2,1635.5,1,2.5,early25,False
A-G1.042-C3,23799,2,1637.5,2,2.0,early25,False
A-G1.042-C3,23799,2,1639.75,2,2.25,early25,False
A-G1.042-C3,23799,2,1646.5,3,6.75,early25,False
A-G1.042-C3,23799,2,1694.5,1,48.0,early25,False
A-G1.042-C3,23799,2,1696.25,1,1.75,early25,False
A-G1.042-C3,23799,2,1702.75,4,6.5,early25,False
A-G1.042-C3,23799,2,1720.25,3,17.5,early25,False
A-G1.042-C3,23799,2,1726.5,6,6.25,early25,False
A-G1.042-C3,23799,2,1736.5,6,10.0,early25,False
A-G1.042-C3,23799,2,1740.25,1,3.75,early25,False
A-G1.042-C3,23799,2,1741.5,4,1.25,early25,False
A-G1.042-C3,23799,2,1742.25,3,0.75,early25,False
A-G1.042-C3,23799,2,1748.5,2,6.25,early25,False
A-G1.042-C3,23799,2,1752.5,1,4.0,early25,False
A-G1.042-C3,23799,2,1758.0,2,5.5,early25,False
A-G1.042-C3,23799,2,1759.75,5,1.75,early25,False
A-G1.042-C3,23799,2,1792.0,1,32.25,early25,False
A-G1.042-C3,23799,2,1795.5,1,3.5,early25,False
A-G1.042-C3,23799,2,1798.5,2,3.0,early25,False
A-G1.042-C3,23799,2,1804.5,1,6.0,early25,False
A-G1.042-C3,23799,2,1809.25,2,4.75,early25,False
A-G1.042-C3,23799,2,1814.0,3,4.75,early25,False
A-G1.042-C3,23799,2,1821.75,2,7.75,early25,False
A-G1.042-C3,23799,2,1830.75,2,9.0,early25,False
A-G1.042-C3,23799,2,1982.25,1,151.5,middle50,False
A-G1.042-C3,23799,2,1986.0,2,3.75,middle50,False
A-G1.042-C3,23799,2,1989.5,1,3.5,middle50,False
A-G1.042-C3,23799,2,1992.25,1,2.75,middle50,False
A-G1.042-C3,23799,2,1997.5,1,5.25,middle50,False
A-G1.042-C3,23799,2,2002.0,2,4.5,middle50,False
A-G1.042-C3,23799,2,2037.75,1,35.75,middle50,False
A-G1.042-C3,23799,2,2042.25,2,4.5,middle50,False
A-G1.042-C3,23799,2,2049.75,1,7.5,middle50,False
A-G1.042-C3,23799,2,2052.75,1,3.0,middle50,False
A-G1.042-C3,23799,2,2055.25,1,2.5,middle50,False
A-G1.042-C3,23799,2,2060.75,1,5.5,middle50,False
A-G1.042-C3,23799,2,2067.25,2,6.5,middle50,False
A-G1.042-C3,23799,2,2074.5,1,7.25,middle50,False
A-G1.042-C3,23799,2,2081.0,4,6.5,middle50,False
A-G1.042-C3,23799,2,2092.5,1,11.5,middle50,False
A-G1.042-C3,23799,2,2096.0,1,3.5,middle50,False
A-G1.042-C3,23799,2,2100.75,2,4.75,middle50,False
A-G1.042-C3,23799,2,2105.5,1,4.75,middle50,False
A-G1.042-C3,23799,2,2110.75,1,5.25,middle50,False
A-G1.042-C3,23799,2,2116.0,2,5.25,middle50,False
A-G1.042-C3,23799,2,2120.0,1,4.0,middle50,False
A-G1.042-C3,23799,2,2124.75,13,4.75,middle50,False
A-G1.042-C3,23799,2,2148.0,4,23.25,middle50,False
A-G1.042-C3,23799,2,2152.0,3,4.0,middle50,False
A-G1.042-C3,23799,2,2153.75,1,1.75,middle50,False
A-G1.042-C3,23799,2,2157.25,1,3.5,middle50,False
A-G1.042-C3,23799,2,2159.0,1,1.75,middle50,False
A-G1.042-C3,23799,2,2160.0,3,1.0,middle50,False
A-G1.042-C3,23799,2,2164.0,1,4.0,middle50,False
A-G1.042-C3,23799,2,2167.0,1,3.0,middle50,False
A-G1.042-C3,23799,2,2169.0,1,2.0,middle50,False
A-G1.042-C3,23799,2,2171.0,1,2.0,middle50,False
A-G1.042-C3,23799,2,2175.0,1,4.0,middle50,False
A-G1.042-C3,23799,2,2179.25,1,4.25,middle50,False
A-G1.042-C3,23799,2,2311.0,1,131.75,middle50,False
A-G1.042-C3,23799,2,2319.75,2,8.75,middle50,False
A-G1.042-C3,23799,2,2324.5,1,4.75,middle50,False
A-G1.042-C3,23799,2,2328.0,1,3.5,middle50,False
A-G1.042-C3,23799,2,2331.0,1,3.0,middle50,False
A-G1.042-C3,23799,2,2334.0,1,3.0,middle50,False
A-G1.042-C3,23799,2,2340.0,1,6.0,middle50,False
A-G1.042-C3,23799,2,2342.5,1,2.5,middle50,False
A-G1.042-C3,23799,2,2368.0,1,25.5,late25,False
A-G1.042-C3,23799,2,2370.75,1,2.75,late25,False
A-G1.042-C3,23799,2,2373.75,1,3.0,late25,False
A-G1.042-C3,23799,2,2376.75,1,3.0,late25,False
A-G1.042-C3,23799,2,2379.75,1,3.0,late25,False
A-G1.042-C3,23799,2,2383.0,1,3.25,late25,False
A-G1.042-C3,23799,2,2386.0,1,3.0,late25,False
A-G1.042-C3,23799,2,2388.5,1,2.5,late25,False
A-G1.042-C3,23799,2,2391.25,8,2.75,late25,False
A-G1.042-C3,23799,2,2393.5,1,2.25,late25,False
A-G1.042-C3,23799,2,2396.25,8,2.75,late25,False
A-G1.042-C3,23799,2,2397.75,1,1.5,late25,False
A-G1.042-C3,23799,2,2398.5,2,0.75,late25,False
A-G1.042-C3,23799,2,2399.25,2,0.75,late25,False
A-G1.042-C3,23799,2,2405.0,2,5.75,late25,False
A-G1.042-C3,23799,2,2410.75,2,5.75,late25,False
A-G1.042-C3,23799,2,2421.25,1,10.5,late25,False
A-G1.042-C3,23799,2,2427.25,1,6.0,late25,False
A-G1.042-C3,23799,2,2432.75,1,5.5,late25,False
A-G1.042-C3,23799,2,2437.75,1,5.0,late25,False
A-G1.042-C3,23799,2,2446.0,1,8.25,late25,False
A-G1.042-C3,23799,2,2481.75,2,35.75,late25,False
A-G1.042-C3,23799,2,2488.0,1,6.25,late25,False
A-G1.042-C3,23799,2,2492.75,1,4.75,late25,False
A-G1.042-C3,23799,2,2495.25,1,2.5,late25,False
A-G1.042-C3,23799,2,2498.5,1,3.25,late25,False
A-G1.042-C3,23799,2,2504.75,1,6.25,late25,False
A-G1.042-C3,23799,3,2631.0,1,126.25,early25,True
A-G1.042-C3,23799,3,2642.0,2,11.0,early25,True
A-G1.042-C3,23799,3,2646.25,1,4.25,early25,True
A-G1.042-C3,23799,3,2650.75,2,4.5,early25,True
A-G1.042-C3,23799,3,2656.25,1,5.5,early25,True
A-G1.042-C3,23799,3,2685.0,1,28.75,early25,True
A-G1.042-C3,23799,3,2687.5,1,2.5,early25,True
A-G1.042-C3,23799,3,2694.5,2,7.0,early25,True
A-G1.042-C3,23799,3,2704.75,2,10.25,early25,True
A-G1.042-C3,23799,3,2713.0,1,8.25,early25,True
A-G1.042-C3,23799,3,2723.0,2,10.0,early25,True
A-G1.042-C3,23799,3,2730.75,8,7.75,early25,True
A-G1.042-C3,23799,3,2740.0,5,9.25,early25,True
A-G1.042-C3,23799,3,2742.5,5,2.5,early25,True
A-G1.042-C3,23799,3,2747.25,1,4.75,early25,True
A-G1.042-C3,23799,3,2756.5,1,9.25,early25,True
A-G1.042-C3,23799,3,2763.0,2,6.5,early25,True
A-G1.042-C3,23799,3,2798.75,2,35.75,early25,True
A-G1.042-C3,23799,3,2804.25,1,5.5,early25,True
A-G1.042-C3,23799,3,2805.5,4,1.25,early25,True
A-G1.042-C3,23799,3,2806.75,3,1.25,early25,True
A-G1.042-C3,23799,3,2811.75,2,5.0,early25,True
A-G1.042-C3,23799,3,2817.0,1,5.25,early25,True
A-G1.042-C3,23799,3,2819.5,1,2.5,early25,True
A-G1.042-C3,23799,3,2832.0,2,12.5,early25,True
A-G1.042-C3,23799,3,2858.0,2,26.0,early25,True
A-G1.042-C3,23799,3,2862.0,1,4.0,middle50,True
A-G1.042-C3,23799,3,2867.0,1,5.0,middle50,True
A-G1.042-C3,23799,3,2870.0,1,3.0,middle50,True
A-G1.042-C3,23799,3,2880.75,1,10.75,middle50,True
A-G1.042-C3,23799,3,2910.5,1,29.75,middle50,True
A-G1.042-C3,23799,3,2919.75,1,9.25,middle50,True
A-G1.042-C3,23799,3,2925.0,1,5.25,middle50,True
A-G1.042-C3,23799,3,2930.5,1,5.5,middle50,True
A-G1.042-C3,23799,3,2940.25,2,9.75,middle50,True
A-G1.042-C3,23799,3,2950.75,4,10.5,middle50,True
A-G1.042-C3,23799,3,2961.75,1,11.0,middle50,True
A-G1.042-C3,23799,3,2968.5,1,6.75,middle50,True
A-G1.042-C3,23799,3,2975.5,1,7.0,middle50,True
A-G1.042-C3,23799,3,2982.5,1,7.0,middle50,True
A-G1.042-C3,23799,3,2986.25,1,3.75,middle50,True
A-G1.042-C3,23799,3,2990.5,1,4.25,middle50,True
A-G1.042-C3,23799,3,3019.0,6,28.5,middle50,True
A-G1.042-C3,23799,3,3024.5,1,5.5,middle50,True
A-G1.042-C3,23799,3,3036.75,1,12.25,middle50,True
A-G1.042-C3,23799,3,3043.25,1,6.5,middle50,True
A-G1.042-C3,23799,3,3053.25,1,10.0,middle50,True
A-G1.042-C3,23799,3,3209.0,1,155.75,middle50,True
A-G1.042-C3,23799,3,3221.0,2,12.0,middle50,True
A-G1.042-C3,23799,3,3255.0,1,34.0,middle50,True
A-G1.042-C3,23799,3,3263.75,1,8.75,middle50,True
A-G1.042-C3,23799,3,3269.0,1,5.25,middle50,True
A-G1.042-C3,23799,3,3277.75,1,8.75,middle50,True
A-G1.042-C3,23799,3,3290.25,3,12.5,middle50,True
A-G1.042-C3,23799,3,3301.0,1,10.75,middle50,True
A-G1.042-C3,23799,3,3306.0,1,5.0,middle50,True
A-G1.042-C3,23799,3,3317.75,1,11.75,middle50,True
A-G1.042-C3,23799,3,3324.0,1,6.25,middle50,True
A-G1.042-C3,23799,3,3328.25,1,4.25,middle50,True
A-G1.042-C3,23799,3,3358.75,1,30.5,late25,True
A-G1.042-C3,23799,3,3363.5,1,4.75,late25,True
A-G1.042-C3,23799,3,3372.75,1,9.25,late25,True
A-G1.042-C3,23799,3,3375.75,1,3.0,late25,True
A-G1.042-C3,23799,3,3381.5,1,5.75,late25,True
A-G1.042-C3,23799,3,3400.25,4,18.75,late25,True
A-G1.042-C3,23799,3,3548.0,1,147.75,late25,True
A-G1.042-C3,23799,3,3560.75,1,12.75,late25,True
A-G1.042-C3,23799,3,3568.5,1,7.75,late25,True
A-G1.042-C3,23799,3,3595.0,1,26.5,late25,True
A-G1.042-C3,31718,0,0.25,3,,early25,False
A-G1.042-C3,31718,0,8.5,1,8.25,early25,False
A-G1.042-C3,31718,0,17.25,1,8.75,early25,False
A-G1.042-C3,31718,0,33.75,1,16.5,early25,False
A-G1.042-C3,31718,0,50.75,1,17.0,early25,False
A-G1.042-C3,31718,0,93.75,1,43.0,early25,False
A-G1.042-C3,31718,0,100.75,1,7.0,early25,False
A-G1.042-C3,31718,0,116.0,1,15.25,early25,False
A-G1.042-C3,31718,0,155.25,1,39.25,early25,False
A-G1.042-C3,31718,0,158.25,1,3.0,early25,False
A-G1.042-C3,31718,0,164.75,1,6.5,early25,False
A-G1.042-C3,31718,0,172.0,1,7.25,early25,False
A-G1.042-C3,31718,0,176.0,1,4.0,early25,False
A-G1.042-C3,31718,0,213.75,1,37.75,middle50,False
A-G1.042-C3,31718,0,219.5,1,5.75,middle50,False
A-G1.042-C3,31718,0,224.0,1,4.5,middle50,False
A-G1.042-C3,31718,0,230.75,1,6.75,middle50,False
A-G1.042-C3,31718,0,244.25,1,13.5,middle50,False
A-G1.042-C3,31718,0,279.0,1,34.75,middle50,False
A-G1.042-C3,31718,0,291.5,1,12.5,middle50,False
A-G1.042-C3,31718,0,298.5,1,7.0,middle50,False
A-G1.042-C3,31718,0,326.0,1,27.5,middle50,False
A-G1.042-C3,31718,0,329.75,1,3.75,middle50,False
A-G1.042-C3,31718,0,334.0,1,4.25,middle50,False
A-G1.042-C3,31718,0,338.75,1,4.75,middle50,False
A-G1.042-C3,31718,0,341.0,1,2.25,middle50,False
A-G1.042-C3,31718,0,346.75,1,5.75,middle50,False
A-G1.042-C3,31718,0,348.75,1,2.0,middle50,False
A-G1.042-C3,31718,0,361.5,1,12.75,middle50,False
A-G1.042-C3,31718,0,516.5,1,155.0,middle50,False
A-G1.042-C3,31718,0,523.75,1,7.25,middle50,False
A-G1.042-C3,31718,0,540.5,1,16.75,middle50,False
A-G1.042-C3,31718,0,572.5,1,32.0,middle50,False
A-G1.042-C3,31718,0,580.0,1,7.5,middle50,False
A-G1.042-C3,31718,0,583.75,1,3.75,middle50,False
A-G1.042-C3,31718,0,589.0,1,5.25,middle50,False
A-G1.042-C3,31718,0,595.75,1,6.75,middle50,False
A-G1.042-C3,31718,0,626.5,1,30.75,late25,False
A-G1.042-C3,31718,0,632.5,1,6.0,late25,False
A-G1.042-C3,31718,0,638.0,1,5.5,late25,False
A-G1.042-C3,31718,0,643.5,1,5.5,late25,False
A-G1.042-C3,31718,0,654.5,1,11.0,late25,False
A-G1.042-C3,31718,0,687.25,1,32.75,late25,False
A-G1.042-C3,31718,0,692.75,1,5.5,late25,False
A-G1.042-C3,31718,0,698.25,1,5.5,late25,False
A-G1.042-C3,31718,0,702.5,1,4.25,late25,False
A-G1.042-C3,31718,0,708.25,1,5.75,late25,False
A-G1.042-C3,31718,0,713.5,1,5.25,late25,False
A-G1.042-C3,31718,0,827.5,1,114.0,late25,False
A-G1.042-C3,31718,1,849.25,1,21.75,early25,False
A-G1.042-C3,31718,1,852.0,1,2.75,early25,False
A-G1.042-C3,31718,1,854.5,2,2.5,early25,False
A-G1.042-C3,31718,1,857.25,1,2.75,early25,False
A-G1.042-C3,31718,1,861.5,1,4.25,early25,False
A-G1.042-C3,31718,1,869.75,2,8.25,early25,False
A-G1.042-C3,31718,1,873.5,1,3.75,early25,False
A-G1.042-C3,31718,1,916.0,1,42.5,early25,False
A-G1.042-C3,31718,1,920.0,2,4.0,early25,False
A-G1.042-C3,31718,1,923.0,1,3.0,early25,False
A-G1.042-C3,31718,1,928.75,2,5.75,early25,False
A-G1.042-C3,31718,1,935.25,1,6.5,early25,False
A-G1.042-C3,31718,1,967.0,2,31.75,early25,False
A-G1.042-C3,31718,1,975.75,1,8.75,early25,False
A-G1.042-C3,31718,1,980.0,1,4.25,early25,False
A-G1.042-C3,31718,1,988.25,2,8.25,early25,False
A-G1.042-C3,31718,1,992.75,1,4.5,early25,False
A-G1.042-C3,31718,1,1018.75,1,26.0,early25,False
A-G1.042-C3,31718,1,1021.25,1,2.5,early25,False
A-G1.042-C3,31718,1,1024.25,1,3.0,early25,False
A-G1.042-C3,31718,1,1028.75,1,4.5,middle50,False
A-G1.042-C3,31718,1,1032.5,1,3.75,middle50,False
A-G1.042-C3,31718,1,1036.0,2,3.5,middle50,False
A-G1.042-C3,31718,1,1042.0,1,6.0,middle50,False
A-G1.042-C3,31718,1,1044.0,1,2.0,middle50,False
A-G1.042-C3,31718,1,1046.0,1,2.0,middle50,False
A-G1.042-C3,31718,1,1049.25,1,3.25,middle50,False
A-G1.042-C3,31718,1,1057.25,1,8.0,middle50,False
A-G1.042-C3,31718,1,1064.25,6,7.0,middle50,False
A-G1.042-C3,31718,1,1076.5,1,12.25,middle50,False
A-G1.042-C3,31718,1,1079.75,1,3.25,middle50,False
A-G1.042-C3,31718,1,1083.0,1,3.25,middle50,False
A-G1.042-C3,31718,1,1086.25,1,3.25,middle50,False
A-G1.042-C3,31718,1,1090.75,1,4.5,middle50,False
A-G1.042-C3,31718,1,1093.25,1,2.5,middle50,False
A-G1.042-C3,31718,1,1102.75,2,9.5,middle50,False
A-G1.042-C3,31718,1,1133.75,2,31.0,middle50,False
A-G1.042-C3,31718,1,1137.25,1,3.5,middle50,False
A-G1.042-C3,31718,1,1140.0,1,2.75,middle50,False
A-G1.042-C3,31718,1,1143.25,1,3.25,middle50,False
A-G1.042-C3,31718,1,1147.5,1,4.25,middle50,False
A-G1.042-C3,31718,1,1150.25,2,2.75,middle50,False
A-G1.042-C3,31718,1,1153.25,1,3.0,middle50,False
A-G1.042-C3,31718,1,1159.5,2,6.25,middle50,False
A-G1.042-C3,31718,1,1169.25,2,9.75,middle50,False
A-G1.042-C3,31718,1,1175.75,4,6.5,middle50,False
A-G1.042-C3,31718,1,1306.0,1,130.25,middle50,False
A-G1.042-C3,31718,1,1308.5,1,2.5,middle50,False
A-G1.042-C3,31718,1,1312.5,1,4.0,middle50,False
A-G1.042-C3,31718,1,1315.75,1,3.25,middle50,False
A-G1.042-C3,31718,1,1321.25,1,5.5,middle50,False
A-G1.042-C3,31718,1,1324.75,1,3.5,middle50,False
A-G1.042-C3,31718,1,1328.75,1,4.0,middle50,False
A-G1.042-C3,31718,1,1329.75,1,1.0,middle50,False
A-G1.042-C3,31718,1,1360.25,1,30.5,middle50,False
A-G1.042-C3,31718,1,1370.5,1,10.25,middle50,False
A-G1.042-C3,31718,1,1374.5,2,4.0,middle50,False
A-G1.042-C3,31718,1,1378.5,1,4.0,middle50,False
A-G1.042-C3,31718,1,1382.25,1,3.75,middle50,False
A-G1.042-C3,31718,1,1387.25,1,5.0,middle50,False
A-G1.042-C3,31718,1,1404.0,1,16.75,middle50,False
A-G1.042-C3,31718,1,1421.0,1,17.0,middle50,False
A-G1.042-C3,31718,1,1425.25,2,4.25,late25,False
A-G1.042-C3,31718,1,1431.0,1,5.75,late25,False
A-G1.042-C3,31718,1,1436.0,1,5.0,late25,False
A-G1.042-C3,31718,1,1438.75,1,2.75,late25,False
A-G1.042-C3,31718,1,1448.5,1,9.75,late25,False
A-G1.042-C3,31718,1,1477.0,1,28.5,late25,False
A-G1.042-C3,31718,1,1481.5,1,4.5,late25,False
A-G1.042-C3,31718,1,1487.0,1,5.5,late25,False
A-G1.042-C3,31718,1,1488.0,1,1.0,late25,False
A-G1.042-C3,31718,1,1490.75,1,2.75,late25,False
A-G1.042-C3,31718,1,1493.5,1,2.75,late25,False
A-G1.042-C3,31718,1,1496.75,1,3.25,late25,False
A-G1.042-C3,31718,1,1499.75,1,3.0,late25,False
A-G1.042-C3,31718,1,1502.0,1,2.25,late25,False
A-G1.042-C3,31718,1,1506.0,1,4.0,late25,False
A-G1.042-C3,31718,1,1512.75,1,6.75,late25,False
A-G1.042-C3,31718,1,1518.75,3,6.0,late25,False
A-G1.042-C3,31718,1,1615.25,1,96.5,late25,False
A-G1.042-C3,31718,1,1617.0,1,1.75,late25,False
A-G1.042-C3,31718,1,1618.75,1,1.75,late25,False
A-G1.042-C3,31718,2,1637.75,1,19.0,early25,False
A-G1.042-C3,31718,2,1640.0,2,2.25,early25,False
A-G1.042-C3,31718,2,1642.75,1,2.75,early25,False
A-G1.042-C3,31718,2,1646.5,3,3.75,early25,False
A-G1.042-C3,31718,2,1650.0,2,3.5,early25,False
A-G1.042-C3,31718,2,1651.25,1,1.25,early25,False
A-G1.042-C3,31718,2,1654.0,1,2.75,early25,False
A-G1.042-C3,31718,2,1658.25,2,4.25,early25,False
A-G1.042-C3,31718,2,1660.25,2,2.0,early25,False
A-G1.042-C3,31718,2,1661.5,1,1.25,early25,False
A-G1.042-C3,31718,2,1663.0,1,1.5,early25,False
A-G1.042-C3,31718,2,1689.0,1,26.0,early25,False
A-G1.042-C3,31718,2,1693.25,1,4.25,early25,False
A-G1.042-C3,31718,2,1696.75,1,3.5,early25,False
A-G1.042-C3,31718,2,1703.0,3,6.25,early25,False
A-G1.042-C3,31718,2,1704.75,1,1.75,early25,False
A-G1.042-C3,31718,2,1719.25,3,14.5,early25,False
A-G1.042-C3,31718,2,1741.0,1,21.75,early25,False
A-G1.042-C3,31718,2,1745.5,2,4.5,early25,False
A-G1.042-C3,31718,2,1749.25,1,3.75,early25,False
A-G1.042-C3,31718,2,1754.5,2,5.25,early25,False
A-G1.042-C3,31718,2,1760.75,3,6.25,early25,False
A-G1.042-C3,31718,2,1766.5,2,5.75,early25,False
A-G1.042-C3,31718,2,1769.5,1,3.0,early25,False
A-G1.042-C3,31718,2,1773.75,1,4.25,early25,False
A-G1.042-C3,31718,2,1799.75,17,26.0,early25,False
A-G1.042-C3,31718,2,1809.5,1,9.75,early25,False
A-G1.042-C3,31718,2,1814.5,2,5.0,early25,False
A-G1.042-C3,31718,2,1820.0,1,5.5,early25,False
A-G1.042-C3,31718,2,1823.25,1,3.25,early25,False
A-G1.042-C3,31718,2,1826.75,1,3.5,early25,False
A-G1.042-C3,31718,2,1830.5,2,3.75,early25,False
A-G1.042-C3,31718,2,1979.25,1,148.75,middle50,False
A-G1.042-C3,31718,2,1986.25,2,7.0,middle50,False
A-G1.042-C3,31718,2,1989.75,1,3.5,middle50,False
A-G1.042-C3,31718,2,1994.25,1,4.5,middle50,False
A-G1.042-C3,31718,2,1999.25,2,5.0,middle50,False
A-G1.042-C3,31718,2,2004.25,1,5.0,middle50,False
A-G1.042-C3,31718,2,2029.25,1,25.0,middle50,False
A-G1.042-C3,31718,2,2033.75,2,4.5,middle50,False
A-G1.042-C3,31718,2,2038.25,2,4.5,middle50,False
A-G1.042-C3,31718,2,2041.5,1,3.25,middle50,False
A-G1.042-C3,31718,2,2044.75,16,3.25,middle50,False
A-G1.042-C3,31718,2,2055.5,1,10.75,middle50,False
A-G1.042-C3,31718,2,2059.5,1,4.0,middle50,False
A-G1.042-C3,31718,2,2068.25,4,8.75,middle50,False
A-G1.042-C3,31718,2,2085.5,4,17.25,middle50,False
A-G1.042-C3,31718,2,2087.0,3,1.5,middle50,False
A-G1.042-C3,31718,2,2088.75,4,1.75,middle50,False
A-G1.042-C3,31718,2,2095.25,1,6.5,middle50,False
A-G1.042-C3,31718,2,2100.5,3,5.25,middle50,False
A-G1.042-C3,31718,2,2106.0,1,5.5,middle50,False
A-G1.042-C3,31718,2,2107.5,3,1.5,middle50,False
A-G1.042-C3,31718,2,2113.5,2,6.0,middle50,False
A-G1.042-C3,31718,2,2138.75,1,25.25,middle50,False
A-G1.042-C3,31718,2,2141.75,1,3.0,middle50,False
A-G1.042-C3,31718,2,2145.5,1,3.75,middle50,False
A-G1.042-C3,31718,2,2150.5,1,5.0,middle50,False
A-G1.042-C3,31718,2,2153.5,1,3.0,middle50,False
A-G1.042-C3,31718,2,2160.25,2,6.75,middle50,False
A-G1.042-C3,31718,2,2164.75,1,4.5,middle50,False
A-G1.042-C3,31718,2,2169.75,2,5.0,middle50,False
A-G1.042-C3,31718,2,2175.75,3,6.0,middle50,False
A-G1.042-C3,31718,2,2308.0,2,132.25,middle50,False
A-G1.042-C3,31718,2,2316.0,1,8.0,middle50,False
A-G1.042-C3,31718,2,2319.25,1,3.25,middle50,False
A-G1.042-C3,31718,2,2323.0,1,3.75,middle50,False
A-G1.042-C3,31718,2,2326.5,1,3.5,middle50,False
A-G1.042-C3,31718,2,2329.0,1,2.5,middle50,False
A-G1.042-C3,31718,2,2354.75,1,25.75,late25,False
A-G1.042-C3,31718,2,2358.0,1,3.25,late25,False
A-G1.042-C3,31718,2,2363.25,10,5.25,late25,False
A-G1.042-C3,31718,2,2373.5,1,10.25,late25,False
A-G1.042-C3,31718,2,2376.25,1,2.75,late25,False
A-G1.042-C3,31718,2,2384.0,1,7.75,late25,False
A-G1.042-C3,31718,2,2401.0,1,17.0,late25,False
A-G1.042-C3,31718,2,2406.0,1,5.0,late25,False
A-G1.042-C3,31718,2,2409.25,1,3.25,late25,False
A-G1.042-C3,31718,2,2414.0,1,4.75,late25,False
A-G1.042-C3,31718,2,2419.0,7,5.0,late25,False
A-G1.042-C3,31718,2,2421.5,1,2.5,late25,False
A-G1.042-C3,31718,2,2426.25,1,4.75,late25,False
A-G1.042-C3,31718,2,2456.25,1,30.0,late25,False
A-G1.042-C3,31718,2,2460.5,1,4.25,late25,False
A-G1.042-C3,31718,2,2466.5,1,6.0,late25,False
A-G1.042-C3,31718,2,2469.75,1,3.25,late25,False
A-G1.042-C3,31718,2,2476.75,1,7.0,late25,False
A-G1.042-C3,31718,2,2479.25,1,2.5,late25,False
A-G1.042-C3,31718,2,2484.5,2,5.25,late25,False
A-G1.042-C3,31718,2,2500.5,2,16.0,late25,False
A-G1.042-C3,31718,2,2593.5,1,93.0,late25,False
A-G1.042-C3,31718,2,2598.75,1,5.25,late25,False
A-G1.042-C3,31718,3,2612.25,1,13.5,early25,True
A-G1.042-C3,31718,3,2618.75,2,6.5,early25,True
A-G1.042-C3,31718,3,2621.75,1,3.0,early25,True
A-G1.042-C3,31718,3,2626.0,1,4.25,early25,True
A-G1.042-C3,31718,3,2630.5,2,4.5,early25,True
A-G1.042-C3,31718,3,2634.75,1,4.25,early25,True
A-G1.042-C3,31718,3,2641.25,1,6.5,early25,True
A-G1.042-C3,31718,3,2673.0,2,31.75,early25,True
A-G1.042-C3,31718,3,2683.25,3,10.25,early25,True
A-G1.042-C3,31718,3,2690.0,2,6.75,early25,True
A-G1.042-C3,31718,3,2706.75,1,16.75,early25,True
A-G1.042-C3,31718,3,2725.75,1,19.0,early25,True
A-G1.042-C3,31718,3,2729.5,1,3.75,early25,True
A-G1.042-C3,31718,3,2734.0,2,4.5,early25,True
A-G1.042-C3,31718,3,2738.5,1,4.5,early25,True
A-G1.042-C3,31718,3,2742.25,1,3.75,early25,True
A-G1.042-C3,31718,3,2745.5,1,3.25,early25,True
A-G1.042-C3,31718,3,2749.25,1,3.75,early25,True
A-G1.042-C3,31718,3,2754.0,12,4.75,early25,True
A-G1.042-C3,31718,3,2777.0,1,23.0,early25,True
A-G1.042-C3,31718,3,2778.5,1,1.5,early25,True
A-G1.042-C3,31718,3,2788.5,2,10.0,early25,True
A-G1.042-C3,31718,3,2793.5,1,5.0,early25,True
A-G1.042-C3,31718,3,2799.25,1,5.75,early25,True
A-G1.042-C3,31718,3,2803.5,1,4.25,early25,True
A-G1.042-C3,31718,3,2808.75,2,5.25,early25,True
A-G1.042-C3,31718,3,2817.25,6,8.5,early25,True
A-G1.042-C3,31718,3,2828.25,1,11.0,early25,True
A-G1.042-C3,31718,3,2836.0,1,7.75,early25,True
A-G1.042-C3,31718,3,2843.75,1,7.75,early25,True
A-G1.042-C3,31718,3,2851.5,2,7.75,middle50,True
A-G1.042-C3,31718,3,2859.75,1,8.25,middle50,True
A-G1.042-C3,31718,3,2884.0,1,24.25,middle50,True
A-G1.042-C3,31718,3,2888.0,1,4.0,middle50,True
A-G1.042-C3,31718,3,2891.75,1,3.75,middle50,True
A-G1.042-C3,31718,3,2898.75,1,7.0,middle50,True
A-G1.042-C3,31718,3,2903.25,8,4.5,middle50,True
A-G1.042-C3,31718,3,2908.5,2,5.25,middle50,True
A-G1.042-C3,31718,3,2913.5,1,5.0,middle50,True
A-G1.042-C3,31718,3,2924.75,4,11.25,middle50,True
A-G1.042-C3,31718,3,2935.25,1,10.5,middle50,True
A-G1.042-C3,31718,3,2944.75,1,9.5,middle50,True
A-G1.042-C3,31718,3,2957.25,1,12.5,middle50,True
A-G1.042-C3,31718,3,2961.5,1,4.25,middle50,True
A-G1.042-C3,31718,3,2990.0,1,28.5,middle50,True
A-G1.042-C3,31718,3,2993.0,1,3.0,middle50,True
A-G1.042-C3,31718,3,2996.75,1,3.75,middle50,True
A-G1.042-C3,31718,3,3001.0,1,4.25,middle50,True
A-G1.042-C3,31718,3,3005.75,1,4.75,middle50,True
A-G1.042-C3,31718,3,3010.75,1,5.0,middle50,True
A-G1.042-C3,31718,3,3025.25,1,14.5,middle50,True
A-G1.042-C3,31718,3,3033.5,4,8.25,middle50,True
A-G1.042-C3,31718,3,3177.0,1,143.5,middle50,True
A-G1.042-C3,31718,3,3187.25,1,10.25,middle50,True
A-G1.042-C3,31718,3,3193.25,1,6.0,middle50,True
A-G1.042-C3,31718,3,3200.75,1,7.5,middle50,True
A-G1.042-C3,31718,3,3207.0,1,6.25,middle50,True
A-G1.042-C3,31718,3,3232.75,1,25.75,middle50,True
A-G1.042-C3,31718,3,3234.75,4,2.0,middle50,True
A-G1.042-C3,31718,3,3241.5,1,6.75,middle50,True
A-G1.042-C3,31718,3,3245.0,1,3.5,middle50,True
A-G1.042-C3,31718,3,3255.75,1,10.75,middle50,True
A-G1.042-C3,31718,3,3274.25,1,18.5,middle50,True
A-G1.042-C3,31718,3,3287.5,1,13.25,middle50,True
A-G1.042-C3,31718,3,3294.25,1,6.75,middle50,True
A-G1.042-C3,31718,3,3302.5,1,8.25,middle50,True
A-G1.042-C3,31718,3,3309.5,1,7.0,middle50,True
A-G1.042-C3,31718,3,3316.25,5,6.75,middle50,True
A-G1.042-C3,31718,3,3347.0,1,30.75,middle50,True
A-G1.042-C3,31718,3,3351.75,1,4.75,late25,True
A-G1.042-C3,31718,3,3361.0,1,9.25,late25,True
A-G1.042-C3,31718,3,3371.25,1,10.25,late25,True
A-G1.042-C3,31718,3,3380.0,1,8.75,late25,True
A-G1.042-C3,31718,3,3387.75,2,7.75,late25,True
A-G1.042-C3,31718,3,3530.0,1,142.25,late25,True
A-G1.042-C3,31718,3,3545.25,1,15.25,late25,True
A-G1.042-C3,31718,3,3556.75,1,11.5,late25,True
A-G1.042-C3,31718,3,3589.75,1,33.0,late25,True
A-G1.042-C3,31718,3,3595.5,1,5.75,late25,True
A-G1.042-C3,39637,0,0.25,3,,early25,False
A-G1.042-C3,39637,0,9.5,1,9.25,early25,False
A-G1.042-C3,39637,0,18.0,1,8.5,early25,False
A-G1.042-C3,39637,0,29.0,1,11.0,early25,False
A-G1.042-C3,39637,0,33.75,1,4.75,early25,False
A-G1.042-C3,39637,0,50.4999999999,1,16.749999999899998,early25,False
A-G1.042-C3,39637,0,92.4999999999,1,42.0,early25,False
A-G1.042-C3,39637,0,102.4999999999,1,10.0,early25,False
A-G1.042-C3,39637,0,112.4999999999,1,10.0,early25,False
A-G1.042-C3,39637,0,158.9999999999,1,46.500000000000014,early25,False
A-G1.042-C3,39637,0,169.2499999999,1,10.25,early25,False
A-G1.042-C3,39637,0,176.2499999999,1,7.0,early25,False
A-G1.042-C3,39637,0,216.9999999999,1,40.75,middle50,False
A-G1.042-C3,39637,0,220.4999999999,1,3.5,middle50,False
A-G1.042-C3,39637,0,225.4999999999,1,5.0,middle50,False
A-G1.042-C3,39637,0,230.4999999999,1,5.0,middle50,False
A-G1.042-C3,39637,0,234.7499999999,1,4.25,middle50,False
A-G1.042-C3,39637,0,270.4999999999,1,35.75,middle50,False
A-G1.042-C3,39637,0,275.7499999999,1,5.25,middle50,False
A-G1.042-C3,39637,0,282.7499999999,1,7.0,middle50,False
A-G1.042-C3,39637,0,292.9999999999,1,10.25,middle50,False
A-G1.042-C3,39637,0,331.2499999999,1,38.25,middle50,False
A-G1.042-C3,39637,0,342.2499999999,1,11.0,middle50,False
A-G1.042-C3,39637,0,344.9999999999,1,2.75,middle50,False
A-G1.042-C3,39637,0,357.9999999999,1,13.0,middle50,False
A-G1.042-C3,39637,0,512.7499999999,1,154.74999999999994,middle50,False
A-G1.042-C3,39637,0,518.9999999999,1,6.25,middle50,False
A-G1.042-C3,39637,0,526.9999999999,1,8.0,middle50,False
A-G1.042-C3,39637,0,529.4999999999,1,2.5,middle50,False
A-G1.042-C3,39637,0,565.7499999999,1,36.25,middle50,False
A-G1.042-C3,39637,0,572.7499999999,1,7.0,middle50,False
A-G1.042-C3,39637,0,574.7499999999,1,2.0,middle50,False
A-G1.042-C3,39637,0,583.9999999999,1,9.25,middle50,False
A-G1.042-C3,39637,0,585.9999999999,1,2.0,middle50,False
A-G1.042-C3,39637,0,592.2499999999,1,6.25,middle50,False
A-G1.042-C3,39637,0,622.4999999999,1,30.25,late25,False
A-G1.042-C3,39637,0,628.4999999999,1,6.0,late25,False
A-G1.042-C3,39637,0,632.4999999999,1,4.0,late25,False
A-G1.042-C3,39637,0,636.9999999999,1,4.5,late25,False
A-G1.042-C3,39637,0,676.2499999999,1,39.25,late25,False
A-G1.042-C3,39637,0,682.7499999999,1,6.5,late25,False
A-G1.042-C3,39637,0,688.9999999999,1,6.25,late25,False
A-G1.042-C3,39637,0,694.7499999999,1,5.75,late25,False
A-G1.042-C3,39637,0,698.9999999999,1,4.25,late25,False
A-G1.042-C3,39637,0,703.2499999999,1,4.25,late25,False
A-G1.042-C3,39637,0,708.4999999999,1,5.25,late25,False
A-G1.042-C3,39637,1,842.4999999999,2,134.0,early25,False
A-G1.042-C3,39637,1,844.4999999999,1,2.0,early25,False
A-G1.042-C3,39637,1,846.4999999999,1,2.0,early25,False
A-G1.042-C3,39637,1,849.2499999999,1,2.75,early25,False
A-G1.042-C3,39637,1,851.2499999999,1,2.0,early25,False
A-G1.042-C3,39637,1,856.4999999999,1,5.25,early25,False
A-G1.042-C3,39637,1,860.2499999999,1,3.75,early25,False
A-G1.042-C3,39637,1,867.4999999999,1,7.25,early25,False
A-G1.042-C3,39637,1,899.2499999999,1,31.75,early25,False
A-G1.042-C3,39637,1,902.2499999999,1,3.0,early25,False
A-G1.042-C3,39637,1,908.7499999999,1,6.5,early25,False
A-G1.042-C3,39637,1,912.7499999999,1,4.0,early25,False
A-G1.042-C3,39637,1,916.7499999999,2,4.0,early25,False
A-G1.042-C3,39637,1,919.9999999999,1,3.25,early25,False
A-G1.042-C3,39637,1,926.2499999999,1,6.25,early25,False
A-G1.042-C3,39637,1,942.4999999999,7,16.25,middle50,False
A-G1.042-C3,39637,1,958.4999999999,1,16.0,middle50,False
A-G1.042-C3,39637,1,963.2499999999,1,4.75,middle50,False
A-G1.042-C3,39637,1,966.4999999999,1,3.25,middle50,False
A-G1.042-C3,39637,1,969.7499999999,1,3.25,middle50,False
A-G1.042-C3,39637,1,973.4999999999,1,3.75,middle50,False
A-G1.042-C3,39637,1,977.4999999999,2,4.0,middle50,False
A-G1.042-C3,39637,1,981.9999999999,1,4.5,middle50,False
A-G1.042-C3,39637,1,1011.9999999999,1,30.0,middle50,False
A-G1.042-C3,39637,1,1020.2499999999,1,8.25,middle50,False
A-G1.042-C3,39637,1,1026.2499999999,1,6.0,middle50,False
A-G1.042-C3,39637,1,1028.9999999999,1,2.75,middle50,False
A-G1.042-C3,39637,1,1034.7499999999,1,5.75,middle50,False
A-G1.042-C3,39637,1,1038.4999999999,1,3.75,middle50,False
A-G1.042-C3,39637,1,1040.2499999999,1,1.75,middle50,False
A-G1.042-C3,39637,1,1043.4999999999,2,3.25,middle50,False
A-G1.042-C3,39637,1,1067.2499999999,1,23.75,middle50,False
A-G1.042-C3,39637,1,1069.9999999999,1,2.75,middle50,False
A-G1.042-C3,39637,1,1074.2499999999,1,4.25,middle50,False
A-G1.042-C3,39637,1,1078.9999999999,1,4.75,middle50,False
A-G1.042-C3,39637,1,1083.4999999999,1,4.5,middle50,False
A-G1.042-C3,39637,1,1089.4999999999,2,6.0,middle50,False
A-G1.042-C3,39637,1,1094.7499999999,1,5.25,middle50,False
A-G1.042-C3,39637,1,1098.2499999999,1,3.5,middle50,False
A-G1.042-C3,39637,1,1123.9999999999,1,25.75,middle50,False
A-G1.042-C3,39637,1,1127.2499999999,18,3.25,middle50,False
A-G1.042-C3,39637,1,1128.9999999999,1,1.75,middle50,False
A-G1.042-C3,39637,1,1132.2499999999,1,3.25,middle50,False
A-G1.042-C3,39637,1,1135.4999999999,1,3.25,middle50,False
A-G1.042-C3,39637,1,1137.2499999999,1,1.75,middle50,False
A-G1.042-C3,39637,1,1140.2499999999,1,3.0,middle50,False
A-G1.042-C3,39637,1,1143.4999999999,1,3.25,middle50,False
A-G1.042-C3,39637,1,1148.7499999999,1,5.25,middle50,False
A-G1.042-C3,39637,1,1150.7499999999,1,2.0,middle50,False
A-G1.042-C3,39637,1,1154.9999999999,2,4.25,late25,False
A-G1.042-C3,39637,1,1162.4999999999,4,7.5,late25,False
A-G1.042-C3,39637,2,1288.4999999999,1,126.0,early25,False
A-G1.042-C3,39637,2,1291.7499999999,1,3.25,early25,False
A-G1.042-C3,39637,2,1295.4999999999,2,3.75,early25,False
A-G1.042-C3,39637,2,1296.9999999999,1,1.5,early25,False
A-G1.042-C3,39637,2,1299.7499999999,2,2.75,early25,False
A-G1.042-C3,39637,2,1302.4999999999,2,2.75,early25,False
A-G1.042-C3,39637,2,1303.7499999999,1,1.25,early25,False
A-G1.042-C3,39637,2,1306.2499999999,2,2.5,early25,False
A-G1.042-C3,39637,2,1308.2499999999,1,2.0,early25,False
A-G1.042-C3,39637,2,1310.4999999999,2,2.25,early25,False
A-G1.042-C3,39637,2,1311.9999999999,1,1.5,early25,False
A-G1.042-C3,39637,2,1316.7499999999,3,4.75,early25,False
A-G1.042-C3,39637,2,1339.9999999999,2,23.25,early25,False
A-G1.042-C3,39637,2,1344.4999999999,2,4.5,early25,False
A-G1.042-C3,39637,2,1349.4999999999,3,5.0,early25,False
A-G1.042-C3,39637,2,1353.9999999999,2,4.5,early25,False
A-G1.042-C3,39637,2,1358.9999999999,3,5.0,early25,False
A-G1.042-C3,39637,2,1362.7499999999,2,3.75,early25,False
A-G1.042-C3,39637,2,1367.2499999999,27,4.5,early25,False
A-G1.042-C3,39637,2,1407.2499999999,1,40.0,early25,False
A-G1.042-C3,39637,2,1413.9999999999,1,6.75,early25,False
A-G1.042-C3,39637,2,1420.4999999999,2,6.5,early25,False
A-G1.042-C3,39637,2,1454.2499999999,1,33.75,middle50,False
A-G1.042-C3,39637,2,1459.4999999999,2,5.25,middle50,False
A-G1.042-C3,39637,2,1461.9999999999,2,2.5,middle50,False
A-G1.042-C3,39637,2,1466.9999999999,2,5.0,middle50,False
A-G1.042-C3,39637,2,1470.4999999999,2,3.5,middle50,False
A-G1.042-C3,39637,2,1475.9999999999,3,5.5,middle50,False
A-G1.042-C3,39637,2,1482.7499999999,2,6.75,middle50,False
A-G1.042-C3,39637,2,1505.2499999999,1,22.5,middle50,False
A-G1.042-C3,39637,2,1510.9999999999,2,5.75,middle50,False
A-G1.042-C3,39637,2,1516.9999999999,2,6.0,middle50,False
A-G1.042-C3,39637,2,1521.4999999999,1,4.5,middle50,False
A-G1.042-C3,39637,2,1528.2499999999,2,6.75,middle50,False
A-G1.042-C3,39637,2,1535.2499999999,2,7.0,middle50,False
A-G1.042-C3,39637,2,1559.9999999999,1,24.75,middle50,False
A-G1.042-C3,39637,2,1563.7499999999,18,3.75,middle50,False
A-G1.042-C3,39637,2,1565.7499999999,1,2.0,middle50,False
A-G1.042-C3,39637,2,1569.9999999999,1,4.25,middle50,False
A-G1.042-C3,39637,2,1572.4999999999,1,2.5,middle50,False
A-G1.042-C3,39637,2,1574.2499999999,1,1.75,middle50,False
A-G1.042-C3,39637,2,1578.9999999999,1,4.75,middle50,False
A-G1.042-C3,39637,2,1580.2499999999,1,1.25,middle50,False
A-G1.042-C3,39637,2,1585.2499999999,2,5.0,middle50,False
A-G1.042-C3,39637,2,1586.9999999999,1,1.75,middle50,False
A-G1.042-C3,39637,2,1589.9999999999,2,3.0,middle50,False
A-G1.042-C3,39637,2,1592.4999999999,1,2.5,middle50,False
A-G1.042-C3,39637,2,1598.7499999999,4,6.25,middle50,False
A-G1.042-C3,39637,2,1727.2499999999,1,128.5,middle50,False
A-G1.042-C3,39637,2,1731.2499999999,1,4.0,middle50,False
A-G1.042-C3,39637,2,1736.4999999999,2,5.25,middle50,False
A-G1.042-C3,39637,2,1741.2499999999,1,4.75,middle50,False
A-G1.042-C3,39637,2,1743.2499999999,1,2.0,middle50,False
A-G1.042-C3,39637,2,1746.9999999999,1,3.75,middle50,False
A-G1.042-C3,39637,2,1781.9999999999,1,35.0,middle50,False
A-G1.042-C3,39637,2,1787.4999999999,1,5.5,middle50,False
A-G1.042-C3,39637,2,1791.2499999999,1,3.75,middle50,False
A-G1.042-C3,39637,2,1795.4999999999,1,4.25,middle50,False
A-G1.042-C3,39637,2,1799.4999999999,2,4.0,middle50,False
A-G1.042-C3,39637,2,1802.25,1,2.7500000001000444,middle50,False
A-G1.042-C3,39637,2,1808.5,2,6.25,middle50,False
A-G1.042-C3,39637,2,1831.25,1,22.75,middle50,False
A-G1.042-C3,39637,2,1835.75,1,4.5,late25,False
A-G1.042-C3,39637,2,1840.75,2,5.0,late25,False
A-G1.042-C3,39637,2,1845.25,1,4.5,late25,False
A-G1.042-C3,39637,2,1850.0,1,4.75,late25,False
A-G1.042-C3,39637,2,1856.75,1,6.75,late25,False
A-G1.042-C3,39637,2,1859.75,1,3.0,late25,False
A-G1.042-C3,39637,2,1890.75,2,31.0,late25,False
A-G1.042-C3,39637,2,1894.5,1,3.75,late25,False
A-G1.042-C3,39637,2,1897.0,1,2.5,late25,False
A-G1.042-C3,39637,2,1901.0,1,4.0,late25,False
A-G1.042-C3,39637,2,1904.0,1,3.0,late25,False
A-G1.042-C3,39637,2,1905.5,1,1.5,late25,False
A-G1.042-C3,39637,2,1907.5,1,2.0,late25,False
A-G1.042-C3,39637,2,1909.5,1,2.0,late25,False
A-G1.042-C3,39637,2,1914.0,1,4.5,late25,False
A-G1.042-C3,39637,2,1916.5,1,2.5,late25,False
A-G1.042-C3,39637,3,2041.25,1,124.75,early25,True
A-G1.042-C3,39637,3,2044.75,3,3.5,early25,True
A-G1.042-C3,39637,3,2049.75,2,5.0,early25,True
A-G1.042-C3,39637,3,2052.0,1,2.25,early25,True
A-G1.042-C3,39637,3,2057.5,1,5.5,early25,True
A-G1.042-C3,39637,3,2059.5,1,2.0,early25,True
A-G1.042-C3,39637,3,2063.0,2,3.5,early25,True
A-G1.042-C3,39637,3,2066.25,2,3.25,early25,True
A-G1.042-C3,39637,3,2071.25,3,5.0,early25,True
A-G1.042-C3,39637,3,2098.25,2,27.0,early25,True
A-G1.042-C3,39637,3,2101.5,1,3.25,early25,True
A-G1.042-C3,39637,3,2105.0,2,3.5,early25,True
A-G1.042-C3,39637,3,2107.75,1,2.75,early25,True
A-G1.042-C3,39637,3,2111.75,3,4.0,early25,True
A-G1.042-C3,39637,3,2115.25,1,3.5,early25,True
A-G1.042-C3,39637,3,2119.25,2,4.0,early25,True
A-G1.042-C3,39637,3,2122.5,2,3.25,early25,True
A-G1.042-C3,39637,3,2126.25,16,3.75,early25,True
A-G1.042-C3,39637,3,2127.5,1,1.25,early25,True
A-G1.042-C3,39637,3,2129.0,1,1.5,early25,True
A-G1.042-C3,39637,3,2148.75,1,19.75,early25,True
A-G1.042-C3,39637,3,2150.5,1,1.75,early25,True
A-G1.042-C3,39637,3,2154.5,1,4.0,early25,True
A-G1.042-C3,39637,3,2157.75,1,3.25,early25,True
A-G1.042-C3,39637,3,2165.25,2,7.5,early25,True
A-G1.042-C3,39637,3,2168.5,1,3.25,early25,True
A-G1.042-C3,39637,3,2172.5,1,4.0,early25,True
A-G1.042-C3,39637,3,2206.0,2,33.5,early25,True
A-G1.042-C3,39637,3,2216.5,2,10.5,early25,True
A-G1.042-C3,39637,3,2218.75,1,2.25,early25,True
A-G1.042-C3,39637,3,2225.0,3,6.25,early25,True
A-G1.042-C3,39637,3,2231.0,1,6.0,early25,True
A-G1.042-C3,39637,3,2264.0,1,33.0,early25,True
A-G1.042-C3,39637,3,2268.0,1,4.0,early25,True
A-G1.042-C3,39637,3,2272.5,2,4.5,early25,True
A-G1.042-C3,39637,3,2276.75,1,4.25,early25,True
A-G1.042-C3,39637,3,2280.75,1,4.0,early25,True
A-G1.042-C3,39637,3,2284.0,1,3.25,early25,True
A-G1.042-C3,39637,3,2287.75,1,3.75,early25,True
A-G1.042-C3,39637,3,2292.25,13,4.5,early25,True
A-G1.042-C3,39637,3,2322.25,1,30.0,early25,True
A-G1.042-C3,39637,3,2325.0,1,2.75,early25,True
A-G1.042-C3,39637,3,2336.25,1,11.25,early25,True
A-G1.042-C3,39637,3,2339.75,1,3.5,early25,True
A-G1.042-C3,39637,3,2343.5,1,3.75,early25,True
A-G1.042-C3,39637,3,2350.25,1,6.75,early25,True
A-G1.042-C3,39637,3,2361.5,3,11.25,early25,True
A-G1.042-C3,39637,3,2375.75,1,14.25,early25,True
A-G1.042-C3,39637,3,2389.25,1,13.5,early25,True
A-G1.042-C3,39637,3,2398.0,2,8.75,early25,True
A-G1.042-C3,39637,3,2407.0,1,9.0,early25,True
A-G1.042-C3,39637,3,2430.0,2,23.0,middle50,True
A-G1.042-C3,39637,3,2434.0,1,4.0,middle50,True
A-G1.042-C3,39637,3,2440.0,1,6.0,middle50,True
A-G1.042-C3,39637,3,2446.5,1,6.5,middle50,True
A-G1.042-C3,39637,3,2451.75,2,5.25,middle50,True
A-G1.042-C3,39637,3,2455.0,1,3.25,middle50,True
A-G1.042-C3,39637,3,2458.5,1,3.5,middle50,True
A-G1.042-C3,39637,3,2475.0,1,16.5,middle50,True
A-G1.042-C3,39637,3,2479.25,1,4.25,middle50,True
A-G1.042-C3,39637,3,2484.25,1,5.0,middle50,True
A-G1.042-C3,39637,3,2489.0,2,4.75,middle50,True
A-G1.042-C3,39637,3,2502.0,1,13.0,middle50,True
A-G1.042-C3,39637,3,2535.25,2,33.25,middle50,True
A-G1.042-C3,39637,3,2543.75,2,8.5,middle50,True
A-G1.042-C3,39637,3,2549.5,1,5.75,middle50,True
A-G1.042-C3,39637,3,2558.25,1,8.75,middle50,True
A-G1.042-C3,39637,3,2567.5,1,9.25,middle50,True
A-G1.042-C3,39637,3,2575.5,4,8.0,middle50,True
A-G1.042-C3,39637,3,2589.5,1,14.0,middle50,True
A-G1.042-C3,39637,3,2599.0,1,9.5,middle50,True
A-G1.042-C3,39637,3,2601.75,1,2.75,middle50,True
A-G1.042-C3,39637,3,2610.0,1,8.25,middle50,True
A-G1.042-C3,39637,3,2613.0,1,3.0,middle50,True
A-G1.042-C3,39637,3,2616.25,5,3.25,middle50,True
A-G1.042-C3,39637,3,2641.0,1,24.75,middle50,True
A-G1.042-C3,39637,3,2648.75,1,7.75,middle50,True
A-G1.042-C3,39637,3,2655.25,1,6.5,middle50,True
A-G1.042-C3,39637,3,2661.0,1,5.75,middle50,True
A-G1.042-C3,39637,3,2664.25,1,3.25,middle50,True
A-G1.042-C3,39637,3,2673.75,1,9.5,middle50,True
A-G1.042-C3,39637,3,2821.25,1,147.5,middle50,True
A-G1.042-C3,39637,3,2827.5,1,6.25,middle50,True
A-G1.042-C3,39637,3,2831.5,1,4.0,middle50,True
A-G1.042-C3,39637,3,2838.5,1,7.0,middle50,True
A-G1.042-C3,39637,3,2844.5,1,6.0,middle50,True
A-G1.042-C3,39637,3,2870.75,5,26.25,middle50,True
A-G1.042-C3,39637,3,2885.5,1,14.75,middle50,True
A-G1.042-C3,39637,3,2888.75,1,3.25,middle50,True
A-G1.042-C3,39637,3,2897.75,1,9.0,middle50,True
A-G1.042-C3,39637,3,2906.75,1,9.0,middle50,True
A-G1.042-C3,39637,3,2924.0,1,17.25,middle50,True
A-G1.042-C3,39637,3,2932.25,1,8.25,middle50,True
A-G1.042-C3,39637,3,2939.0,1,6.75,middle50,True
A-G1.042-C3,39637,3,2946.75,5,7.75,middle50,True
A-G1.042-C3,39637,3,2979.5,1,32.75,middle50,True
A-G1.042-C3,39637,3,2983.5,1,4.0,middle50,True
A-G1.042-C3,39637,3,2996.75,1,13.25,middle50,True
A-G1.042-C3,39637,3,3001.25,1,4.5,middle50,True
A-G1.042-C3,39637,3,3006.0,1,4.75,middle50,True
A-G1.042-C3,39637,3,3014.75,1,8.75,middle50,True
A-G1.042-C3,39637,3,3145.75,1,131.0,middle50,True
A-G1.042-C3,39637,3,3157.0,1,11.25,middle50,True
A-G1.042-C3,39637,3,3162.75,1,5.75,middle50,True
A-G1.042-C3,39637,3,3170.0,1,7.25,middle50,True
A-G1.042-C3,39637,3,3198.75,1,28.75,middle50,True
A-G1.042-C3,39637,3,3204.0,4,5.25,middle50,True
A-G1.042-C3,39637,3,3207.5,1,3.5,late25,True
A-G1.042-C3,39637,3,3217.75,1,10.25,late25,True
A-G1.042-C3,39637,3,3227.0,1,9.25,late25,True
A-G1.042-C3,39637,3,3256.0,1,29.0,late25,True
A-G1.042-C3,39637,3,3264.0,1,8.0,late25,True
A-G1.042-C3,39637,3,3270.5,3,6.5,late25,True
A-G1.042-C3,39637,3,3280.25,1,9.75,late25,True
A-G1.042-C3,39637,3,3314.75,1,34.5,late25,True
A-G1.042-C3,39637,3,3329.5,1,14.75,late25,True
A-G1.042-C3,39637,3,3338.25,1,8.75,late25,True
A-G1.042-C3,39637,3,3347.75,1,9.5,late25,True
A-G1.042-C3,39637,3,3354.75,2,7.0,late25,True
A-G1.042-C3,39637,3,3497.25,1,142.5,late25,True
A-G1.042-C3,39637,3,3505.25,1,8.0,late25,True
A-G1.042-C3,39637,3,3515.25,1,10.0,late25,True
A-G1.042-C3,39637,3,3546.5,1,31.25,late25,True
A-G1.042-C3,39637,3,3549.25,3,2.75,late25,True
A-G1.042-C3,39637,3,3559.0,1,9.75,late25,True
A-G1.042-C3,39637,3,3570.5,1,11.5,late25,True
A-G1.042-C3,39637,3,3574.75,1,4.25,late25,True
A-G1.042-C3,39637,3,3587.0,2,12.25,late25,True
A-G1.042-C3,39637,3,3598.5,1,11.5,late25,True
A-G1.042-C3,47556,0,0.25,3,,early25,False
A-G1.042-C3,47556,0,9.5,1,9.25,early25,False
A-G1.042-C3,47556,0,24.0,1,14.5,early25,False
A-G1.042-C3,47556,0,33.0,1,9.0,early25,False
A-G1.042-C3,47556,0,38.5,1,5.5,early25,False
A-G1.042-C3,47556,0,45.0,1,6.5,early25,False
A-G1.042-C3,47556,0,87.25,1,42.25,early25,False
A-G1.042-C3,47556,0,92.5,1,5.25,early25,False
A-G1.042-C3,47556,0,98.25,1,5.75,early25,False
A-G1.042-C3,47556,0,102.5,1,4.25,early25,False
A-G1.042-C3,47556,0,106.25,1,3.75,early25,False
A-G1.042-C3,47556,0,112.5,1,6.25,early25,False
A-G1.042-C3,47556,0,153.0,1,40.5,early25,False
A-G1.042-C3,47556,0,164.0,1,11.0,early25,False
A-G1.042-C3,47556,0,174.25,1,10.25,early25,False
A-G1.042-C3,47556,0,206.75,1,32.5,middle50,False
A-G1.042-C3,47556,0,218.0,1,11.25,middle50,False
A-G1.042-C3,47556,0,220.5,1,2.5,middle50,False
A-G1.042-C3,47556,0,223.0,1,2.5,middle50,False
A-G1.042-C3,47556,0,228.0,1,5.0,middle50,False
A-G1.042-C3,47556,0,230.75,1,2.75,middle50,False
A-G1.042-C3,47556,0,399.5,1,168.75,middle50,False
A-G1.042-C3,47556,0,411.25,1,11.75,middle50,False
A-G1.042-C3,47556,0,417.0,1,5.75,middle50,False
A-G1.042-C3,47556,0,424.5,1,7.5,middle50,False
A-G1.042-C3,47556,0,452.75,2,28.25,middle50,False
A-G1.042-C3,47556,0,459.75,1,7.0,middle50,False
A-G1.042-C3,47556,0,468.75,1,9.0,middle50,False
A-G1.042-C3,47556,0,475.5,13,6.75,middle50,False
A-G1.042-C3,47556,0,562.75,1,87.25,late25,False
A-G1.042-C3,47556,0,567.25,1,4.5,late25,False
A-G1.042-C3,47556,0,574.5,1,7.25,late25,False
A-G1.042-C3,47556,0,580.75,1,6.25,late25,False
A-G1.042-C3,47556,0,585.0,1,4.25,late25,False
A-G1.042-C3,47556,0,588.5,1,3.5,late25,False
A-G1.042-C3,47556,0,598.0,4,9.5,late25,False
A-G1.042-C3,47556,0,699.5,2,101.5,late25,False
A-G1.042-C3,47556,1,702.5,1,3.0,early25,False
A-G1.042-C3,47556,1,721.5,5,19.0,early25,False
A-G1.042-C3,47556,1,724.0,1,2.5,early25,False
A-G1.042-C3,47556,1,726.25,2,2.25,early25,False
A-G1.042-C3,47556,1,734.25,2,8.0,early25,False
A-G1.042-C3,47556,1,743.25,1,9.0,early25,False
A-G1.042-C3,47556,1,748.25,2,5.0,early25,False
A-G1.042-C3,47556,1,783.25,1,35.0,early25,False
A-G1.042-C3,47556,1,792.25,1,9.0,early25,False
A-G1.042-C3,47556,1,803.5,2,11.25,early25,False
A-G1.042-C3,47556,1,807.25,1,3.75,early25,False
A-G1.042-C3,47556,1,833.75,1,26.5,early25,False
A-G1.042-C3,47556,1,840.0,1,6.25,early25,False
A-G1.042-C3,47556,1,845.0,1,5.0,early25,False
A-G1.042-C3,47556,1,850.5,1,5.5,early25,False
A-G1.042-C3,47556,1,856.5,2,6.0,early25,False
A-G1.042-C3,47556,1,893.75,2,37.25,early25,False
A-G1.042-C3,47556,1,900.0,2,6.25,early25,False
A-G1.042-C3,47556,1,904.25,1,4.25,early25,False
A-G1.042-C3,47556,1,907.5,1,3.25,early25,False
A-G1.042-C3,47556,1,923.25,2,15.75,early25,False
A-G1.042-C3,47556,1,942.25,1,19.0,early25,False
A-G1.042-C3,47556,1,945.5,1,3.25,early25,False
A-G1.042-C3,47556,1,954.0,2,8.5,early25,False
A-G1.042-C3,47556,1,960.0,2,6.0,early25,False
A-G1.042-C3,47556,1,965.75,1,5.75,early25,False
A-G1.042-C3,47556,1,997.0,1,31.25,middle50,False
A-G1.042-C3,47556,1,1001.75,2,4.75,middle50,False
A-G1.042-C3,47556,1,1005.0,1,3.25,middle50,False
A-G1.042-C3,47556,1,1010.25,1,5.25,middle50,False
A-G1.042-C3,47556,1,1015.25,1,5.0,middle50,False
A-G1.042-C3,47556,1,1019.25,1,4.0,middle50,False
A-G1.042-C3,47556,1,1021.25,1,2.0,middle50,False
A-G1.042-C3,47556,1,1033.25,1,12.0,middle50,False
A-G1.042-C3,47556,1,1181.25,2,148.0,middle50,False
A-G1.042-C3,47556,1,1185.25,1,4.0,middle50,False
A-G1.042-C3,47556,1,1190.25,2,5.0,middle50,False
A-G1.042-C3,47556,1,1196.0,1,5.75,middle50,False
A-G1.042-C3,47556,1,1199.75,1,3.75,middle50,False
A-G1.042-C3,47556,1,1232.5,2,32.75,middle50,False
A-G1.042-C3,47556,1,1235.0,1,2.5,middle50,False
A-G1.042-C3,47556,1,1237.75,1,2.75,middle50,False
A-G1.042-C3,47556,1,1240.75,1,3.0,middle50,False
A-G1.042-C3,47556,1,1244.5,1,3.75,middle50,False
A-G1.042-C3,47556,1,1246.75,1,2.25,middle50,False
A-G1.042-C3,47556,1,1251.25,1,4.5,middle50,False
A-G1.042-C3,47556,1,1255.5,1,4.25,middle50,False
A-G1.042-C3,47556,1,1258.75,1,3.25,middle50,False
A-G1.042-C3,47556,1,1269.75,1,11.0,middle50,False
A-G1.042-C3,47556,1,1286.0,1,16.25,middle50,False
A-G1.042-C3,47556,1,1293.75,1,7.75,middle50,False
A-G1.042-C3,47556,1,1299.75,1,6.0,middle50,False
A-G1.042-C3,47556,1,1306.5,1,6.75,middle50,False
A-G1.042-C3,47556,1,1308.25,1,1.75,middle50,False
A-G1.042-C3,47556,1,1313.0,1,4.75,middle50,False
A-G1.042-C3,47556,1,1345.25,1,32.25,middle50,False
A-G1.042-C3,47556,1,1351.5,1,6.25,middle50,False
A-G1.042-C3,47556,1,1354.0,1,2.5,middle50,False
A-G1.042-C3,47556,1,1357.75,1,3.75,middle50,False
A-G1.042-C3,47556,1,1361.0,1,3.25,middle50,False
A-G1.042-C3,47556,1,1362.75,1,1.75,middle50,False
A-G1.042-C3,47556,1,1364.75,1,2.0,middle50,False
A-G1.042-C3,47556,1,1367.75,1,3.0,middle50,False
A-G1.042-C3,47556,1,1370.75,1,3.0,middle50,False
A-G1.042-C3,47556,1,1378.25,1,7.5,middle50,False
A-G1.042-C3,47556,1,1505.5,1,127.25,middle50,False
A-G1.042-C3,47556,1,1510.5,1,5.0,middle50,False
A-G1.042-C3,47556,1,1514.0,1,3.5,middle50,False
A-G1.042-C3,47556,1,1517.0,1,3.0,middle50,False
A-G1.042-C3,47556,1,1522.75,1,5.75,middle50,False
A-G1.042-C3,47556,1,1531.5,1,8.75,middle50,False
A-G1.042-C3,47556,1,1534.0,1,2.5,late25,False
A-G1.042-C3,47556,1,1563.5,1,29.5,late25,False
A-G1.042-C3,47556,1,1566.25,1,2.75,late25,False
A-G1.042-C3,47556,1,1567.75,1,1.5,late25,False
A-G1.042-C3,47556,1,1570.5,1,2.75,late25,False
A-G1.042-C3,47556,1,1572.75,1,2.25,late25,False
A-G1.042-C3,47556,1,1574.75,1,2.0,late25,False
A-G1.042-C3,47556,1,1579.5,1,4.75,late25,False
A-G1.042-C3,47556,1,1583.75,1,4.25,late25,False
A-G1.042-C3,47556,1,1586.75,1,3.0,late25,False
A-G1.042-C3,47556,1,1589.5,1,2.75,late25,False
A-G1.042-C3,47556,1,1596.75,1,7.25,late25,False
A-G1.042-C3,47556,1,1612.0,1,15.25,late25,False
A-G1.042-C3,47556,1,1618.25,1,6.25,late25,False
A-G1.042-C3,47556,1,1622.25,1,4.0,late25,False
A-G1.042-C3,47556,1,1625.5,1,3.25,late25,False
A-G1.042-C3,47556,1,1628.0,1,2.5,late25,False
A-G1.042-C3,47556,1,1631.0,1,3.0,late25,False
A-G1.042-C3,47556,1,1633.75,11,2.75,late25,False
A-G1.042-C3,47556,1,1638.5,1,4.75,late25,False
A-G1.042-C3,47556,1,1668.25,1,29.75,late25,False
A-G1.042-C3,47556,1,1670.0,1,1.75,late25,False
A-G1.042-C3,47556,1,1675.0,1,5.0,late25,False
A-G1.042-C3,47556,1,1679.75,1,4.75,late25,False
A-G1.042-C3,47556,1,1681.5,1,1.75,late25,False
A-G1.042-C3,47556,1,1690.75,1,9.25,late25,False
A-G1.042-C3,47556,1,1696.75,1,6.0,late25,False
A-G1.042-C3,47556,1,1704.5,1,7.75,late25,False
A-G1.042-C3,47556,1,1798.25,1,93.75,late25,False
A-G1.042-C3,47556,1,1801.75,1,3.5,late25,False
A-G1.042-C3,47556,1,1805.75,1,4.0,late25,False
A-G1.042-C3,47556,2,1824.75,2,19.0,early25,False
A-G1.042-C3,47556,2,1831.25,2,6.5,early25,False
A-G1.042-C3,47556,2,1834.25,2,3.0,early25,False
A-G1.042-C3,47556,2,1840.5,3,6.25,early25,False
A-G1.042-C3,47556,2,1843.75,1,3.25,early25,False
A-G1.042-C3,47556,2,1845.25,1,1.5,early25,False
A-G1.042-C3,47556,2,1851.5,3,6.25,early25,False
A-G1.042-C3,47556,2,1882.5,2,31.0,early25,False
A-G1.042-C3,47556,2,1887.75,2,5.25,early25,False
A-G1.042-C3,47556,2,1889.25,1,1.5,early25,False
A-G1.042-C3,47556,2,1892.0,2,2.75,early25,False
A-G1.042-C3,47556,2,1897.75,1,5.75,early25,False
A-G1.042-C3,47556,2,1899.25,1,1.5,early25,False
A-G1.042-C3,47556,2,1900.0,1,0.75,early25,False
A-G1.042-C3,47556,2,1903.5,1,3.5,early25,False
A-G1.042-C3,47556,2,1908.25,2,4.75,early25,False
A-G1.042-C3,47556,2,1915.5,1,7.25,early25,False
A-G1.042-C3,47556,2,1921.75,6,6.25,early25,False
A-G1.042-C3,47556,2,2069.75,4,148.0,middle50,False
A-G1.042-C3,47556,2,2072.75,1,3.0,middle50,False
A-G1.042-C3,47556,2,2078.25,1,5.5,middle50,False
A-G1.042-C3,47556,2,2089.5,1,11.25,middle50,False
A-G1.042-C3,47556,2,2092.5,1,3.0,middle50,False
A-G1.042-C3,47556,2,2121.0,2,28.5,middle50,False
A-G1.042-C3,47556,2,2125.5,2,4.5,middle50,False
A-G1.042-C3,47556,2,2130.5,1,5.0,middle50,False
A-G1.042-C3,47556,2,2135.0,3,4.5,middle50,False
A-G1.042-C3,47556,2,2138.0,1,3.0,middle50,False
A-G1.042-C3,47556,2,2142.75,2,4.75,middle50,False
A-G1.042-C3,47556,2,2147.75,2,5.0,middle50,False
A-G1.042-C3,47556,2,2163.25,1,15.5,middle50,False
A-G1.042-C3,47556,2,2166.25,1,3.0,middle50,False
A-G1.042-C3,47556,2,2170.25,2,4.0,middle50,False
A-G1.042-C3,47556,2,2174.75,1,4.5,middle50,False
A-G1.042-C3,47556,2,2178.5,1,3.75,middle50,False
A-G1.042-C3,47556,2,2183.0,2,4.5,middle50,False
A-G1.042-C3,47556,2,2186.5,1,3.5,middle50,False
A-G1.042-C3,47556,2,2190.25,14,3.75,middle50,False
A-G1.042-C3,47556,2,2219.25,1,29.0,middle50,False
A-G1.042-C3,47556,2,2223.0,1,3.75,middle50,False
A-G1.042-C3,47556,2,2225.75,2,2.75,middle50,False
A-G1.042-C3,47556,2,2228.0,1,2.25,middle50,False
A-G1.042-C3,47556,2,2231.25,1,3.25,middle50,False
A-G1.042-C3,47556,2,2237.5,2,6.25,middle50,False
A-G1.042-C3,47556,2,2239.75,1,2.25,middle50,False
A-G1.042-C3,47556,2,2242.0,1,2.25,middle50,False
A-G1.042-C3,47556,2,2246.0,1,4.0,middle50,False
A-G1.042-C3,47556,2,2256.25,2,10.25,middle50,False
A-G1.042-C3,47556,2,2386.75,2,130.5,middle50,False
A-G1.042-C3,47556,2,2389.25,1,2.5,middle50,False
A-G1.042-C3,47556,2,2395.75,2,6.5,middle50,False
A-G1.042-C3,47556,2,2400.5,1,4.75,middle50,False
A-G1.042-C3,47556,2,2404.0,1,3.5,middle50,False
A-G1.042-C3,47556,2,2407.0,1,3.0,middle50,False
A-G1.042-C3,47556,2,2410.75,1,3.75,middle50,False
A-G1.042-C3,47556,2,2436.25,1,25.5,middle50,False
A-G1.042-C3,47556,2,2441.5,1,5.25,middle50,False
A-G1.042-C3,47556,2,2444.25,1,2.75,middle50,False
A-G1.042-C3,47556,2,2455.25,1,11.0,middle50,False
A-G1.042-C3,47556,2,2460.0,1,4.75,middle50,False
A-G1.042-C3,47556,2,2463.75,1,3.75,late25,False
A-G1.042-C3,47556,2,2467.25,1,3.5,late25,False
A-G1.042-C3,47556,2,2489.25,1,22.0,late25,False
A-G1.042-C3,47556,2,2494.5,2,5.25,late25,False
A-G1.042-C3,47556,2,2498.75,1,4.25,late25,False
A-G1.042-C3,47556,2,2508.25,2,9.5,late25,False
A-G1.042-C3,47556,2,2546.5,2,38.25,late25,False
A-G1.042-C3,47556,2,2551.25,1,4.75,late25,False
A-G1.042-C3,47556,2,2556.0,2,4.75,late25,False
A-G1.042-C3,47556,2,2560.75,1,4.75,late25,False
A-G1.042-C3,47556,2,2569.75,1,9.0,late25,False
A-G1.042-C3,47556,3,2686.0,2,116.25,early25,True
A-G1.042-C3,47556,3,2696.0,2,10.0,early25,True
A-G1.042-C3,47556,3,2698.75,1,2.75,early25,True
A-G1.042-C3,47556,3,2703.5,3,4.75,early25,True
A-G1.042-C3,47556,3,2705.25,1,1.75,early25,True
A-G1.042-C3,47556,3,2709.5,1,4.25,early25,True
A-G1.042-C3,47556,3,2712.0,1,2.5,early25,True
A-G1.042-C3,47556,3,2715.75,2,3.75,early25,True
A-G1.042-C3,47556,3,2718.75,1,3.0,early25,True
A-G1.042-C3,47556,3,2722.5,1,3.75,early25,True
A-G1.042-C3,47556,3,2727.25,2,4.75,early25,True
A-G1.042-C3,47556,3,2753.5,2,26.25,early25,True
A-G1.042-C3,47556,3,2756.5,2,3.0,early25,True
A-G1.042-C3,47556,3,2760.25,1,3.75,early25,True
A-G1.042-C3,47556,3,2764.5,2,4.25,early25,True
A-G1.042-C3,47556,3,2767.75,2,3.25,early25,True
A-G1.042-C3,47556,3,2771.0,1,3.25,early25,True
A-G1.042-C3,47556,3,2774.5,14,3.5,early25,True
A-G1.042-C3,47556,3,2777.75,2,3.25,early25,True
A-G1.042-C3,47556,3,2780.25,1,2.5,early25,True
A-G1.042-C3,47556,3,2783.0,6,2.75,early25,True
A-G1.042-C3,47556,3,2804.25,4,21.25,early25,True
A-G1.042-C3,47556,3,2821.5,1,17.25,early25,True
A-G1.042-C3,47556,3,2826.0,1,4.5,early25,True
A-G1.042-C3,47556,3,2831.25,1,5.25,early25,True
A-G1.042-C3,47556,3,2836.5,2,5.25,early25,True
A-G1.042-C3,47556,3,2846.5,2,10.0,early25,True
A-G1.042-C3,47556,3,2870.75,1,24.25,early25,True
A-G1.042-C3,47556,3,2874.0,1,3.25,early25,True
A-G1.042-C3,47556,3,2877.5,10,3.5,early25,True
A-G1.042-C3,47556,3,2881.75,1,4.25,early25,True
A-G1.042-C3,47556,3,2885.25,1,3.5,early25,True
A-G1.042-C3,47556,3,2888.0,1,2.75,early25,True
A-G1.042-C3,47556,3,2890.75,1,2.75,early25,True
A-G1.042-C3,47556,3,2893.75,2,3.0,early25,True
A-G1.042-C3,47556,3,2900.25,1,6.5,early25,True
A-G1.042-C3,47556,3,2913.0,1,12.75,middle50,True
A-G1.042-C3,47556,3,2927.0,1,14.0,middle50,True
A-G1.042-C3,47556,3,2931.0,1,4.0,middle50,True
A-G1.042-C3,47556,3,2938.5,1,7.5,middle50,True
A-G1.042-C3,47556,3,2942.5,1,4.0,middle50,True
A-G1.042-C3,47556,3,2947.0,1,4.5,middle50,True
A-G1.042-C3,47556,3,2950.25,1,3.25,middle50,True
A-G1.042-C3,47556,3,2954.25,8,4.0,middle50,True
A-G1.042-C3,47556,3,2985.75,1,31.5,middle50,True
A-G1.042-C3,47556,3,2995.75,1,10.0,middle50,True
A-G1.042-C3,47556,3,2998.25,1,2.5,middle50,True
A-G1.042-C3,47556,3,3003.75,1,5.5,middle50,True
A-G1.042-C3,47556,3,3009.0,1,5.25,middle50,True
A-G1.042-C3,47556,3,3011.0,1,2.0,middle50,True
A-G1.042-C3,47556,3,3013.0,1,2.0,middle50,True
A-G1.042-C3,47556,3,3033.5,1,20.5,middle50,True
A-G1.042-C3,47556,3,3041.25,1,7.75,middle50,True
A-G1.042-C3,47556,3,3054.0,2,12.75,middle50,True
A-G1.042-C3,47556,3,3060.0,1,6.0,middle50,True
A-G1.042-C3,47556,3,3094.5,1,34.5,middle50,True
A-G1.042-C3,47556,3,3099.5,1,5.0,middle50,True
A-G1.042-C3,47556,3,3104.5,1,5.0,middle50,True
A-G1.042-C3,47556,3,3109.25,1,4.75,middle50,True
A-G1.042-C3,47556,3,3119.5,1,10.25,middle50,True
A-G1.042-C3,47556,3,3138.5,1,19.0,middle50,True
A-G1.042-C3,47556,3,3143.25,1,4.75,middle50,True
A-G1.042-C3,47556,3,3148.0,1,4.75,middle50,True
A-G1.042-C3,47556,3,3152.0,1,4.0,middle50,True
A-G1.042-C3,47556,3,3162.5,1,10.5,middle50,True
A-G1.042-C3,47556,3,3191.25,1,28.75,middle50,True
A-G1.042-C3,47556,3,3196.75,1,5.5,middle50,True
A-G1.042-C3,47556,3,3211.5,1,14.75,middle50,True
A-G1.042-C3,47556,3,3215.0,1,3.5,middle50,True
A-G1.042-C3,47556,3,3227.25,1,12.25,middle50,True
A-G1.042-C3,47556,3,3232.75,1,5.5,middle50,True
A-G1.042-C3,47556,3,3367.25,2,134.5,middle50,True
A-G1.042-C3,47556,3,3368.5,2,1.25,middle50,True
A-G1.042-C3,47556,3,3381.25,1,12.75,late25,True
A-G1.042-C3,47556,3,3387.0,1,5.75,late25,True
A-G1.042-C3,47556,3,3392.25,1,5.25,late25,True
A-G1.042-C3,47556,3,3398.5,1,6.25,late25,True
A-G1.042-C3,47556,3,3428.0,1,29.5,late25,True
A-G1.042-C3,47556,3,3431.0,1,3.0,late25,True
A-G1.042-C3,47556,3,3436.75,1,5.75,late25,True
A-G1.042-C3,47556,3,3441.75,1,5.0,late25,True
A-G1.042-C3,47556,3,3447.25,1,5.5,late25,True
A-G1.042-C3,47556,3,3452.75,5,5.5,late25,True
A-G1.042-C3,47556,3,3455.25,5,2.5,late25,True
A-G1.042-C3,47556,3,3468.25,3,13.0,late25,True
A-G1.042-C3,47556,3,3485.25,1,17.0,late25,True
A-G1.042-C3,47556,3,3500.5,1,15.25,late25,True
A-G1.042-C3,47556,3,3507.25,1,6.75,late25,True
A-G1.042-C3,47556,3,3536.25,1,29.0,late25,True
A-G1.042-C3,47556,3,3544.0,5,7.75,late25,True
A-G1.042-C3,47556,3,3552.25,1,8.25,late25,True
A-G1.042-C3,47556,3,3558.25,1,6.0,late25,True
A-G1.042-C3,55475,0,0.25,3,,early25,False
A-G1.042-C3,55475,0,8.5,1,8.25,early25,False
A-G1.042-C3,55475,0,24.25,1,15.75,early25,False
A-G1.042-C3,55475,0,52.5,1,28.25,early25,False
A-G1.042-C3,55475,0,93.5,1,41.0,early25,False
A-G1.042-C3,55475,0,116.0,1,22.5,early25,False
A-G1.042-C3,55475,0,119.0,1,3.0,early25,False
A-G1.042-C3,55475,0,160.5,1,41.5,early25,False
A-G1.042-C3,55475,0,178.75,1,18.25,early25,False
A-G1.042-C3,55475,0,216.75,1,38.0,middle50,False
A-G1.042-C3,55475,0,223.0,1,6.25,middle50,False
A-G1.042-C3,55475,0,225.5,1,2.5,middle50,False
A-G1.042-C3,55475,0,229.75,1,4.25,middle50,False
A-G1.042-C3,55475,0,240.75,1,11.0,middle50,False
A-G1.042-C3,55475,0,248.0,1,7.25,middle50,False
A-G1.042-C3,55475,0,293.0,1,45.0,middle50,False
A-G1.042-C3,55475,0,305.0,1,12.0,middle50,False
A-G1.042-C3,55475,0,340.5,1,35.5,middle50,False
A-G1.042-C3,55475,0,347.25,1,6.75,middle50,False
A-G1.042-C3,55475,0,350.0,1,2.75,middle50,False
A-G1.042-C3,55475,0,358.25,1,8.25,middle50,False
A-G1.042-C3,55475,0,362.75,1,4.5,middle50,False
A-G1.042-C3,55475,0,521.0,1,158.25,middle50,False
A-G1.042-C3,55475,0,524.5,1,3.5,middle50,False
A-G1.042-C3,55475,0,529.75,1,5.25,middle50,False
A-G1.042-C3,55475,0,538.5,1,8.75,middle50,False
A-G1.042-C3,55475,0,541.75,1,3.25,middle50,False
A-G1.042-C3,55475,0,583.75,1,42.0,middle50,False
A-G1.042-C3,55475,0,591.0,1,7.25,middle50,False
A-G1.042-C3,55475,0,596.0,1,5.0,middle50,False
A-G1.042-C3,55475,0,602.25,1,6.25,middle50,False
A-G1.042-C3,55475,0,611.5,1,9.25,middle50,False
A-G1.042-C3,55475,0,635.25,1,23.75,late25,False
A-G1.042-C3,55475,0,637.0,1,1.75,late25,False
A-G1.042-C3,55475,0,644.25,1,7.25,late25,False
A-G1.042-C3,55475,0,649.5,1,5.25,late25,False
A-G1.042-C3,55475,0,653.75,1,4.25,late25,False
A-G1.042-C3,55475,0,659.75,1,6.0,late25,False
A-G1.042-C3,55475,0,688.0,1,28.25,late25,False
A-G1.042-C3,55475,0,692.0,1,4.0,late25,False
A-G1.042-C3,55475,0,693.25,1,1.25,late25,False
A-G1.042-C3,55475,0,696.25,1,3.0,late25,False
A-G1.042-C3,55475,0,700.0,1,3.75,late25,False
A-G1.042-C3,55475,0,703.75,1,3.75,late25,False
A-G1.042-C3,55475,0,707.75,1,4.0,late25,False
A-G1.042-C3,55475,0,712.5,1,4.75,late25,False
A-G1.042-C3,55475,0,718.0,1,5.5,late25,False
A-G1.042-C3,55475,0,725.5,1,7.5,late25,False
A-G1.042-C3,55475,1,859.75,2,134.25,early25,False
A-G1.042-C3,55475,1,861.75,1,2.0,early25,False
A-G1.042-C3,55475,1,864.25,1,2.5,early25,False
A-G1.042-C3,55475,1,869.75,1,5.5,early25,False
A-G1.042-C3,55475,1,871.75,1,2.0,early25,False
A-G1.042-C3,55475,1,873.75,1,2.0,early25,False
A-G1.042-C3,55475,1,880.25,1,6.5,early25,False
A-G1.042-C3,55475,1,916.25,2,36.0,early25,False
A-G1.042-C3,55475,1,923.0,2,6.75,early25,False
A-G1.042-C3,55475,1,926.75,2,3.75,early25,False
A-G1.042-C3,55475,1,929.0,1,2.25,early25,False
A-G1.042-C3,55475,1,935.0,2,6.0,early25,False
A-G1.042-C3,55475,1,938.25,1,3.25,early25,False
A-G1.042-C3,55475,1,943.25,2,5.0,early25,False
A-G1.042-C3,55475,1,977.25,1,34.0,early25,False
A-G1.042-C3,55475,1,986.75,1,9.5,early25,False
A-G1.042-C3,55475,1,990.25,2,3.5,early25,False
A-G1.042-C3,55475,1,1028.25,2,38.0,early25,False
A-G1.042-C3,55475,1,1032.0,1,3.75,middle50,False
A-G1.042-C3,55475,1,1039.25,2,7.25,middle50,False
A-G1.042-C3,55475,1,1047.25,1,8.0,middle50,False
A-G1.042-C3,55475,1,1051.25,2,4.0,middle50,False
A-G1.042-C3,55475,1,1080.0,1,28.75,middle50,False
A-G1.042-C3,55475,1,1087.0,2,7.0,middle50,False
A-G1.042-C3,55475,1,1092.0,1,5.0,middle50,False
A-G1.042-C3,55475,1,1097.5,2,5.5,middle50,False
A-G1.042-C3,55475,1,1101.75,1,4.25,middle50,False
A-G1.042-C3,55475,1,1135.25,1,33.5,middle50,False
A-G1.042-C3,55475,1,1141.5,2,6.25,middle50,False
A-G1.042-C3,55475,1,1144.5,1,3.0,middle50,False
A-G1.042-C3,55475,1,1148.25,1,3.75,middle50,False
A-G1.042-C3,55475,1,1151.5,2,3.25,middle50,False
A-G1.042-C3,55475,1,1158.25,1,6.75,middle50,False
A-G1.042-C3,55475,1,1161.5,1,3.25,middle50,False
A-G1.042-C3,55475,1,1167.75,1,6.25,middle50,False
A-G1.042-C3,55475,1,1312.75,1,145.0,middle50,False
A-G1.042-C3,55475,1,1314.75,1,2.0,middle50,False
A-G1.042-C3,55475,1,1316.75,1,2.0,middle50,False
A-G1.042-C3,55475,1,1324.5,2,7.75,middle50,False
A-G1.042-C3,55475,1,1332.0,1,7.5,middle50,False
A-G1.042-C3,55475,1,1335.0,1,3.0,middle50,False
A-G1.042-C3,55475,1,1338.75,1,3.75,middle50,False
A-G1.042-C3,55475,1,1340.25,1,1.5,middle50,False
A-G1.042-C3,55475,1,1374.5,1,34.25,middle50,False
A-G1.042-C3,55475,1,1379.0,2,4.5,middle50,False
A-G1.042-C3,55475,1,1387.75,1,8.75,middle50,False
A-G1.042-C3,55475,1,1389.5,1,1.75,middle50,False
A-G1.042-C3,55475,1,1393.5,1,4.0,middle50,False
A-G1.042-C3,55475,1,1404.75,1,11.25,middle50,False
A-G1.042-C3,55475,1,1411.25,5,6.5,middle50,False
A-G1.042-C3,55475,1,1421.5,1,10.25,middle50,False
A-G1.042-C3,55475,1,1429.5,3,8.0,late25,False
A-G1.042-C3,55475,1,1432.75,1,3.25,late25,False
A-G1.042-C3,55475,1,1436.25,1,3.5,late25,False
A-G1.042-C3,55475,1,1438.5,1,2.25,late25,False
A-G1.042-C3,55475,1,1442.5,1,4.0,late25,False
A-G1.042-C3,55475,1,1446.75,1,4.25,late25,False
A-G1.042-C3,55475,1,1451.0,1,4.25,late25,False
A-G1.042-C3,55475,1,1483.5,2,32.5,late25,False
A-G1.042-C3,55475,1,1485.75,1,2.25,late25,False
A-G1.042-C3,55475,1,1488.0,1,2.25,late25,False
A-G1.042-C3,55475,1,1491.0,1,3.0,late25,False
A-G1.042-C3,55475,1,1496.25,1,5.25,late25,False
A-G1.042-C3,55475,1,1498.25,1,2.0,late25,False
A-G1.042-C3,55475,1,1503.0,1,4.75,late25,False
A-G1.042-C3,55475,1,1505.0,1,2.0,late25,False
A-G1.042-C3,55475,1,1509.5,1,4.5,late25,False
A-G1.042-C3,55475,2,1640.0,3,130.5,early25,False
A-G1.042-C3,55475,2,1641.75,1,1.75,early25,False
A-G1.042-C3,55475,2,1644.25,1,2.5,early25,False
A-G1.042-C3,55475,2,1646.0,2,1.75,early25,False
A-G1.042-C3,55475,2,1647.25,1,1.25,early25,False
A-G1.042-C3,55475,2,1650.5,2,3.25,early25,False
A-G1.042-C3,55475,2,1654.25,2,3.75,early25,False
A-G1.042-C3,55475,2,1655.75,1,1.5,early25,False
A-G1.042-C3,55475,2,1663.75,3,8.0,early25,False
A-G1.042-C3,55475,2,1691.75,2,28.0,early25,False
A-G1.042-C3,55475,2,1693.5,1,1.75,early25,False
A-G1.042-C3,55475,2,1698.25,1,4.75,early25,False
A-G1.042-C3,55475,2,1703.75,2,5.5,early25,False
A-G1.042-C3,55475,2,1709.25,3,5.5,early25,False
A-G1.042-C3,55475,2,1718.75,3,9.5,early25,False
A-G1.042-C3,55475,2,1723.0,1,4.25,early25,False
A-G1.042-C3,55475,2,1745.5,1,22.5,early25,False
A-G1.042-C3,55475,2,1749.25,2,3.75,early25,False
A-G1.042-C3,55475,2,1753.5,1,4.25,early25,False
A-G1.042-C3,55475,2,1758.5,3,5.0,early25,False
A-G1.042-C3,55475,2,1762.75,2,4.25,early25,False
A-G1.042-C3,55475,2,1765.75,1,3.0,early25,False
A-G1.042-C3,55475,2,1769.75,1,4.0,early25,False
A-G1.042-C3,55475,2,1796.5,21,26.75,early25,False
A-G1.042-C3,55475,2,1800.5,1,4.0,early25,False
A-G1.042-C3,55475,2,1805.25,2,4.75,early25,False
A-G1.042-C3,55475,2,1812.0,1,6.75,early25,False
A-G1.042-C3,55475,2,1814.25,2,2.25,early25,False
A-G1.042-C3,55475,2,1816.25,1,2.0,early25,False
A-G1.042-C3,55475,2,1823.25,2,7.0,early25,False
A-G1.042-C3,55475,2,1825.25,1,2.0,early25,False
A-G1.042-C3,55475,2,1827.25,1,2.0,early25,False
A-G1.042-C3,55475,2,1847.25,2,20.0,early25,False
A-G1.042-C3,55475,2,1851.0,2,3.75,early25,False
A-G1.042-C3,55475,2,1854.25,1,3.25,early25,False
A-G1.042-C3,55475,2,1858.5,2,4.25,early25,False
A-G1.042-C3,55475,2,1863.5,2,5.0,early25,False
A-G1.042-C3,55475,2,1867.75,1,4.25,early25,False
A-G1.042-C3,55475,2,1872.5,2,4.75,early25,False
A-G1.042-C3,55475,2,1876.25,1,3.75,early25,False
A-G1.042-C3,55475,2,1900.75,17,24.5,middle50,False
A-G1.042-C3,55475,2,1905.75,1,5.0,middle50,False
A-G1.042-C3,55475,2,1918.75,1,13.0,middle50,False
A-G1.042-C3,55475,2,1921.75,2,3.0,middle50,False
A-G1.042-C3,55475,2,1926.0,2,4.25,middle50,False
A-G1.042-C3,55475,2,1931.0,1,5.0,middle50,False
A-G1.042-C3,55475,2,2065.0,1,134.0,middle50,False
A-G1.042-C3,55475,2,2069.0,1,4.0,middle50,False
A-G1.042-C3,55475,2,2072.5,2,3.5,middle50,False
A-G1.042-C3,55475,2,2075.75,1,3.25,middle50,False
A-G1.042-C3,55475,2,2078.75,1,3.0,middle50,False
A-G1.042-C3,55475,2,2082.5,1,3.75,middle50,False
A-G1.042-C3,55475,2,2089.5,1,7.0,middle50,False
A-G1.042-C3,55475,2,2094.25,1,4.75,middle50,False
A-G1.042-C3,55475,2,2125.75,1,31.5,middle50,False
A-G1.042-C3,55475,2,2128.0,1,2.25,middle50,False
A-G1.042-C3,55475,2,2134.25,1,6.25,middle50,False
A-G1.042-C3,55475,2,2143.0,2,8.75,middle50,False
A-G1.042-C3,55475,2,2148.0,1,5.0,middle50,False
A-G1.042-C3,55475,2,2151.25,1,3.25,middle50,False
A-G1.042-C3,55475,2,2160.5,2,9.25,middle50,False
A-G1.042-C3,55475,2,2176.75,1,16.25,middle50,False
A-G1.042-C3,55475,2,2179.25,1,2.5,middle50,False
A-G1.042-C3,55475,2,2181.75,1,2.5,middle50,False
A-G1.042-C3,55475,2,2185.25,1,3.5,middle50,False
A-G1.042-C3,55475,2,2191.5,2,6.25,middle50,False
A-G1.042-C3,55475,2,2195.5,1,4.0,middle50,False
A-G1.042-C3,55475,2,2199.75,1,4.25,middle50,False
A-G1.042-C3,55475,2,2203.0,1,3.25,middle50,False
A-G1.042-C3,55475,2,2230.75,1,27.75,middle50,False
A-G1.042-C3,55475,2,2232.5,1,1.75,middle50,False
A-G1.042-C3,55475,2,2234.5,1,2.0,middle50,False
A-G1.042-C3,55475,2,2242.5,2,8.0,middle50,False
A-G1.042-C3,55475,2,2244.0,1,1.5,middle50,False
A-G1.042-C3,55475,2,2248.75,2,4.75,middle50,False
A-G1.042-C3,55475,2,2255.5,2,6.75,middle50,False
A-G1.042-C3,55475,2,2260.25,1,4.75,middle50,False
A-G1.042-C3,55475,2,2267.75,1,7.5,middle50,False
A-G1.042-C3,55475,2,2398.0,1,130.25,middle50,False
A-G1.042-C3,55475,2,2407.75,1,9.75,middle50,False
A-G1.042-C3,55475,2,2411.0,1,3.25,middle50,False
A-G1.042-C3,55475,2,2417.0,1,6.0,middle50,False
A-G1.042-C3,55475,2,2420.0,1,3.0,middle50,False
A-G1.042-C3,55475,2,2425.25,1,5.25,middle50,False
A-G1.042-C3,55475,2,2452.25,2,27.0,late25,False
A-G1.042-C3,55475,2,2459.75,2,7.5,late25,False
A-G1.042-C3,55475,2,2463.5,1,3.75,late25,False
A-G1.042-C3,55475,2,2467.25,2,3.75,late25,False
A-G1.042-C3,55475,2,2475.0,2,7.75,late25,False
A-G1.042-C3,55475,2,2479.0,2,4.0,late25,False
A-G1.042-C3,55475,2,2503.5,2,24.5,late25,False
A-G1.042-C3,55475,2,2506.5,1,3.0,late25,False
A-G1.042-C3,55475,2,2510.0,1,3.5,late25,False
A-G1.042-C3,55475,2,2513.0,1,3.0,late25,False
A-G1.042-C3,55475,2,2514.75,1,1.75,late25,False
A-G1.042-C3,55475,2,2521.0,1,6.25,late25,False
A-G1.042-C3,55475,2,2558.25,2,37.25,late25,False
A-G1.042-C3,55475,2,2560.75,1,2.5,late25,False
A-G1.042-C3,55475,2,2563.0,1,2.25,late25,False
A-G1.042-C3,55475,2,2567.0,1,4.0,late25,False
A-G1.042-C3,55475,2,2569.75,1,2.75,late25,False
A-G1.042-C3,55475,2,2574.5,1,4.75,late25,False
A-G1.042-C3,55475,2,2578.5,1,4.0,late25,False
A-G1.042-C3,55475,2,2582.5,1,4.0,late25,False
A-G1.042-C3,55475,2,2584.5,1,2.0,late25,False
A-G1.042-C3,55475,2,2588.5,1,4.0,late25,False
A-G1.042-C3,55475,2,2596.0,1,7.5,late25,False
A-G1.042-C3,55475,2,2601.75,2,5.75,late25,False
A-G1.042-C3,55475,2,2698.25,1,96.5,late25,False
A-G1.042-C3,55475,2,2699.25,2,1.0,late25,False
A-G1.042-C3,55475,3,2713.0,1,13.75,early25,True
A-G1.042-C3,55475,3,2714.0,1,1.0,early25,True
A-G1.042-C3,55475,3,2715.0,4,1.0,early25,True
A-G1.042-C3,55475,3,2718.0,3,3.0,early25,True
A-G1.042-C3,55475,3,2719.5,2,1.5,early25,True
A-G1.042-C3,55475,3,2723.0,2,3.5,early25,True
A-G1.042-C3,55475,3,2726.25,2,3.25,early25,True
A-G1.042-C3,55475,3,2727.0,3,0.75,early25,True
A-G1.042-C3,55475,3,2736.75,2,9.75,early25,True
A-G1.042-C3,55475,3,2744.5,3,7.75,early25,True
A-G1.042-C3,55475,3,2772.75,2,28.25,early25,True
A-G1.042-C3,55475,3,2777.75,2,5.0,early25,True
A-G1.042-C3,55475,3,2793.0,2,15.25,early25,True
A-G1.042-C3,55475,3,2829.5,2,36.5,early25,True
A-G1.042-C3,55475,3,2841.0,2,11.5,early25,True
A-G1.042-C3,55475,3,2847.75,2,6.75,early25,True
A-G1.042-C3,55475,3,2879.75,2,32.0,early25,True
A-G1.042-C3,55475,3,2884.75,2,5.0,early25,True
A-G1.042-C3,55475,3,2890.0,2,5.25,early25,True
A-G1.042-C3,55475,3,2892.5,1,2.5,early25,True
A-G1.042-C3,55475,3,2897.75,2,5.25,early25,True
A-G1.042-C3,55475,3,2905.75,1,8.0,early25,True
A-G1.042-C3,55475,3,2916.5,4,10.75,early25,True
A-G1.042-C3,55475,3,2928.5,1,12.0,middle50,True
A-G1.042-C3,55475,3,2935.5,1,7.0,middle50,True
A-G1.042-C3,55475,3,2941.25,1,5.75,middle50,True
A-G1.042-C3,55475,3,2944.5,1,3.25,middle50,True
A-G1.042-C3,55475,3,2948.75,1,4.25,middle50,True
A-G1.042-C3,55475,3,2955.0,2,6.25,middle50,True
A-G1.042-C3,55475,3,2983.5,1,28.5,middle50,True
A-G1.042-C3,55475,3,2988.75,1,5.25,middle50,True
A-G1.042-C3,55475,3,2992.0,1,3.25,middle50,True
A-G1.042-C3,55475,3,3001.75,2,9.75,middle50,True
A-G1.042-C3,55475,3,3007.0,1,5.25,middle50,True
A-G1.042-C3,55475,3,3012.25,2,5.25,middle50,True
A-G1.042-C3,55475,3,3041.5,1,29.25,middle50,True
A-G1.042-C3,55475,3,3047.75,2,6.25,middle50,True
A-G1.042-C3,55475,3,3053.5,1,5.75,middle50,True
A-G1.042-C3,55475,3,3060.5,1,7.0,middle50,True
A-G1.042-C3,55475,3,3090.5,2,30.0,middle50,True
A-G1.042-C3,55475,3,3096.25,1,5.75,middle50,True
A-G1.042-C3,55475,3,3110.0,1,13.75,middle50,True
A-G1.042-C3,55475,3,3116.5,1,6.5,middle50,True
A-G1.042-C3,55475,3,3133.25,5,16.75,middle50,True
A-G1.042-C3,55475,3,3143.75,1,10.5,middle50,True
A-G1.042-C3,55475,3,3147.75,1,4.0,middle50,True
A-G1.042-C3,55475,3,3157.5,1,9.75,middle50,True
A-G1.042-C3,55475,3,3163.5,1,6.0,middle50,True
A-G1.042-C3,55475,3,3200.75,1,37.25,middle50,True
A-G1.042-C3,55475,3,3205.75,1,5.0,middle50,True
A-G1.042-C3,55475,3,3210.75,1,5.0,middle50,True
A-G1.042-C3,55475,3,3215.5,1,4.75,middle50,True
A-G1.042-C3,55475,3,3224.5,2,9.0,middle50,True
A-G1.042-C3,55475,3,3247.75,1,23.25,middle50,True
A-G1.042-C3,55475,3,3253.0,1,5.25,middle50,True
A-G1.042-C3,55475,3,3257.5,1,4.5,middle50,True
A-G1.042-C3,55475,3,3261.75,1,4.25,middle50,True
A-G1.042-C3,55475,3,3271.25,1,9.5,middle50,True
A-G1.042-C3,55475,3,3301.0,1,29.75,middle50,True
A-G1.042-C3,55475,3,3303.5,1,2.5,middle50,True
A-G1.042-C3,55475,3,3306.0,1,2.5,middle50,True
A-G1.042-C3,55475,3,3310.75,1,4.75,middle50,True
A-G1.042-C3,55475,3,3318.0,1,7.25,middle50,True
A-G1.042-C3,55475,3,3324.5,1,6.5,middle50,True
A-G1.042-C3,55475,3,3329.25,1,4.75,middle50,True
A-G1.042-C3,55475,3,3338.5,1,9.25,middle50,True
A-G1.042-C3,55475,3,3490.25,1,151.75,late25,True
A-G1.042-C3,55475,3,3497.0,1,6.75,late25,True
A-G1.042-C3,55475,3,3505.75,1,8.75,late25,True
A-G1.042-C3,55475,3,3541.25,1,35.5,late25,True
A-G1.042-C3,55475,3,3546.25,1,5.0,late25,True
A-G1.042-C3,55475,3,3551.0,1,4.75,late25,True
A-G1.042-C3,55475,3,3555.5,1,4.5,late25,True
A-G1.042-C3,55475,3,3564.5,1,9.0,late25,True
A-G1.042-C3,55475,3,3573.5,1,9.0,late25,True
A-G1.042-C3,55475,3,3590.75,1,17.25,late25,True
A-G1.042-C3,63394,0,0.25,3,,early25,False
A-G1.042-C3,63394,0,8.25,1,8.0,early25,False
A-G1.042-C3,63394,0,34.25,1,26.0,early25,False
A-G1.042-C3,63394,0,39.25,1,5.0,early25,False
A-G1.042-C3,63394,0,46.5,1,7.25,early25,False
A-G1.042-C3,63394,0,97.5,1,51.0,early25,False
A-G1.042-C3,63394,0,112.4999999998,1,14.999999999799996,early25,False
A-G1.042-C3,63394,0,131.9999999998,5,19.5,early25,False
A-G1.042-C3,63394,0,164.2499999998,3,32.25,early25,False
A-G1.042-C3,63394,0,174.7499999998,1,10.5,early25,False
A-G1.042-C3,63394,0,221.4999999998,1,46.75,middle50,False
A-G1.042-C3,63394,0,233.9999999998,1,12.5,middle50,False
A-G1.042-C3,63394,0,240.2499999998,1,6.25,middle50,False
A-G1.042-C3,63394,0,243.9999999998,1,3.75,middle50,False
A-G1.042-C3,63394,0,409.2499999998,1,165.25000000000003,middle50,False
A-G1.042-C3,63394,0,414.9999999998,1,5.75,middle50,False
A-G1.042-C3,63394,0,424.7499999998,1,9.75,middle50,False
A-G1.042-C3,63394,0,432.2499999998,1,7.5,middle50,False
A-G1.042-C3,63394,0,460.9999999998,1,28.75,middle50,False
A-G1.042-C3,63394,0,468.7499999998,2,7.75,middle50,False
A-G1.042-C3,63394,0,475.7499999998,1,7.0,middle50,False
A-G1.042-C3,63394,0,485.2499999998,1,9.5,middle50,False
A-G1.042-C3,63394,0,496.2499999998,13,11.0,middle50,False
A-G1.042-C3,63394,0,545.7499999998,1,49.5,late25,False
A-G1.042-C3,63394,0,578.9999999998,1,33.25,late25,False
A-G1.042-C3,63394,0,582.4999999998,1,3.5,late25,False
A-G1.042-C3,63394,0,587.7499999998,1,5.25,late25,False
A-G1.042-C3,63394,0,593.9999999998,1,6.25,late25,False
A-G1.042-C3,63394,0,602.4999999998,1,8.5,late25,False
A-G1.042-C3,63394,0,722.2499999998,1,119.75,late25,False
A-G1.042-C3,63394,1,743.7499999998,1,21.5,early25,False
A-G1.042-C3,63394,1,747.7499999998,1,4.0,early25,False
A-G1.042-C3,63394,1,749.7499999998,2,2.0,early25,False
A-G1.042-C3,63394,1,757.4999999998,2,7.75,early25,False
A-G1.042-C3,63394,1,761.2499999998,1,3.75,early25,False
A-G1.042-C3,63394,1,768.7499999998,2,7.5,early25,False
A-G1.042-C3,63394,1,798.4999999998,1,29.75,early25,False
A-G1.042-C3,63394,1,803.2499999998,1,4.75,early25,False
A-G1.042-C3,63394,1,806.7499999998,2,3.5,early25,False
A-G1.042-C3,63394,1,810.9999999998,1,4.25,early25,False
A-G1.042-C3,63394,1,817.9999999998,1,7.0,early25,False
A-G1.042-C3,63394,1,820.4999999998,1,2.5,early25,False
A-G1.042-C3,63394,1,824.2499999998,1,3.75,early25,False
A-G1.042-C3,63394,1,830.2499999998,2,6.0,early25,False
A-G1.042-C3,63394,1,854.7499999998,1,24.5,early25,False
A-G1.042-C3,63394,1,858.4999999998,1,3.75,early25,False
A-G1.042-C3,63394,1,860.4999999998,1,2.0,early25,False
A-G1.042-C3,63394,1,864.9999999998,1,4.5,early25,False
A-G1.042-C3,63394,1,870.4999999998,2,5.5,early25,False
A-G1.042-C3,63394,1,876.9999999998,1,6.5,early25,False
A-G1.042-C3,63394,1,880.2499999998,1,3.25,early25,False
A-G1.042-C3,63394,1,907.9999999998,1,27.75,early25,False
A-G1.042-C3,63394,1,911.2499999998,2,3.25,early25,False
A-G1.042-C3,63394,1,917.2499999998,2,6.0,middle50,False
A-G1.042-C3,63394,1,921.2499999998,1,4.0,middle50,False
A-G1.042-C3,63394,1,926.7499999998,1,5.5,middle50,False
A-G1.042-C3,63394,1,931.4999999998,2,4.75,middle50,False
A-G1.042-C3,63394,1,938.2499999998,1,6.75,middle50,False
A-G1.042-C3,63394,1,957.4999999998,1,19.25,middle50,False
A-G1.042-C3,63394,1,962.9999999998,2,5.5,middle50,False
A-G1.042-C3,63394,1,966.7499999998,1,3.75,middle50,False
A-G1.042-C3,63394,1,969.7499999998,1,3.0,middle50,False
A-G1.042-C3,63394,1,975.9999999998,1,6.25,middle50,False
A-G1.042-C3,63394,1,980.7499999998,1,4.75,middle50,False
A-G1.042-C3,63394,1,982.9999999998,1,2.25,middle50,False
A-G1.042-C3,63394,1,1015.2499999998,1,32.25,middle50,False
A-G1.042-C3,63394,1,1018.2499999998,1,3.0,middle50,False
A-G1.042-C3,63394,1,1022.2499999998,1,4.0,middle50,False
A-G1.042-C3,63394,1,1025.4999999998,1,3.2499999999998863,middle50,False
A-G1.042-C3,63394,1,1028.9999999998,1,3.5,middle50,False
A-G1.042-C3,63394,1,1033.9999999998,2,5.0,middle50,False
A-G1.042-C3,63394,1,1036.9999999998,1,3.0,middle50,False
A-G1.042-C3,63394,1,1040.9999999998,1,4.0,middle50,False
A-G1.042-C3,63394,1,1049.2499999998,1,8.25,middle50,False
A-G1.042-C3,63394,1,1193.9999999998,1,144.75,middle50,False
A-G1.042-C3,63394,1,1196.7499999998,1,2.75,middle50,False
A-G1.042-C3,63394,1,1201.4999999998,1,4.75,middle50,False
A-G1.042-C3,63394,1,1206.7499999998,1,5.25,middle50,False
A-G1.042-C3,63394,1,1211.2499999998,1,4.5,middle50,False
A-G1.042-C3,63394,1,1214.2499999998,1,3.0,middle50,False
A-G1.042-C3,63394,1,1221.2499999998,1,7.0,middle50,False
A-G1.042-C3,63394,1,1248.7499999998,1,27.5,middle50,False
A-G1.042-C3,63394,1,1255.4999999998,1,6.75,middle50,False
A-G1.042-C3,63394,1,1256.4999999998,1,1.0,middle50,False
A-G1.042-C3,63394,1,1257.4999999998,1,1.0,middle50,False
A-G1.042-C3,63394,1,1263.2499999998,2,5.75,middle50,False
A-G1.042-C3,63394,1,1266.2499999998,1,3.0,middle50,False
A-G1.042-C3,63394,1,1269.4999999998,1,3.25,middle50,False
A-G1.042-C3,63394,1,1272.4999999998,1,3.0,middle50,False
A-G1.042-C3,63394,1,1276.2499999998,1,3.75,middle50,False
A-G1.042-C3,63394,1,1279.2499999998,1,3.0,middle50,False
A-G1.042-C3,63394,1,1286.2499999998,1,7.0,middle50,False
A-G1.042-C3,63394,1,1304.2499999998,1,18.0,late25,False
A-G1.042-C3,63394,1,1306.2499999998,1,2.0,late25,False
A-G1.042-C3,63394,1,1311.9999999998,1,5.75,late25,False
A-G1.042-C3,63394,1,1317.7499999998,1,5.75,late25,False
A-G1.042-C3,63394,1,1323.4999999998,1,5.75,late25,False
A-G1.042-C3,63394,1,1330.7499999998,1,7.25,late25,False
A-G1.042-C3,63394,1,1358.9999999998,2,28.25,late25,False
A-G1.042-C3,63394,1,1366.2499999998,1,7.25,late25,False
A-G1.042-C3,63394,1,1367.9999999998,1,1.75,late25,False
A-G1.042-C3,63394,1,1372.2499999998,1,4.25,late25,False
A-G1.042-C3,63394,1,1376.7499999998,1,4.5,late25,False
A-G1.042-C3,63394,1,1379.7499999998,1,3.0,late25,False
A-G1.042-C3,63394,1,1382.4999999998,1,2.75,late25,False
A-G1.042-C3,63394,1,1385.7499999998,1,3.25,late25,False
A-G1.042-C3,63394,1,1388.4999999998,1,2.75,late25,False
A-G1.042-C3,63394,2,1512.9999999998,1,124.5,early25,False
A-G1.042-C3,63394,2,1515.2499999998,1,2.25,early25,False
A-G1.042-C3,63394,2,1518.4999999998,3,3.25,early25,False
A-G1.042-C3,63394,2,1520.4999999998,1,2.0,early25,False
A-G1.042-C3,63394,2,1522.4999999998,2,2.0,early25,False
A-G1.042-C3,63394,2,1525.4999999998,2,3.0,early25,False
A-G1.042-C3,63394,2,1528.4999999998,2,3.0,early25,False
A-G1.042-C3,63394,2,1531.9999999998,2,3.5,early25,False
A-G1.042-C3,63394,2,1534.4999999998,1,2.5,early25,False
A-G1.042-C3,63394,2,1536.4999999998,1,2.0,early25,False
A-G1.042-C3,63394,2,1572.2499999998,2,35.75,early25,False
A-G1.042-C3,63394,2,1576.2499999998,2,4.0,early25,False
A-G1.042-C3,63394,2,1577.2499999998,1,1.0,early25,False
A-G1.042-C3,63394,2,1581.7499999998,2,4.5,early25,False
A-G1.042-C3,63394,2,1584.2499999998,1,2.5,early25,False
A-G1.042-C3,63394,2,1588.2499999998,2,4.0,early25,False
A-G1.042-C3,63394,2,1589.7499999998,1,1.5,early25,False
A-G1.042-C3,63394,2,1591.9999999998,2,2.25,early25,False
A-G1.042-C3,63394,2,1593.2499999998,1,1.25,early25,False
A-G1.042-C3,63394,2,1598.9999999998,3,5.75,early25,False
A-G1.042-C3,63394,2,1606.2499999998,1,7.25,early25,False
A-G1.042-C3,63394,2,1612.7499999998,7,6.5,early25,False
A-G1.042-C3,63394,2,1624.9999999998,2,12.25,early25,False
A-G1.042-C3,63394,2,1628.4999999998,1,3.5,early25,False
A-G1.042-C3,63394,2,1633.2499999998,2,4.75,early25,False
A-G1.042-C3,63394,2,1638.7499999998,3,5.5,early25,False
A-G1.042-C3,63394,2,1643.4999999998,2,4.75,early25,False
A-G1.042-C3,63394,2,1648.9999999998,2,5.5,early25,False
A-G1.042-C3,63394,2,1652.9999999998,1,4.0,early25,False
A-G1.042-C3,63394,2,1680.4999999998,22,27.5,early25,False
A-G1.042-C3,63394,2,1687.7499999998,2,7.25,early25,False
A-G1.042-C3,63394,2,1695.2499999998,2,7.5,early25,False
A-G1.042-C3,63394,2,1701.7499999998,1,6.5,early25,False
A-G1.042-C3,63394,2,1706.4999999998,2,4.75,early25,False
A-G1.042-C3,63394,2,1715.9999999998,2,9.5,early25,False
A-G1.042-C3,63394,2,1866.0,1,150.0000000002001,middle50,False
A-G1.042-C3,63394,2,1869.75,1,3.75,middle50,False
A-G1.042-C3,63394,2,1874.5,2,4.75,middle50,False
A-G1.042-C3,63394,2,1879.0,1,4.5,middle50,False
A-G1.042-C3,63394,2,1888.75,2,9.75,middle50,False
A-G1.042-C3,63394,2,1920.5,1,31.75,middle50,False
A-G1.042-C3,63394,2,1924.5,1,4.0,middle50,False
A-G1.042-C3,63394,2,1926.0,1,1.5,middle50,False
A-G1.042-C3,63394,2,1930.0,1,4.0,middle50,False
A-G1.042-C3,63394,2,1934.0,1,4.0,middle50,False
A-G1.042-C3,63394,2,1937.5,1,3.5,middle50,False
A-G1.042-C3,63394,2,1943.0,2,5.5,middle50,False
A-G1.042-C3,63394,2,1945.75,1,2.75,middle50,False
A-G1.042-C3,63394,2,1948.75,1,3.0,middle50,False
A-G1.042-C3,63394,2,1973.75,1,25.0,middle50,False
A-G1.042-C3,63394,2,1977.5,1,3.75,middle50,False
A-G1.042-C3,63394,2,1981.25,1,3.75,middle50,False
A-G1.042-C3,63394,2,1992.5,2,11.25,middle50,False
A-G1.042-C3,63394,2,1996.75,2,4.25,middle50,False
A-G1.042-C3,63394,2,2025.5,1,28.75,middle50,False
A-G1.042-C3,63394,2,2029.75,2,4.25,middle50,False
A-G1.042-C3,63394,2,2034.0,2,4.25,middle50,False
A-G1.042-C3,63394,2,2038.0,1,4.0,middle50,False
A-G1.042-C3,63394,2,2044.25,2,6.25,middle50,False
A-G1.042-C3,63394,2,2045.75,1,1.5,middle50,False
A-G1.042-C3,63394,2,2048.75,1,3.0,middle50,False
A-G1.042-C3,63394,2,2053.0,1,4.25,middle50,False
A-G1.042-C3,63394,2,2064.0,1,11.0,middle50,False
A-G1.042-C3,63394,2,2069.75,4,5.75,middle50,False
A-G1.042-C3,63394,2,2202.5,1,132.75,middle50,False
A-G1.042-C3,63394,2,2208.0,2,5.5,middle50,False
A-G1.042-C3,63394,2,2213.5,2,5.5,middle50,False
A-G1.042-C3,63394,2,2217.75,1,4.25,middle50,False
A-G1.042-C3,63394,2,2222.0,1,4.25,middle50,False
A-G1.042-C3,63394,2,2226.0,1,4.0,middle50,False
A-G1.042-C3,63394,2,2231.75,2,5.75,middle50,False
A-G1.042-C3,63394,2,2260.5,2,28.75,late25,False
A-G1.042-C3,63394,2,2265.25,1,4.75,late25,False
A-G1.042-C3,63394,2,2267.75,1,2.5,late25,False
A-G1.042-C3,63394,2,2270.5,1,2.75,late25,False
A-G1.042-C3,63394,2,2276.0,1,5.5,late25,False
A-G1.042-C3,63394,2,2278.5,1,2.5,late25,False
A-G1.042-C3,63394,2,2283.75,2,5.25,late25,False
A-G1.042-C3,63394,2,2294.5,7,10.75,late25,False
A-G1.042-C3,63394,2,2303.5,1,9.0,late25,False
A-G1.042-C3,63394,2,2307.25,1,3.75,late25,False
A-G1.042-C3,63394,2,2310.25,4,3.0,late25,False
A-G1.042-C3,63394,2,2314.0,1,3.75,late25,False
A-G1.042-C3,63394,2,2317.5,1,3.5,late25,False
A-G1.042-C3,63394,2,2319.5,1,2.0,late25,False
A-G1.042-C3,63394,2,2321.75,5,2.25,late25,False
A-G1.042-C3,63394,2,2327.25,2,5.5,late25,False
A-G1.042-C3,63394,2,2330.75,1,3.5,late25,False
A-G1.042-C3,63394,2,2333.0,4,2.25,late25,False
A-G1.042-C3,63394,2,2365.5,1,32.5,late25,False
A-G1.042-C3,63394,2,2368.25,1,2.75,late25,False
A-G1.042-C3,63394,2,2372.5,1,4.25,late25,False
A-G1.042-C3,63394,2,2376.25,1,3.75,late25,False
A-G1.042-C3,63394,2,2378.5,1,2.25,late25,False
A-G1.042-C3,63394,2,2385.25,2,6.75,late25,False
A-G1.042-C3,63394,2,2399.5,3,14.25,late25,False
A-G1.042-C3,63394,3,2504.5,1,105.0,early25,True
A-G1.042-C3,63394,3,2513.5,5,9.0,early25,True
A-G1.042-C3,63394,3,2514.75,4,1.25,early25,True
A-G1.042-C3,63394,3,2519.0,1,4.25,early25,True
A-G1.042-C3,63394,3,2523.75,2,4.75,early25,True
A-G1.042-C3,63394,3,2528.0,2,4.25,early25,True
A-G1.042-C3,63394,3,2532.5,1,4.5,early25,True
A-G1.042-C3,63394,3,2537.75,2,5.25,early25,True
A-G1.042-C3,63394,3,2542.75,1,5.0,early25,True
A-G1.042-C3,63394,3,2547.25,2,4.5,early25,True
A-G1.042-C3,63394,3,2569.5,1,22.25,early25,True
A-G1.042-C3,63394,3,2572.0,1,2.5,early25,True
A-G1.042-C3,63394,3,2575.25,1,3.25,early25,True
A-G1.042-C3,63394,3,2577.25,2,2.0,early25,True
A-G1.042-C3,63394,3,2580.0,1,2.75,early25,True
A-G1.042-C3,63394,3,2585.5,14,5.5,early25,True
A-G1.042-C3,63394,3,2587.25,1,1.75,early25,True
A-G1.042-C3,63394,3,2589.25,5,2.0,early25,True
A-G1.042-C3,63394,3,2603.25,1,14.0,early25,True
A-G1.042-C3,63394,3,2609.5,3,6.25,early25,True
A-G1.042-C3,63394,3,2619.25,1,9.75,early25,True
A-G1.042-C3,63394,3,2620.5,1,1.25,early25,True
A-G1.042-C3,63394,3,2623.5,1,3.0,early25,True
A-G1.042-C3,63394,3,2627.5,1,4.0,early25,True
A-G1.042-C3,63394,3,2636.25,2,8.75,early25,True
A-G1.042-C3,63394,3,2641.0,1,4.75,early25,True
A-G1.042-C3,63394,3,2644.75,1,3.75,early25,True
A-G1.042-C3,63394,3,2651.5,1,6.75,early25,True
A-G1.042-C3,63394,3,2676.25,10,24.75,early25,True
A-G1.042-C3,63394,3,2677.75,1,1.5,early25,True
A-G1.042-C3,63394,3,2683.25,1,5.5,early25,True
A-G1.042-C3,63394,3,2689.5,1,6.25,early25,True
A-G1.042-C3,63394,3,2697.25,1,7.75,early25,True
A-G1.042-C3,63394,3,2704.25,2,7.0,early25,True
A-G1.042-C3,63394,3,2722.25,1,18.0,early25,True
A-G1.042-C3,63394,3,2729.0,1,6.75,early25,True
A-G1.042-C3,63394,3,2733.0,1,4.0,early25,True
A-G1.042-C3,63394,3,2741.75,1,8.75,early25,True
A-G1.042-C3,63394,3,2745.0,1,3.25,early25,True
A-G1.042-C3,63394,3,2748.75,7,3.75,early25,True
A-G1.042-C3,63394,3,2782.0,1,33.25,middle50,True
A-G1.042-C3,63394,3,2787.75,2,5.75,middle50,True
A-G1.042-C3,63394,3,2795.75,1,8.0,middle50,True
A-G1.042-C3,63394,3,2801.0,1,5.25,middle50,True
A-G1.042-C3,63394,3,2806.25,1,5.25,middle50,True
A-G1.042-C3,63394,3,2816.75,2,10.5,middle50,True
A-G1.042-C3,63394,3,2829.5,2,12.75,middle50,True
A-G1.042-C3,63394,3,2834.75,1,5.25,middle50,True
A-G1.042-C3,63394,3,2841.75,1,7.0,middle50,True
A-G1.042-C3,63394,3,2845.25,1,3.5,middle50,True
A-G1.042-C3,63394,3,2851.75,1,6.5,middle50,True
A-G1.042-C3,63394,3,2855.25,5,3.5,middle50,True
A-G1.042-C3,63394,3,2883.25,1,28.0,middle50,True
A-G1.042-C3,63394,3,2891.75,1,8.5,middle50,True
A-G1.042-C3,63394,3,2901.75,1,10.0,middle50,True
A-G1.042-C3,63394,3,2907.25,1,5.5,middle50,True
A-G1.042-C3,63394,3,3058.75,1,151.5,middle50,True
A-G1.042-C3,63394,3,3071.75,1,13.0,middle50,True
A-G1.042-C3,63394,3,3078.0,1,6.25,middle50,True
A-G1.042-C3,63394,3,3084.25,1,6.25,middle50,True
A-G1.042-C3,63394,3,3088.25,1,4.0,middle50,True
A-G1.042-C3,63394,3,3115.25,1,27.0,middle50,True
A-G1.042-C3,63394,3,3121.0,1,5.75,middle50,True
A-G1.042-C3,63394,3,3126.0,1,5.0,middle50,True
A-G1.042-C3,63394,3,3131.25,1,5.25,middle50,True
A-G1.042-C3,63394,3,3136.5,5,5.25,middle50,True
A-G1.042-C3,63394,3,3139.75,5,3.25,middle50,True
A-G1.042-C3,63394,3,3148.0,1,8.25,middle50,True
A-G1.042-C3,63394,3,3155.5,3,7.5,middle50,True
A-G1.042-C3,63394,3,3174.25,1,18.75,middle50,True
A-G1.042-C3,63394,3,3184.5,1,10.25,middle50,True
A-G1.042-C3,63394,3,3193.25,1,8.75,middle50,True
A-G1.042-C3,63394,3,3220.0,3,26.75,middle50,True
A-G1.042-C3,63394,3,3223.25,1,3.25,middle50,True
A-G1.042-C3,63394,3,3230.75,1,7.5,middle50,True
A-G1.042-C3,63394,3,3237.75,1,7.0,middle50,True
A-G1.042-C3,63394,3,3247.0,1,9.25,middle50,True
A-G1.042-C3,63394,3,3253.5,1,6.5,middle50,True
A-G1.042-C3,63394,3,3261.5,2,8.0,middle50,True
A-G1.042-C3,63394,3,3388.5,1,127.0,late25,True
A-G1.042-C3,63394,3,3402.5,1,14.0,late25,True
A-G1.042-C3,63394,3,3409.0,3,6.5,late25,True
A-G1.042-C3,63394,3,3445.25,2,36.25,late25,True
A-G1.042-C3,63394,3,3452.75,1,7.5,late25,True
A-G1.042-C3,63394,3,3461.5,1,8.75,late25,True
A-G1.042-C3,63394,3,3464.25,1,2.75,late25,True
A-G1.042-C3,63394,3,3474.0,1,9.75,late25,True
A-G1.042-C3,63394,3,3484.25,2,10.25,late25,True
A-G1.042-C3,63394,3,3497.5,1,13.25,late25,True
A-G1.042-C3,63394,3,3513.25,1,15.75,late25,True
A-G1.042-C3,63394,3,3525.5,1,12.25,late25,True
A-G1.042-C3,63394,3,3555.25,4,29.75,late25,True
A-G1.042-C3,63394,3,3575.25,1,20.0,late25,True
A-G1.042-C3,63394,3,3590.25,2,15.0,late25,True
A-G1.042-C3,71313,0,0.25,3,,early25,False
A-G1.042-C3,71313,0,8.5,1,8.25,early25,False
A-G1.042-C3,71313,0,18.25,1,9.75,early25,False
A-G1.042-C3,71313,0,45.75,1,27.5,early25,False
A-G1.042-C3,71313,0,63.5,1,17.75,early25,False
A-G1.042-C3,71313,0,101.25,1,37.75,early25,False
A-G1.042-C3,71313,0,104.25,1,3.0,early25,False
A-G1.042-C3,71313,0,159.75,1,55.5,early25,False
A-G1.042-C3,71313,0,164.0,1,4.25,early25,False
A-G1.042-C3,71313,0,172.5,1,8.5,early25,False
A-G1.042-C3,71313,0,175.75,1,3.25,early25,False
A-G1.042-C3,71313,0,183.0,1,7.25,early25,False
A-G1.042-C3,71313,0,221.5,1,38.5,middle50,False
A-G1.042-C3,71313,0,227.25,1,5.75,middle50,False
A-G1.042-C3,71313,0,229.5,1,2.25,middle50,False
A-G1.042-C3,71313,0,236.5,1,7.0,middle50,False
A-G1.042-C3,71313,0,240.25,1,3.75,middle50,False
A-G1.042-C3,71313,0,277.5,1,37.25,middle50,False
A-G1.042-C3,71313,0,289.5,1,12.0,middle50,False
A-G1.042-C3,71313,0,301.0,1,11.5,middle50,False
A-G1.042-C3,71313,0,334.75,1,33.75,middle50,False
A-G1.042-C3,71313,0,346.0,1,11.25,middle50,False
A-G1.042-C3,71313,0,352.75,1,6.75,middle50,False
A-G1.042-C3,71313,0,357.25,1,4.5,middle50,False
A-G1.042-C3,71313,0,360.75,1,3.5,middle50,False
A-G1.042-C3,71313,0,521.0,1,160.25,middle50,False
A-G1.042-C3,71313,0,524.25,1,3.25,middle50,False
A-G1.042-C3,71313,0,534.25,1,10.0,middle50,False
A-G1.042-C3,71313,0,543.75,1,9.5,middle50,False
A-G1.042-C3,71313,0,575.25,1,31.5,middle50,False
A-G1.042-C3,71313,0,578.75,1,3.5,middle50,False
A-G1.042-C3,71313,0,585.75,1,7.0,middle50,False
A-G1.042-C3,71313,0,590.5,1,4.75,middle50,False
A-G1.042-C3,71313,0,597.75,1,7.25,middle50,False
A-G1.042-C3,71313,0,601.5,1,3.75,middle50,False
A-G1.042-C3,71313,0,609.25,1,7.75,middle50,False
A-G1.042-C3,71313,0,637.0,1,27.75,late25,False
A-G1.042-C3,71313,0,643.5,1,6.5,late25,False
A-G1.042-C3,71313,0,648.5,1,5.0,late25,False
A-G1.042-C3,71313,0,657.0,1,8.5,late25,False
A-G1.042-C3,71313,0,664.5,1,7.5,late25,False
A-G1.042-C3,71313,0,687.0,1,22.5,late25,False
A-G1.042-C3,71313,0,691.75,1,4.75,late25,False
A-G1.042-C3,71313,0,697.0,11,5.25,late25,False
A-G1.042-C3,71313,0,703.25,1,6.25,late25,False
A-G1.042-C3,71313,0,710.75,1,7.5,late25,False
A-G1.042-C3,71313,1,833.25,1,122.5,early25,False
A-G1.042-C3,71313,1,846.75,1,13.5,early25,False
A-G1.042-C3,71313,1,857.0,1,10.25,early25,False
A-G1.042-C3,71313,1,863.25,1,6.25,early25,False
A-G1.042-C3,71313,1,865.0,1,1.75,early25,False
A-G1.042-C3,71313,1,868.25,1,3.25,early25,False
A-G1.042-C3,71313,1,873.5,1,5.25,early25,False
A-G1.042-C3,71313,1,905.0,1,31.5,early25,False
A-G1.042-C3,71313,1,910.0,1,5.0,early25,False
A-G1.042-C3,71313,1,919.0,1,9.0,early25,False
A-G1.042-C3,71313,1,922.5,1,3.5,early25,False
A-G1.042-C3,71313,1,926.25,2,3.75,early25,False
A-G1.042-C3,71313,1,927.5,1,1.25,early25,False
A-G1.042-C3,71313,1,932.5,2,5.0,early25,False
A-G1.042-C3,71313,1,960.75,1,28.25,early25,False
A-G1.042-C3,71313,1,963.75,1,3.0,early25,False
A-G1.042-C3,71313,1,1016.25,2,52.5,early25,False
A-G1.042-C3,71313,1,1023.25,2,7.0,middle50,False
A-G1.042-C3,71313,1,1031.0,1,7.75,middle50,False
A-G1.042-C3,71313,1,1034.5,1,3.5,middle50,False
A-G1.042-C3,71313,1,1035.75,1,1.25,middle50,False
A-G1.042-C3,71313,1,1041.25,1,5.5,middle50,False
A-G1.042-C3,71313,1,1051.5,2,10.25,middle50,False
A-G1.042-C3,71313,1,1058.25,5,6.75,middle50,False
A-G1.042-C3,71313,1,1072.75,1,14.5,middle50,False
A-G1.042-C3,71313,1,1080.5,1,7.75,middle50,False
A-G1.042-C3,71313,1,1085.0,1,4.5,middle50,False
A-G1.042-C3,71313,1,1090.0,1,5.0,middle50,False
A-G1.042-C3,71313,1,1095.25,2,5.25,middle50,False
A-G1.042-C3,71313,1,1100.0,1,4.75,middle50,False
A-G1.042-C3,71313,1,1133.25,1,33.25,middle50,False
A-G1.042-C3,71313,1,1135.0,1,1.75,middle50,False
A-G1.042-C3,71313,1,1138.5,1,3.5,middle50,False
A-G1.042-C3,71313,1,1142.25,1,3.75,middle50,False
A-G1.042-C3,71313,1,1148.0,1,5.75,middle50,False
A-G1.042-C3,71313,1,1151.25,1,3.25,middle50,False
A-G1.042-C3,71313,1,1156.0,2,4.75,middle50,False
A-G1.042-C3,71313,1,1309.5,1,153.5,middle50,False
A-G1.042-C3,71313,1,1313.5,1,4.0,middle50,False
A-G1.042-C3,71313,1,1316.75,1,3.25,middle50,False
A-G1.042-C3,71313,1,1331.25,1,14.5,middle50,False
A-G1.042-C3,71313,1,1335.5,1,4.25,middle50,False
A-G1.042-C3,71313,1,1340.5,1,5.0,middle50,False
A-G1.042-C3,71313,1,1364.75,2,24.25,middle50,False
A-G1.042-C3,71313,1,1368.25,1,3.5,middle50,False
A-G1.042-C3,71313,1,1374.0,2,5.75,middle50,False
A-G1.042-C3,71313,1,1379.0,1,5.0,middle50,False
A-G1.042-C3,71313,1,1382.0,1,3.0,middle50,False
A-G1.042-C3,71313,1,1385.75,1,3.75,middle50,False
A-G1.042-C3,71313,1,1389.75,14,4.0,middle50,False
A-G1.042-C3,71313,1,1414.75,1,25.0,late25,False
A-G1.042-C3,71313,1,1418.0,1,3.25,late25,False
A-G1.042-C3,71313,1,1422.25,1,4.25,late25,False
A-G1.042-C3,71313,1,1431.75,1,9.5,late25,False
A-G1.042-C3,71313,1,1435.25,1,3.5,late25,False
A-G1.042-C3,71313,1,1439.5,2,4.25,late25,False
A-G1.042-C3,71313,1,1443.25,1,3.75,late25,False
A-G1.042-C3,71313,1,1470.0,1,26.75,late25,False
A-G1.042-C3,71313,1,1472.5,13,2.5,late25,False
A-G1.042-C3,71313,1,1475.75,1,3.25,late25,False
A-G1.042-C3,71313,1,1481.5,1,5.75,late25,False
A-G1.042-C3,71313,1,1485.5,1,4.0,late25,False
A-G1.042-C3,71313,1,1486.5,1,1.0,late25,False
A-G1.042-C3,71313,1,1491.25,1,4.75,late25,False
A-G1.042-C3,71313,1,1499.5,1,8.25,late25,False
A-G1.042-C3,71313,2,1612.25,1,112.75,early25,False
A-G1.042-C3,71313,2,1621.75,1,9.5,early25,False
A-G1.042-C3,71313,2,1623.0,1,1.25,early25,False
A-G1.042-C3,71313,2,1624.5,1,1.5,early25,False
A-G1.042-C3,71313,2,1626.75,1,2.25,early25,False
A-G1.042-C3,71313,2,1630.25,2,3.5,early25,False
A-G1.042-C3,71313,2,1634.25,2,4.0,early25,False
A-G1.042-C3,71313,2,1638.5,2,4.25,early25,False
A-G1.042-C3,71313,2,1642.75,1,4.25,early25,False
A-G1.042-C3,71313,2,1646.0,2,3.25,early25,False
A-G1.042-C3,71313,2,1650.25,1,4.25,early25,False
A-G1.042-C3,71313,2,1655.0,3,4.75,early25,False
A-G1.042-C3,71313,2,1680.5,2,25.5,early25,False
A-G1.042-C3,71313,2,1684.0,2,3.5,early25,False
A-G1.042-C3,71313,2,1686.5,1,2.5,early25,False
A-G1.042-C3,71313,2,1689.5,2,3.0,early25,False
A-G1.042-C3,71313,2,1692.5,20,3.0,early25,False
A-G1.042-C3,71313,2,1695.75,2,3.25,early25,False
A-G1.042-C3,71313,2,1697.5,1,1.75,early25,False
A-G1.042-C3,71313,2,1700.0,1,2.5,early25,False
A-G1.042-C3,71313,2,1702.75,7,2.75,early25,False
A-G1.042-C3,71313,2,1704.5,1,1.75,early25,False
A-G1.042-C3,71313,2,1707.25,1,2.75,early25,False
A-G1.042-C3,71313,2,1865.0,1,157.75,middle50,False
A-G1.042-C3,71313,2,1869.75,1,4.75,middle50,False
A-G1.042-C3,71313,2,1871.5,1,1.75,middle50,False
A-G1.042-C3,71313,2,1873.75,1,2.25,middle50,False
A-G1.042-C3,71313,2,1876.25,1,2.5,middle50,False
A-G1.042-C3,71313,2,1880.25,1,4.0,middle50,False
A-G1.042-C3,71313,2,1883.5,1,3.25,middle50,False
A-G1.042-C3,71313,2,1887.25,1,3.75,middle50,False
A-G1.042-C3,71313,2,1891.75,2,4.5,middle50,False
A-G1.042-C3,71313,2,1894.75,1,3.0,middle50,False
A-G1.042-C3,71313,2,1920.5,2,25.75,middle50,False
A-G1.042-C3,71313,2,1924.5,2,4.0,middle50,False
A-G1.042-C3,71313,2,1930.0,2,5.5,middle50,False
A-G1.042-C3,71313,2,1933.5,12,3.5,middle50,False
A-G1.042-C3,71313,2,1936.75,1,3.25,middle50,False
A-G1.042-C3,71313,2,1939.75,1,3.0,middle50,False
A-G1.042-C3,71313,2,1943.5,2,3.75,middle50,False
A-G1.042-C3,71313,2,1947.0,1,3.5,middle50,False
A-G1.042-C3,71313,2,1949.75,1,2.75,middle50,False
A-G1.042-C3,71313,2,1957.0,14,7.25,middle50,False
A-G1.042-C3,71313,2,1981.5,1,24.5,middle50,False
A-G1.042-C3,71313,2,1985.0,1,3.5,middle50,False
A-G1.042-C3,71313,2,1994.0,1,9.0,middle50,False
A-G1.042-C3,71313,2,1996.25,1,2.25,middle50,False
A-G1.042-C3,71313,2,2003.25,1,7.0,middle50,False
A-G1.042-C3,71313,2,2035.5,1,32.25,middle50,False
A-G1.042-C3,71313,2,2038.25,1,2.75,middle50,False
A-G1.042-C3,71313,2,2043.0,2,4.75,middle50,False
A-G1.042-C3,71313,2,2050.5,1,7.5,middle50,False
A-G1.042-C3,71313,2,2055.0,2,4.5,middle50,False
A-G1.042-C3,71313,2,2059.75,2,4.75,middle50,False
A-G1.042-C3,71313,2,2062.0,1,2.25,middle50,False
A-G1.042-C3,71313,2,2071.5,1,9.5,middle50,False
A-G1.042-C3,71313,2,2199.2499999999,1,127.74999999989996,middle50,False
A-G1.042-C3,71313,2,2205.9999999999,1,6.75,middle50,False
A-G1.042-C3,71313,2,2213.2499999999,2,7.25,middle50,False
A-G1.042-C3,71313,2,2215.4999999999,1,2.25,middle50,False
A-G1.042-C3,71313,2,2220.2499999999,1,4.75,middle50,False
A-G1.042-C3,71313,2,2224.9999999999,2,4.75,middle50,False
A-G1.042-C3,71313,2,2258.4999999999,2,33.5,middle50,False
A-G1.042-C3,71313,2,2263.4999999999,1,5.0,middle50,False
A-G1.042-C3,71313,2,2271.4999999999,1,8.0,middle50,False
A-G1.042-C3,71313,2,2275.9999999999,2,4.5,middle50,False
A-G1.042-C3,71313,2,2278.7499999999,1,2.75,middle50,False
A-G1.042-C3,71313,2,2285.4999999999,1,6.75,late25,False
A-G1.042-C3,71313,2,2292.7499999999,1,7.25,late25,False
A-G1.042-C3,71313,2,2305.4999999999,1,12.75,late25,False
A-G1.042-C3,71313,2,2311.2499999999,1,5.75,late25,False
A-G1.042-C3,71313,2,2318.4999999999,2,7.25,late25,False
A-G1.042-C3,71313,2,2326.9999999999,1,8.5,late25,False
A-G1.042-C3,71313,2,2328.7499999999,1,1.75,late25,False
A-G1.042-C3,71313,2,2332.9999999999,1,4.25,late25,False
A-G1.042-C3,71313,2,2335.2499999999,1,2.25,late25,False
A-G1.042-C3,71313,2,2366.7499999999,1,31.5,late25,False
A-G1.042-C3,71313,2,2367.9999999999,1,1.25,late25,False
A-G1.042-C3,71313,2,2371.4999999999,1,3.5,late25,False
A-G1.042-C3,71313,2,2374.9999999999,1,3.5,late25,False
A-G1.042-C3,71313,2,2378.4999999999,1,3.5,late25,False
A-G1.042-C3,71313,2,2382.2499999999,1,3.75,late25,False
A-G1.042-C3,71313,2,2385.9999999999,1,3.75,late25,False
A-G1.042-C3,71313,2,2389.2499999999,1,3.25,late25,False
A-G1.042-C3,71313,2,2397.9999999999,1,8.75,late25,False
A-G1.042-C3,71313,3,2514.9999999999,2,117.0,early25,True
A-G1.042-C3,71313,3,2526.4999999999,1,11.5,early25,True
A-G1.042-C3,71313,3,2528.4999999999,1,2.0,early25,True
A-G1.042-C3,71313,3,2532.9999999999,3,4.5,early25,True
A-G1.042-C3,71313,3,2537.2499999999,2,4.25,early25,True
A-G1.042-C3,71313,3,2539.9999999999,1,2.75,early25,True
A-G1.042-C3,71313,3,2542.4999999999,1,2.5,early25,True
A-G1.042-C3,71313,3,2545.7499999999,2,3.25,early25,True
A-G1.042-C3,71313,3,2548.4999999999,1,2.75,early25,True
A-G1.042-C3,71313,3,2550.2499999999,1,1.75,early25,True
A-G1.042-C3,71313,3,2552.7499999999,1,2.5,early25,True
A-G1.042-C3,71313,3,2554.9999999999,6,2.25,early25,True
A-G1.042-C3,71313,3,2579.9999999999,1,25.0,early25,True
A-G1.042-C3,71313,3,2582.4999999999,1,2.5,early25,True
A-G1.042-C3,71313,3,2586.4999999999,2,4.0,early25,True
A-G1.042-C3,71313,3,2597.9999999999,3,11.5,early25,True
A-G1.042-C3,71313,3,2603.7499999999,2,5.75,early25,True
A-G1.042-C3,71313,3,2611.4999999999,1,7.75,early25,True
A-G1.042-C3,71313,3,2612.7499999999,1,1.25,early25,True
A-G1.042-C3,71313,3,2623.2499999999,4,10.5,early25,True
A-G1.042-C3,71313,3,2635.9999999999,3,12.75,early25,True
A-G1.042-C3,71313,3,2656.2499999999,2,20.25,early25,True
A-G1.042-C3,71313,3,2691.4999999999,2,35.25,early25,True
A-G1.042-C3,71313,3,2700.2499999999,1,8.75,early25,True
A-G1.042-C3,71313,3,2705.7499999999,2,5.5,early25,True
A-G1.042-C3,71313,3,2714.9999999999,2,9.25,early25,True
A-G1.042-C3,71313,3,2724.4999999999,2,9.5,early25,True
A-G1.042-C3,71313,3,2747.2499999999,1,22.75,early25,True
A-G1.042-C3,71313,3,2750.7499999999,1,3.5,early25,True
A-G1.042-C3,71313,3,2758.4999999999,1,7.75,early25,True
A-G1.042-C3,71313,3,2762.4999999999,1,4.0,early25,True
A-G1.042-C3,71313,3,2765.2499999999,1,2.75,early25,True
A-G1.042-C3,71313,3,2768.7499999999,1,3.5,early25,True
A-G1.042-C3,71313,3,2772.2499999999,7,3.5,early25,True
A-G1.042-C3,71313,3,2807.2499999999,2,35.0,middle50,True
A-G1.042-C3,71313,3,2812.2499999999,2,5.0,middle50,True
A-G1.042-C3,71313,3,2818.4999999999,1,6.25,middle50,True
A-G1.042-C3,71313,3,2824.4999999999,1,6.0,middle50,True
A-G1.042-C3,71313,3,2829.7499999999,1,5.25,middle50,True
A-G1.042-C3,71313,3,2842.2499999999,2,12.5,middle50,True
A-G1.042-C3,71313,3,2859.2499999999,1,17.0,middle50,True
A-G1.042-C3,71313,3,2862.4999999999,1,3.25,middle50,True
A-G1.042-C3,71313,3,2866.2499999999,1,3.75,middle50,True
A-G1.042-C3,71313,3,2870.4999999999,1,4.25,middle50,True
A-G1.042-C3,71313,3,2874.4999999999,1,4.0,middle50,True
A-G1.042-C3,71313,3,2877.9999999999,1,3.5,middle50,True
A-G1.042-C3,71313,3,2884.4999999999,1,6.5,middle50,True
A-G1.042-C3,71313,3,2888.7499999999,8,4.25,middle50,True
A-G1.042-C3,71313,3,2911.4999999999,1,22.75,middle50,True
A-G1.042-C3,71313,3,2920.4999999999,1,9.0,middle50,True
A-G1.042-C3,71313,3,2924.2499999999,1,3.75,middle50,True
A-G1.042-C3,71313,3,2934.9999999999,1,10.75,middle50,True
A-G1.042-C3,71313,3,2942.9999999999,1,8.0,middle50,True
A-G1.042-C3,71313,3,2973.9999999999,2,31.0,middle50,True
A-G1.042-C3,71313,3,2980.7499999999,1,6.75,middle50,True
A-G1.042-C3,71313,3,2983.9999999999,1,3.25,middle50,True
A-G1.042-C3,71313,3,2990.4999999999,1,6.5,middle50,True
A-G1.042-C3,71313,3,2998.4999999999,1,8.0,middle50,True
A-G1.042-C3,71313,3,3023.9999999999,1,25.5,middle50,True
A-G1.042-C3,71313,3,3029.4999999999,6,5.5,middle50,True
A-G1.042-C3,71313,3,3039.2499999999,1,9.75,middle50,True
A-G1.042-C3,71313,3,3045.2499999999,1,6.0,middle50,True
A-G1.042-C3,71313,3,3049.9999999999,1,4.75,middle50,True
A-G1.042-C3,71313,3,3054.7499999999,2,4.75,middle50,True
A-G1.042-C3,71313,3,3205.2499999999,1,150.5,middle50,True
A-G1.042-C3,71313,3,3214.9999999999,1,9.75,middle50,True
A-G1.042-C3,71313,3,3223.7499999999,1,8.75,middle50,True
A-G1.042-C3,71313,3,3229.7499999999,1,6.0,middle50,True
A-G1.042-C3,71313,3,3254.9999999999,1,25.25,middle50,True
A-G1.042-C3,71313,3,3259.7499999999,1,4.75,middle50,True
A-G1.042-C3,71313,3,3265.7499999999,1,6.0,middle50,True
A-G1.042-C3,71313,3,3267.9999999999,1,2.25,middle50,True
A-G1.042-C3,71313,3,3270.7499999999,4,2.75,middle50,True
A-G1.042-C3,71313,3,3276.7499999999,1,6.0,middle50,True
A-G1.042-C3,71313,3,3309.9999999999,1,33.25,middle50,True
A-G1.042-C3,71313,3,3315.2499999999,1,5.25,middle50,True
A-G1.042-C3,71313,3,3324.7499999999,1,9.5,middle50,True
A-G1.042-C3,71313,3,3330.2499999999,1,5.5,late25,True
A-G1.042-C3,71313,3,3335.9999999999,1,5.75,late25,True
A-G1.042-C3,71313,3,3369.9999999999,1,34.0,late25,True
A-G1.042-C3,71313,3,3380.2499999999,1,10.25,late25,True
A-G1.042-C3,71313,3,3390.9999999999,1,10.75,late25,True
A-G1.042-C3,71313,3,3395.2499999999,1,4.25,late25,True
A-G1.042-C3,71313,3,3409.2499999999,3,14.0,late25,True
A-G1.042-C3,71313,3,3559.7499999999,1,150.5,late25,True
A-G1.042-C3,71313,3,3568.9999999999,1,9.25,late25,True
A-G1.042-C3,71313,3,3576.4999999999,4,7.5,late25,True
A-G1.042-C3,79232,0,0.25,3,,early25,False
A-G1.042-C3,79232,0,9.5,1,9.25,early25,False
A-G1.042-C3,79232,0,19.5,1,10.0,early25,False
A-G1.042-C3,79232,0,24.5,1,5.0,early25,False
A-G1.042-C3,79232,0,45.5,1,21.0,early25,False
A-G1.042-C3,79232,0,87.5,1,42.0,early25,False
A-G1.042-C3,79232,0,98.0,1,10.5,early25,False
A-G1.042-C3,79232,0,111.25,1,13.25,early25,False
A-G1.042-C3,79232,0,116.25,1,5.0,early25,False
A-G1.042-C3,79232,0,120.0,1,3.75,early25,False
A-G1.042-C3,79232,0,165.0,1,45.0,early25,False
A-G1.042-C3,79232,0,171.25,1,6.25,early25,False
A-G1.042-C3,79232,0,212.5,1,41.25,middle50,False
A-G1.042-C3,79232,0,216.5,1,4.0,middle50,False
A-G1.042-C3,79232,0,225.75,1,9.25,middle50,False
A-G1.042-C3,79232,0,228.75,1,3.0,middle50,False
A-G1.042-C3,79232,0,233.25,1,4.5,middle50,False
A-G1.042-C3,79232,0,273.75,1,40.5,middle50,False
A-G1.042-C3,79232,0,280.0,1,6.25,middle50,False
A-G1.042-C3,79232,0,288.0,1,8.0,middle50,False
A-G1.042-C3,79232,0,298.0,2,10.0,middle50,False
A-G1.042-C3,79232,0,329.0,1,31.0,middle50,False
A-G1.042-C3,79232,0,333.0,1,4.0,middle50,False
A-G1.042-C3,79232,0,338.5,1,5.5,middle50,False
A-G1.042-C3,79232,0,344.75,13,6.25,middle50,False
A-G1.042-C3,79232,0,351.0,1,6.25,middle50,False
A-G1.042-C3,79232,0,529.25,1,178.25,middle50,False
A-G1.042-C3,79232,0,558.0,1,28.75,middle50,False
A-G1.042-C3,79232,0,562.5,1,4.5,middle50,False
A-G1.042-C3,79232,0,568.5,1,6.0,middle50,False
A-G1.042-C3,79232,0,573.5,1,5.0,middle50,False
A-G1.042-C3,79232,0,578.5,1,5.0,middle50,False
A-G1.042-C3,79232,0,584.0,1,5.5,middle50,False
A-G1.042-C3,79232,0,586.75,1,2.75,middle50,False
A-G1.042-C3,79232,0,619.25,1,32.5,late25,False
A-G1.042-C3,79232,0,628.25,1,9.0,late25,False
A-G1.042-C3,79232,0,640.0,1,11.75,late25,False
A-G1.042-C3,79232,0,670.0,1,30.0,late25,False
A-G1.042-C3,79232,0,673.0,1,3.0,late25,False
A-G1.042-C3,79232,0,678.5,1,5.5,late25,False
A-G1.042-C3,79232,0,682.5,1,4.0,late25,False
A-G1.042-C3,79232,0,686.25,1,3.75,late25,False
A-G1.042-C3,79232,0,692.0,1,5.75,late25,False
A-G1.042-C3,79232,0,696.75,1,4.75,late25,False
A-G1.042-C3,79232,0,700.5,1,3.75,late25,False
A-G1.042-C3,79232,0,714.5,3,14.0,late25,False
A-G1.042-C3,79232,0,815.25,1,100.75,late25,False
A-G1.042-C3,79232,1,824.25,1,9.0,early25,False
A-G1.042-C3,79232,1,838.0,1,13.75,early25,False
A-G1.042-C3,79232,1,849.75,1,11.75,early25,False
A-G1.042-C3,79232,1,851.75,1,2.0,early25,False
A-G1.042-C3,79232,1,854.0,1,2.25,early25,False
A-G1.042-C3,79232,1,855.5,1,1.5,early25,False
A-G1.042-C3,79232,1,858.25,1,2.75,early25,False
A-G1.042-C3,79232,1,864.75,2,6.5,early25,False
A-G1.042-C3,79232,1,870.0,1,5.25,early25,False
A-G1.042-C3,79232,1,897.25,3,27.25,early25,False
A-G1.042-C3,79232,1,902.75,2,5.5,early25,False
A-G1.042-C3,79232,1,906.0,1,3.25,early25,False
A-G1.042-C3,79232,1,910.0,1,4.0,early25,False
A-G1.042-C3,79232,1,915.0,10,5.0,early25,False
A-G1.042-C3,79232,1,918.25,1,3.25,early25,False
A-G1.042-C3,79232,1,926.0,1,7.75,early25,False
A-G1.042-C3,79232,1,952.0,2,26.0,early25,False
A-G1.042-C3,79232,1,957.5,1,5.5,early25,False
A-G1.042-C3,79232,1,962.75,1,5.25,early25,False
A-G1.042-C3,79232,1,968.5,2,5.75,early25,False
A-G1.042-C3,79232,1,973.5,1,5.0,early25,False
A-G1.042-C3,79232,1,977.0,1,3.5,early25,False
A-G1.042-C3,79232,1,1002.75,1,25.75,middle50,False
A-G1.042-C3,79232,1,1006.75,17,4.0,middle50,False
A-G1.042-C3,79232,1,1010.25,2,3.5,middle50,False
A-G1.042-C3,79232,1,1014.75,1,4.5,middle50,False
A-G1.042-C3,79232,1,1019.75,2,5.0,middle50,False
A-G1.042-C3,79232,1,1025.25,1,5.5,middle50,False
A-G1.042-C3,79232,1,1028.25,1,3.0,middle50,False
A-G1.042-C3,79232,1,1031.75,1,3.5,middle50,False
A-G1.042-C3,79232,1,1032.25,1,0.5,middle50,False
A-G1.042-C3,79232,1,1163.0,1,130.75,middle50,False
A-G1.042-C3,79232,1,1167.25,1,4.25,middle50,False
A-G1.042-C3,79232,1,1172.0,1,4.75,middle50,False
A-G1.042-C3,79232,1,1176.25,1,4.25,middle50,False
A-G1.042-C3,79232,1,1179.5,1,3.25,middle50,False
A-G1.042-C3,79232,1,1183.25,1,3.75,middle50,False
A-G1.042-C3,79232,1,1187.5,1,4.25,middle50,False
A-G1.042-C3,79232,1,1191.25,1,3.75,middle50,False
A-G1.042-C3,79232,1,1194.0,1,2.75,middle50,False
A-G1.042-C3,79232,1,1218.25,1,24.25,middle50,False
A-G1.042-C3,79232,1,1220.75,13,2.5,middle50,False
A-G1.042-C3,79232,1,1222.25,1,1.5,middle50,False
A-G1.042-C3,79232,1,1224.5,1,2.25,middle50,False
A-G1.042-C3,79232,1,1229.0,1,4.5,middle50,False
A-G1.042-C3,79232,1,1234.25,1,5.25,middle50,False
A-G1.042-C3,79232,1,1236.0,1,1.75,middle50,False
A-G1.042-C3,79232,1,1239.25,1,3.25,middle50,False
A-G1.042-C3,79232,1,1244.0,1,4.75,middle50,False
A-G1.042-C3,79232,1,1245.5,1,1.5,middle50,False
A-G1.042-C3,79232,1,1248.75,1,3.25,middle50,False
A-G1.042-C3,79232,1,1250.25,1,1.5,middle50,False
A-G1.042-C3,79232,1,1257.25,3,7.0,middle50,False
A-G1.042-C3,79232,1,1268.0,1,10.75,middle50,False
A-G1.042-C3,79232,1,1271.25,3,3.25,middle50,False
A-G1.042-C3,79232,1,1274.0,1,2.75,middle50,False
A-G1.042-C3,79232,1,1279.25,1,5.25,middle50,False
A-G1.042-C3,79232,1,1282.5,1,3.25,middle50,False
A-G1.042-C3,79232,1,1289.0,1,6.5,middle50,False
A-G1.042-C3,79232,1,1291.5,1,2.5,middle50,False
A-G1.042-C3,79232,1,1296.75,1,5.25,middle50,False
A-G1.042-C3,79232,1,1324.75,1,28.0,late25,False
A-G1.042-C3,79232,1,1328.5,1,3.75,late25,False
A-G1.042-C3,79232,1,1332.25,1,3.75,late25,False
A-G1.042-C3,79232,1,1333.0,2,0.75,late25,False
A-G1.042-C3,79232,1,1333.5,2,0.5,late25,False
A-G1.042-C3,79232,1,1335.25,1,1.75,late25,False
A-G1.042-C3,79232,1,1339.5,1,4.25,late25,False
A-G1.042-C3,79232,1,1342.0,1,2.5,late25,False
A-G1.042-C3,79232,1,1344.25,1,2.25,late25,False
A-G1.042-C3,79232,1,1347.0,1,2.75,late25,False
A-G1.042-C3,79232,1,1354.75,1,7.75,late25,False
A-G1.042-C3,79232,1,1360.75,1,6.0,late25,False
A-G1.042-C3,79232,1,1367.0,2,6.25,late25,False
A-G1.042-C3,79232,1,1461.75,1,94.75,late25,False
A-G1.042-C3,79232,1,1465.25,1,3.5,late25,False
A-G1.042-C3,79232,2,1467.0,1,1.75,early25,False
A-G1.042-C3,79232,2,1480.75,1,13.75,early25,False
A-G1.042-C3,79232,2,1482.75,1,2.0,early25,False
A-G1.042-C3,79232,2,1485.25,2,2.5,early25,False
A-G1.042-C3,79232,2,1486.75,1,1.5,early25,False
A-G1.042-C3,79232,2,1488.75,1,2.0,early25,False
A-G1.042-C3,79232,2,1490.75,1,2.0,early25,False
A-G1.042-C3,79232,2,1493.5,2,2.75,early25,False
A-G1.042-C3,79232,2,1496.75,2,3.25,early25,False
A-G1.042-C3,79232,2,1499.75,2,3.0,early25,False
A-G1.042-C3,79232,2,1501.75,1,2.0,early25,False
A-G1.042-C3,79232,2,1504.25,1,2.5,early25,False
A-G1.042-C3,79232,2,1505.75,1,1.5,early25,False
A-G1.042-C3,79232,2,1507.75,1,2.0,early25,False
A-G1.042-C3,79232,2,1516.0,3,8.25,early25,False
A-G1.042-C3,79232,2,1538.25,1,22.25,early25,False
A-G1.042-C3,79232,2,1540.0,1,1.75,early25,False
A-G1.042-C3,79232,2,1541.0,1,1.0,early25,False
A-G1.042-C3,79232,2,1545.75,3,4.75,early25,False
A-G1.042-C3,79232,2,1551.25,3,5.5,early25,False
A-G1.042-C3,79232,2,1558.0,2,6.75,early25,False
A-G1.042-C3,79232,2,1561.75,3,3.75,early25,False
A-G1.042-C3,79232,2,1570.0,3,8.25,early25,False
A-G1.042-C3,79232,2,1577.0,5,7.0,early25,False
A-G1.042-C3,79232,2,1713.75,1,136.75,middle50,False
A-G1.042-C3,79232,2,1716.5,2,2.75,middle50,False
A-G1.042-C3,79232,2,1718.0,1,1.5,middle50,False
A-G1.042-C3,79232,2,1722.0,1,4.0,middle50,False
A-G1.042-C3,79232,2,1727.5,2,5.5,middle50,False
A-G1.042-C3,79232,2,1731.0,1,3.5,middle50,False
A-G1.042-C3,79232,2,1733.5,1,2.5,middle50,False
A-G1.042-C3,79232,2,1735.25,1,1.75,middle50,False
A-G1.042-C3,79232,2,1743.5,1,8.25,middle50,False
A-G1.042-C3,79232,2,1775.75,2,32.25,middle50,False
A-G1.042-C3,79232,2,1778.75,1,3.0,middle50,False
A-G1.042-C3,79232,2,1781.75,1,3.0,middle50,False
A-G1.042-C3,79232,2,1788.75,2,7.0,middle50,False
A-G1.042-C3,79232,2,1794.5,2,5.75,middle50,False
A-G1.042-C3,79232,2,1799.5,1,5.0,middle50,False
A-G1.042-C3,79232,2,1807.5,1,8.0,middle50,False
A-G1.042-C3,79232,2,1813.5,5,6.0,middle50,False
A-G1.042-C3,79232,2,1824.5,1,11.0,middle50,False
A-G1.042-C3,79232,2,1829.75,1,5.25,middle50,False
A-G1.042-C3,79232,2,1834.5,1,4.75,middle50,False
A-G1.042-C3,79232,2,1838.25,1,3.75,middle50,False
A-G1.042-C3,79232,2,1847.75,2,9.5,middle50,False
A-G1.042-C3,79232,2,1851.0,1,3.25,middle50,False
A-G1.042-C3,79232,2,1883.0,2,32.0,middle50,False
A-G1.042-C3,79232,2,1886.0,1,3.0,middle50,False
A-G1.042-C3,79232,2,1889.5,1,3.5,middle50,False
A-G1.042-C3,79232,2,1891.25,1,1.75,middle50,False
A-G1.042-C3,79232,2,1892.75,1,1.5,middle50,False
A-G1.042-C3,79232,2,1899.75,2,7.0,middle50,False
A-G1.042-C3,79232,2,1905.0,1,5.25,middle50,False
A-G1.042-C3,79232,2,1909.0,2,4.0,middle50,False
A-G1.042-C3,79232,2,1923.75,7,14.75,middle50,False
A-G1.042-C3,79232,2,2045.25,1,121.5,middle50,False
A-G1.042-C3,79232,2,2049.0,1,3.75,middle50,False
A-G1.042-C3,79232,2,2054.75,1,5.75,middle50,False
A-G1.042-C3,79232,2,2060.5,2,5.75,middle50,False
A-G1.042-C3,79232,2,2066.25,1,5.75,middle50,False
A-G1.042-C3,79232,2,2070.5,1,4.25,middle50,False
A-G1.042-C3,79232,2,2075.25,1,4.75,middle50,False
A-G1.042-C3,79232,2,2098.75,1,23.5,middle50,False
A-G1.042-C3,79232,2,2101.0,1,2.25,middle50,False
A-G1.042-C3,79232,2,2104.5,1,3.5,middle50,False
A-G1.042-C3,79232,2,2108.0,1,3.5,middle50,False
A-G1.042-C3,79232,2,2110.75,1,2.75,middle50,False
A-G1.042-C3,79232,2,2113.75,9,3.0,middle50,False
A-G1.042-C3,79232,2,2119.5,1,5.75,middle50,False
A-G1.042-C3,79232,2,2123.0,1,3.5,middle50,False
A-G1.042-C3,79232,2,2130.25,1,7.25,late25,False
A-G1.042-C3,79232,2,2137.75,3,7.5,late25,False
A-G1.042-C3,79232,2,2151.0,1,13.25,late25,False
A-G1.042-C3,79232,2,2161.25,1,10.25,late25,False
A-G1.042-C3,79232,2,2164.25,1,3.0,late25,False
A-G1.042-C3,79232,2,2170.25,1,6.0,late25,False
A-G1.042-C3,79232,2,2172.25,1,2.0,late25,False
A-G1.042-C3,79232,2,2177.25,7,5.0,late25,False
A-G1.042-C3,79232,2,2206.5,1,29.25,late25,False
A-G1.042-C3,79232,2,2208.75,1,2.25,late25,False
A-G1.042-C3,79232,2,2215.25,1,6.5,late25,False
A-G1.042-C3,79232,2,2219.25,1,4.0,late25,False
A-G1.042-C3,79232,2,2224.0,1,4.75,late25,False
A-G1.042-C3,79232,2,2227.75,1,3.75,late25,False
A-G1.042-C3,79232,2,2230.75,1,3.0,late25,False
A-G1.042-C3,79232,2,2244.5,5,13.75,late25,False
A-G1.042-C3,79232,2,2339.0,1,94.5,late25,False
A-G1.042-C3,79232,3,2355.25,1,16.25,early25,True
A-G1.042-C3,79232,3,2357.5,1,2.25,early25,True
A-G1.042-C3,79232,3,2363.75,2,6.25,early25,True
A-G1.042-C3,79232,3,2367.75,2,4.0,early25,True
A-G1.042-C3,79232,3,2371.25,2,3.5,early25,True
A-G1.042-C3,79232,3,2374.5,1,3.25,early25,True
A-G1.042-C3,79232,3,2377.75,2,3.25,early25,True
A-G1.042-C3,79232,3,2379.25,5,1.5,early25,True
A-G1.042-C3,79232,3,2380.5,1,1.25,early25,True
A-G1.042-C3,79232,3,2382.0,1,1.5,early25,True
A-G1.042-C3,79232,3,2415.75,1,33.75,early25,True
A-G1.042-C3,79232,3,2420.0,1,4.25,early25,True
A-G1.042-C3,79232,3,2425.75,2,5.75,early25,True
A-G1.042-C3,79232,3,2427.25,1,1.5,early25,True
A-G1.042-C3,79232,3,2430.0,2,2.75,early25,True
A-G1.042-C3,79232,3,2433.5,1,3.5,early25,True
A-G1.042-C3,79232,3,2439.0,2,5.5,early25,True
A-G1.042-C3,79232,3,2448.75,2,9.75,early25,True
A-G1.042-C3,79232,3,2454.5,3,5.75,early25,True
A-G1.042-C3,79232,3,2462.25,4,7.75,early25,True
A-G1.042-C3,79232,3,2463.25,3,1.0,early25,True
A-G1.042-C3,79232,3,2468.0,1,4.75,early25,True
A-G1.042-C3,79232,3,2476.5,1,8.5,early25,True
A-G1.042-C3,79232,3,2483.75,2,7.25,early25,True
A-G1.042-C3,79232,3,2529.25,2,45.5,early25,True
A-G1.042-C3,79232,3,2534.5,2,5.25,early25,True
A-G1.042-C3,79232,3,2542.5,1,8.0,early25,True
A-G1.042-C3,79232,3,2547.75,2,5.25,early25,True
A-G1.042-C3,79232,3,2565.0,6,17.25,early25,True
A-G1.042-C3,79232,3,2578.5,1,13.5,early25,True
A-G1.042-C3,79232,3,2582.25,1,3.75,early25,True
A-G1.042-C3,79232,3,2586.0,1,3.75,early25,True
A-G1.042-C3,79232,3,2595.25,1,9.25,early25,True
A-G1.042-C3,79232,3,2599.0,1,3.75,early25,True
A-G1.042-C3,79232,3,2602.0,1,3.0,early25,True
A-G1.042-C3,79232,3,2631.5,9,29.5,early25,True
A-G1.042-C3,79232,3,2646.0,1,14.5,early25,True
A-G1.042-C3,79232,3,2650.0,1,4.0,early25,True
A-G1.042-C3,79232,3,2657.25,1,7.25,early25,True
A-G1.042-C3,79232,3,2659.75,1,2.5,middle50,True
A-G1.042-C3,79232,3,2677.25,1,17.5,middle50,True
A-G1.042-C3,79232,3,2681.5,1,4.25,middle50,True
A-G1.042-C3,79232,3,2689.5,1,8.0,middle50,True
A-G1.042-C3,79232,3,2696.75,1,7.25,middle50,True
A-G1.042-C3,79232,3,2701.5,1,4.75,middle50,True
A-G1.042-C3,79232,3,2733.75,1,32.25,middle50,True
A-G1.042-C3,79232,3,2736.75,1,3.0,middle50,True
A-G1.042-C3,79232,3,2744.0,7,7.25,middle50,True
A-G1.042-C3,79232,3,2754.0,1,10.0,middle50,True
A-G1.042-C3,79232,3,2911.0,1,157.0,middle50,True
A-G1.042-C3,79232,3,2921.5,1,10.5,middle50,True
A-G1.042-C3,79232,3,2928.5,1,7.0,middle50,True
A-G1.042-C3,79232,3,2934.25,1,5.75,middle50,True
A-G1.042-C3,79232,3,2941.25,1,7.0,middle50,True
A-G1.042-C3,79232,3,2968.5,1,27.25,middle50,True
A-G1.042-C3,79232,3,2974.5,5,6.0,middle50,True
A-G1.042-C3,79232,3,2994.0,1,19.5,middle50,True
A-G1.042-C3,79232,3,3003.75,1,9.75,middle50,True
A-G1.042-C3,79232,3,3018.5,1,14.75,middle50,True
A-G1.042-C3,79232,3,3025.5,1,7.0,middle50,True
A-G1.042-C3,79232,3,3032.5,1,7.0,middle50,True
A-G1.042-C3,79232,3,3038.25,1,5.75,middle50,True
A-G1.042-C3,79232,3,3042.25,5,4.0,middle50,True
A-G1.042-C3,79232,3,3073.25,1,31.0,middle50,True
A-G1.042-C3,79232,3,3084.25,1,11.0,middle50,True
A-G1.042-C3,79232,3,3091.0,1,6.75,middle50,True
A-G1.042-C3,79232,3,3103.0,1,12.0,middle50,True
A-G1.042-C3,79232,3,3258.0,1,155.0,middle50,True
A-G1.042-C3,79232,3,3270.25,1,12.25,middle50,True
A-G1.042-C3,79232,3,3280.0,1,9.75,middle50,True
A-G1.042-C3,79232,3,3288.75,1,8.75,late25,True
A-G1.042-C3,79232,3,3319.0,3,30.25,late25,True
A-G1.042-C3,79232,3,3334.5,1,15.5,late25,True
A-G1.042-C3,79232,3,3351.0,1,16.5,late25,True
A-G1.042-C3,79232,3,3358.0,3,7.0,late25,True
A-G1.042-C3,79232,3,3372.25,1,14.25,late25,True
A-G1.042-C3,79232,3,3382.25,1,10.0,late25,True
A-G1.042-C3,79232,3,3388.0,4,5.75,late25,True
A-G1.042-C3,79232,3,3424.25,1,36.25,late25,True
A-G1.042-C3,79232,3,3432.5,1,8.25,late25,True
A-G1.042-C3,79232,3,3437.5,1,5.0,late25,True
A-G1.042-C3,79232,3,3439.75,1,2.25,late25,True
A-G1.042-C3,79232,3,3450.0,1,10.25,late25,True
A-G1.042-C3,79232,3,3590.5,1,140.5,late25,True
A-G1.042-C3,79232,3,3597.75,1,7.25,late25,True
A-G1.042-C3,87151,0,0.25,3,,early25,False
A-G1.042-C3,87151,0,15.0,1,14.75,early25,False
A-G1.042-C3,87151,0,26.25,2,11.25,early25,False
A-G1.042-C3,87151,0,34.25,1,8.0,early25,False
A-G1.042-C3,87151,0,47.75,2,13.5,early25,False
A-G1.042-C3,87151,0,63.0,1,15.25,early25,False
A-G1.042-C3,87151,0,89.5,1,26.5,early25,False
A-G1.042-C3,87151,0,96.5,1,7.0,early25,False
A-G1.042-C3,87151,0,104.75,15,8.25,early25,False
A-G1.042-C3,87151,0,109.25,1,4.5,early25,False
A-G1.042-C3,87151,0,286.75,1,177.5,middle50,False
A-G1.042-C3,87151,0,294.75,1,8.0,middle50,False
A-G1.042-C3,87151,0,300.5,1,5.75,middle50,False
A-G1.042-C3,87151,0,328.25,1,27.75,middle50,False
A-G1.042-C3,87151,0,334.25,1,6.0,middle50,False
A-G1.042-C3,87151,0,338.75,1,4.5,middle50,False
A-G1.042-C3,87151,0,346.25,1,7.5,middle50,False
A-G1.042-C3,87151,0,352.5,1,6.25,middle50,False
A-G1.042-C3,87151,0,356.25,1,3.75,middle50,False
A-G1.042-C3,87151,0,365.75,1,9.5,middle50,False
A-G1.042-C3,87151,0,405.0,12,39.25,middle50,False
A-G1.042-C3,87151,0,410.75,1,5.75,middle50,False
A-G1.042-C3,87151,0,447.0,1,36.25,late25,False
A-G1.042-C3,87151,0,450.5,1,3.5,late25,False
A-G1.042-C3,87151,0,453.75,1,3.25,late25,False
A-G1.042-C3,87151,0,459.5,1,5.75,late25,False
A-G1.042-C3,87151,0,466.25,1,6.75,late25,False
A-G1.042-C3,87151,0,471.75,1,5.5,late25,False
A-G1.042-C3,87151,0,479.0,1,7.25,late25,False
A-G1.042-C3,87151,0,586.75,1,107.75,late25,False
A-G1.042-C3,87151,1,607.25,1,20.5,early25,False
A-G1.042-C3,87151,1,609.5,1,2.25,early25,False
A-G1.042-C3,87151,1,612.75,1,3.25,early25,False
A-G1.042-C3,87151,1,615.25,1,2.5,early25,False
A-G1.042-C3,87151,1,622.5,2,7.25,early25,False
A-G1.042-C3,87151,1,625.0,1,2.5,early25,False
A-G1.042-C3,87151,1,631.25,2,6.25,early25,False
A-G1.042-C3,87151,1,662.75,2,31.5,early25,False
A-G1.042-C3,87151,1,666.75,2,4.0,early25,False
A-G1.042-C3,87151,1,670.0,1,3.25,early25,False
A-G1.042-C3,87151,1,674.0,2,4.0,early25,False
A-G1.042-C3,87151,1,677.25,1,3.25,early25,False
A-G1.042-C3,87151,1,681.0,2,3.75,early25,False
A-G1.042-C3,87151,1,684.0,1,3.0,early25,False
A-G1.042-C3,87151,1,686.0,1,2.0,early25,False
A-G1.042-C3,87151,1,692.0,1,6.0,early25,False
A-G1.042-C3,87151,1,699.25,1,7.25,early25,False
A-G1.042-C3,87151,1,707.0,6,7.75,early25,False
A-G1.042-C3,87151,1,719.5,5,12.5,early25,False
A-G1.042-C3,87151,1,721.75,4,2.25,early25,False
A-G1.042-C3,87151,1,729.25,1,7.5,early25,False
A-G1.042-C3,87151,1,733.5,2,4.25,early25,False
A-G1.042-C3,87151,1,737.75,1,4.25,early25,False
A-G1.042-C3,87151,1,745.0,1,7.25,early25,False
A-G1.042-C3,87151,1,779.75,1,34.75,middle50,False
A-G1.042-C3,87151,1,782.5,1,2.75,middle50,False
A-G1.042-C3,87151,1,786.0,2,3.5,middle50,False
A-G1.042-C3,87151,1,793.0,1,7.0,middle50,False
A-G1.042-C3,87151,1,796.5,1,3.5,middle50,False
A-G1.042-C3,87151,1,797.5,1,1.0,middle50,False
A-G1.042-C3,87151,1,800.25,1,2.75,middle50,False
A-G1.042-C3,87151,1,803.25,1,3.0,middle50,False
A-G1.042-C3,87151,1,812.0,1,8.75,middle50,False
A-G1.042-C3,87151,1,949.25,1,137.25,middle50,False
A-G1.042-C3,87151,1,953.5,1,4.25,middle50,False
A-G1.042-C3,87151,1,958.0,2,4.5,middle50,False
A-G1.042-C3,87151,1,964.5,1,6.5,middle50,False
A-G1.042-C3,87151,1,968.25,1,3.75,middle50,False
A-G1.042-C3,87151,1,972.5,1,4.25,middle50,False
A-G1.042-C3,87151,1,977.25,2,4.75,middle50,False
A-G1.042-C3,87151,1,1004.25,1,27.0,middle50,False
A-G1.042-C3,87151,1,1009.5,1,5.25,middle50,False
A-G1.042-C3,87151,1,1012.5,15,3.0,middle50,False
A-G1.042-C3,87151,1,1014.5,1,2.0,middle50,False
A-G1.042-C3,87151,1,1020.5,1,6.0,middle50,False
A-G1.042-C3,87151,1,1022.5,1,2.0,middle50,False
A-G1.042-C3,87151,1,1026.5,1,4.0,middle50,False
A-G1.042-C3,87151,1,1030.5,1,4.0,middle50,False
A-G1.042-C3,87151,1,1034.5,1,4.0,middle50,False
A-G1.042-C3,87151,1,1040.25,1,5.75,middle50,False
A-G1.042-C3,87151,1,1055.75,1,15.5,middle50,False
A-G1.042-C3,87151,1,1065.0,2,9.25,middle50,False
A-G1.042-C3,87151,1,1068.25,1,3.25,middle50,False
A-G1.042-C3,87151,1,1073.0,1,4.75,middle50,False
A-G1.042-C3,87151,1,1077.75,1,4.75,middle50,False
A-G1.042-C3,87151,1,1083.0,1,5.25,middle50,False
A-G1.042-C3,87151,1,1115.0,1,32.0,late25,False
A-G1.042-C3,87151,1,1119.0,1,4.0,late25,False
A-G1.042-C3,87151,1,1122.75,1,3.75,late25,False
A-G1.042-C3,87151,1,1125.5,1,2.75,late25,False
A-G1.042-C3,87151,1,1127.75,1,2.25,late25,False
A-G1.042-C3,87151,1,1130.25,1,2.5,late25,False
A-G1.042-C3,87151,1,1137.5,1,7.25,late25,False
A-G1.042-C3,87151,1,1143.0,1,5.5,late25,False
A-G1.042-C3,87151,1,1249.25,1,106.25,late25,False
A-G1.042-C3,87151,1,1251.25,1,2.0,late25,False
A-G1.042-C3,87151,2,1269.0,2,17.75,early25,False
A-G1.042-C3,87151,2,1270.75,1,1.75,early25,False
A-G1.042-C3,87151,2,1272.0,1,1.25,early25,False
A-G1.042-C3,87151,2,1275.25,2,3.25,early25,False
A-G1.042-C3,87151,2,1276.75,1,1.5,early25,False
A-G1.042-C3,87151,2,1282.25,3,5.5,early25,False
A-G1.042-C3,87151,2,1289.25,2,7.0,early25,False
A-G1.042-C3,87151,2,1294.75,2,5.5,early25,False
A-G1.042-C3,87151,2,1298.75,2,4.0,early25,False
A-G1.042-C3,87151,2,1328.25,2,29.5,early25,False
A-G1.042-C3,87151,2,1334.0,3,5.75,early25,False
A-G1.042-C3,87151,2,1337.25,1,3.25,early25,False
A-G1.042-C3,87151,2,1341.5,1,4.25,early25,False
A-G1.042-C3,87151,2,1346.5,18,5.0,early25,False
A-G1.042-C3,87151,2,1347.5,1,1.0,early25,False
A-G1.042-C3,87151,2,1349.0,2,1.5,early25,False
A-G1.042-C3,87151,2,1352.5,1,3.5,early25,False
A-G1.042-C3,87151,2,1355.75,1,3.25,early25,False
A-G1.042-C3,87151,2,1368.0,6,12.25,early25,False
A-G1.042-C3,87151,2,1379.25,1,11.25,early25,False
A-G1.042-C3,87151,2,1382.25,1,3.0,early25,False
A-G1.042-C3,87151,2,1388.0,2,5.75,early25,False
A-G1.042-C3,87151,2,1391.5,1,3.5,early25,False
A-G1.042-C3,87151,2,1397.25,2,5.75,early25,False
A-G1.042-C3,87151,2,1400.75,1,3.5,early25,False
A-G1.042-C3,87151,2,1403.5,1,2.75,early25,False
A-G1.042-C3,87151,2,1434.5,1,31.0,middle50,False
A-G1.042-C3,87151,2,1439.25,2,4.75,middle50,False
A-G1.042-C3,87151,2,1444.0,2,4.75,middle50,False
A-G1.042-C3,87151,2,1448.5,3,4.5,middle50,False
A-G1.042-C3,87151,2,1453.0,2,4.5,middle50,False
A-G1.042-C3,87151,2,1456.75,1,3.75,middle50,False
A-G1.042-C3,87151,2,1462.25,2,5.5,middle50,False
A-G1.042-C3,87151,2,1614.0,3,151.75,middle50,False
A-G1.042-C3,87151,2,1619.5,2,5.5,middle50,False
A-G1.042-C3,87151,2,1624.75,1,5.25,middle50,False
A-G1.042-C3,87151,2,1628.25,2,3.5,middle50,False
A-G1.042-C3,87151,2,1632.25,1,4.0,middle50,False
A-G1.042-C3,87151,2,1635.25,1,3.0,middle50,False
A-G1.042-C3,87151,2,1639.5,1,4.25,middle50,False
A-G1.042-C3,87151,2,1665.25,2,25.75,middle50,False
A-G1.042-C3,87151,2,1669.0,1,3.75,middle50,False
A-G1.042-C3,87151,2,1671.75,1,2.75,middle50,False
A-G1.042-C3,87151,2,1674.75,14,3.0,middle50,False
A-G1.042-C3,87151,2,1678.5,1,3.75,middle50,False
A-G1.042-C3,87151,2,1686.75,1,8.25,middle50,False
A-G1.042-C3,87151,2,1695.25,1,8.5,middle50,False
A-G1.042-C3,87151,2,1701.75,2,6.5,middle50,False
A-G1.042-C3,87151,2,1707.75,4,6.0,middle50,False
A-G1.042-C3,87151,2,1723.0,1,15.25,middle50,False
A-G1.042-C3,87151,2,1726.0,1,3.0,middle50,False
A-G1.042-C3,87151,2,1733.25,1,7.25,middle50,False
A-G1.042-C3,87151,2,1744.25,2,11.0,middle50,False
A-G1.042-C3,87151,2,1773.75,1,29.5,late25,False
A-G1.042-C3,87151,2,1778.0,1,4.25,late25,False
A-G1.042-C3,87151,2,1783.75,1,5.75,late25,False
A-G1.042-C3,87151,2,1788.75,1,5.0,late25,False
A-G1.042-C3,87151,2,1796.0,2,7.25,late25,False
A-G1.042-C3,87151,2,1800.25,1,4.25,late25,False
A-G1.042-C3,87151,2,1816.0,4,15.75,late25,False
A-G1.042-C3,87151,3,1935.5,1,119.5,early25,True
A-G1.042-C3,87151,3,1940.25,4,4.75,early25,True
A-G1.042-C3,87151,3,1944.75,2,4.5,early25,True
A-G1.042-C3,87151,3,1947.25,2,2.5,early25,True
A-G1.042-C3,87151,3,1949.5,1,2.25,early25,True
A-G1.042-C3,87151,3,1953.25,3,3.75,early25,True
A-G1.042-C3,87151,3,1955.5,1,2.25,early25,True
A-G1.042-C3,87151,3,1958.25,1,2.75,early25,True
A-G1.042-C3,87151,3,1992.0,3,33.75,early25,True
A-G1.042-C3,87151,3,2002.5,3,10.5,early25,True
A-G1.042-C3,87151,3,2011.0,4,8.5,early25,True
A-G1.042-C3,87151,3,2017.25,3,6.25,early25,True
A-G1.042-C3,87151,3,2023.25,1,6.0,early25,True
A-G1.042-C3,87151,3,2041.25,2,18.0,early25,True
A-G1.042-C3,87151,3,2050.25,3,9.0,early25,True
A-G1.042-C3,87151,3,2056.25,3,6.0,early25,True
A-G1.042-C3,87151,3,2061.0,2,4.75,early25,True
A-G1.042-C3,87151,3,2095.0,2,34.0,early25,True
A-G1.042-C3,87151,3,2106.0,2,11.0,early25,True
A-G1.042-C3,87151,3,2112.0,3,6.0,early25,True
A-G1.042-C3,87151,3,2123.0,3,11.0,early25,True
A-G1.042-C3,87151,3,2130.25,1,7.25,early25,True
A-G1.042-C3,87151,3,2144.5,1,14.25,early25,True
A-G1.042-C3,87151,3,2148.0,1,3.5,early25,True
A-G1.042-C3,87151,3,2151.75,1,3.75,early25,True
A-G1.042-C3,87151,3,2156.75,2,5.0,early25,True
A-G1.042-C3,87151,3,2160.75,1,4.0,early25,True
A-G1.042-C3,87151,3,2167.5,1,6.75,early25,True
A-G1.042-C3,87151,3,2171.0,11,3.5,early25,True
A-G1.042-C3,87151,3,2202.5,2,31.5,early25,True
A-G1.042-C3,87151,3,2204.75,1,2.25,early25,True
A-G1.042-C3,87151,3,2209.25,1,4.5,early25,True
A-G1.042-C3,87151,3,2212.75,1,3.5,early25,True
A-G1.042-C3,87151,3,2215.5,2,2.75,early25,True
A-G1.042-C3,87151,3,2223.25,2,7.75,early25,True
A-G1.042-C3,87151,3,2239.0,4,15.75,early25,True
A-G1.042-C3,87151,3,2254.0,1,15.0,early25,True
A-G1.042-C3,87151,3,2257.75,1,3.75,early25,True
A-G1.042-C3,87151,3,2262.0,2,4.25,early25,True
A-G1.042-C3,87151,3,2266.25,1,4.25,early25,True
A-G1.042-C3,87151,3,2270.0,1,3.75,early25,True
A-G1.042-C3,87151,3,2276.75,1,6.75,early25,True
A-G1.042-C3,87151,3,2281.25,11,4.5,early25,True
A-G1.042-C3,87151,3,2308.75,1,27.5,early25,True
A-G1.042-C3,87151,3,2311.5,1,2.75,early25,True
A-G1.042-C3,87151,3,2320.5,1,9.0,early25,True
A-G1.042-C3,87151,3,2326.25,1,5.75,early25,True
A-G1.042-C3,87151,3,2329.5,1,3.25,early25,True
A-G1.042-C3,87151,3,2331.75,1,2.25,early25,True
A-G1.042-C3,87151,3,2334.0,1,2.25,early25,True
A-G1.042-C3,87151,3,2336.75,1,2.75,middle50,True
A-G1.042-C3,87151,3,2351.0,1,14.25,middle50,True
A-G1.042-C3,87151,3,2356.5,1,5.5,middle50,True
A-G1.042-C3,87151,3,2362.75,2,6.25,middle50,True
A-G1.042-C3,87151,3,2369.0,1,6.25,middle50,True
A-G1.042-C3,87151,3,2375.25,1,6.25,middle50,True
A-G1.042-C3,87151,3,2407.25,1,32.0,middle50,True
A-G1.042-C3,87151,3,2412.25,1,5.0,middle50,True
A-G1.042-C3,87151,3,2422.5,2,10.25,middle50,True
A-G1.042-C3,87151,3,2427.5,1,5.0,middle50,True
A-G1.042-C3,87151,3,2436.0,1,8.5,middle50,True
A-G1.042-C3,87151,3,2458.0,1,22.0,middle50,True
A-G1.042-C3,87151,3,2461.0,1,3.0,middle50,True
A-G1.042-C3,87151,3,2467.75,1,6.75,middle50,True
A-G1.042-C3,87151,3,2470.25,1,2.5,middle50,True
A-G1.042-C3,87151,3,2478.0,1,7.75,middle50,True
A-G1.042-C3,87151,3,2480.75,1,2.75,middle50,True
A-G1.042-C3,87151,3,2484.25,6,3.5,middle50,True
A-G1.042-C3,87151,3,2513.0,1,28.75,middle50,True
A-G1.042-C3,87151,3,2517.5,1,4.5,middle50,True
A-G1.042-C3,87151,3,2522.75,1,5.25,middle50,True
A-G1.042-C3,87151,3,2530.5,1,7.75,middle50,True
A-G1.042-C3,87151,3,2538.5,2,8.0,middle50,True
A-G1.042-C3,87151,3,2685.75,1,147.25,middle50,True
A-G1.042-C3,87151,3,2701.25,1,15.5,middle50,True
A-G1.042-C3,87151,3,2707.0,1,5.75,middle50,True
A-G1.042-C3,87151,3,2710.0,1,3.0,middle50,True
A-G1.042-C3,87151,3,2715.75,1,5.75,middle50,True
A-G1.042-C3,87151,3,2745.0,1,29.25,middle50,True
A-G1.042-C3,87151,3,2750.25,1,5.25,middle50,True
A-G1.042-C3,87151,3,2753.5,1,3.25,middle50,True
A-G1.042-C3,87151,3,2759.75,1,6.25,middle50,True
A-G1.042-C3,87151,3,2764.75,1,5.0,middle50,True
A-G1.042-C3,87151,3,2767.75,4,3.0,middle50,True
A-G1.042-C3,87151,3,2770.25,1,2.5,middle50,True
A-G1.042-C3,87151,3,2781.25,6,11.0,middle50,True
A-G1.042-C3,87151,3,2810.5,1,29.25,middle50,True
A-G1.042-C3,87151,3,2815.0,1,4.5,middle50,True
A-G1.042-C3,87151,3,2821.75,1,6.75,middle50,True
A-G1.042-C3,87151,3,2852.0,1,30.25,middle50,True
A-G1.042-C3,87151,3,2858.25,1,6.25,middle50,True
A-G1.042-C3,87151,3,2862.75,1,4.5,middle50,True
A-G1.042-C3,87151,3,2872.0,1,9.25,middle50,True
A-G1.042-C3,87151,3,2895.5,3,23.5,middle50,True
A-G1.042-C3,87151,3,3026.5,1,131.0,middle50,True
A-G1.042-C3,87151,3,3035.75,1,9.25,middle50,True
A-G1.042-C3,87151,3,3041.25,1,5.5,middle50,True
A-G1.042-C3,87151,3,3051.25,1,10.0,middle50,True
A-G1.042-C3,87151,3,3079.5,1,28.25,middle50,True
A-G1.042-C3,87151,3,3087.25,1,7.75,middle50,True
A-G1.042-C3,87151,3,3089.75,3,2.5,middle50,True
A-G1.042-C3,87151,3,3092.75,1,3.0,middle50,True
A-G1.042-C3,87151,3,3104.5,1,11.75,middle50,True
A-G1.042-C3,87151,3,3110.5,1,6.0,middle50,True
A-G1.042-C3,87151,3,3124.25,2,13.75,middle50,True
A-G1.042-C3,87151,3,3134.25,1,10.0,middle50,True
A-G1.042-C3,87151,3,3143.0,1,8.75,middle50,True
A-G1.042-C3,87151,3,3148.5,1,5.5,middle50,True
A-G1.042-C3,87151,3,3159.25,1,10.75,middle50,True
A-G1.042-C3,87151,3,3199.75,1,40.5,late25,True
A-G1.042-C3,87151,3,3204.25,1,4.5,late25,True
A-G1.042-C3,87151,3,3213.0,1,8.75,late25,True
A-G1.042-C3,87151,3,3226.75,1,13.75,late25,True
A-G1.042-C3,87151,3,3233.75,2,7.0,late25,True
A-G1.042-C3,87151,3,3374.5,1,140.75,late25,True
A-G1.042-C3,87151,3,3386.0,1,11.5,late25,True
A-G1.042-C3,87151,3,3399.75,1,13.75,late25,True
A-G1.042-C3,87151,3,3427.75,1,28.0,late25,True
A-G1.042-C3,87151,3,3439.5,1,11.75,late25,True
A-G1.042-C3,87151,3,3449.75,1,10.25,late25,True
A-G1.042-C3,87151,3,3481.0,1,31.25,late25,True
A-G1.042-C3,87151,3,3489.75,1,8.75,late25,True
A-G1.042-C3,87151,3,3532.5,1,42.75,late25,True
A-G1.042-C3,87151,3,3547.5,1,15.0,late25,True
A-G1.042-C3,87151,3,3555.25,1,7.75,late25,True
A-G1.042-C3,87151,3,3571.5,2,16.25,late25,True
A-G1.042-C3,95070,0,0.25,3,,early25,False
A-G1.042-C3,95070,0,15.0,1,14.75,early25,False
A-G1.042-C3,95070,0,26.25,2,11.25,early25,False
A-G1.042-C3,95070,0,34.25,1,8.0,early25,False
A-G1.042-C3,95070,0,47.75,2,13.5,early25,False
A-G1.042-C3,95070,0,63.0,1,15.25,early25,False
A-G1.042-C3,95070,0,89.5,1,26.5,early25,False
A-G1.042-C3,95070,0,96.5,1,7.0,early25,False
A-G1.042-C3,95070,0,104.75,15,8.25,early25,False
A-G1.042-C3,95070,0,270.5,1,165.75,middle50,False
A-G1.042-C3,95070,0,292.5,1,22.0,middle50,False
A-G1.042-C3,95070,0,299.5,1,7.0,middle50,False
A-G1.042-C3,95070,0,330.75,1,31.25,middle50,False
A-G1.042-C3,95070,0,338.5,1,7.75,middle50,False
A-G1.042-C3,95070,0,342.5,1,4.0,middle50,False
A-G1.042-C3,95070,0,347.0,1,4.5,middle50,False
A-G1.042-C3,95070,0,352.5,1,5.5,middle50,False
A-G1.042-C3,95070,0,354.25,1,1.75,middle50,False
A-G1.042-C3,95070,0,395.25,1,41.0,middle50,False
A-G1.042-C3,95070,0,405.0,1,9.75,middle50,False
A-G1.042-C3,95070,0,411.5,1,6.5,middle50,False
A-G1.042-C3,95070,0,443.25,1,31.75,middle50,False
A-G1.042-C3,95070,0,452.75,1,9.5,middle50,False
A-G1.042-C3,95070,0,455.5,1,2.75,middle50,False
A-G1.042-C3,95070,0,459.5,1,4.0,middle50,False
A-G1.042-C3,95070,0,463.25,1,3.75,middle50,False
A-G1.042-C3,95070,0,467.0,1,3.75,middle50,False
A-G1.042-C3,95070,0,611.25,1,144.25,middle50,False
A-G1.042-C3,95070,0,616.5,1,5.25,middle50,False
A-G1.042-C3,95070,0,621.25,1,4.75,middle50,False
A-G1.042-C3,95070,0,631.5,1,10.25,middle50,False
A-G1.042-C3,95070,0,636.75,1,5.25,middle50,False
A-G1.042-C3,95070,0,667.5,1,30.75,middle50,False
A-G1.042-C3,95070,0,674.25,1,6.75,middle50,False
A-G1.042-C3,95070,0,679.0,1,4.75,middle50,False
A-G1.042-C3,95070,0,683.75,1,4.75,middle50,False
A-G1.042-C3,95070,0,689.25,1,5.5,middle50,False
A-G1.042-C3,95070,0,693.0,1,3.75,late25,False
A-G1.042-C3,95070,0,696.5,1,3.5,late25,False
A-G1.042-C3,95070,0,720.25,1,23.75,late25,False
A-G1.042-C3,95070,0,725.0,1,4.75,late25,False
A-G1.042-C3,95070,0,729.25,1,4.25,late25,False
A-G1.042-C3,95070,0,732.5,1,3.25,late25,False
A-G1.042-C3,95070,0,739.25,1,6.75,late25,False
A-G1.042-C3,95070,0,743.75,1,4.5,late25,False
A-G1.042-C3,95070,0,747.5,1,3.75,late25,False
A-G1.042-C3,95070,0,777.0,1,29.5,late25,False
A-G1.042-C3,95070,0,782.75,1,5.75,late25,False
A-G1.042-C3,95070,0,787.25,1,4.5,late25,False
A-G1.042-C3,95070,0,790.75,1,3.5,late25,False
A-G1.042-C3,95070,0,797.5,1,6.75,late25,False
A-G1.042-C3,95070,0,802.0,1,4.5,late25,False
A-G1.042-C3,95070,0,805.5,1,3.5,late25,False
A-G1.042-C3,95070,0,907.5,1,102.0,late25,False
A-G1.042-C3,95070,0,910.75,1,3.25,late25,False
A-G1.042-C3,95070,0,915.0,1,4.25,late25,False
A-G1.042-C3,95070,1,940.0,2,25.0,early25,False
A-G1.042-C3,95070,1,945.0,1,5.0,early25,False
A-G1.042-C3,95070,1,950.0,1,5.0,early25,False
A-G1.042-C3,95070,1,954.0,1,4.0,early25,False
A-G1.042-C3,95070,1,958.5,1,4.5,early25,False
A-G1.042-C3,95070,1,963.5,2,5.0,early25,False
A-G1.042-C3,95070,1,1011.0,1,47.5,early25,False
A-G1.042-C3,95070,1,1015.25,2,4.25,early25,False
A-G1.042-C3,95070,1,1025.0,2,9.75,early25,False
A-G1.042-C3,95070,1,1032.0,1,7.0,early25,False
A-G1.042-C3,95070,1,1039.5,6,7.5,early25,False
A-G1.042-C3,95070,1,1187.5,1,148.0,middle50,False
A-G1.042-C3,95070,1,1192.25,2,4.75,middle50,False
A-G1.042-C3,95070,1,1196.25,1,4.0,middle50,False
A-G1.042-C3,95070,1,1200.75,1,4.5,middle50,False
A-G1.042-C3,95070,1,1205.5,1,4.75,middle50,False
A-G1.042-C3,95070,1,1211.5,2,6.0,middle50,False
A-G1.042-C3,95070,1,1216.5,1,5.0,middle50,False
A-G1.042-C3,95070,1,1239.5,1,23.0,middle50,False
A-G1.042-C3,95070,1,1242.75,1,3.25,middle50,False
A-G1.042-C3,95070,1,1246.5,17,3.75,middle50,False
A-G1.042-C3,95070,1,1251.0,1,4.5,middle50,False
A-G1.042-C3,95070,1,1253.5,1,2.5,middle50,False
A-G1.042-C3,95070,1,1264.5,1,11.0,middle50,False
A-G1.042-C3,95070,1,1269.0,1,4.5,middle50,False
A-G1.042-C3,95070,1,1271.25,2,2.25,middle50,False
A-G1.042-C3,95070,1,1288.5,1,17.25,middle50,False
A-G1.042-C3,95070,1,1290.25,1,1.75,middle50,False
A-G1.042-C3,95070,1,1294.5,1,4.25,middle50,False
A-G1.042-C3,95070,1,1302.25,1,7.75,middle50,False
A-G1.042-C3,95070,1,1305.0,1,2.75,middle50,False
A-G1.042-C3,95070,1,1308.5,1,3.5,middle50,False
A-G1.042-C3,95070,1,1312.25,1,3.75,middle50,False
A-G1.042-C3,95070,1,1315.75,1,3.5,middle50,False
A-G1.042-C3,95070,1,1346.0,1,30.25,late25,False
A-G1.042-C3,95070,1,1348.75,1,2.75,late25,False
A-G1.042-C3,95070,1,1352.0,1,3.25,late25,False
A-G1.042-C3,95070,1,1355.25,1,3.25,late25,False
A-G1.042-C3,95070,1,1358.5,1,3.25,late25,False
A-G1.042-C3,95070,1,1362.5,2,4.0,late25,False
A-G1.042-C3,95070,1,1367.25,1,4.75,late25,False
A-G1.042-C3,95070,1,1374.0,1,6.75,late25,False
A-G1.042-C3,95070,1,1382.0,1,8.0,late25,False
A-G1.042-C3,95070,2,1501.0,1,119.0,early25,False
A-G1.042-C3,95070,2,1503.0,2,2.0,early25,False
A-G1.042-C3,95070,2,1505.0,2,2.0,early25,False
A-G1.042-C3,95070,2,1507.0,1,2.0,early25,False
A-G1.042-C3,95070,2,1510.25,1,3.25,early25,False
A-G1.042-C3,95070,2,1512.0,2,1.75,early25,False
A-G1.042-C3,95070,2,1514.25,1,2.25,early25,False
A-G1.042-C3,95070,2,1517.5,2,3.25,early25,False
A-G1.042-C3,95070,2,1521.5,3,4.0,early25,False
A-G1.042-C3,95070,2,1524.75,1,3.25,early25,False
A-G1.042-C3,95070,2,1532.0,5,7.25,early25,False
A-G1.042-C3,95070,2,1561.25,4,29.25,early25,False
A-G1.042-C3,95070,2,1567.25,2,6.0,early25,False
A-G1.042-C3,95070,2,1575.25,2,8.0,early25,False
A-G1.042-C3,95070,2,1578.25,2,3.0,early25,False
A-G1.042-C3,95070,2,1583.5,2,5.25,early25,False
A-G1.042-C3,95070,2,1585.75,2,2.25,early25,False
A-G1.042-C3,95070,2,1587.75,1,2.0,early25,False
A-G1.042-C3,95070,2,1589.0,1,1.25,early25,False
A-G1.042-C3,95070,2,1609.0,1,20.0,early25,False
A-G1.042-C3,95070,2,1613.5,2,4.5,early25,False
A-G1.042-C3,95070,2,1618.75,2,5.25,early25,False
A-G1.042-C3,95070,2,1624.25,2,5.5,early25,False
A-G1.042-C3,95070,2,1628.0,1,3.75,early25,False
A-G1.042-C3,95070,2,1633.75,3,5.75,early25,False
A-G1.042-C3,95070,2,1639.25,2,5.5,early25,False
A-G1.042-C3,95070,2,1665.75,1,26.5,early25,False
A-G1.042-C3,95070,2,1669.5,21,3.75,early25,False
A-G1.042-C3,95070,2,1673.25,3,3.75,early25,False
A-G1.042-C3,95070,2,1677.0,3,3.75,early25,False
A-G1.042-C3,95070,2,1682.25,2,5.25,early25,False
A-G1.042-C3,95070,2,1685.75,2,3.5,early25,False
A-G1.042-C3,95070,2,1690.5,3,4.75,early25,False
A-G1.042-C3,95070,2,1697.25,1,6.75,early25,False
A-G1.042-C3,95070,2,1704.5,5,7.25,early25,False
A-G1.042-C3,95070,2,1841.75,1,137.25,middle50,False
A-G1.042-C3,95070,2,1847.25,2,5.5,middle50,False
A-G1.042-C3,95070,2,1854.25,1,7.0,middle50,False
A-G1.042-C3,95070,2,1857.75,2,3.5,middle50,False
A-G1.042-C3,95070,2,1864.75,2,7.0,middle50,False
A-G1.042-C3,95070,2,1869.5,2,4.75,middle50,False
A-G1.042-C3,95070,2,1902.25,1,32.75,middle50,False
A-G1.042-C3,95070,2,1903.75,1,1.5,middle50,False
A-G1.042-C3,95070,2,1905.5,1,1.75,middle50,False
A-G1.042-C3,95070,2,1911.5,2,6.0,middle50,False
A-G1.042-C3,95070,2,1916.25,2,4.75,middle50,False
A-G1.042-C3,95070,2,1918.75,1,2.5,middle50,False
A-G1.042-C3,95070,2,1922.5,1,3.75,middle50,False
A-G1.042-C3,95070,2,1925.25,1,2.75,middle50,False
A-G1.042-C3,95070,2,1944.75,1,19.5,middle50,False
A-G1.042-C3,95070,2,1948.0,1,3.25,middle50,False
A-G1.042-C3,95070,2,1950.75,1,2.75,middle50,False
A-G1.042-C3,95070,2,1954.5,1,3.75,middle50,False
A-G1.042-C3,95070,2,1958.25,1,3.75,middle50,False
A-G1.042-C3,95070,2,1962.5,1,4.25,middle50,False
A-G1.042-C3,95070,2,1966.75,2,4.25,middle50,False
A-G1.042-C3,95070,2,1970.0,1,3.25,middle50,False
A-G1.042-C3,95070,2,1973.75,12,3.75,middle50,False
A-G1.042-C3,95070,2,2001.0,1,27.25,middle50,False
A-G1.042-C3,95070,2,2007.75,2,6.75,middle50,False
A-G1.042-C3,95070,2,2010.5,1,2.75,middle50,False
A-G1.042-C3,95070,2,2017.25,1,6.75,middle50,False
A-G1.042-C3,95070,2,2022.75,1,5.5,middle50,False
A-G1.042-C3,95070,2,2026.75,2,4.0,middle50,False
A-G1.042-C3,95070,2,2031.25,1,4.5,middle50,False
A-G1.042-C3,95070,2,2037.75,1,6.5,middle50,False
A-G1.042-C3,95070,2,2045.25,7,7.5,middle50,False
A-G1.042-C3,95070,2,2171.0,1,125.75,middle50,False
A-G1.042-C3,95070,2,2173.75,1,2.75,middle50,False
A-G1.042-C3,95070,2,2179.75,1,6.0,middle50,False
A-G1.042-C3,95070,2,2182.75,1,3.0,middle50,False
A-G1.042-C3,95070,2,2185.0,1,2.25,middle50,False
A-G1.042-C3,95070,2,2190.0,8,5.0,middle50,False
A-G1.042-C3,95070,2,2192.75,5,2.75,middle50,False
A-G1.042-C3,95070,2,2195.0,1,2.25,middle50,False
A-G1.042-C3,95070,2,2221.5,5,26.5,late25,False
A-G1.042-C3,95070,2,2223.75,1,2.25,late25,False
A-G1.042-C3,95070,2,2227.0,1,3.25,late25,False
A-G1.042-C3,95070,2,2229.25,4,2.25,late25,False
A-G1.042-C3,95070,2,2231.25,1,2.0,late25,False
A-G1.042-C3,95070,2,2233.0,1,1.75,late25,False
A-G1.042-C3,95070,2,2234.25,2,1.25,late25,False
A-G1.042-C3,95070,2,2236.25,1,2.0,late25,False
A-G1.042-C3,95070,2,2239.5,1,3.25,late25,False
A-G1.042-C3,95070,2,2242.75,1,3.25,late25,False
A-G1.042-C3,95070,2,2245.75,1,3.0,late25,False
A-G1.042-C3,95070,2,2252.0,1,6.25,late25,False
A-G1.042-C3,95070,2,2253.25,1,1.25,late25,False
A-G1.042-C3,95070,2,2274.0,1,20.75,late25,False
A-G1.042-C3,95070,2,2280.75,1,6.75,late25,False
A-G1.042-C3,95070,2,2285.5,1,4.75,late25,False
A-G1.042-C3,95070,2,2290.25,1,4.75,late25,False
A-G1.042-C3,95070,2,2294.75,1,4.5,late25,False
A-G1.042-C3,95070,2,2333.5,1,38.75,late25,False
A-G1.042-C3,95070,2,2337.0,1,3.5,late25,False
A-G1.042-C3,95070,2,2342.5,1,5.5,late25,False
A-G1.042-C3,95070,2,2346.25,1,3.75,late25,False
A-G1.042-C3,95070,2,2352.25,1,6.0,late25,False
A-G1.042-C3,95070,2,2355.5,1,3.25,late25,False
A-G1.042-C3,95070,2,2456.75,1,101.25,late25,False
A-G1.042-C3,95070,2,2458.75,1,2.0,late25,False
A-G1.042-C3,95070,3,2475.75,1,17.0,early25,True
A-G1.042-C3,95070,3,2480.75,1,5.0,early25,True
A-G1.042-C3,95070,3,2484.5,2,3.75,early25,True
A-G1.042-C3,95070,3,2490.5,2,6.0,early25,True
A-G1.042-C3,95070,3,2494.25,1,3.75,early25,True
A-G1.042-C3,95070,3,2497.75,2,3.5,early25,True
A-G1.042-C3,95070,3,2502.5,1,4.75,early25,True
A-G1.042-C3,95070,3,2536.75,2,34.25,early25,True
A-G1.042-C3,95070,3,2538.25,1,1.5,early25,True
A-G1.042-C3,95070,3,2544.25,2,6.0,early25,True
A-G1.042-C3,95070,3,2546.5,1,2.25,early25,True
A-G1.042-C3,95070,3,2550.5,1,4.0,early25,True
A-G1.042-C3,95070,3,2556.5,2,6.0,early25,True
A-G1.042-C3,95070,3,2558.5,1,2.0,early25,True
A-G1.042-C3,95070,3,2560.25,1,1.75,early25,True
A-G1.042-C3,95070,3,2572.5,3,12.25,early25,True
A-G1.042-C3,95070,3,2581.0,1,8.5,early25,True
A-G1.042-C3,95070,3,2583.25,1,2.25,early25,True
A-G1.042-C3,95070,3,2587.5,1,4.25,early25,True
A-G1.042-C3,95070,3,2599.5,2,12.0,early25,True
A-G1.042-C3,95070,3,2604.75,1,5.25,early25,True
A-G1.042-C3,95070,3,2645.75,2,41.0,early25,True
A-G1.042-C3,95070,3,2651.25,1,5.5,early25,True
A-G1.042-C3,95070,3,2657.75,1,6.5,early25,True
A-G1.042-C3,95070,3,2663.0,1,5.25,early25,True
A-G1.042-C3,95070,3,2674.0,1,11.0,early25,True
A-G1.042-C3,95070,3,2679.75,3,5.75,early25,True
A-G1.042-C3,95070,3,2691.5,1,11.75,early25,True
A-G1.042-C3,95070,3,2701.0,1,9.5,early25,True
A-G1.042-C3,95070,3,2716.5,1,15.5,early25,True
A-G1.042-C3,95070,3,2747.75,2,31.25,middle50,True
A-G1.042-C3,95070,3,2758.5,2,10.75,middle50,True
A-G1.042-C3,95070,3,2763.5,1,5.0,middle50,True
A-G1.042-C3,95070,3,2771.75,1,8.25,middle50,True
A-G1.042-C3,95070,3,2781.75,1,10.0,middle50,True
A-G1.042-C3,95070,3,2807.0,1,25.25,middle50,True
A-G1.042-C3,95070,3,2814.0,2,7.0,middle50,True
A-G1.042-C3,95070,3,2827.0,1,13.0,middle50,True
A-G1.042-C3,95070,3,2857.75,2,30.75,middle50,True
A-G1.042-C3,95070,3,2863.0,1,5.25,middle50,True
A-G1.042-C3,95070,3,2871.25,2,8.25,middle50,True
A-G1.042-C3,95070,3,2876.25,1,5.0,middle50,True
A-G1.042-C3,95070,3,2881.25,1,5.0,middle50,True
A-G1.042-C3,95070,3,2900.0,2,18.75,middle50,True
A-G1.042-C3,95070,3,2904.0,1,4.0,middle50,True
A-G1.042-C3,95070,3,2907.75,1,3.75,middle50,True
A-G1.042-C3,95070,3,2911.75,1,4.0,middle50,True
A-G1.042-C3,95070,3,2915.75,1,4.0,middle50,True
A-G1.042-C3,95070,3,2922.0,1,6.25,middle50,True
A-G1.042-C3,95070,3,2956.0,1,34.0,middle50,True
A-G1.042-C3,95070,3,2961.0,2,5.0,middle50,True
A-G1.042-C3,95070,3,2965.75,1,4.75,middle50,True
A-G1.042-C3,95070,3,2973.25,1,7.5,middle50,True
A-G1.042-C3,95070,3,2981.0,1,7.75,middle50,True
A-G1.042-C3,95070,3,3005.75,1,24.75,middle50,True
A-G1.042-C3,95070,3,3011.5,1,5.75,middle50,True
A-G1.042-C3,95070,3,3015.0,1,3.5,middle50,True
A-G1.042-C3,95070,3,3022.5,1,7.5,middle50,True
A-G1.042-C3,95070,3,3028.75,6,6.25,middle50,True
A-G1.042-C3,95070,3,3062.5,1,33.75,middle50,True
A-G1.042-C3,95070,3,3065.5,1,3.0,middle50,True
A-G1.042-C3,95070,3,3071.75,1,6.25,middle50,True
A-G1.042-C3,95070,3,3076.5,1,4.75,middle50,True
A-G1.042-C3,95070,3,3086.25,1,9.75,middle50,True
A-G1.042-C3,95070,3,3104.0,4,17.75,middle50,True
A-G1.042-C3,95070,3,3251.75,1,147.75,middle50,True
A-G1.042-C3,95070,3,3254.0,3,2.25,middle50,True
A-G1.042-C3,95070,3,3256.25,2,2.25,middle50,True
A-G1.042-C3,95070,3,3262.75,1,6.5,middle50,True
A-G1.042-C3,95070,3,3269.0,1,6.25,middle50,True
A-G1.042-C3,95070,3,3272.5,1,3.5,middle50,True
A-G1.042-C3,95070,3,3306.25,1,33.75,middle50,True
A-G1.042-C3,95070,3,3312.5,1,6.25,middle50,True
A-G1.042-C3,95070,3,3319.25,3,6.75,late25,True
A-G1.042-C3,95070,3,3323.0,1,3.75,late25,True
A-G1.042-C3,95070,3,3335.25,1,12.25,late25,True
A-G1.042-C3,95070,3,3343.0,3,7.75,late25,True
A-G1.042-C3,95070,3,3358.75,2,15.75,late25,True
A-G1.042-C3,95070,3,3365.5,1,6.75,late25,True
A-G1.042-C3,95070,3,3373.5,1,8.0,late25,True
A-G1.042-C3,95070,3,3381.0,1,7.5,late25,True
A-G1.042-C3,95070,3,3409.25,4,28.25,late25,True
A-G1.042-C3,95070,3,3412.5,1,3.25,late25,True
A-G1.042-C3,95070,3,3423.5,1,11.0,late25,True
A-G1.042-C3,95070,3,3431.0,1,7.5,late25,True
A-G1.042-C3,95070,3,3438.5,1,7.5,late25,True
A-G1.042-C3,95070,3,3577.5,1,139.0,late25,True
A-G1.042-C3,95070,3,3586.75,1,9.25,late25,True
A-G1.042-C3,95070,3,3597.5,1,10.75,late25,True
A-G1.042-C3,102989,0,0.25,3,,early25,False
A-G1.042-C3,102989,0,15.0,1,14.75,early25,False
A-G1.042-C3,102989,0,26.25,2,11.25,early25,False
A-G1.042-C3,102989,0,34.25,1,8.0,early25,False
A-G1.042-C3,102989,0,47.75,2,13.5,early25,False
A-G1.042-C3,102989,0,63.0,1,15.25,early25,False
A-G1.042-C3,102989,0,89.5,1,26.5,early25,False
A-G1.042-C3,102989,0,96.5,1,7.0,early25,False
A-G1.042-C3,102989,0,104.75,15,8.25,early25,False
A-G1.042-C3,102989,0,291.5,1,186.75,middle50,False
A-G1.042-C3,102989,0,299.75,1,8.25,middle50,False
A-G1.042-C3,102989,0,338.0,1,38.25,middle50,False
A-G1.042-C3,102989,0,341.25,1,3.25,middle50,False
A-G1.042-C3,102989,0,353.25,1,12.0,middle50,False
A-G1.042-C3,102989,0,356.5,1,3.25,middle50,False
A-G1.042-C3,102989,0,385.5,1,29.0,middle50,False
A-G1.042-C3,102989,0,393.75,1,8.25,middle50,False
A-G1.042-C3,102989,0,402.5,1,8.75,middle50,False
A-G1.042-C3,102989,0,409.5,1,7.0,middle50,False
A-G1.042-C3,102989,0,440.0,1,30.5,middle50,False
A-G1.042-C3,102989,0,445.75,1,5.75,late25,False
A-G1.042-C3,102989,0,448.5,1,2.75,late25,False
A-G1.042-C3,102989,0,452.5,1,4.0,late25,False
A-G1.042-C3,102989,0,456.25,1,3.75,late25,False
A-G1.042-C3,102989,0,466.25,1,10.0,late25,False
A-G1.042-C3,102989,0,469.75,1,3.5,late25,False
A-G1.042-C3,102989,1,606.75,1,137.0,early25,False
A-G1.042-C3,102989,1,608.5,1,1.75,early25,False
A-G1.042-C3,102989,1,612.5,1,4.0,early25,False
A-G1.042-C3,102989,1,619.25,2,6.75,early25,False
A-G1.042-C3,102989,1,625.0,1,5.75,early25,False
A-G1.042-C3,102989,1,630.25,2,5.25,early25,False
A-G1.042-C3,102989,1,637.25,2,7.0,early25,False
A-G1.042-C3,102989,1,667.0,2,29.75,early25,False
A-G1.042-C3,102989,1,671.0,1,4.0,early25,False
A-G1.042-C3,102989,1,676.5,2,5.5,early25,False
A-G1.042-C3,102989,1,681.25,24,4.75,early25,False
A-G1.042-C3,102989,1,687.25,1,6.0,early25,False
A-G1.042-C3,102989,1,694.75,1,7.5,early25,False
A-G1.042-C3,102989,1,723.75,1,29.0,early25,False
A-G1.042-C3,102989,1,729.75,1,6.0,early25,False
A-G1.042-C3,102989,1,734.5,1,4.75,early25,False
A-G1.042-C3,102989,1,740.75,1,6.25,early25,False
A-G1.042-C3,102989,1,746.0,1,5.25,early25,False
A-G1.042-C3,102989,1,778.75,2,32.75,middle50,False
A-G1.042-C3,102989,1,786.0,1,7.25,middle50,False
A-G1.042-C3,102989,1,794.25,2,8.25,middle50,False
A-G1.042-C3,102989,1,798.0,1,3.75,middle50,False
A-G1.042-C3,102989,1,804.25,1,6.25,middle50,False
A-G1.042-C3,102989,1,811.5,1,7.25,middle50,False
A-G1.042-C3,102989,1,960.25,1,148.75,middle50,False
A-G1.042-C3,102989,1,968.5,2,8.25,middle50,False
A-G1.042-C3,102989,1,973.0,1,4.5,middle50,False
A-G1.042-C3,102989,1,976.5,1,3.5,middle50,False
A-G1.042-C3,102989,1,980.25,1,3.75,middle50,False
A-G1.042-C3,102989,1,984.0,1,3.75,middle50,False
A-G1.042-C3,102989,1,988.25,1,4.25,middle50,False
A-G1.042-C3,102989,1,993.5,2,5.25,middle50,False
A-G1.042-C3,102989,1,1018.5,1,25.0,middle50,False
A-G1.042-C3,102989,1,1021.5,1,3.0,middle50,False
A-G1.042-C3,102989,1,1025.5,1,4.0,middle50,False
A-G1.042-C3,102989,1,1029.0,16,3.5,middle50,False
A-G1.042-C3,102989,1,1033.0,1,4.0,middle50,False
A-G1.042-C3,102989,1,1038.25,1,5.25,middle50,False
A-G1.042-C3,102989,1,1042.5,1,4.25,middle50,False
A-G1.042-C3,102989,1,1046.75,1,4.25,middle50,False
A-G1.042-C3,102989,1,1074.5,1,27.75,middle50,False
A-G1.042-C3,102989,1,1084.5,1,10.0,middle50,False
A-G1.042-C3,102989,1,1085.75,1,1.25,middle50,False
A-G1.042-C3,102989,1,1091.25,1,5.5,middle50,False
A-G1.042-C3,102989,1,1095.5,1,4.25,middle50,False
A-G1.042-C3,102989,1,1099.0,1,3.5,middle50,False
A-G1.042-C3,102989,1,1101.5,1,2.5,late25,False
A-G1.042-C3,102989,1,1131.0,1,29.5,late25,False
A-G1.042-C3,102989,1,1133.25,1,2.25,late25,False
A-G1.042-C3,102989,1,1139.0,1,5.75,late25,False
A-G1.042-C3,102989,1,1141.5,1,2.5,late25,False
A-G1.042-C3,102989,1,1145.5,1,4.0,late25,False
A-G1.042-C3,102989,1,1148.25,1,2.75,late25,False
A-G1.042-C3,102989,1,1154.0,1,5.75,late25,False
A-G1.042-C3,102989,1,1155.75,1,1.75,late25,False
A-G1.042-C3,102989,1,1157.5,1,1.75,late25,False
A-G1.042-C3,102989,1,1167.0,1,9.5,late25,False
A-G1.042-C3,102989,2,1289.0,2,122.0,early25,False
A-G1.042-C3,102989,2,1290.75,1,1.75,early25,False
A-G1.042-C3,102989,2,1293.25,1,2.5,early25,False
A-G1.042-C3,102989,2,1297.5,2,4.25,early25,False
A-G1.042-C3,102989,2,1302.75,2,5.25,early25,False
A-G1.042-C3,102989,2,1307.25,2,4.5,early25,False
A-G1.042-C3,102989,2,1313.0,2,5.75,early25,False
A-G1.042-C3,102989,2,1319.0,3,6.0,early25,False
A-G1.042-C3,102989,2,1345.5,3,26.5,early25,False
A-G1.042-C3,102989,2,1351.25,2,5.75,early25,False
A-G1.042-C3,102989,2,1355.5,2,4.25,early25,False
A-G1.042-C3,102989,2,1360.5,26,5.0,early25,False
A-G1.042-C3,102989,2,1370.0,1,9.5,early25,False
A-G1.042-C3,102989,2,1393.0,1,23.0,early25,False
A-G1.042-C3,102989,2,1398.75,1,5.75,early25,False
A-G1.042-C3,102989,2,1402.75,1,4.0,early25,False
A-G1.042-C3,102989,2,1407.25,2,4.5,early25,False
A-G1.042-C3,102989,2,1410.75,2,3.5,early25,False
A-G1.042-C3,102989,2,1415.25,1,4.5,early25,False
A-G1.042-C3,102989,2,1420.25,2,5.0,early25,False
A-G1.042-C3,102989,2,1425.5,2,5.25,early25,False
A-G1.042-C3,102989,2,1447.5,2,22.0,early25,False
A-G1.042-C3,102989,2,1451.25,19,3.75,early25,False
A-G1.042-C3,102989,2,1455.0,1,3.75,early25,False
A-G1.042-C3,102989,2,1461.5,1,6.5,early25,False
A-G1.042-C3,102989,2,1463.5,1,2.0,early25,False
A-G1.042-C3,102989,2,1467.25,1,3.75,early25,False
A-G1.042-C3,102989,2,1468.0,1,0.75,early25,False
A-G1.042-C3,102989,2,1477.25,3,9.25,early25,False
A-G1.042-C3,102989,2,1478.0,1,0.75,early25,False
A-G1.042-C3,102989,2,1633.5,1,155.5,middle50,False
A-G1.042-C3,102989,2,1637.5,1,4.0,middle50,False
A-G1.042-C3,102989,2,1641.75,1,4.25,middle50,False
A-G1.042-C3,102989,2,1647.25,2,5.5,middle50,False
A-G1.042-C3,102989,2,1653.25,2,6.0,middle50,False
A-G1.042-C3,102989,2,1659.0,2,5.75,middle50,False
A-G1.042-C3,102989,2,1688.5,2,29.5,middle50,False
A-G1.042-C3,102989,2,1696.5,1,8.0,middle50,False
A-G1.042-C3,102989,2,1701.0,3,4.5,middle50,False
A-G1.042-C3,102989,2,1705.75,1,4.75,middle50,False
A-G1.042-C3,102989,2,1710.0,2,4.25,middle50,False
A-G1.042-C3,102989,2,1714.25,2,4.25,middle50,False
A-G1.042-C3,102989,2,1717.5,1,3.25,middle50,False
A-G1.042-C3,102989,2,1734.5,1,17.0,middle50,False
A-G1.042-C3,102989,2,1738.25,1,3.75,middle50,False
A-G1.042-C3,102989,2,1741.0,1,2.75,middle50,False
A-G1.042-C3,102989,2,1745.25,2,4.25,middle50,False
A-G1.042-C3,102989,2,1748.75,1,3.5,middle50,False
A-G1.042-C3,102989,2,1753.0,1,4.25,middle50,False
A-G1.042-C3,102989,2,1756.25,1,3.25,middle50,False
A-G1.042-C3,102989,2,1760.0,12,3.75,middle50,False
A-G1.042-C3,102989,2,1762.5,1,2.5,middle50,False
A-G1.042-C3,102989,2,1789.25,1,26.75,middle50,False
A-G1.042-C3,102989,2,1793.0,1,3.75,middle50,False
A-G1.042-C3,102989,2,1795.5,1,2.5,middle50,False
A-G1.042-C3,102989,2,1800.75,1,5.25,middle50,False
A-G1.042-C3,102989,2,1813.0,1,12.25,middle50,False
A-G1.042-C3,102989,2,1814.5,1,1.5,middle50,False
A-G1.042-C3,102989,2,1821.0,1,6.5,middle50,False
A-G1.042-C3,102989,2,1955.25,1,134.25,middle50,False
A-G1.042-C3,102989,2,1960.5,1,5.25,middle50,False
A-G1.042-C3,102989,2,1963.75,1,3.25,middle50,False
A-G1.042-C3,102989,2,1966.5,1,2.75,middle50,False
A-G1.042-C3,102989,2,1970.5,1,4.0,middle50,False
A-G1.042-C3,102989,2,1974.75,1,4.25,middle50,False
A-G1.042-C3,102989,2,1978.25,1,3.5,middle50,False
A-G1.042-C3,102989,2,1982.25,1,4.0,middle50,False
A-G1.042-C3,102989,2,2006.25,1,24.0,late25,False
A-G1.042-C3,102989,2,2009.25,9,3.0,late25,False
A-G1.042-C3,102989,2,2011.75,1,2.5,late25,False
A-G1.042-C3,102989,2,2014.5,1,2.75,late25,False
A-G1.042-C3,102989,2,2020.25,1,5.75,late25,False
A-G1.042-C3,102989,2,2023.25,1,3.0,late25,False
A-G1.042-C3,102989,2,2026.25,2,3.0,late25,False
A-G1.042-C3,102989,2,2036.0,1,9.75,late25,False
A-G1.042-C3,102989,2,2047.5,6,11.5,late25,False
A-G1.042-C3,102989,2,2058.0,1,10.5,late25,False
A-G1.042-C3,102989,2,2064.75,1,6.75,late25,False
A-G1.042-C3,102989,2,2069.25,1,4.5,late25,False
A-G1.042-C3,102989,2,2077.75,1,8.5,late25,False
A-G1.042-C3,102989,2,2081.25,1,3.5,late25,False
A-G1.042-C3,102989,2,2085.75,7,4.5,late25,False
A-G1.042-C3,102989,2,2118.75,1,33.0,late25,False
A-G1.042-C3,102989,2,2125.75,1,7.0,late25,False
A-G1.042-C3,102989,2,2130.5,1,4.75,late25,False
A-G1.042-C3,102989,2,2137.0,1,6.5,late25,False
A-G1.042-C3,102989,2,2141.25,1,4.25,late25,False
A-G1.042-C3,102989,3,2256.0,2,114.75,early25,True
A-G1.042-C3,102989,3,2265.75,1,9.75,early25,True
A-G1.042-C3,102989,3,2268.5,2,2.75,early25,True
A-G1.042-C3,102989,3,2272.5,2,4.0,early25,True
A-G1.042-C3,102989,3,2275.75,1,3.25,early25,True
A-G1.042-C3,102989,3,2282.75,3,7.0,early25,True
A-G1.042-C3,102989,3,2288.25,1,5.5,early25,True
A-G1.042-C3,102989,3,2321.0,1,32.75,early25,True
A-G1.042-C3,102989,3,2323.0,1,2.0,early25,True
A-G1.042-C3,102989,3,2331.0,2,8.0,early25,True
A-G1.042-C3,102989,3,2332.25,1,1.25,early25,True
A-G1.042-C3,102989,3,2338.0,2,5.75,early25,True
A-G1.042-C3,102989,3,2349.5,2,11.5,early25,True
A-G1.042-C3,102989,3,2352.75,1,3.25,early25,True
A-G1.042-C3,102989,3,2358.75,1,6.0,early25,True
A-G1.042-C3,102989,3,2376.25,1,17.5,early25,True
A-G1.042-C3,102989,3,2394.0,2,17.75,early25,True
A-G1.042-C3,102989,3,2431.0,2,37.0,early25,True
A-G1.042-C3,102989,3,2436.5,2,5.5,early25,True
A-G1.042-C3,102989,3,2442.0,1,5.5,early25,True
A-G1.042-C3,102989,3,2447.5,2,5.5,early25,True
A-G1.042-C3,102989,3,2452.5,1,5.0,early25,True
A-G1.042-C3,102989,3,2455.25,1,2.75,early25,True
A-G1.042-C3,102989,3,2464.75,1,9.5,early25,True
A-G1.042-C3,102989,3,2481.5,1,16.75,early25,True
A-G1.042-C3,102989,3,2484.25,1,2.75,early25,True
A-G1.042-C3,102989,3,2487.75,1,3.5,early25,True
A-G1.042-C3,102989,3,2491.5,1,3.75,early25,True
A-G1.042-C3,102989,3,2504.75,1,13.25,early25,True
A-G1.042-C3,102989,3,2509.0,1,4.25,early25,True
A-G1.042-C3,102989,3,2534.25,1,25.25,early25,True
A-G1.042-C3,102989,3,2537.25,9,3.0,early25,True
A-G1.042-C3,102989,3,2539.75,1,2.5,early25,True
A-G1.042-C3,102989,3,2545.0,1,5.25,early25,True
A-G1.042-C3,102989,3,2547.0,1,2.0,early25,True
A-G1.042-C3,102989,3,2553.75,1,6.75,early25,True
A-G1.042-C3,102989,3,2560.25,1,6.5,early25,True
A-G1.042-C3,102989,3,2575.25,5,15.0,early25,True
A-G1.042-C3,102989,3,2590.0,1,14.75,middle50,True
A-G1.042-C3,102989,3,2597.0,1,7.0,middle50,True
A-G1.042-C3,102989,3,2600.25,1,3.25,middle50,True
A-G1.042-C3,102989,3,2603.25,1,3.0,middle50,True
A-G1.042-C3,102989,3,2611.0,1,7.75,middle50,True
A-G1.042-C3,102989,3,2614.5,1,3.5,middle50,True
A-G1.042-C3,102989,3,2641.0,1,26.5,middle50,True
A-G1.042-C3,102989,3,2646.25,7,5.25,middle50,True
A-G1.042-C3,102989,3,2650.5,1,4.25,middle50,True
A-G1.042-C3,102989,3,2659.75,4,9.25,middle50,True
A-G1.042-C3,102989,3,2669.25,1,9.5,middle50,True
A-G1.042-C3,102989,3,2695.25,1,26.0,middle50,True
A-G1.042-C3,102989,3,2702.25,1,7.0,middle50,True
A-G1.042-C3,102989,3,2710.5,1,8.25,middle50,True
A-G1.042-C3,102989,3,2721.75,2,11.25,middle50,True
A-G1.042-C3,102989,3,2754.75,1,33.0,middle50,True
A-G1.042-C3,102989,3,2763.5,1,8.75,middle50,True
A-G1.042-C3,102989,3,2770.0,1,6.5,middle50,True
A-G1.042-C3,102989,3,2774.75,1,4.75,middle50,True
A-G1.042-C3,102989,3,2780.5,1,5.75,middle50,True
A-G1.042-C3,102989,3,2936.25,1,155.75,middle50,True
A-G1.042-C3,102989,3,2940.0,1,3.75,middle50,True
A-G1.042-C3,102989,3,2950.25,1,10.25,middle50,True
A-G1.042-C3,102989,3,2956.0,1,5.75,middle50,True
A-G1.042-C3,102989,3,2962.0,1,6.0,middle50,True
A-G1.042-C3,102989,3,2986.5,1,24.5,middle50,True
A-G1.042-C3,102989,3,2991.75,1,5.25,middle50,True
A-G1.042-C3,102989,3,3007.0,1,15.25,middle50,True
A-G1.042-C3,102989,3,3012.5,1,5.5,middle50,True
A-G1.042-C3,102989,3,3015.25,1,2.75,middle50,True
A-G1.042-C3,102989,3,3025.0,6,9.75,middle50,True
A-G1.042-C3,102989,3,3058.5,1,33.5,middle50,True
A-G1.042-C3,102989,3,3065.75,1,7.25,middle50,True
A-G1.042-C3,102989,3,3094.25,1,28.5,middle50,True
A-G1.042-C3,102989,3,3101.5,1,7.25,middle50,True
A-G1.042-C3,102989,3,3104.25,1,2.75,middle50,True
A-G1.042-C3,102989,3,3107.25,3,3.0,middle50,True
A-G1.042-C3,102989,3,3112.0,1,4.75,middle50,True
A-G1.042-C3,102989,3,3117.5,5,5.5,middle50,True
A-G1.042-C3,102989,3,3123.25,1,5.75,middle50,True
A-G1.042-C3,102989,3,3276.75,1,153.5,late25,True
A-G1.042-C3,102989,3,3289.75,1,13.0,late25,True
A-G1.042-C3,102989,3,3298.75,1,9.0,late25,True
A-G1.042-C3,102989,3,3329.75,1,31.0,late25,True
A-G1.042-C3,102989,3,3340.75,1,11.0,late25,True
A-G1.042-C3,102989,3,3352.0,1,11.25,late25,True
A-G1.042-C3,102989,3,3364.0,3,12.0,late25,True
A-G1.042-C3,102989,3,3375.5,1,11.5,late25,True
A-G1.042-C3,102989,3,3390.5,1,15.0,late25,True
A-G1.042-C3,102989,3,3402.25,1,11.75,late25,True
A-G1.042-C3,102989,3,3438.5,1,36.25,late25,True
A-G1.042-C3,102989,3,3445.0,1,6.5,late25,True
A-G1.042-C3,102989,3,3449.5,1,4.5,late25,True
A-G1.042-C3,102989,3,3456.75,1,7.25,late25,True
A-G1.042-C3,102989,3,3472.5,2,15.75,late25,True
A-G1.042-C3,102989,3,3598.25,1,125.75,late25,True
A-G1.042-C3,110908,0,0.25,3,,early25,False
A-G1.042-C3,110908,0,8.25,1,8.0,early25,False
A-G1.042-C3,110908,0,16.75,1,8.5,early25,False
A-G1.042-C3,110908,0,26.75,1,10.0,early25,False
A-G1.042-C3,110908,0,30.5,1,3.75,early25,False
A-G1.042-C3,110908,0,50.5,1,20.0,early25,False
A-G1.042-C3,110908,0,91.0,1,40.5,early25,False
A-G1.042-C3,110908,0,108.75,1,17.75,early25,False
A-G1.042-C3,110908,0,124.0,1,15.25,early25,False
A-G1.042-C3,110908,0,177.0,1,53.0,early25,False
A-G1.042-C3,110908,0,182.0,1,5.0,early25,False
A-G1.042-C3,110908,0,216.0,1,34.0,middle50,False
A-G1.042-C3,110908,0,226.75,1,10.75,middle50,False
A-G1.042-C3,110908,0,232.5,1,5.75,middle50,False
A-G1.042-C3,110908,0,235.0,1,2.5,middle50,False
A-G1.042-C3,110908,0,240.5,1,5.5,middle50,False
A-G1.042-C3,110908,0,288.0,1,47.5,middle50,False
A-G1.042-C3,110908,0,298.0,1,10.0,middle50,False
A-G1.042-C3,110908,0,309.25,1,11.25,middle50,False
A-G1.042-C3,110908,0,335.25,1,26.0,middle50,False
A-G1.042-C3,110908,0,345.5,1,10.25,middle50,False
A-G1.042-C3,110908,0,353.5,1,8.0,middle50,False
A-G1.042-C3,110908,0,357.25,1,3.75,middle50,False
A-G1.042-C3,110908,0,361.5,1,4.25,middle50,False
A-G1.042-C3,110908,0,517.5,1,156.0,middle50,False
A-G1.042-C3,110908,0,525.25,1,7.75,middle50,False
A-G1.042-C3,110908,0,533.75,1,8.5,middle50,False
A-G1.042-C3,110908,0,539.5,1,5.75,middle50,False
A-G1.042-C3,110908,0,542.75,1,3.25,middle50,False
A-G1.042-C3,110908,0,579.0,1,36.25,middle50,False
A-G1.042-C3,110908,0,588.5,1,9.5,middle50,False
A-G1.042-C3,110908,0,596.0,1,7.5,middle50,False
A-G1.042-C3,110908,0,600.0,1,4.0,middle50,False
A-G1.042-C3,110908,0,630.75,1,30.75,late25,False
A-G1.042-C3,110908,0,640.0,1,9.25,late25,False
A-G1.042-C3,110908,0,644.75,1,4.75,late25,False
A-G1.042-C3,110908,0,651.75,1,7.0,late25,False
A-G1.042-C3,110908,0,684.25,1,32.5,late25,False
A-G1.042-C3,110908,0,691.25,1,7.0,late25,False
A-G1.042-C3,110908,0,697.0,1,5.75,late25,False
A-G1.042-C3,110908,0,700.75,1,3.75,late25,False
A-G1.042-C3,110908,0,706.25,1,5.5,late25,False
A-G1.042-C3,110908,0,709.0,1,2.75,late25,False
A-G1.042-C3,110908,0,713.5,1,4.5,late25,False
A-G1.042-C3,110908,1,853.0,1,139.5,early25,False
A-G1.042-C3,110908,1,854.5,1,1.5,early25,False
A-G1.042-C3,110908,1,858.5,1,4.0,early25,False
A-G1.042-C3,110908,1,860.0,1,1.5,early25,False
A-G1.042-C3,110908,1,862.0,1,2.0,early25,False
A-G1.042-C3,110908,1,864.25,1,2.25,early25,False
A-G1.042-C3,110908,1,867.25,1,3.0,early25,False
A-G1.042-C3,110908,1,868.75,1,1.5,early25,False
A-G1.042-C3,110908,1,870.5,1,1.75,early25,False
A-G1.042-C3,110908,1,872.5,2,2.0,early25,False
A-G1.042-C3,110908,1,874.25,1,1.75,early25,False
A-G1.042-C3,110908,1,876.75,1,2.5,early25,False
A-G1.042-C3,110908,1,879.75,1,3.0,early25,False
A-G1.042-C3,110908,1,906.25,2,26.5,early25,False
A-G1.042-C3,110908,1,910.5,1,4.25,early25,False
A-G1.042-C3,110908,1,914.75,1,4.25,early25,False
A-G1.042-C3,110908,1,917.75,1,3.0,early25,False
A-G1.042-C3,110908,1,922.5,2,4.75,early25,False
A-G1.042-C3,110908,1,924.75,1,2.25,early25,False
A-G1.042-C3,110908,1,930.0,1,5.25,early25,False
A-G1.042-C3,110908,1,935.0,2,5.0,early25,False
A-G1.042-C3,110908,1,944.25,2,9.25,early25,False
A-G1.042-C3,110908,1,951.25,6,7.0,early25,False
A-G1.042-C3,110908,1,964.0,1,12.75,early25,False
A-G1.042-C3,110908,1,965.75,4,1.75,early25,False
A-G1.042-C3,110908,1,971.0,2,5.25,early25,False
A-G1.042-C3,110908,1,973.5,1,2.5,early25,False
A-G1.042-C3,110908,1,976.0,1,2.5,early25,False
A-G1.042-C3,110908,1,980.25,1,4.25,early25,False
A-G1.042-C3,110908,1,990.5,2,10.25,early25,False
A-G1.042-C3,110908,1,1024.75,1,34.25,middle50,False
A-G1.042-C3,110908,1,1029.75,1,5.0,middle50,False
A-G1.042-C3,110908,1,1033.75,1,4.0,middle50,False
A-G1.042-C3,110908,1,1037.75,2,4.0,middle50,False
A-G1.042-C3,110908,1,1044.75,1,7.0,middle50,False
A-G1.042-C3,110908,1,1048.75,2,4.0,middle50,False
A-G1.042-C3,110908,1,1202.25,1,153.5,middle50,False
A-G1.042-C3,110908,1,1208.5,2,6.25,middle50,False
A-G1.042-C3,110908,1,1213.0,1,4.5,middle50,False
A-G1.042-C3,110908,1,1216.5,1,3.5,middle50,False
A-G1.042-C3,110908,1,1220.25,1,3.75,middle50,False
A-G1.042-C3,110908,1,1224.25,1,4.0,middle50,False
A-G1.042-C3,110908,1,1229.25,2,5.0,middle50,False
A-G1.042-C3,110908,1,1233.75,1,4.5,middle50,False
A-G1.042-C3,110908,1,1258.25,1,24.5,middle50,False
A-G1.042-C3,110908,1,1261.5,1,3.25,middle50,False
A-G1.042-C3,110908,1,1264.75,16,3.25,middle50,False
A-G1.042-C3,110908,1,1266.25,1,1.5,middle50,False
A-G1.042-C3,110908,1,1267.5,1,1.25,middle50,False
A-G1.042-C3,110908,1,1275.5,1,8.0,middle50,False
A-G1.042-C3,110908,1,1282.25,1,6.75,middle50,False
A-G1.042-C3,110908,1,1285.5,1,3.25,middle50,False
A-G1.042-C3,110908,1,1291.5,1,6.0,middle50,False
A-G1.042-C3,110908,1,1298.25,4,6.75,middle50,False
A-G1.042-C3,110908,1,1311.25,4,13.0,middle50,False
A-G1.042-C3,110908,1,1314.25,4,3.0,middle50,False
A-G1.042-C3,110908,1,1317.75,1,3.5,middle50,False
A-G1.042-C3,110908,1,1319.25,3,1.5,middle50,False
A-G1.042-C3,110908,1,1324.0,1,4.75,middle50,False
A-G1.042-C3,110908,1,1333.0,1,9.0,middle50,False
A-G1.042-C3,110908,1,1335.75,1,2.75,middle50,False
A-G1.042-C3,110908,1,1339.0,1,3.25,middle50,False
A-G1.042-C3,110908,1,1366.75,1,27.75,late25,False
A-G1.042-C3,110908,1,1368.5,1,1.75,late25,False
A-G1.042-C3,110908,1,1370.75,1,2.25,late25,False
A-G1.042-C3,110908,1,1375.0,1,4.25,late25,False
A-G1.042-C3,110908,1,1377.5,1,2.5,late25,False
A-G1.042-C3,110908,1,1380.5,1,3.0,late25,False
A-G1.042-C3,110908,1,1382.5,1,2.0,late25,False
A-G1.042-C3,110908,1,1385.0,1,2.5,late25,False
A-G1.042-C3,110908,1,1388.75,1,3.75,late25,False
A-G1.042-C3,110908,1,1392.25,1,3.5,late25,False
A-G1.042-C3,110908,1,1395.5,1,3.25,late25,False
A-G1.042-C3,110908,1,1401.25,1,5.75,late25,False
A-G1.042-C3,110908,1,1508.5,1,107.25,late25,False
A-G1.042-C3,110908,1,1512.5,1,4.0,late25,False
A-G1.042-C3,110908,2,1528.0,1,15.5,early25,False
A-G1.042-C3,110908,2,1529.5,1,1.5,early25,False
A-G1.042-C3,110908,2,1532.0,1,2.5,early25,False
A-G1.042-C3,110908,2,1534.25,1,2.25,early25,False
A-G1.042-C3,110908,2,1538.0,2,3.75,early25,False
A-G1.042-C3,110908,2,1539.25,1,1.25,early25,False
A-G1.042-C3,110908,2,1539.75,1,0.5,early25,False
A-G1.042-C3,110908,2,1541.25,1,1.5,early25,False
A-G1.042-C3,110908,2,1548.75,3,7.5,early25,False
A-G1.042-C3,110908,2,1555.75,2,7.0,early25,False
A-G1.042-C3,110908,2,1587.25,3,31.5,early25,False
A-G1.042-C3,110908,2,1591.5,3,4.25,early25,False
A-G1.042-C3,110908,2,1593.75,1,2.25,early25,False
A-G1.042-C3,110908,2,1598.0,3,4.25,early25,False
A-G1.042-C3,110908,2,1605.75,3,7.75,early25,False
A-G1.042-C3,110908,2,1610.75,2,5.0,early25,False
A-G1.042-C3,110908,2,1615.75,2,5.0,early25,False
A-G1.042-C3,110908,2,1627.75,7,12.0,early25,False
A-G1.042-C3,110908,2,1639.4999999999,2,11.749999999899956,early25,False
A-G1.042-C3,110908,2,1645.7499999999,2,6.25,early25,False
A-G1.042-C3,110908,2,1650.7499999999,2,5.0,early25,False
A-G1.042-C3,110908,2,1654.9999999999,1,4.25,early25,False
A-G1.042-C3,110908,2,1660.9999999999,2,6.0,early25,False
A-G1.042-C3,110908,2,1665.4999999999,2,4.5,early25,False
A-G1.042-C3,110908,2,1699.7499999999,2,34.25,early25,False
A-G1.042-C3,110908,2,1707.2499999999,3,7.5,early25,False
A-G1.042-C3,110908,2,1710.9999999999,2,3.75,early25,False
A-G1.042-C3,110908,2,1715.9999999999,1,5.0,early25,False
A-G1.042-C3,110908,2,1720.7499999999,3,4.75,early25,False
A-G1.042-C3,110908,2,1725.2499999999,3,4.5,early25,False
A-G1.042-C3,110908,2,1737.7499999999,5,12.5,early25,False
A-G1.042-C3,110908,2,1886.5,2,148.75000000010004,middle50,False
A-G1.042-C3,110908,2,1890.0,1,3.5,middle50,False
A-G1.042-C3,110908,2,1893.75,1,3.75,middle50,False
A-G1.042-C3,110908,2,1897.5,1,3.75,middle50,False
A-G1.042-C3,110908,2,1900.75,1,3.25,middle50,False
A-G1.042-C3,110908,2,1903.75,1,3.0,middle50,False
A-G1.042-C3,110908,2,1907.75,1,4.0,middle50,False
A-G1.042-C3,110908,2,1933.5,2,25.75,middle50,False
A-G1.042-C3,110908,2,1936.75,1,3.25,middle50,False
A-G1.042-C3,110908,2,1941.0,2,4.25,middle50,False
A-G1.042-C3,110908,2,1944.75,1,3.75,middle50,False
A-G1.042-C3,110908,2,1948.75,2,4.0,middle50,False
A-G1.042-C3,110908,2,1952.25,1,3.5,middle50,False
A-G1.042-C3,110908,2,1954.5,1,2.25,middle50,False
A-G1.042-C3,110908,2,1957.5,1,3.0,middle50,False
A-G1.042-C3,110908,2,1960.25,1,2.75,middle50,False
A-G1.042-C3,110908,2,1963.5,11,3.25,middle50,False
A-G1.042-C3,110908,2,1970.75,12,7.25,middle50,False
A-G1.042-C3,110908,2,1976.75,4,6.0,middle50,False
A-G1.042-C3,110908,2,1994.25,1,17.5,middle50,False
A-G1.042-C3,110908,2,2012.75,1,18.5,middle50,False
A-G1.042-C3,110908,2,2042.5,1,29.75,middle50,False
A-G1.042-C3,110908,2,2045.25,1,2.75,middle50,False
A-G1.042-C3,110908,2,2050.0,1,4.75,middle50,False
A-G1.042-C3,110908,2,2053.25,1,3.25,middle50,False
A-G1.042-C3,110908,2,2055.25,1,2.0,middle50,False
A-G1.042-C3,110908,2,2060.75,2,5.5,middle50,False
A-G1.042-C3,110908,2,2064.75,1,4.0,middle50,False
A-G1.042-C3,110908,2,2070.25,1,5.5,middle50,False
A-G1.042-C3,110908,2,2078.75,1,8.5,middle50,False
A-G1.042-C3,110908,2,2084.75,3,6.0,middle50,False
A-G1.042-C3,110908,2,2207.0,1,122.25,middle50,False
A-G1.042-C3,110908,2,2212.0,1,5.0,middle50,False
A-G1.042-C3,110908,2,2219.0,2,7.0,middle50,False
A-G1.042-C3,110908,2,2223.25,1,4.25,middle50,False
A-G1.042-C3,110908,2,2228.0,1,4.75,middle50,False
A-G1.042-C3,110908,2,2262.5,1,34.5,late25,False
A-G1.042-C3,110908,2,2264.0,1,1.5,late25,False
A-G1.042-C3,110908,2,2270.25,1,6.25,late25,False
A-G1.042-C3,110908,2,2275.0,1,4.75,late25,False
A-G1.042-C3,110908,2,2280.75,1,5.75,late25,False
A-G1.042-C3,110908,2,2283.25,1,2.5,late25,False
A-G1.042-C3,110908,2,2288.0,1,4.75,late25,False
A-G1.042-C3,110908,2,2291.75,1,3.75,late25,False
A-G1.042-C3,110908,2,2299.5,1,7.75,late25,False
A-G1.042-C3,110908,2,2305.25,3,5.75,late25,False
A-G1.042-C3,110908,2,2315.75,1,10.5,late25,False
A-G1.042-C3,110908,2,2319.25,1,3.5,late25,False
A-G1.042-C3,110908,2,2322.75,1,3.5,late25,False
A-G1.042-C3,110908,2,2326.5,1,3.75,late25,False
A-G1.042-C3,110908,2,2330.75,1,4.25,late25,False
A-G1.042-C3,110908,2,2334.75,1,4.0,late25,False
A-G1.042-C3,110908,2,2341.75,1,7.0,late25,False
A-G1.042-C3,110908,2,2370.5,1,28.75,late25,False
A-G1.042-C3,110908,2,2372.75,1,2.25,late25,False
A-G1.042-C3,110908,2,2376.25,1,3.5,late25,False
A-G1.042-C3,110908,2,2379.5,1,3.25,late25,False
A-G1.042-C3,110908,2,2383.0,1,3.5,late25,False
A-G1.042-C3,110908,2,2386.5,1,3.5,late25,False
A-G1.042-C3,110908,2,2392.5,1,6.0,late25,False
A-G1.042-C3,110908,2,2396.0,1,3.5,late25,False
A-G1.042-C3,110908,2,2399.5,1,3.5,late25,False
A-G1.042-C3,110908,2,2409.75,3,10.25,late25,False
A-G1.042-C3,110908,3,2529.75,2,120.0,early25,True
A-G1.042-C3,110908,3,2532.25,1,2.5,early25,True
A-G1.042-C3,110908,3,2535.0,2,2.75,early25,True
A-G1.042-C3,110908,3,2537.5,1,2.5,early25,True
A-G1.042-C3,110908,3,2540.25,2,2.75,early25,True
A-G1.042-C3,110908,3,2544.5,1,4.25,early25,True
A-G1.042-C3,110908,3,2548.75,2,4.25,early25,True
A-G1.042-C3,110908,3,2552.75,2,4.0,early25,True
A-G1.042-C3,110908,3,2587.5,2,34.75,early25,True
A-G1.042-C3,110908,3,2589.0,1,1.5,early25,True
A-G1.042-C3,110908,3,2591.5,1,2.5,early25,True
A-G1.042-C3,110908,3,2594.25,2,2.75,early25,True
A-G1.042-C3,110908,3,2597.25,1,3.0,early25,True
A-G1.042-C3,110908,3,2602.75,2,5.5,early25,True
A-G1.042-C3,110908,3,2608.5,2,5.75,early25,True
A-G1.042-C3,110908,3,2618.25,2,9.75,early25,True
A-G1.042-C3,110908,3,2632.5,1,14.25,early25,True
A-G1.042-C3,110908,3,2636.5,1,4.0,early25,True
A-G1.042-C3,110908,3,2641.0,2,4.5,early25,True
A-G1.042-C3,110908,3,2645.25,1,4.25,early25,True
A-G1.042-C3,110908,3,2649.0,1,3.75,early25,True
A-G1.042-C3,110908,3,2652.25,1,3.25,early25,True
A-G1.042-C3,110908,3,2656.0,1,3.75,early25,True
A-G1.042-C3,110908,3,2660.5,12,4.5,early25,True
A-G1.042-C3,110908,3,2692.5,1,32.0,early25,True
A-G1.042-C3,110908,3,2697.0,1,4.5,early25,True
A-G1.042-C3,110908,3,2700.5,1,3.5,early25,True
A-G1.042-C3,110908,3,2703.75,1,3.25,early25,True
A-G1.042-C3,110908,3,2710.0,2,6.25,early25,True
A-G1.042-C3,110908,3,2712.75,1,2.75,early25,True
A-G1.042-C3,110908,3,2716.0,1,3.25,early25,True
A-G1.042-C3,110908,3,2718.5,1,2.5,early25,True
A-G1.042-C3,110908,3,2725.25,1,6.75,early25,True
A-G1.042-C3,110908,3,2732.75,5,7.5,early25,True
A-G1.042-C3,110908,3,2750.5,1,17.75,early25,True
A-G1.042-C3,110908,3,2756.75,1,6.25,early25,True
A-G1.042-C3,110908,3,2763.0,2,6.25,early25,True
A-G1.042-C3,110908,3,2770.25,1,7.25,early25,True
A-G1.042-C3,110908,3,2775.0,1,4.75,early25,True
A-G1.042-C3,110908,3,2799.0,1,24.0,middle50,True
A-G1.042-C3,110908,3,2802.0,1,3.0,middle50,True
A-G1.042-C3,110908,3,2808.0,1,6.0,middle50,True
A-G1.042-C3,110908,3,2811.75,8,3.75,middle50,True
A-G1.042-C3,110908,3,2824.5,1,12.75,middle50,True
A-G1.042-C3,110908,3,2828.75,1,4.25,middle50,True
A-G1.042-C3,110908,3,2849.0,1,20.25,middle50,True
A-G1.042-C3,110908,3,2855.0,1,6.0,middle50,True
A-G1.042-C3,110908,3,2858.0,1,3.0,middle50,True
A-G1.042-C3,110908,3,2862.75,1,4.75,middle50,True
A-G1.042-C3,110908,3,2865.25,5,2.5,middle50,True
A-G1.042-C3,110908,3,2870.5,1,5.25,middle50,True
A-G1.042-C3,110908,3,2900.5,1,30.0,middle50,True
A-G1.042-C3,110908,3,2904.25,1,3.75,middle50,True
A-G1.042-C3,110908,3,2912.75,1,8.5,middle50,True
A-G1.042-C3,110908,3,2922.0,2,9.25,middle50,True
A-G1.042-C3,110908,3,2929.0,1,7.0,middle50,True
A-G1.042-C3,110908,3,2938.25,1,9.25,middle50,True
A-G1.042-C3,110908,3,2945.5,4,7.25,middle50,True
A-G1.042-C3,110908,3,3087.25,1,141.75,middle50,True
A-G1.042-C3,110908,3,3102.0,1,14.75,middle50,True
A-G1.042-C3,110908,3,3107.75,1,5.75,middle50,True
A-G1.042-C3,110908,3,3111.0,1,3.25,middle50,True
A-G1.042-C3,110908,3,3144.5,1,33.5,middle50,True
A-G1.042-C3,110908,3,3149.75,1,5.25,middle50,True
A-G1.042-C3,110908,3,3160.25,1,10.5,middle50,True
A-G1.042-C3,110908,3,3169.5,1,9.25,middle50,True
A-G1.042-C3,110908,3,3191.0,1,21.5,middle50,True
A-G1.042-C3,110908,3,3209.25,1,18.25,middle50,True
A-G1.042-C3,110908,3,3213.25,1,4.0,middle50,True
A-G1.042-C3,110908,3,3247.75,1,34.5,middle50,True
A-G1.042-C3,110908,3,3254.25,1,6.5,middle50,True
A-G1.042-C3,110908,3,3262.5,1,8.25,middle50,True
A-G1.042-C3,110908,3,3268.0,1,5.5,middle50,True
A-G1.042-C3,110908,3,3275.75,1,7.75,middle50,True
A-G1.042-C3,110908,3,3432.25,1,156.5,late25,True
A-G1.042-C3,110908,3,3439.5,1,7.25,late25,True
A-G1.042-C3,110908,3,3447.75,1,8.25,late25,True
A-G1.042-C3,110908,3,3453.25,1,5.5,late25,True
A-G1.042-C3,110908,3,3482.75,1,29.5,late25,True
A-G1.042-C3,110908,3,3490.5,4,7.75,late25,True
A-G1.042-C3,110908,3,3495.0,1,4.5,late25,True
A-G1.042-C3,110908,3,3509.0,1,14.0,late25,True
A-G1.042-C3,110908,3,3520.25,1,11.25,late25,True
A-G1.042-C3,110908,3,3535.0,1,14.75,late25,True
A-G1.042-C3,110908,3,3545.25,1,10.25,late25,True
A-G1.042-C3,110908,3,3551.5,1,6.25,late25,True
A-G1.042-C3,110908,3,3590.25,1,38.75,late25,True
A-G1.042-C3,110908,3,3594.75,1,4.5,late25,True
A-G1.042-C3,118827,0,0.25,3,,early25,False
A-G1.042-C3,118827,0,8.5,1,8.25,early25,False
A-G1.042-C3,118827,0,17.5,1,9.0,early25,False
A-G1.042-C3,118827,0,42.75,1,25.25,early25,False
A-G1.042-C3,118827,0,55.25,1,12.5,early25,False
A-G1.042-C3,118827,0,63.0,1,7.75,early25,False
A-G1.042-C3,118827,0,91.25,1,28.25,early25,False
A-G1.042-C3,118827,0,104.0,1,12.75,early25,False
A-G1.042-C3,118827,0,109.25,1,5.25,early25,False
A-G1.042-C3,118827,0,155.25,1,46.0,early25,False
A-G1.042-C3,118827,0,163.5,1,8.25,early25,False
A-G1.042-C3,118827,0,176.75,1,13.25,early25,False
A-G1.042-C3,118827,0,210.25,1,33.5,middle50,False
A-G1.042-C3,118827,0,224.75,1,14.5,middle50,False
A-G1.042-C3,118827,0,233.75,1,9.0,middle50,False
A-G1.042-C3,118827,0,245.25,1,11.5,middle50,False
A-G1.042-C3,118827,0,285.5,1,40.25,middle50,False
A-G1.042-C3,118827,0,298.25,1,12.75,middle50,False
A-G1.042-C3,118827,0,304.25,1,6.0,middle50,False
A-G1.042-C3,118827,0,337.0,1,32.75,middle50,False
A-G1.042-C3,118827,0,340.5,1,3.5,middle50,False
A-G1.042-C3,118827,0,345.0,1,4.5,middle50,False
A-G1.042-C3,118827,0,348.5,1,3.5,middle50,False
A-G1.042-C3,118827,0,352.75,1,4.25,middle50,False
A-G1.042-C3,118827,0,360.0,1,7.25,middle50,False
A-G1.042-C3,118827,0,522.75,1,162.75,middle50,False
A-G1.042-C3,118827,0,530.75,1,8.0,middle50,False
A-G1.042-C3,118827,0,537.5,1,6.75,middle50,False
A-G1.042-C3,118827,0,550.25,1,12.75,middle50,False
A-G1.042-C3,118827,0,581.5,2,31.25,middle50,False
A-G1.042-C3,118827,0,589.0,1,7.5,middle50,False
A-G1.042-C3,118827,0,593.0,1,4.0,middle50,False
A-G1.042-C3,118827,0,598.5,1,5.5,middle50,False
A-G1.042-C3,118827,0,604.75,12,6.25,middle50,False
A-G1.042-C3,118827,0,656.5,1,51.75,late25,False
A-G1.042-C3,118827,0,691.75,1,35.25,late25,False
A-G1.042-C3,118827,0,697.0,1,5.25,late25,False
A-G1.042-C3,118827,0,701.5,1,4.5,late25,False
A-G1.042-C3,118827,0,706.25,1,4.75,late25,False
A-G1.042-C3,118827,0,710.5,1,4.25,late25,False
A-G1.042-C3,118827,0,713.75,1,3.25,late25,False
A-G1.042-C3,118827,0,718.25,1,4.5,late25,False
A-G1.042-C3,118827,0,726.5,1,8.25,late25,False
A-G1.042-C3,118827,1,852.5,1,126.0,early25,False
A-G1.042-C3,118827,1,856.5,2,4.0,early25,False
A-G1.042-C3,118827,1,860.75,1,4.25,early25,False
A-G1.042-C3,118827,1,865.75,2,5.0,early25,False
A-G1.042-C3,118827,1,871.5,1,5.75,early25,False
A-G1.042-C3,118827,1,876.75,2,5.25,early25,False
A-G1.042-C3,118827,1,884.0,2,7.25,early25,False
A-G1.042-C3,118827,1,911.5,1,27.5,early25,False
A-G1.042-C3,118827,1,914.75,1,3.25,early25,False
A-G1.042-C3,118827,1,919.75,2,5.0,early25,False
A-G1.042-C3,118827,1,924.0,22,4.25,early25,False
A-G1.042-C3,118827,1,938.75,1,14.75,early25,False
A-G1.042-C3,118827,1,1101.0,1,162.25,middle50,False
A-G1.042-C3,118827,1,1105.25,2,4.25,middle50,False
A-G1.042-C3,118827,1,1109.25,1,4.0,middle50,False
A-G1.042-C3,118827,1,1114.5,1,5.25,middle50,False
A-G1.042-C3,118827,1,1119.0,2,4.5,middle50,False
A-G1.042-C3,118827,1,1122.0,1,3.0,middle50,False
A-G1.042-C3,118827,1,1148.5,1,26.5,middle50,False
A-G1.042-C3,118827,1,1151.5,17,3.0,middle50,False
A-G1.042-C3,118827,1,1162.75,1,11.25,middle50,False
A-G1.042-C3,118827,1,1167.0,1,4.25,middle50,False
A-G1.042-C3,118827,1,1170.0,1,3.0,middle50,False
A-G1.042-C3,118827,1,1172.0,1,2.0,middle50,False
A-G1.042-C3,118827,1,1179.25,1,7.25,middle50,False
A-G1.042-C3,118827,1,1200.25,1,21.0,middle50,False
A-G1.042-C3,118827,1,1203.75,1,3.5,middle50,False
A-G1.042-C3,118827,1,1207.75,1,4.0,middle50,False
A-G1.042-C3,118827,1,1213.5,1,5.75,middle50,False
A-G1.042-C3,118827,1,1219.5,1,6.0,middle50,False
A-G1.042-C3,118827,1,1223.25,1,3.75,middle50,False
A-G1.042-C3,118827,1,1257.5,1,34.25,middle50,False
A-G1.042-C3,118827,1,1262.0,1,4.5,late25,False
A-G1.042-C3,118827,1,1265.5,2,3.5,late25,False
A-G1.042-C3,118827,1,1271.5,1,6.0,late25,False
A-G1.042-C3,118827,1,1274.0,1,2.5,late25,False
A-G1.042-C3,118827,1,1279.0,1,5.0,late25,False
A-G1.042-C3,118827,1,1282.0,2,3.0,late25,False
A-G1.042-C3,118827,1,1285.5,1,3.5,late25,False
A-G1.042-C3,118827,1,1293.0,1,7.5,late25,False
A-G1.042-C3,118827,1,1299.25,4,6.25,late25,False
A-G1.042-C3,118827,1,1399.25,1,100.0,late25,False
A-G1.042-C3,118827,2,1414.25,2,15.0,early25,False
A-G1.042-C3,118827,2,1417.5,2,3.25,early25,False
A-G1.042-C3,118827,2,1420.0,2,2.5,early25,False
A-G1.042-C3,118827,2,1422.0,1,2.0,early25,False
A-G1.042-C3,118827,2,1425.0,1,3.0,early25,False
A-G1.042-C3,118827,2,1427.25,1,2.25,early25,False
A-G1.042-C3,118827,2,1431.25,3,4.0,early25,False
A-G1.042-C3,118827,2,1434.0,1,2.75,early25,False
A-G1.042-C3,118827,2,1437.5,2,3.5,early25,False
A-G1.042-C3,118827,2,1441.75,2,4.25,early25,False
A-G1.042-C3,118827,2,1446.5,1,4.75,early25,False
A-G1.042-C3,118827,2,1473.25,3,26.75,early25,False
A-G1.042-C3,118827,2,1477.25,2,4.0,early25,False
A-G1.042-C3,118827,2,1480.0,1,2.75,early25,False
A-G1.042-C3,118827,2,1483.5,2,3.5,early25,False
A-G1.042-C3,118827,2,1487.0,21,3.5,early25,False
A-G1.042-C3,118827,2,1488.5,1,1.5,early25,False
A-G1.042-C3,118827,2,1493.25,1,4.75,early25,False
A-G1.042-C3,118827,2,1494.5,1,1.25,early25,False
A-G1.042-C3,118827,2,1497.0,1,2.5,early25,False
A-G1.042-C3,118827,2,1502.5,3,5.5,early25,False
A-G1.042-C3,118827,2,1504.5,1,2.0,early25,False
A-G1.042-C3,118827,2,1511.0,6,6.5,early25,False
A-G1.042-C3,118827,2,1521.25,1,10.25,early25,False
A-G1.042-C3,118827,2,1523.5,1,2.25,early25,False
A-G1.042-C3,118827,2,1527.0,1,3.5,early25,False
A-G1.042-C3,118827,2,1529.5,1,2.5,early25,False
A-G1.042-C3,118827,2,1532.0,1,2.5,early25,False
A-G1.042-C3,118827,2,1535.5,1,3.5,early25,False
A-G1.042-C3,118827,2,1538.75,1,3.25,early25,False
A-G1.042-C3,118827,2,1541.25,1,2.5,early25,False
A-G1.042-C3,118827,2,1544.5,1,3.25,early25,False
A-G1.042-C3,118827,2,1579.5,2,35.0,middle50,False
A-G1.042-C3,118827,2,1590.25,3,10.75,middle50,False
A-G1.042-C3,118827,2,1595.5,3,5.25,middle50,False
A-G1.042-C3,118827,2,1600.5,2,5.0,middle50,False
A-G1.042-C3,118827,2,1606.5,1,6.0,middle50,False
A-G1.042-C3,118827,2,1619.0,3,12.5,middle50,False
A-G1.042-C3,118827,2,1763.5,1,144.5,middle50,False
A-G1.042-C3,118827,2,1769.5,3,6.0,middle50,False
A-G1.042-C3,118827,2,1775.75,2,6.25,middle50,False
A-G1.042-C3,118827,2,1779.5,1,3.75,middle50,False
A-G1.042-C3,118827,2,1782.75,1,3.25,middle50,False
A-G1.042-C3,118827,2,1788.25,2,5.5,middle50,False
A-G1.042-C3,118827,2,1794.5,1,6.25,middle50,False
A-G1.042-C3,118827,2,1817.5,2,23.0,middle50,False
A-G1.042-C3,118827,2,1822.0,1,4.5,middle50,False
A-G1.042-C3,118827,2,1825.25,1,3.25,middle50,False
A-G1.042-C3,118827,2,1829.0,15,3.75,middle50,False
A-G1.042-C3,118827,2,1833.5,1,4.5,middle50,False
A-G1.042-C3,118827,2,1843.75,1,10.25,middle50,False
A-G1.042-C3,118827,2,1857.75,8,14.0,middle50,False
A-G1.042-C3,118827,2,1888.0,1,30.25,middle50,False
A-G1.042-C3,118827,2,1892.25,1,4.25,middle50,False
A-G1.042-C3,118827,2,1897.25,1,5.0,middle50,False
A-G1.042-C3,118827,2,1924.0,1,26.75,late25,False
A-G1.042-C3,118827,2,1926.25,1,2.25,late25,False
A-G1.042-C3,118827,2,1929.0,1,2.75,late25,False
A-G1.042-C3,118827,2,1931.5,9,2.5,late25,False
A-G1.042-C3,118827,2,1936.75,1,5.25,late25,False
A-G1.042-C3,118827,2,1940.25,4,3.5,late25,False
A-G1.042-C3,118827,2,1945.25,1,5.0,late25,False
A-G1.042-C3,118827,2,1949.75,1,4.5,late25,False
A-G1.042-C3,118827,2,1953.5,1,3.75,late25,False
A-G1.042-C3,118827,2,1961.25,1,7.75,late25,False
A-G1.042-C3,118827,3,2079.25,2,118.0,early25,True
A-G1.042-C3,118827,3,2080.25,6,1.0,early25,True
A-G1.042-C3,118827,3,2082.5,2,2.25,early25,True
A-G1.042-C3,118827,3,2087.0,7,4.5,early25,True
A-G1.042-C3,118827,3,2093.25,3,6.25,early25,True
A-G1.042-C3,118827,3,2097.25,2,4.0,early25,True
A-G1.042-C3,118827,3,2101.5,1,4.25,early25,True
A-G1.042-C3,118827,3,2107.0,2,5.5,early25,True
A-G1.042-C3,118827,3,2112.25,2,5.25,early25,True
A-G1.042-C3,118827,3,2136.25,2,24.0,early25,True
A-G1.042-C3,118827,3,2140.0,1,3.75,early25,True
A-G1.042-C3,118827,3,2142.75,2,2.75,early25,True
A-G1.042-C3,118827,3,2146.5,1,3.75,early25,True
A-G1.042-C3,118827,3,2150.75,2,4.25,early25,True
A-G1.042-C3,118827,3,2154.5,1,3.75,early25,True
A-G1.042-C3,118827,3,2157.75,2,3.25,early25,True
A-G1.042-C3,118827,3,2162.5,1,4.75,early25,True
A-G1.042-C3,118827,3,2166.5,2,4.0,early25,True
A-G1.042-C3,118827,3,2176.0,16,9.5,early25,True
A-G1.042-C3,118827,3,2199.0,4,23.0,early25,True
A-G1.042-C3,118827,3,2217.0,1,18.0,early25,True
A-G1.042-C3,118827,3,2222.5,1,5.5,early25,True
A-G1.042-C3,118827,3,2226.5,11,4.0,early25,True
A-G1.042-C3,118827,3,2256.5,1,30.0,early25,True
A-G1.042-C3,118827,3,2259.0,1,2.5,early25,True
A-G1.042-C3,118827,3,2265.25,1,6.25,early25,True
A-G1.042-C3,118827,3,2276.25,1,11.0,early25,True
A-G1.042-C3,118827,3,2310.75,1,34.5,early25,True
A-G1.042-C3,118827,3,2323.5,2,12.75,early25,True
A-G1.042-C3,118827,3,2335.25,1,11.75,early25,True
A-G1.042-C3,118827,3,2371.25,2,36.0,early25,True
A-G1.042-C3,118827,3,2382.5,2,11.25,early25,True
A-G1.042-C3,118827,3,2387.75,1,5.25,early25,True
A-G1.042-C3,118827,3,2393.0,2,5.25,early25,True
A-G1.042-C3,118827,3,2416.25,1,23.25,early25,True
A-G1.042-C3,118827,3,2427.5,2,11.25,early25,True
A-G1.042-C3,118827,3,2432.0,1,4.5,early25,True
A-G1.042-C3,118827,3,2437.75,1,5.75,early25,True
A-G1.042-C3,118827,3,2471.25,2,33.5,middle50,True
A-G1.042-C3,118827,3,2476.5,1,5.25,middle50,True
A-G1.042-C3,118827,3,2481.75,1,5.25,middle50,True
A-G1.042-C3,118827,3,2485.0,1,3.25,middle50,True
A-G1.042-C3,118827,3,2490.25,2,5.25,middle50,True
A-G1.042-C3,118827,3,2495.5,1,5.25,middle50,True
A-G1.042-C3,118827,3,2515.75,1,20.25,middle50,True
A-G1.042-C3,118827,3,2524.0,1,8.25,middle50,True
A-G1.042-C3,118827,3,2529.0,1,5.0,middle50,True
A-G1.042-C3,118827,3,2533.25,1,4.25,middle50,True
A-G1.042-C3,118827,3,2536.75,1,3.5,middle50,True
A-G1.042-C3,118827,3,2546.0,8,9.25,middle50,True
A-G1.042-C3,118827,3,2570.75,1,24.75,middle50,True
A-G1.042-C3,118827,3,2575.75,1,5.0,middle50,True
A-G1.042-C3,118827,3,2601.75,2,26.0,middle50,True
A-G1.042-C3,118827,3,2612.5,4,10.75,middle50,True
A-G1.042-C3,118827,3,2627.0,1,14.5,middle50,True
A-G1.042-C3,118827,3,2629.75,1,2.75,middle50,True
A-G1.042-C3,118827,3,2635.75,1,6.0,middle50,True
A-G1.042-C3,118827,3,2639.0,1,3.25,middle50,True
A-G1.042-C3,118827,3,2646.5,1,7.5,middle50,True
A-G1.042-C3,118827,3,2652.75,6,6.25,middle50,True
A-G1.042-C3,118827,3,2685.25,1,32.5,middle50,True
A-G1.042-C3,118827,3,2691.0,1,5.75,middle50,True
A-G1.042-C3,118827,3,2697.25,1,6.25,middle50,True
A-G1.042-C3,118827,3,2716.75,2,19.5,middle50,True
A-G1.042-C3,118827,3,2860.0,1,143.25,middle50,True
A-G1.042-C3,118827,3,2870.5,1,10.5,middle50,True
A-G1.042-C3,118827,3,2877.5,1,7.0,middle50,True
A-G1.042-C3,118827,3,2884.25,1,6.75,middle50,True
A-G1.042-C3,118827,3,2891.0,1,6.75,middle50,True
A-G1.042-C3,118827,3,2928.5,1,37.5,middle50,True
A-G1.042-C3,118827,3,2937.25,1,8.75,middle50,True
A-G1.042-C3,118827,3,2940.75,1,3.5,middle50,True
A-G1.042-C3,118827,3,2956.25,3,15.5,middle50,True
A-G1.042-C3,118827,3,2974.5,1,18.25,middle50,True
A-G1.042-C3,118827,3,2987.0,1,12.5,middle50,True
A-G1.042-C3,118827,3,2992.75,1,5.75,middle50,True
A-G1.042-C3,118827,3,3023.5,1,30.75,middle50,True
A-G1.042-C3,118827,3,3025.75,1,2.25,middle50,True
A-G1.042-C3,118827,3,3037.25,1,11.5,middle50,True
A-G1.042-C3,118827,3,3040.25,1,3.0,middle50,True
A-G1.042-C3,118827,3,3048.0,1,7.75,middle50,True
A-G1.042-C3,118827,3,3196.0,1,148.0,middle50,True
A-G1.042-C3,118827,3,3203.25,1,7.25,middle50,True
A-G1.042-C3,118827,3,3212.5,1,9.25,middle50,True
A-G1.042-C3,118827,3,3222.75,1,10.25,late25,True
A-G1.042-C3,118827,3,3257.25,1,34.5,late25,True
A-G1.042-C3,118827,3,3262.25,1,5.0,late25,True
A-G1.042-C3,118827,3,3264.25,1,2.0,late25,True
A-G1.042-C3,118827,3,3310.5,1,46.25,late25,True
A-G1.042-C3,118827,3,3317.25,1,6.75,late25,True
A-G1.042-C3,118827,3,3323.75,1,6.5,late25,True
A-G1.042-C3,118827,3,3333.25,4,9.5,late25,True
A-G1.042-C3,118827,3,3365.5,1,32.25,late25,True
A-G1.042-C3,118827,3,3381.25,1,15.75,late25,True
A-G1.042-C3,118827,3,3387.5,1,6.25,late25,True
A-G1.042-C3,118827,3,3405.25,3,17.75,late25,True
A-G1.042-C3,118827,3,3554.25,1,149.0,late25,True
A-G1.042-C3,118827,3,3562.5,1,8.25,late25,True
A-G1.042-C3,126746,0,0.25,3,,early25,False
A-G1.042-C3,126746,0,8.25,1,8.0,early25,False
A-G1.042-C3,126746,0,22.75,1,14.5,early25,False
A-G1.042-C3,126746,0,41.5,1,18.75,early25,False
A-G1.042-C3,126746,0,51.75,1,10.25,early25,False
A-G1.042-C3,126746,0,94.5,1,42.75,early25,False
A-G1.042-C3,126746,0,97.75,1,3.25,early25,False
A-G1.042-C3,126746,0,104.0,1,6.25,early25,False
A-G1.042-C3,126746,0,108.0,1,4.0,early25,False
A-G1.042-C3,126746,0,156.5,1,48.5,early25,False
A-G1.042-C3,126746,0,162.75,1,6.25,early25,False
A-G1.042-C3,126746,0,173.0,1,10.25,early25,False
A-G1.042-C3,126746,0,177.25,1,4.25,early25,False
A-G1.042-C3,126746,0,211.0,1,33.75,middle50,False
A-G1.042-C3,126746,0,214.75,1,3.75,middle50,False
A-G1.042-C3,126746,0,219.0,1,4.25,middle50,False
A-G1.042-C3,126746,0,226.25,1,7.25,middle50,False
A-G1.042-C3,126746,0,235.75,1,9.5,middle50,False
A-G1.042-C3,126746,0,243.25,1,7.5,middle50,False
A-G1.042-C3,126746,0,251.0,4,7.75,middle50,False
A-G1.042-C3,126746,0,397.25,3,146.25,middle50,False
A-G1.042-C3,126746,0,403.75,1,6.5,middle50,False
A-G1.042-C3,126746,0,409.0,3,5.25,middle50,False
A-G1.042-C3,126746,0,414.75,1,5.75,middle50,False
A-G1.042-C3,126746,0,420.0,1,5.25,middle50,False
A-G1.042-C3,126746,0,457.25,3,37.25,middle50,False
A-G1.042-C3,126746,0,465.0,1,7.75,middle50,False
A-G1.042-C3,126746,0,468.25,1,3.25,middle50,False
A-G1.042-C3,126746,0,475.25,1,7.0,middle50,False
A-G1.042-C3,126746,0,477.25,1,2.0,middle50,False
A-G1.042-C3,126746,0,483.75,1,6.5,middle50,False
A-G1.042-C3,126746,0,510.25,1,26.5,middle50,False
A-G1.042-C3,126746,0,512.75,1,2.5,middle50,False
A-G1.042-C3,126746,0,520.25,1,7.5,middle50,False
A-G1.042-C3,126746,0,527.5,1,7.25,middle50,False
A-G1.042-C3,126746,0,532.0,1,4.5,middle50,False
A-G1.042-C3,126746,0,538.0,1,6.0,late25,False
A-G1.042-C3,126746,0,568.0,1,30.0,late25,False
A-G1.042-C3,126746,0,570.0,1,2.0,late25,False
A-G1.042-C3,126746,0,574.25,1,4.25,late25,False
A-G1.042-C3,126746,0,579.0,1,4.75,late25,False
A-G1.042-C3,126746,0,583.25,1,4.25,late25,False
A-G1.042-C3,126746,0,588.0,1,4.75,late25,False
A-G1.042-C3,126746,0,593.25,1,5.25,late25,False
A-G1.042-C3,126746,0,602.5,1,9.25,late25,False
A-G1.042-C3,126746,1,731.0,1,128.5,early25,False
A-G1.042-C3,126746,1,734.25,1,3.25,early25,False
A-G1.042-C3,126746,1,737.5,1,3.25,early25,False
A-G1.042-C3,126746,1,743.75,1,6.25,early25,False
A-G1.042-C3,126746,1,751.0,2,7.25,early25,False
A-G1.042-C3,126746,1,756.25,1,5.25,early25,False
A-G1.042-C3,126746,1,764.75,3,8.5,early25,False
A-G1.042-C3,126746,1,792.0,2,27.25,early25,False
A-G1.042-C3,126746,1,795.5,1,3.5,early25,False
A-G1.042-C3,126746,1,800.25,2,4.75,early25,False
A-G1.042-C3,126746,1,805.75,19,5.5,early25,False
A-G1.042-C3,126746,1,817.0,1,11.25,early25,False
A-G1.042-C3,126746,1,845.0,2,28.0,early25,False
A-G1.042-C3,126746,1,851.0,1,6.0,early25,False
A-G1.042-C3,126746,1,855.25,1,4.25,early25,False
A-G1.042-C3,126746,1,862.25,2,7.0,early25,False
A-G1.042-C3,126746,1,868.5,2,6.25,early25,False
A-G1.042-C3,126746,1,895.0,1,26.5,middle50,False
A-G1.042-C3,126746,1,898.75,1,3.75,middle50,False
A-G1.042-C3,126746,1,903.5,16,4.75,middle50,False
A-G1.042-C3,126746,1,909.0,1,5.5,middle50,False
A-G1.042-C3,126746,1,912.25,2,3.25,middle50,False
A-G1.042-C3,126746,1,915.25,1,3.0,middle50,False
A-G1.042-C3,126746,1,920.25,1,5.0,middle50,False
A-G1.042-C3,126746,1,922.75,1,2.5,middle50,False
A-G1.042-C3,126746,1,1061.75,2,139.0,middle50,False
A-G1.042-C3,126746,1,1067.5,1,5.75,middle50,False
A-G1.042-C3,126746,1,1071.25,1,3.75,middle50,False
A-G1.042-C3,126746,1,1074.5,1,3.25,middle50,False
A-G1.042-C3,126746,1,1077.25,1,2.75,middle50,False
A-G1.042-C3,126746,1,1081.25,1,4.0,middle50,False
A-G1.042-C3,126746,1,1086.0,1,4.75,middle50,False
A-G1.042-C3,126746,1,1089.75,1,3.75,middle50,False
A-G1.042-C3,126746,1,1095.5,1,5.75,middle50,False
A-G1.042-C3,126746,1,1118.5,2,23.0,middle50,False
A-G1.042-C3,126746,1,1121.0,1,2.5,middle50,False
A-G1.042-C3,126746,1,1124.25,1,3.25,middle50,False
A-G1.042-C3,126746,1,1128.0,12,3.75,middle50,False
A-G1.042-C3,126746,1,1134.5,1,6.5,middle50,False
A-G1.042-C3,126746,1,1136.25,1,1.75,middle50,False
A-G1.042-C3,126746,1,1143.75,1,7.5,middle50,False
A-G1.042-C3,126746,1,1150.0,1,6.25,middle50,False
A-G1.042-C3,126746,1,1165.25,1,15.25,middle50,False
A-G1.042-C3,126746,1,1170.25,1,5.0,middle50,False
A-G1.042-C3,126746,1,1177.25,1,7.0,middle50,False
A-G1.042-C3,126746,1,1180.75,1,3.5,middle50,False
A-G1.042-C3,126746,1,1185.0,1,4.25,middle50,False
A-G1.042-C3,126746,1,1187.75,1,2.75,middle50,False
A-G1.042-C3,126746,1,1192.75,1,5.0,middle50,False
A-G1.042-C3,126746,1,1222.0,1,29.25,late25,False
A-G1.042-C3,126746,1,1225.0,1,3.0,late25,False
A-G1.042-C3,126746,1,1228.5,1,3.5,late25,False
A-G1.042-C3,126746,1,1231.75,1,3.25,late25,False
A-G1.042-C3,126746,1,1235.25,1,3.5,late25,False
A-G1.042-C3,126746,1,1240.0,1,4.75,late25,False
A-G1.042-C3,126746,1,1243.0,1,3.0,late25,False
A-G1.042-C3,126746,1,1246.25,1,3.25,late25,False
A-G1.042-C3,126746,1,1250.5,1,4.25,late25,False
A-G1.042-C3,126746,1,1258.25,1,7.75,late25,False
A-G1.042-C3,126746,2,1379.0,3,120.75,early25,False
A-G1.042-C3,126746,2,1381.0,1,2.0,early25,False
A-G1.042-C3,126746,2,1384.0,2,3.0,early25,False
A-G1.042-C3,126746,2,1390.75,3,6.75,early25,False
A-G1.042-C3,126746,2,1394.5,2,3.75,early25,False
A-G1.042-C3,126746,2,1401.0,2,6.5,early25,False
A-G1.042-C3,126746,2,1440.75,3,39.75,early25,False
A-G1.042-C3,126746,2,1444.75,2,4.0,early25,False
A-G1.042-C3,126746,2,1446.75,1,2.0,early25,False
A-G1.042-C3,126746,2,1453.25,3,6.5,early25,False
A-G1.042-C3,126746,2,1458.5,3,5.25,early25,False
A-G1.042-C3,126746,2,1464.5,3,6.0,early25,False
A-G1.042-C3,126746,2,1476.0,6,11.5,early25,False
A-G1.042-C3,126746,2,1491.75,1,15.75,early25,False
A-G1.042-C3,126746,2,1495.25,2,3.5,early25,False
A-G1.042-C3,126746,2,1502.0,2,6.75,early25,False
A-G1.042-C3,126746,2,1508.0,3,6.0,early25,False
A-G1.042-C3,126746,2,1514.0,2,6.0,early25,False
A-G1.042-C3,126746,2,1545.75,2,31.75,early25,False
A-G1.042-C3,126746,2,1551.25,3,5.5,early25,False
A-G1.042-C3,126746,2,1557.75,1,6.5,early25,False
A-G1.042-C3,126746,2,1561.25,2,3.5,early25,False
A-G1.042-C3,126746,2,1564.25,1,3.0,early25,False
A-G1.042-C3,126746,2,1568.0,1,3.75,early25,False
A-G1.042-C3,126746,2,1728.5,1,160.5,middle50,False
A-G1.042-C3,126746,2,1734.75,1,6.25,middle50,False
A-G1.042-C3,126746,2,1737.25,1,2.5,middle50,False
A-G1.042-C3,126746,2,1742.75,2,5.5,middle50,False
A-G1.042-C3,126746,2,1748.5,3,5.75,middle50,False
A-G1.042-C3,126746,2,1755.75,3,7.25,middle50,False
A-G1.042-C3,126746,2,1786.75,2,31.0,middle50,False
A-G1.042-C3,126746,2,1795.25,3,8.5,middle50,False
A-G1.042-C3,126746,2,1802.25,2,7.0,middle50,False
A-G1.042-C3,126746,2,1806.5,2,4.25,middle50,False
A-G1.042-C3,126746,2,1808.75,1,2.25,middle50,False
A-G1.042-C3,126746,2,1812.25,2,3.5,middle50,False
A-G1.042-C3,126746,2,1821.0,2,8.75,middle50,False
A-G1.042-C3,126746,2,1836.25,1,15.25,middle50,False
A-G1.042-C3,126746,2,1839.75,1,3.5,middle50,False
A-G1.042-C3,126746,2,1843.25,1,3.5,middle50,False
A-G1.042-C3,126746,2,1852.0,3,8.75,middle50,False
A-G1.042-C3,126746,2,1857.75,1,5.75,middle50,False
A-G1.042-C3,126746,2,1891.25,1,33.5,middle50,False
A-G1.042-C3,126746,2,1895.5,2,4.25,middle50,False
A-G1.042-C3,126746,2,1898.25,1,2.75,middle50,False
A-G1.042-C3,126746,2,1900.0,1,1.75,middle50,False
A-G1.042-C3,126746,2,1904.25,2,4.25,middle50,False
A-G1.042-C3,126746,2,1908.0,1,3.75,middle50,False
A-G1.042-C3,126746,2,1910.0,1,2.0,middle50,False
A-G1.042-C3,126746,2,1913.75,1,3.75,middle50,False
A-G1.042-C3,126746,2,1920.25,2,6.5,middle50,False
A-G1.042-C3,126746,2,1928.75,2,8.5,middle50,False
A-G1.042-C3,126746,2,2063.5,1,134.75,middle50,False
A-G1.042-C3,126746,2,2066.75,1,3.25,middle50,False
A-G1.042-C3,126746,2,2073.75,2,7.0,middle50,False
A-G1.042-C3,126746,2,2077.0,1,3.25,middle50,False
A-G1.042-C3,126746,2,2080.25,2,3.25,middle50,False
A-G1.042-C3,126746,2,2085.0,1,4.75,middle50,False
A-G1.042-C3,126746,2,2089.5,1,4.5,middle50,False
A-G1.042-C3,126746,2,2092.75,1,3.25,middle50,False
A-G1.042-C3,126746,2,2117.25,1,24.5,late25,False
A-G1.042-C3,126746,2,2119.75,1,2.5,late25,False
A-G1.042-C3,126746,2,2123.5,1,3.75,late25,False
A-G1.042-C3,126746,2,2127.0,2,3.5,late25,False
A-G1.042-C3,126746,2,2131.75,1,4.75,late25,False
A-G1.042-C3,126746,2,2134.75,8,3.0,late25,False
A-G1.042-C3,126746,2,2141.5,1,6.75,late25,False
A-G1.042-C3,126746,2,2143.75,1,2.25,late25,False
A-G1.042-C3,126746,2,2145.0,1,1.25,late25,False
A-G1.042-C3,126746,2,2149.25,1,4.25,late25,False
A-G1.042-C3,126746,2,2156.25,3,7.0,late25,False
A-G1.042-C3,126746,2,2166.75,1,10.5,late25,False
A-G1.042-C3,126746,2,2172.25,1,5.5,late25,False
A-G1.042-C3,126746,2,2179.5,1,7.25,late25,False
A-G1.042-C3,126746,2,2184.5,1,5.0,late25,False
A-G1.042-C3,126746,2,2188.5,1,4.0,late25,False
A-G1.042-C3,126746,2,2190.75,1,2.25,late25,False
A-G1.042-C3,126746,2,2197.5,7,6.75,late25,False
A-G1.042-C3,126746,2,2222.0,1,24.5,late25,False
A-G1.042-C3,126746,2,2223.25,1,1.25,late25,False
A-G1.042-C3,126746,2,2228.25,1,5.0,late25,False
A-G1.042-C3,126746,2,2231.75,1,3.5,late25,False
A-G1.042-C3,126746,2,2233.75,1,2.0,late25,False
A-G1.042-C3,126746,2,2237.75,1,4.0,late25,False
A-G1.042-C3,126746,2,2242.25,1,4.5,late25,False
A-G1.042-C3,126746,2,2245.5,1,3.25,late25,False
A-G1.042-C3,126746,2,2251.25,2,5.75,late25,False
A-G1.042-C3,126746,3,2372.5,2,121.25,early25,True
A-G1.042-C3,126746,3,2382.25,1,9.75,early25,True
A-G1.042-C3,126746,3,2386.75,2,4.5,early25,True
A-G1.042-C3,126746,3,2391.5,2,4.75,early25,True
A-G1.042-C3,126746,3,2395.75,1,4.25,early25,True
A-G1.042-C3,126746,3,2399.5,2,3.75,early25,True
A-G1.042-C3,126746,3,2402.0,1,2.5,early25,True
A-G1.042-C3,126746,3,2405.75,1,3.75,early25,True
A-G1.042-C3,126746,3,2410.25,2,4.5,early25,True
A-G1.042-C3,126746,3,2414.25,1,4.0,early25,True
A-G1.042-C3,126746,3,2439.0,2,24.75,early25,True
A-G1.042-C3,126746,3,2441.5,1,2.5,early25,True
A-G1.042-C3,126746,3,2444.5,7,3.0,early25,True
A-G1.042-C3,126746,3,2446.5,1,2.0,early25,True
A-G1.042-C3,126746,3,2448.25,1,1.75,early25,True
A-G1.042-C3,126746,3,2450.5,1,2.25,early25,True
A-G1.042-C3,126746,3,2465.0,1,14.5,early25,True
A-G1.042-C3,126746,3,2484.5,1,19.5,early25,True
A-G1.042-C3,126746,3,2486.0,1,1.5,early25,True
A-G1.042-C3,126746,3,2493.0,2,7.0,early25,True
A-G1.042-C3,126746,3,2502.25,2,9.25,early25,True
A-G1.042-C3,126746,3,2513.5,2,11.25,early25,True
A-G1.042-C3,126746,3,2520.25,2,6.75,early25,True
A-G1.042-C3,126746,3,2543.75,1,23.5,early25,True
A-G1.042-C3,126746,3,2549.75,2,6.0,early25,True
A-G1.042-C3,126746,3,2558.5,2,8.75,early25,True
A-G1.042-C3,126746,3,2563.25,2,4.75,early25,True
A-G1.042-C3,126746,3,2569.5,1,6.25,early25,True
A-G1.042-C3,126746,3,2572.0,1,2.5,early25,True
A-G1.042-C3,126746,3,2592.5,2,20.5,early25,True
A-G1.042-C3,126746,3,2600.25,1,7.75,early25,True
A-G1.042-C3,126746,3,2612.25,1,12.0,early25,True
A-G1.042-C3,126746,3,2616.75,1,4.5,early25,True
A-G1.042-C3,126746,3,2621.0,1,4.25,early25,True
A-G1.042-C3,126746,3,2644.75,1,23.75,early25,True
A-G1.042-C3,126746,3,2647.75,1,3.0,early25,True
A-G1.042-C3,126746,3,2651.0,9,3.25,early25,True
A-G1.042-C3,126746,3,2656.0,1,5.0,early25,True
A-G1.042-C3,126746,3,2660.0,1,4.0,early25,True
A-G1.042-C3,126746,3,2664.5,2,4.5,early25,True
A-G1.042-C3,126746,3,2669.0,1,4.5,early25,True
A-G1.042-C3,126746,3,2673.5,1,4.5,early25,True
A-G1.042-C3,126746,3,2697.75,2,24.25,middle50,True
A-G1.042-C3,126746,3,2704.75,1,7.0,middle50,True
A-G1.042-C3,126746,3,2709.75,1,5.0,middle50,True
A-G1.042-C3,126746,3,2719.25,2,9.5,middle50,True
A-G1.042-C3,126746,3,2752.0,1,32.75,middle50,True
A-G1.042-C3,126746,3,2757.0,1,5.0,middle50,True
A-G1.042-C3,126746,3,2762.25,1,5.25,middle50,True
A-G1.042-C3,126746,3,2776.25,2,14.0,middle50,True
A-G1.042-C3,126746,3,2801.25,1,25.0,middle50,True
A-G1.042-C3,126746,3,2805.25,1,4.0,middle50,True
A-G1.042-C3,126746,3,2809.25,1,4.0,middle50,True
A-G1.042-C3,126746,3,2812.5,1,3.25,middle50,True
A-G1.042-C3,126746,3,2819.0,1,6.5,middle50,True
A-G1.042-C3,126746,3,2823.0,7,4.0,middle50,True
A-G1.042-C3,126746,3,2852.75,1,29.75,middle50,True
A-G1.042-C3,126746,3,2857.25,1,4.5,middle50,True
A-G1.042-C3,126746,3,2863.75,1,6.5,middle50,True
A-G1.042-C3,126746,3,2875.5,1,11.75,middle50,True
A-G1.042-C3,126746,3,2888.5,1,13.0,middle50,True
A-G1.042-C3,126746,3,2909.25,1,20.75,middle50,True
A-G1.042-C3,126746,3,2912.75,1,3.5,middle50,True
A-G1.042-C3,126746,3,2916.25,1,3.5,middle50,True
A-G1.042-C3,126746,3,2925.0,1,8.75,middle50,True
A-G1.042-C3,126746,3,2928.25,1,3.25,middle50,True
A-G1.042-C3,126746,3,2934.5,1,6.25,middle50,True
A-G1.042-C3,126746,3,2958.5,6,24.0,middle50,True
A-G1.042-C3,126746,3,2970.5,1,12.0,middle50,True
A-G1.042-C3,126746,3,2975.75,1,5.25,middle50,True
A-G1.042-C3,126746,3,2982.25,1,6.5,middle50,True
A-G1.042-C3,126746,3,2990.0,1,7.75,middle50,True
A-G1.042-C3,126746,3,3144.0,1,154.0,middle50,True
A-G1.042-C3,126746,3,3151.75,1,7.75,middle50,True
A-G1.042-C3,126746,3,3159.5,1,7.75,middle50,True
A-G1.042-C3,126746,3,3187.0,1,27.5,middle50,True
A-G1.042-C3,126746,3,3190.25,5,3.25,middle50,True
A-G1.042-C3,126746,3,3192.5,1,2.25,middle50,True
A-G1.042-C3,126746,3,3206.75,1,14.25,middle50,True
A-G1.042-C3,126746,3,3211.5,1,4.75,middle50,True
A-G1.042-C3,126746,3,3217.0,1,5.5,middle50,True
A-G1.042-C3,126746,3,3241.75,1,24.75,middle50,True
A-G1.042-C3,126746,3,3248.0,1,6.25,middle50,True
A-G1.042-C3,126746,3,3260.25,1,12.25,middle50,True
A-G1.042-C3,126746,3,3296.5,1,36.25,late25,True
A-G1.042-C3,126746,3,3305.0,1,8.5,late25,True
A-G1.042-C3,126746,3,3316.0,1,11.0,late25,True
A-G1.042-C3,126746,3,3320.5,1,4.5,late25,True
A-G1.042-C3,126746,3,3465.75,1,145.25,late25,True
A-G1.042-C3,126746,3,3469.75,1,4.0,late25,True
A-G1.042-C3,126746,3,3479.25,1,9.5,late25,True
A-G1.042-C3,126746,3,3486.25,1,7.0,late25,True
A-G1.042-C3,126746,3,3526.75,1,40.5,late25,True
A-G1.042-C3,126746,3,3530.75,1,4.0,late25,True
A-G1.042-C3,126746,3,3543.75,1,13.0,late25,True
A-G1.042-C3,126746,3,3551.0,1,7.25,late25,True
A-G1.042-C3,126746,3,3558.5,2,7.5,late25,True
A-G1.042-C3,126746,3,3571.25,1,12.75,late25,True
A-G1.042-C3,126746,3,3578.0,1,6.75,late25,True
A-G1.042-C3,126746,3,3587.5,1,9.5,late25,True
A-G1.042-C3,126746,3,3593.75,4,6.25,late25,True
A-G1.042-C3,134665,0,0.25,3,,early25,False
A-G1.042-C3,134665,0,9.5,1,9.25,early25,False
A-G1.042-C3,134665,0,21.5,1,12.0,early25,False
A-G1.042-C3,134665,0,32.75,1,11.25,early25,False
A-G1.042-C3,134665,0,62.25,1,29.5,early25,False
A-G1.042-C3,134665,0,96.25,1,34.0,early25,False
A-G1.042-C3,134665,0,112.5,1,16.25,early25,False
A-G1.042-C3,134665,0,163.0,1,50.5,early25,False
A-G1.042-C3,134665,0,171.25,1,8.25,early25,False
A-G1.042-C3,134665,0,216.0,1,44.75,early25,False
A-G1.042-C3,134665,0,225.25,1,9.25,early25,False
A-G1.042-C3,134665,0,235.75,1,10.5,early25,False
A-G1.042-C3,134665,0,248.75,1,13.0,early25,False
A-G1.042-C3,134665,0,278.75,1,30.0,early25,False
A-G1.042-C3,134665,0,295.25,1,16.5,middle50,False
A-G1.042-C3,134665,0,300.0,1,4.75,middle50,False
A-G1.042-C3,134665,0,340.75,1,40.75,middle50,False
A-G1.042-C3,134665,0,349.5,1,8.75,middle50,False
A-G1.042-C3,134665,0,352.5,1,3.0,middle50,False
A-G1.042-C3,134665,0,359.0,1,6.5,middle50,False
A-G1.042-C3,134665,0,369.0,1,10.0,middle50,False
A-G1.042-C3,134665,0,526.0,1,157.0,middle50,False
A-G1.042-C3,134665,0,534.75,1,8.75,middle50,False
A-G1.042-C3,134665,0,541.0,1,6.25,middle50,False
A-G1.042-C3,134665,0,577.0,1,36.0,middle50,False
A-G1.042-C3,134665,0,580.75,1,3.75,middle50,False
A-G1.042-C3,134665,0,585.0,1,4.25,middle50,False
A-G1.042-C3,134665,0,595.25,1,10.25,middle50,False
A-G1.042-C3,134665,0,599.0,1,3.75,middle50,False
A-G1.042-C3,134665,0,604.5,1,5.5,middle50,False
A-G1.042-C3,134665,0,640.75,1,36.25,middle50,False
A-G1.042-C3,134665,0,645.75,1,5.0,middle50,False
A-G1.042-C3,134665,0,650.75,1,5.0,middle50,False
A-G1.042-C3,134665,0,655.5,1,4.75,middle50,False
A-G1.042-C3,134665,0,689.75,1,34.25,middle50,False
A-G1.042-C3,134665,0,694.5,1,4.75,middle50,False
A-G1.042-C3,134665,0,699.25,1,4.75,middle50,False
A-G1.042-C3,134665,0,704.5,1,5.25,middle50,False
A-G1.042-C3,134665,0,707.75,1,3.25,middle50,False
A-G1.042-C3,134665,0,712.5,1,4.75,middle50,False
A-G1.042-C3,134665,0,716.75,1,4.25,middle50,False
A-G1.042-C3,134665,0,721.25,1,4.5,middle50,False
A-G1.042-C3,134665,0,869.25,1,148.0,middle50,False
A-G1.042-C3,134665,0,872.0,1,2.75,middle50,False
A-G1.042-C3,134665,0,880.25,1,8.25,middle50,False
A-G1.042-C3,134665,0,885.75,1,5.5,late25,False
A-G1.042-C3,134665,0,889.0,1,3.25,late25,False
A-G1.042-C3,134665,0,893.5,1,4.5,late25,False
A-G1.042-C3,134665,0,926.75,1,33.25,late25,False
A-G1.042-C3,134665,0,930.5,1,3.75,late25,False
A-G1.042-C3,134665,0,934.25,1,3.75,late25,False
A-G1.042-C3,134665,0,937.0,1,2.75,late25,False
A-G1.042-C3,134665,0,943.0,1,6.0,late25,False
A-G1.042-C3,134665,0,948.25,1,5.25,late25,False
A-G1.042-C3,134665,0,952.75,1,4.5,late25,False
A-G1.042-C3,134665,0,960.25,1,7.5,late25,False
A-G1.042-C3,134665,0,980.5,1,20.25,late25,False
A-G1.042-C3,134665,0,984.75,1,4.25,late25,False
A-G1.042-C3,134665,0,992.25,1,7.5,late25,False
A-G1.042-C3,134665,0,998.25,1,6.0,late25,False
A-G1.042-C3,134665,0,1001.25,1,3.0,late25,False
A-G1.042-C3,134665,0,1005.5,1,4.25,late25,False
A-G1.042-C3,134665,0,1036.5,1,31.0,late25,False
A-G1.042-C3,134665,0,1043.5,1,7.0,late25,False
A-G1.042-C3,134665,0,1047.75,1,4.25,late25,False
A-G1.042-C3,134665,0,1052.25,1,4.5,late25,False
A-G1.042-C3,134665,0,1056.5,1,4.25,late25,False
A-G1.042-C3,134665,0,1065.0,1,8.5,late25,False
A-G1.042-C3,134665,0,1172.5,1,107.5,late25,False
A-G1.042-C3,134665,1,1195.5,1,23.0,early25,False
A-G1.042-C3,134665,1,1198.25,1,2.75,early25,False
A-G1.042-C3,134665,1,1200.0,1,1.75,early25,False
A-G1.042-C3,134665,1,1202.25,1,2.25,early25,False
A-G1.042-C3,134665,1,1205.75,1,3.5,early25,False
A-G1.042-C3,134665,1,1213.25,1,7.5,early25,False
A-G1.042-C3,134665,1,1217.5,2,4.25,early25,False
A-G1.042-C3,134665,1,1259.75,2,42.25,early25,False
A-G1.042-C3,134665,1,1261.75,1,2.0,early25,False
A-G1.042-C3,134665,1,1265.25,1,3.5,early25,False
A-G1.042-C3,134665,1,1269.0,2,3.75,early25,False
A-G1.042-C3,134665,1,1274.75,1,5.75,early25,False
A-G1.042-C3,134665,1,1277.25,1,2.5,early25,False
A-G1.042-C3,134665,1,1280.25,1,3.0,early25,False
A-G1.042-C3,134665,1,1288.75,1,8.5,early25,False
A-G1.042-C3,134665,1,1308.75,2,20.0,early25,False
A-G1.042-C3,134665,1,1315.25,1,6.5,early25,False
A-G1.042-C3,134665,1,1320.25,1,5.0,early25,False
A-G1.042-C3,134665,1,1328.5,2,8.25,early25,False
A-G1.042-C3,134665,1,1335.0,2,6.5,early25,False
A-G1.042-C3,134665,1,1338.5,1,3.5,early25,False
A-G1.042-C3,134665,1,1363.0,1,24.5,middle50,False
A-G1.042-C3,134665,1,1367.75,16,4.75,middle50,False
A-G1.042-C3,134665,1,1369.5,1,1.75,middle50,False
A-G1.042-C3,134665,1,1372.0,1,2.5,middle50,False
A-G1.042-C3,134665,1,1373.75,1,1.75,middle50,False
A-G1.042-C3,134665,1,1375.75,1,2.0,middle50,False
A-G1.042-C3,134665,1,1378.75,1,3.0,middle50,False
A-G1.042-C3,134665,1,1380.75,1,2.0,middle50,False
A-G1.042-C3,134665,1,1389.0,1,8.25,middle50,False
A-G1.042-C3,134665,1,1391.75,1,2.75,middle50,False
A-G1.042-C3,134665,1,1401.5,5,9.75,middle50,False
A-G1.042-C3,134665,1,1536.25,1,134.75,middle50,False
A-G1.042-C3,134665,1,1542.5,1,6.25,middle50,False
A-G1.042-C3,134665,1,1545.5,1,3.0,middle50,False
A-G1.042-C3,134665,1,1548.75,1,3.25,middle50,False
A-G1.042-C3,134665,1,1552.5,1,3.75,middle50,False
A-G1.042-C3,134665,1,1557.0,1,4.5,middle50,False
A-G1.042-C3,134665,1,1560.75,1,3.75,middle50,False
A-G1.042-C3,134665,1,1585.0,1,24.25,middle50,False
A-G1.042-C3,134665,1,1588.0,1,3.0,middle50,False
A-G1.042-C3,134665,1,1590.5,13,2.5,middle50,False
A-G1.042-C3,134665,1,1592.25,1,1.75,middle50,False
A-G1.042-C3,134665,1,1594.75,1,2.5,middle50,False
A-G1.042-C3,134665,1,1597.25,1,2.5,middle50,False
A-G1.042-C3,134665,1,1608.5,1,11.25,middle50,False
A-G1.042-C3,134665,1,1615.5,1,7.0,middle50,False
A-G1.042-C3,134665,1,1617.25,1,1.75,middle50,False
A-G1.042-C3,134665,1,1637.5,1,20.25,middle50,False
A-G1.042-C3,134665,1,1640.25,1,2.75,middle50,False
A-G1.042-C3,134665,1,1644.25,1,4.0,middle50,False
A-G1.042-C3,134665,1,1647.75,1,3.5,middle50,False
A-G1.042-C3,134665,1,1653.25,1,5.5,middle50,False
A-G1.042-C3,134665,1,1656.0,11,2.75,middle50,False
A-G1.042-C3,134665,1,1658.25,1,2.25,middle50,False
A-G1.042-C3,134665,1,1660.75,1,2.5,middle50,False
A-G1.042-C3,134665,1,1693.25,1,32.5,late25,False
A-G1.042-C3,134665,1,1699.5,1,6.25,late25,False
A-G1.042-C3,134665,1,1702.0,1,2.5,late25,False
A-G1.042-C3,134665,1,1706.75,1,4.75,late25,False
A-G1.042-C3,134665,1,1712.0,1,5.25,late25,False
A-G1.042-C3,134665,1,1714.75,1,2.75,late25,False
A-G1.042-C3,134665,1,1725.75,1,11.0,late25,False
A-G1.042-C3,134665,2,1844.25,1,118.5,early25,False
A-G1.042-C3,134665,2,1847.0,2,2.75,early25,False
A-G1.042-C3,134665,2,1850.5,2,3.5,early25,False
A-G1.042-C3,134665,2,1855.5,1,5.0,early25,False
A-G1.042-C3,134665,2,1862.0,2,6.5,early25,False
A-G1.042-C3,134665,2,1869.75,1,7.75,early25,False
A-G1.042-C3,134665,2,1903.0,1,33.25,early25,False
A-G1.042-C3,134665,2,1905.5,1,2.5,early25,False
A-G1.042-C3,134665,2,1910.25,2,4.75,early25,False
A-G1.042-C3,134665,2,1911.75,1,1.5,early25,False
A-G1.042-C3,134665,2,1913.25,2,1.5,early25,False
A-G1.042-C3,134665,2,1918.5,3,5.25,early25,False
A-G1.042-C3,134665,2,1923.25,1,4.75,early25,False
A-G1.042-C3,134665,2,1925.5,2,2.25,early25,False
A-G1.042-C3,134665,2,1929.5,1,4.0,early25,False
A-G1.042-C3,134665,2,1936.75,2,7.25,early25,False
A-G1.042-C3,134665,2,1952.5,1,15.75,early25,False
A-G1.042-C3,134665,2,1955.5,1,3.0,early25,False
A-G1.042-C3,134665,2,1959.25,1,3.75,early25,False
A-G1.042-C3,134665,2,1963.25,3,4.0,early25,False
A-G1.042-C3,134665,2,1966.25,1,3.0,early25,False
A-G1.042-C3,134665,2,1969.25,1,3.0,early25,False
A-G1.042-C3,134665,2,1973.0,1,3.75,early25,False
A-G1.042-C3,134665,2,2006.5,1,33.5,early25,False
A-G1.042-C3,134665,2,2009.75,2,3.25,early25,False
A-G1.042-C3,134665,2,2012.0,2,2.25,early25,False
A-G1.042-C3,134665,2,2016.5,1,4.5,early25,False
A-G1.042-C3,134665,2,2018.0,1,1.5,early25,False
A-G1.042-C3,134665,2,2021.75,2,3.75,early25,False
A-G1.042-C3,134665,2,2023.5,1,1.75,early25,False
A-G1.042-C3,134665,2,2025.5,1,2.0,early25,False
A-G1.042-C3,134665,2,2030.0,2,4.5,early25,False
A-G1.042-C3,134665,2,2044.25,2,14.25,early25,False
A-G1.042-C3,134665,2,2050.25,5,6.0,early25,False
A-G1.042-C3,134665,2,2187.75,1,137.5,middle50,False
A-G1.042-C3,134665,2,2191.75,1,4.0,middle50,False
A-G1.042-C3,134665,2,2197.5,1,5.75,middle50,False
A-G1.042-C3,134665,2,2206.0,2,8.5,middle50,False
A-G1.042-C3,134665,2,2213.25,3,7.25,middle50,False
A-G1.042-C3,134665,2,2246.75,1,33.5,middle50,False
A-G1.042-C3,134665,2,2250.75,1,4.0,middle50,False
A-G1.042-C3,134665,2,2255.0,2,4.25,middle50,False
A-G1.042-C3,134665,2,2259.25,2,4.25,middle50,False
A-G1.042-C3,134665,2,2260.75,1,1.5,middle50,False
A-G1.042-C3,134665,2,2268.25,1,7.5,middle50,False
A-G1.042-C3,134665,2,2272.75,2,4.5,middle50,False
A-G1.042-C3,134665,2,2294.25,1,21.5,middle50,False
A-G1.042-C3,134665,2,2297.25,1,3.0,middle50,False
A-G1.042-C3,134665,2,2301.25,1,4.0,middle50,False
A-G1.042-C3,134665,2,2306.5,2,5.25,middle50,False
A-G1.042-C3,134665,2,2311.0,2,4.5,middle50,False
A-G1.042-C3,134665,2,2317.0,1,6.0,middle50,False
A-G1.042-C3,134665,2,2321.0,10,4.0,middle50,False
A-G1.042-C3,134665,2,2348.25,1,27.25,middle50,False
A-G1.042-C3,134665,2,2355.25,1,7.0,middle50,False
A-G1.042-C3,134665,2,2369.5,2,14.25,middle50,False
A-G1.042-C3,134665,2,2372.75,1,3.25,middle50,False
A-G1.042-C3,134665,2,2386.5,1,13.75,middle50,False
A-G1.042-C3,134665,2,2518.0,1,131.5,middle50,False
A-G1.042-C3,134665,2,2521.25,1,3.25,middle50,False
A-G1.042-C3,134665,2,2524.5,1,3.25,middle50,False
A-G1.042-C3,134665,2,2537.5,1,13.0,middle50,False
A-G1.042-C3,134665,2,2540.25,1,2.75,middle50,False
A-G1.042-C3,134665,2,2545.0,1,4.75,middle50,False
A-G1.042-C3,134665,2,2549.25,1,4.25,middle50,False
A-G1.042-C3,134665,2,2571.25,1,22.0,middle50,False
A-G1.042-C3,134665,2,2577.25,9,6.0,late25,False
A-G1.042-C3,134665,2,2579.75,1,2.5,late25,False
A-G1.042-C3,134665,2,2585.75,1,6.0,late25,False
A-G1.042-C3,134665,2,2588.25,1,2.5,late25,False
A-G1.042-C3,134665,2,2593.0,1,4.75,late25,False
A-G1.042-C3,134665,2,2596.75,1,3.75,late25,False
A-G1.042-C3,134665,2,2601.0,1,4.25,late25,False
A-G1.042-C3,134665,2,2602.5,1,1.5,late25,False
A-G1.042-C3,134665,2,2627.25,1,24.75,late25,False
A-G1.042-C3,134665,2,2631.5,1,4.25,late25,False
A-G1.042-C3,134665,2,2633.5,1,2.0,late25,False
A-G1.042-C3,134665,2,2637.75,1,4.25,late25,False
A-G1.042-C3,134665,2,2643.25,1,5.5,late25,False
A-G1.042-C3,134665,2,2648.25,1,5.0,late25,False
A-G1.042-C3,134665,2,2650.75,1,2.5,late25,False
A-G1.042-C3,134665,2,2685.25,2,34.5,late25,False
A-G1.042-C3,134665,2,2696.75,1,11.5,late25,False
A-G1.042-C3,134665,2,2700.75,2,4.0,late25,False
A-G1.042-C3,134665,2,2704.5,1,3.75,late25,False
A-G1.042-C3,134665,2,2711.0,1,6.5,late25,False
A-G1.042-C3,134665,2,2714.5,1,3.5,late25,False
A-G1.042-C3,134665,2,2722.75,2,8.25,late25,False
A-G1.042-C3,134665,3,2839.75,2,117.0,early25,True
A-G1.042-C3,134665,3,2842.5,2,2.75,early25,True
A-G1.042-C3,134665,3,2847.75,2,5.25,early25,True
A-G1.042-C3,134665,3,2851.25,2,3.5,early25,True
A-G1.042-C3,134665,3,2854.5,1,3.25,early25,True
A-G1.042-C3,134665,3,2857.5,1,3.0,early25,True
A-G1.042-C3,134665,3,2861.5,2,4.0,early25,True
A-G1.042-C3,134665,3,2864.25,1,2.75,early25,True
A-G1.042-C3,134665,3,2867.25,1,3.0,early25,True
A-G1.042-C3,134665,3,2870.5,1,3.25,early25,True
A-G1.042-C3,134665,3,2896.25,2,25.75,early25,True
A-G1.042-C3,134665,3,2899.0,1,2.75,early25,True
A-G1.042-C3,134665,3,2901.0,1,2.0,early25,True
A-G1.042-C3,134665,3,2903.75,1,2.75,early25,True
A-G1.042-C3,134665,3,2906.0,12,2.25,early25,True
A-G1.042-C3,134665,3,2908.75,1,2.75,early25,True
A-G1.042-C3,134665,3,2913.75,2,5.0,early25,True
A-G1.042-C3,134665,3,2917.25,1,3.5,early25,True
A-G1.042-C3,134665,3,2921.75,1,4.5,early25,True
A-G1.042-C3,134665,3,2928.0,2,6.25,early25,True
A-G1.042-C3,134665,3,2936.75,7,8.75,early25,True
A-G1.042-C3,134665,3,2950.0,1,13.25,early25,True
A-G1.042-C3,134665,3,2953.5,1,3.5,early25,True
A-G1.042-C3,134665,3,2956.5,1,3.0,early25,True
A-G1.042-C3,134665,3,2960.75,1,4.25,early25,True
A-G1.042-C3,134665,3,2964.25,1,3.5,early25,True
A-G1.042-C3,134665,3,2970.0,1,5.75,early25,True
A-G1.042-C3,134665,3,2972.75,8,2.75,early25,True
A-G1.042-C3,134665,3,2974.75,4,2.0,early25,True
A-G1.042-C3,134665,3,3004.25,1,29.5,early25,True
A-G1.042-C3,134665,3,3006.0,1,1.75,early25,True
A-G1.042-C3,134665,3,3015.5,2,9.5,early25,True
A-G1.042-C3,134665,3,3025.75,2,10.25,middle50,True
A-G1.042-C3,134665,3,3031.0,1,5.25,middle50,True
A-G1.042-C3,134665,3,3058.5,2,27.5,middle50,True
A-G1.042-C3,134665,3,3063.75,1,5.25,middle50,True
A-G1.042-C3,134665,3,3082.25,1,18.5,middle50,True
A-G1.042-C3,134665,3,3110.75,1,28.5,middle50,True
A-G1.042-C3,134665,3,3117.75,1,7.0,middle50,True
A-G1.042-C3,134665,3,3121.75,1,4.0,middle50,True
A-G1.042-C3,134665,3,3127.0,1,5.25,middle50,True
A-G1.042-C3,134665,3,3132.0,1,5.0,middle50,True
A-G1.042-C3,134665,3,3137.25,2,5.25,middle50,True
A-G1.042-C3,134665,3,3144.0,2,6.75,middle50,True
A-G1.042-C3,134665,3,3161.25,1,17.25,middle50,True
A-G1.042-C3,134665,3,3172.0,1,10.75,middle50,True
A-G1.042-C3,134665,3,3181.25,1,9.25,middle50,True
A-G1.042-C3,134665,3,3209.25,1,28.0,middle50,True
A-G1.042-C3,134665,3,3217.5,1,8.25,middle50,True
A-G1.042-C3,134665,3,3223.75,1,6.25,middle50,True
A-G1.042-C3,134665,3,3227.5,1,3.75,middle50,True
A-G1.042-C3,134665,3,3234.0,1,6.5,middle50,True
A-G1.042-C3,134665,3,3236.5,1,2.5,middle50,True
A-G1.042-C3,134665,3,3259.5,1,23.0,middle50,True
A-G1.042-C3,134665,3,3267.25,1,7.75,middle50,True
A-G1.042-C3,134665,3,3273.25,1,6.0,middle50,True
A-G1.042-C3,134665,3,3279.5,2,6.25,middle50,True
A-G1.042-C3,134665,3,3319.5,1,40.0,middle50,True
A-G1.042-C3,134665,3,3323.25,1,3.75,middle50,True
A-G1.042-C3,134665,3,3334.75,1,11.5,middle50,True
A-G1.042-C3,134665,3,3340.5,2,5.75,middle50,True
A-G1.042-C3,134665,3,3361.5,1,21.0,middle50,True
A-G1.042-C3,134665,3,3369.0,1,7.5,middle50,True
A-G1.042-C3,134665,3,3372.75,1,3.75,middle50,True
A-G1.042-C3,134665,3,3376.0,1,3.25,middle50,True
A-G1.042-C3,134665,3,3382.25,1,6.25,middle50,True
A-G1.042-C3,134665,3,3386.25,6,4.0,middle50,True
A-G1.042-C3,134665,3,3414.5,1,28.25,late25,True
A-G1.042-C3,134665,3,3421.25,1,6.75,late25,True
A-G1.042-C3,134665,3,3423.75,1,2.5,late25,True
A-G1.042-C3,134665,3,3445.25,1,21.5,late25,True
A-G1.042-C3,134665,3,3596.5,1,151.25,late25,True
A-G1.042-C3,142584,0,0.25,3,,early25,False
A-G1.042-C3,142584,0,8.25,1,8.0,early25,False
A-G1.042-C3,142584,0,21.75,1,13.5,early25,False
A-G1.042-C3,142584,0,36.75,1,15.0,early25,False
A-G1.042-C3,142584,0,45.0,1,8.25,early25,False
A-G1.042-C3,142584,0,48.5,1,3.5,early25,False
A-G1.042-C3,142584,0,53.0,1,4.5,early25,False
A-G1.042-C3,142584,0,107.75,1,54.75,early25,False
A-G1.042-C3,142584,0,113.75,1,6.0,early25,False
A-G1.042-C3,142584,0,167.5,1,53.75,early25,False
A-G1.042-C3,142584,0,208.0,1,40.5,middle50,False
A-G1.042-C3,142584,0,217.0,1,9.0,middle50,False
A-G1.042-C3,142584,0,223.0,1,6.0,middle50,False
A-G1.042-C3,142584,0,228.5,1,5.5,middle50,False
A-G1.042-C3,142584,0,234.75,1,6.25,middle50,False
A-G1.042-C3,142584,0,274.25,1,39.5,middle50,False
A-G1.042-C3,142584,0,280.0,1,5.75,middle50,False
A-G1.042-C3,142584,0,289.5,1,9.5,middle50,False
A-G1.042-C3,142584,0,294.0,1,4.5,middle50,False
A-G1.042-C3,142584,0,333.0,1,39.0,middle50,False
A-G1.042-C3,142584,0,335.75,1,2.75,middle50,False
A-G1.042-C3,142584,0,342.25,1,6.5,middle50,False
A-G1.042-C3,142584,0,347.75,1,5.5,middle50,False
A-G1.042-C3,142584,0,350.5,1,2.75,middle50,False
A-G1.042-C3,142584,0,359.75,1,9.25,middle50,False
A-G1.042-C3,142584,0,372.5,4,12.75,middle50,False
A-G1.042-C3,142584,0,515.0,1,142.5,middle50,False
A-G1.042-C3,142584,0,523.25,1,8.25,middle50,False
A-G1.042-C3,142584,0,529.75,1,6.5,middle50,False
A-G1.042-C3,142584,0,535.0,1,5.25,middle50,False
A-G1.042-C3,142584,0,537.75,1,2.75,middle50,False
A-G1.042-C3,142584,0,543.5,1,5.75,middle50,False
A-G1.042-C3,142584,0,575.0,1,31.5,middle50,False
A-G1.042-C3,142584,0,580.25,1,5.25,middle50,False
A-G1.042-C3,142584,0,587.0,1,6.75,middle50,False
A-G1.042-C3,142584,0,595.0,1,8.0,middle50,False
A-G1.042-C3,142584,0,601.0,1,6.0,middle50,False
A-G1.042-C3,142584,0,607.25,1,6.25,middle50,False
A-G1.042-C3,142584,0,632.25,1,25.0,late25,False
A-G1.042-C3,142584,0,636.75,1,4.5,late25,False
A-G1.042-C3,142584,0,642.75,1,6.0,late25,False
A-G1.042-C3,142584,0,648.5,1,5.75,late25,False
A-G1.042-C3,142584,0,652.75,1,4.25,late25,False
A-G1.042-C3,142584,0,683.25,1,30.5,late25,False
A-G1.042-C3,142584,0,686.75,1,3.5,late25,False
A-G1.042-C3,142584,0,690.0,1,3.25,late25,False
A-G1.042-C3,142584,0,693.5,1,3.5,late25,False
A-G1.042-C3,142584,0,698.25,1,4.75,late25,False
A-G1.042-C3,142584,0,704.25,1,6.0,late25,False
A-G1.042-C3,142584,0,707.75,1,3.5,late25,False
A-G1.042-C3,142584,0,719.75,1,12.0,late25,False
A-G1.042-C3,142584,1,837.0,2,117.25,early25,False
A-G1.042-C3,142584,1,851.25,1,14.25,early25,False
A-G1.042-C3,142584,1,853.75,1,2.5,early25,False
A-G1.042-C3,142584,1,861.0,1,7.25,early25,False
A-G1.042-C3,142584,1,863.25,1,2.25,early25,False
A-G1.042-C3,142584,1,866.0,2,2.75,early25,False
A-G1.042-C3,142584,1,870.5,1,4.5,early25,False
A-G1.042-C3,142584,1,878.25,2,7.75,early25,False
A-G1.042-C3,142584,1,885.25,3,7.0,early25,False
A-G1.042-C3,142584,1,907.75,1,22.5,early25,False
A-G1.042-C3,142584,1,911.75,1,4.0,early25,False
A-G1.042-C3,142584,1,916.0,10,4.25,early25,False
A-G1.042-C3,142584,1,919.0,1,3.0,early25,False
A-G1.042-C3,142584,1,920.25,1,1.25,early25,False
A-G1.042-C3,142584,1,927.75,2,7.5,early25,False
A-G1.042-C3,142584,1,931.75,2,4.0,early25,False
A-G1.042-C3,142584,1,932.75,1,1.0,early25,False
A-G1.042-C3,142584,1,933.5,1,0.75,early25,False
A-G1.042-C3,142584,1,939.5,1,6.0,early25,False
A-G1.042-C3,142584,1,948.0,5,8.5,early25,False
A-G1.042-C3,142584,1,1091.25,4,143.25,middle50,False
A-G1.042-C3,142584,1,1093.0,5,1.75,middle50,False
A-G1.042-C3,142584,1,1099.5,1,6.5,middle50,False
A-G1.042-C3,142584,1,1103.25,2,3.75,middle50,False
A-G1.042-C3,142584,1,1107.0,1,3.75,middle50,False
A-G1.042-C3,142584,1,1111.0,1,4.0,middle50,False
A-G1.042-C3,142584,1,1115.5,1,4.5,middle50,False
A-G1.042-C3,142584,1,1121.0,1,5.5,middle50,False
A-G1.042-C3,142584,1,1145.0,2,24.0,middle50,False
A-G1.042-C3,142584,1,1150.75,1,5.75,middle50,False
A-G1.042-C3,142584,1,1153.5,16,2.75,middle50,False
A-G1.042-C3,142584,1,1159.5,1,6.0,middle50,False
A-G1.042-C3,142584,1,1161.0,1,1.5,middle50,False
A-G1.042-C3,142584,1,1166.0,2,5.0,middle50,False
A-G1.042-C3,142584,1,1168.75,1,2.75,middle50,False
A-G1.042-C3,142584,1,1170.75,1,2.0,middle50,False
A-G1.042-C3,142584,1,1171.75,3,1.0,middle50,False
A-G1.042-C3,142584,1,1172.5,1,0.75,middle50,False
A-G1.042-C3,142584,1,1194.75,1,22.25,middle50,False
A-G1.042-C3,142584,1,1199.5,1,4.75,middle50,False
A-G1.042-C3,142584,1,1202.25,1,2.75,middle50,False
A-G1.042-C3,142584,1,1205.25,1,3.0,middle50,False
A-G1.042-C3,142584,1,1208.25,1,3.0,middle50,False
A-G1.042-C3,142584,1,1215.5,1,7.25,middle50,False
A-G1.042-C3,142584,1,1218.25,1,2.75,middle50,False
A-G1.042-C3,142584,1,1249.75,1,31.5,middle50,False
A-G1.042-C3,142584,1,1254.5,1,4.75,late25,False
A-G1.042-C3,142584,1,1256.75,1,2.25,late25,False
A-G1.042-C3,142584,1,1259.5,1,2.75,late25,False
A-G1.042-C3,142584,1,1261.25,1,1.75,late25,False
A-G1.042-C3,142584,1,1263.5,1,2.25,late25,False
A-G1.042-C3,142584,1,1266.5,1,3.0,late25,False
A-G1.042-C3,142584,1,1268.75,1,2.25,late25,False
A-G1.042-C3,142584,1,1275.75,1,7.0,late25,False
A-G1.042-C3,142584,1,1277.5,1,1.75,late25,False
A-G1.042-C3,142584,1,1285.25,1,7.75,late25,False
A-G1.042-C3,142584,1,1291.25,3,6.0,late25,False
A-G1.042-C3,142584,1,1388.25,1,97.0,late25,False
A-G1.042-C3,142584,1,1391.25,1,3.0,late25,False
A-G1.042-C3,142584,2,1405.75,1,14.5,early25,False
A-G1.042-C3,142584,2,1410.0,2,4.25,early25,False
A-G1.042-C3,142584,2,1411.25,6,1.25,early25,False
A-G1.042-C3,142584,2,1413.5,1,2.25,early25,False
A-G1.042-C3,142584,2,1417.0,2,3.5,early25,False
A-G1.042-C3,142584,2,1418.0,1,1.0,early25,False
A-G1.042-C3,142584,2,1419.25,6,1.25,early25,False
A-G1.042-C3,142584,2,1420.5,1,1.25,early25,False
A-G1.042-C3,142584,2,1422.5,1,2.0,early25,False
A-G1.042-C3,142584,2,1424.75,1,2.25,early25,False
A-G1.042-C3,142584,2,1427.75,1,3.0,early25,False
A-G1.042-C3,142584,2,1431.5,2,3.75,early25,False
A-G1.042-C3,142584,2,1436.0,1,4.5,early25,False
A-G1.042-C3,142584,2,1441.25,2,5.25,early25,False
A-G1.042-C3,142584,2,1463.75,2,22.5,early25,False
A-G1.042-C3,142584,2,1466.25,1,2.5,early25,False
A-G1.042-C3,142584,2,1469.75,1,3.5,early25,False
A-G1.042-C3,142584,2,1472.75,19,3.0,early25,False
A-G1.042-C3,142584,2,1477.75,1,5.0,early25,False
A-G1.042-C3,142584,2,1478.5,4,0.75,early25,False
A-G1.042-C3,142584,2,1479.0,1,0.5,early25,False
A-G1.042-C3,142584,2,1479.5,3,0.5,early25,False
A-G1.042-C3,142584,2,1480.25,1,0.75,early25,False
A-G1.042-C3,142584,2,1480.75,3,0.5,early25,False
A-G1.042-C3,142584,2,1481.5,1,0.75,early25,False
A-G1.042-C3,142584,2,1482.25,4,0.75,early25,False
A-G1.042-C3,142584,2,1483.25,1,1.0,early25,False
A-G1.042-C3,142584,2,1488.75,3,5.5,early25,False
A-G1.042-C3,142584,2,1492.5,1,3.75,early25,False
A-G1.042-C3,142584,2,1497.75,2,5.25,early25,False
A-G1.042-C3,142584,2,1504.0,5,6.25,early25,False
A-G1.042-C3,142584,2,1631.0,1,127.0,middle50,False
A-G1.042-C3,142584,2,1636.25,1,5.25,middle50,False
A-G1.042-C3,142584,2,1638.25,1,2.0,middle50,False
A-G1.042-C3,142584,2,1640.75,1,2.5,middle50,False
A-G1.042-C3,142584,2,1646.25,1,5.5,middle50,False
A-G1.042-C3,142584,2,1651.5,2,5.25,middle50,False
A-G1.042-C3,142584,2,1667.75,1,16.25,middle50,False
A-G1.042-C3,142584,2,1669.0,1,1.25,middle50,False
A-G1.042-C3,142584,2,1687.75,1,18.75,middle50,False
A-G1.042-C3,142584,2,1692.0,2,4.25,middle50,False
A-G1.042-C3,142584,2,1698.5,1,6.5,middle50,False
A-G1.042-C3,142584,2,1702.75,3,4.25,middle50,False
A-G1.042-C3,142584,2,1706.0,1,3.25,middle50,False
A-G1.042-C3,142584,2,1710.0,1,4.0,middle50,False
A-G1.042-C3,142584,2,1714.25,2,4.25,middle50,False
A-G1.042-C3,142584,2,1717.0,1,2.75,middle50,False
A-G1.042-C3,142584,2,1721.0,1,4.0,middle50,False
A-G1.042-C3,142584,2,1727.0,4,6.0,middle50,False
A-G1.042-C3,142584,2,1739.0,1,12.0,middle50,False
A-G1.042-C3,142584,2,1741.75,1,2.75,middle50,False
A-G1.042-C3,142584,2,1744.75,1,3.0,middle50,False
A-G1.042-C3,142584,2,1747.75,1,3.0,middle50,False
A-G1.042-C3,142584,2,1753.5,1,5.75,middle50,False
A-G1.042-C3,142584,2,1756.5,1,3.0,middle50,False
A-G1.042-C3,142584,2,1764.75,1,8.25,middle50,False
A-G1.042-C3,142584,2,1794.5,2,29.75,middle50,False
A-G1.042-C3,142584,2,1799.0,1,4.5,late25,False
A-G1.042-C3,142584,2,1806.25,2,7.25,late25,False
A-G1.042-C3,142584,2,1810.5,2,4.25,late25,False
A-G1.042-C3,142584,2,1814.5,1,4.0,late25,False
A-G1.042-C3,142584,2,1817.75,1,3.25,late25,False
A-G1.042-C3,142584,2,1821.5,1,3.75,late25,False
A-G1.042-C3,142584,2,1830.0,1,8.5,late25,False
A-G1.042-C3,142584,3,1956.75,2,126.75,early25,True
A-G1.042-C3,142584,3,1963.0,3,6.25,early25,True
A-G1.042-C3,142584,3,1967.75,3,4.75,early25,True
A-G1.042-C3,142584,3,1970.75,2,3.0,early25,True
A-G1.042-C3,142584,3,1974.25,1,3.5,early25,True
A-G1.042-C3,142584,3,1977.5,2,3.25,early25,True
A-G1.042-C3,142584,3,1981.75,2,4.25,early25,True
A-G1.042-C3,142584,3,2006.25,1,24.5,early25,True
A-G1.042-C3,142584,3,2008.25,2,2.0,early25,True
A-G1.042-C3,142584,3,2011.25,1,3.0,early25,True
A-G1.042-C3,142584,3,2013.75,16,2.5,early25,True
A-G1.042-C3,142584,3,2019.0,2,5.25,early25,True
A-G1.042-C3,142584,3,2021.75,2,2.75,early25,True
A-G1.042-C3,142584,3,2027.5,2,5.75,early25,True
A-G1.042-C3,142584,3,2030.25,1,2.75,early25,True
A-G1.042-C3,142584,3,2054.0,1,23.75,early25,True
A-G1.042-C3,142584,3,2056.5,1,2.5,early25,True
A-G1.042-C3,142584,3,2059.25,2,2.75,early25,True
A-G1.042-C3,142584,3,2064.75,1,5.5,early25,True
A-G1.042-C3,142584,3,2066.5,1,1.75,early25,True
A-G1.042-C3,142584,3,2069.25,1,2.75,early25,True
A-G1.042-C3,142584,3,2077.25,2,8.0,early25,True
A-G1.042-C3,142584,3,2112.5,2,35.25,early25,True
A-G1.042-C3,142584,3,2120.25,3,7.75,early25,True
A-G1.042-C3,142584,3,2126.0,2,5.75,early25,True
A-G1.042-C3,142584,3,2138.75,3,12.75,early25,True
A-G1.042-C3,142584,3,2156.75,1,18.0,early25,True
A-G1.042-C3,142584,3,2160.0,1,3.25,early25,True
A-G1.042-C3,142584,3,2164.5,1,4.5,early25,True
A-G1.042-C3,142584,3,2169.0,1,4.5,early25,True
A-G1.042-C3,142584,3,2173.75,1,4.75,early25,True
A-G1.042-C3,142584,3,2178.25,2,4.5,early25,True
A-G1.042-C3,142584,3,2181.5,1,3.25,early25,True
A-G1.042-C3,142584,3,2185.25,11,3.75,early25,True
A-G1.042-C3,142584,3,2216.0,1,30.75,early25,True
A-G1.042-C3,142584,3,2223.25,2,7.25,early25,True
A-G1.042-C3,142584,3,2228.75,2,5.5,early25,True
A-G1.042-C3,142584,3,2234.0,2,5.25,early25,True
A-G1.042-C3,142584,3,2236.75,1,2.75,early25,True
A-G1.042-C3,142584,3,2242.0,2,5.25,early25,True
A-G1.042-C3,142584,3,2262.25,1,20.25,early25,True
A-G1.042-C3,142584,3,2265.75,1,3.5,early25,True
A-G1.042-C3,142584,3,2269.25,1,3.5,early25,True
A-G1.042-C3,142584,3,2273.75,1,4.5,early25,True
A-G1.042-C3,142584,3,2277.75,1,4.0,early25,True
A-G1.042-C3,142584,3,2281.5,1,3.75,early25,True
A-G1.042-C3,142584,3,2284.5,1,3.0,early25,True
A-G1.042-C3,142584,3,2288.25,1,3.75,early25,True
A-G1.042-C3,142584,3,2316.0,9,27.75,early25,True
A-G1.042-C3,142584,3,2319.75,1,3.75,early25,True
A-G1.042-C3,142584,3,2325.25,1,5.5,early25,True
A-G1.042-C3,142584,3,2331.0,2,5.75,early25,True
A-G1.042-C3,142584,3,2338.5,1,7.5,early25,True
A-G1.042-C3,142584,3,2345.75,1,7.25,early25,True
A-G1.042-C3,142584,3,2370.75,1,25.0,middle50,True
A-G1.042-C3,142584,3,2378.5,2,7.75,middle50,True
A-G1.042-C3,142584,3,2384.75,1,6.25,middle50,True
A-G1.042-C3,142584,3,2388.0,1,3.25,middle50,True
A-G1.042-C3,142584,3,2392.25,1,4.25,middle50,True
A-G1.042-C3,142584,3,2422.5,1,30.25,middle50,True
A-G1.042-C3,142584,3,2425.0,1,2.5,middle50,True
A-G1.042-C3,142584,3,2432.5,1,7.5,middle50,True
A-G1.042-C3,142584,3,2441.75,2,9.25,middle50,True
A-G1.042-C3,142584,3,2446.75,1,5.0,middle50,True
A-G1.042-C3,142584,3,2464.25,5,17.5,middle50,True
A-G1.042-C3,142584,3,2477.25,1,13.0,middle50,True
A-G1.042-C3,142584,3,2481.25,1,4.0,middle50,True
A-G1.042-C3,142584,3,2488.25,1,7.0,middle50,True
A-G1.042-C3,142584,3,2494.5,1,6.25,middle50,True
A-G1.042-C3,142584,3,2498.5,7,4.0,middle50,True
A-G1.042-C3,142584,3,2531.75,1,33.25,middle50,True
A-G1.042-C3,142584,3,2536.25,1,4.5,middle50,True
A-G1.042-C3,142584,3,2544.25,1,8.0,middle50,True
A-G1.042-C3,142584,3,2547.75,3,3.5,middle50,True
A-G1.042-C3,142584,3,2557.75,1,10.0,middle50,True
A-G1.042-C3,142584,3,2715.25,1,157.5,middle50,True
A-G1.042-C3,142584,3,2721.75,1,6.5,middle50,True
A-G1.042-C3,142584,3,2728.75,1,7.0,middle50,True
A-G1.042-C3,142584,3,2737.5,1,8.75,middle50,True
A-G1.042-C3,142584,3,2765.25,1,27.75,middle50,True
A-G1.042-C3,142584,3,2770.75,5,5.5,middle50,True
A-G1.042-C3,142584,3,2776.5,1,5.75,middle50,True
A-G1.042-C3,142584,3,2784.0,1,7.5,middle50,True
A-G1.042-C3,142584,3,2789.25,1,5.25,middle50,True
A-G1.042-C3,142584,3,2817.25,1,28.0,middle50,True
A-G1.042-C3,142584,3,2825.25,1,8.0,middle50,True
A-G1.042-C3,142584,3,2836.75,1,11.5,middle50,True
A-G1.042-C3,142584,3,2842.5,1,5.75,middle50,True
A-G1.042-C3,142584,3,2880.0,1,37.5,middle50,True
A-G1.042-C3,142584,3,2884.75,1,4.75,middle50,True
A-G1.042-C3,142584,3,2895.0,1,10.25,middle50,True
A-G1.042-C3,142584,3,2902.5,1,7.5,middle50,True
A-G1.042-C3,142584,3,2914.0,3,11.5,middle50,True
A-G1.042-C3,142584,3,3046.5,1,132.5,middle50,True
A-G1.042-C3,142584,3,3056.25,1,9.75,middle50,True
A-G1.042-C3,142584,3,3061.75,1,5.5,middle50,True
A-G1.042-C3,142584,3,3064.25,2,2.5,middle50,True
A-G1.042-C3,142584,3,3101.75,1,37.5,middle50,True
A-G1.042-C3,142584,3,3112.5,1,10.75,middle50,True
A-G1.042-C3,142584,3,3124.25,1,11.75,middle50,True
A-G1.042-C3,142584,3,3134.75,1,10.5,middle50,True
A-G1.042-C3,142584,3,3141.75,2,7.0,middle50,True
A-G1.042-C3,142584,3,3151.75,1,10.0,middle50,True
A-G1.042-C3,142584,3,3159.5,1,7.75,middle50,True
A-G1.042-C3,142584,3,3168.25,1,8.75,middle50,True
A-G1.042-C3,142584,3,3179.25,1,11.0,middle50,True
A-G1.042-C3,142584,3,3213.25,1,34.0,late25,True
A-G1.042-C3,142584,3,3225.0,1,11.75,late25,True
A-G1.042-C3,142584,3,3242.5,1,17.5,late25,True
A-G1.042-C3,142584,3,3384.25,1,141.75,late25,True
A-G1.042-C3,142584,3,3394.0,1,9.75,late25,True
A-G1.042-C3,142584,3,3433.25,1,39.25,late25,True
A-G1.042-C3,142584,3,3438.0,1,4.75,late25,True
A-G1.042-C3,142584,3,3449.5,1,11.5,late25,True
A-G1.042-C3,142584,3,3455.25,1,5.75,late25,True
A-G1.042-C3,142584,3,3489.25,1,34.0,late25,True
A-G1.042-C3,142584,3,3496.75,1,7.5,late25,True
A-G1.042-C3,142584,3,3540.75,1,44.0,late25,True
A-G1.042-C3,142584,3,3548.25,1,7.5,late25,True
A-G1.042-C3,142584,3,3564.25,1,16.0,late25,True
A-G1.042-C3,150503,0,0.25,3,,early25,False
A-G1.042-C3,150503,0,8.5,1,8.25,early25,False
A-G1.042-C3,150503,0,10.5,1,2.0,early25,False
A-G1.042-C3,150503,0,20.5,1,10.0,early25,False
A-G1.042-C3,150503,0,24.25,1,3.75,early25,False
A-G1.042-C3,150503,0,32.75,1,8.5,early25,False
A-G1.042-C3,150503,0,41.0,1,8.25,early25,False
A-G1.042-C3,150503,0,54.25,1,13.25,early25,False
A-G1.042-C3,150503,0,98.0,1,43.75,early25,False
A-G1.042-C3,150503,0,102.0,1,4.0,early25,False
A-G1.042-C3,150503,0,105.75,1,3.75,early25,False
A-G1.042-C3,150503,0,128.5,5,22.75,early25,False
A-G1.042-C3,150503,0,155.75,3,27.25,early25,False
A-G1.042-C3,150503,0,165.25,1,9.5,early25,False
A-G1.042-C3,150503,0,171.75,1,6.5,early25,False
A-G1.042-C3,150503,0,177.0,1,5.25,middle50,False
A-G1.042-C3,150503,0,207.75,1,30.75,middle50,False
A-G1.042-C3,150503,0,212.75,1,5.0,middle50,False
A-G1.042-C3,150503,0,218.25,1,5.5,middle50,False
A-G1.042-C3,150503,0,224.75,1,6.5,middle50,False
A-G1.042-C3,150503,0,232.0,1,7.25,middle50,False
A-G1.042-C3,150503,0,234.25,1,2.25,middle50,False
A-G1.042-C3,150503,0,242.75,1,8.5,middle50,False
A-G1.042-C3,150503,0,395.5,1,152.75,middle50,False
A-G1.042-C3,150503,0,410.75,1,15.25,middle50,False
A-G1.042-C3,150503,0,414.25,1,3.5,middle50,False
A-G1.042-C3,150503,0,417.75,1,3.5,middle50,False
A-G1.042-C3,150503,0,449.5,1,31.75,middle50,False
A-G1.042-C3,150503,0,454.5,1,5.0,middle50,False
A-G1.042-C3,150503,0,459.75,1,5.25,middle50,False
A-G1.042-C3,150503,0,461.75,1,2.0,middle50,False
A-G1.042-C3,150503,0,468.75,1,7.0,middle50,False
A-G1.042-C3,150503,0,475.25,1,6.5,middle50,False
A-G1.042-C3,150503,0,504.5,1,29.25,middle50,False
A-G1.042-C3,150503,0,511.25,1,6.75,middle50,False
A-G1.042-C3,150503,0,519.0,1,7.75,middle50,False
A-G1.042-C3,150503,0,526.0,1,7.0,middle50,False
A-G1.042-C3,150503,0,528.25,1,2.25,middle50,False
A-G1.042-C3,150503,0,533.5,1,5.25,late25,False
A-G1.042-C3,150503,0,566.75,1,33.25,late25,False
A-G1.042-C3,150503,0,570.5,1,3.75,late25,False
A-G1.042-C3,150503,0,578.0,1,7.5,late25,False
A-G1.042-C3,150503,0,581.75,1,3.75,late25,False
A-G1.042-C3,150503,0,586.0,1,4.25,late25,False
A-G1.042-C3,150503,0,588.75,1,2.75,late25,False
A-G1.042-C3,150503,0,597.5,1,8.75,late25,False
A-G1.042-C3,150503,1,728.0,1,130.5,early25,False
A-G1.042-C3,150503,1,730.5,1,2.5,early25,False
A-G1.042-C3,150503,1,732.75,1,2.25,early25,False
A-G1.042-C3,150503,1,734.0,1,1.25,early25,False
A-G1.042-C3,150503,1,735.75,1,1.75,early25,False
A-G1.042-C3,150503,1,737.75,1,2.0,early25,False
A-G1.042-C3,150503,1,740.25,2,2.5,early25,False
A-G1.042-C3,150503,1,743.25,1,3.0,early25,False
A-G1.042-C3,150503,1,748.25,1,5.0,early25,False
A-G1.042-C3,150503,1,752.75,1,4.5,early25,False
A-G1.042-C3,150503,1,785.25,2,32.5,early25,False
A-G1.042-C3,150503,1,788.75,2,3.5,early25,False
A-G1.042-C3,150503,1,792.25,1,3.5,early25,False
A-G1.042-C3,150503,1,798.5,1,6.25,early25,False
A-G1.042-C3,150503,1,801.25,1,2.75,early25,False
A-G1.042-C3,150503,1,806.25,1,5.0,early25,False
A-G1.042-C3,150503,1,809.75,1,3.5,early25,False
A-G1.042-C3,150503,1,811.25,1,1.5,early25,False
A-G1.042-C3,150503,1,821.0,2,9.75,early25,False
A-G1.042-C3,150503,1,838.75,1,17.75,early25,False
A-G1.042-C3,150503,1,848.5,2,9.75,early25,False
A-G1.042-C3,150503,1,853.0,1,4.5,early25,False
A-G1.042-C3,150503,1,858.75,2,5.75,early25,False
A-G1.042-C3,150503,1,863.25,2,4.5,early25,False
A-G1.042-C3,150503,1,899.75,1,36.5,middle50,False
A-G1.042-C3,150503,1,904.25,2,4.5,middle50,False
A-G1.042-C3,150503,1,911.75,2,7.5,middle50,False
A-G1.042-C3,150503,1,914.75,1,3.0,middle50,False
A-G1.042-C3,150503,1,921.0,1,6.25,middle50,False
A-G1.042-C3,150503,1,923.5,1,2.5,middle50,False
A-G1.042-C3,150503,1,925.75,1,2.25,middle50,False
A-G1.042-C3,150503,1,938.75,5,13.0,middle50,False
A-G1.042-C3,150503,1,1078.5,1,139.75,middle50,False
A-G1.042-C3,150503,1,1082.75,1,4.25,middle50,False
A-G1.042-C3,150503,1,1084.75,4,2.0,middle50,False
A-G1.042-C3,150503,1,1091.0,1,6.25,middle50,False
A-G1.042-C3,150503,1,1096.5,1,5.5,middle50,False
A-G1.042-C3,150503,1,1105.25,1,8.75,middle50,False
A-G1.042-C3,150503,1,1132.75,1,27.5,middle50,False
A-G1.042-C3,150503,1,1139.25,1,6.5,middle50,False
A-G1.042-C3,150503,1,1142.0,1,2.75,middle50,False
A-G1.042-C3,150503,1,1145.5,2,3.5,middle50,False
A-G1.042-C3,150503,1,1151.0,1,5.5,middle50,False
A-G1.042-C3,150503,1,1154.75,1,3.75,middle50,False
A-G1.042-C3,150503,1,1157.25,1,2.5,middle50,False
A-G1.042-C3,150503,1,1158.75,1,1.5,middle50,False
A-G1.042-C3,150503,1,1162.75,1,4.0,middle50,False
A-G1.042-C3,150503,1,1183.75,1,21.0,middle50,False
A-G1.042-C3,150503,1,1186.5,1,2.75,middle50,False
A-G1.042-C3,150503,1,1188.75,1,2.25,middle50,False
A-G1.042-C3,150503,1,1191.75,1,3.0,middle50,False
A-G1.042-C3,150503,1,1197.75,1,6.0,middle50,False
A-G1.042-C3,150503,1,1204.5,2,6.75,middle50,False
A-G1.042-C3,150503,1,1209.5,1,5.0,middle50,False
A-G1.042-C3,150503,1,1242.5,1,33.0,late25,False
A-G1.042-C3,150503,1,1245.25,1,2.75,late25,False
A-G1.042-C3,150503,1,1246.5,1,1.25,late25,False
A-G1.042-C3,150503,1,1247.75,1,1.25,late25,False
A-G1.042-C3,150503,1,1250.75,1,3.0,late25,False
A-G1.042-C3,150503,1,1253.25,1,2.5,late25,False
A-G1.042-C3,150503,1,1256.25,1,3.0,late25,False
A-G1.042-C3,150503,1,1259.25,1,3.0,late25,False
A-G1.042-C3,150503,1,1267.0,1,7.75,late25,False
A-G1.042-C3,150503,1,1269.25,1,2.25,late25,False
A-G1.042-C3,150503,1,1276.5,2,7.25,late25,False
A-G1.042-C3,150503,2,1399.5,1,123.0,early25,False
A-G1.042-C3,150503,2,1407.25,5,7.75,early25,False
A-G1.042-C3,150503,2,1421.25,1,14.0,early25,False
A-G1.042-C3,150503,2,1425.0,2,3.75,early25,False
A-G1.042-C3,150503,2,1459.75,4,34.75,early25,False
A-G1.042-C3,150503,2,1469.5,4,9.75,early25,False
A-G1.042-C3,150503,2,1475.5,4,6.0,early25,False
A-G1.042-C3,150503,2,1510.75,2,35.25,early25,False
A-G1.042-C3,150503,2,1524.5,3,13.75,early25,False
A-G1.042-C3,150503,2,1532.25,4,7.75,early25,False
A-G1.042-C3,150503,2,1539.25,4,7.0,early25,False
A-G1.042-C3,150503,2,1567.0,2,27.75,early25,False
A-G1.042-C3,150503,2,1575.25,4,8.25,middle50,False
A-G1.042-C3,150503,2,1586.0,2,10.75,middle50,False
A-G1.042-C3,150503,2,1591.5,3,5.5,middle50,False
A-G1.042-C3,150503,2,1597.0,2,5.5,middle50,False
A-G1.042-C3,150503,2,1617.0,3,20.0,middle50,False
A-G1.042-C3,150503,2,1622.0,1,5.0,middle50,False
A-G1.042-C3,150503,2,1626.0,2,4.0,middle50,False
A-G1.042-C3,150503,2,1631.75,2,5.75,middle50,False
A-G1.042-C3,150503,2,1638.75,2,7.0,middle50,False
A-G1.042-C3,150503,2,1645.0,2,6.25,middle50,False
A-G1.042-C3,150503,2,1671.0,1,26.0,middle50,False
A-G1.042-C3,150503,2,1674.75,2,3.75,middle50,False
A-G1.042-C3,150503,2,1679.25,16,4.5,middle50,False
A-G1.042-C3,150503,2,1688.25,2,9.0,middle50,False
A-G1.042-C3,150503,2,1693.25,1,5.0,middle50,False
A-G1.042-C3,150503,2,1696.5,2,3.25,middle50,False
A-G1.042-C3,150503,2,1700.0,1,3.5,middle50,False
A-G1.042-C3,150503,2,1702.75,2,2.75,middle50,False
A-G1.042-C3,150503,2,1846.25,1,143.5,middle50,False
A-G1.042-C3,150503,2,1852.0,2,5.75,middle50,False
A-G1.042-C3,150503,2,1855.0,1,3.0,middle50,False
A-G1.042-C3,150503,2,1857.75,1,2.75,middle50,False
A-G1.042-C3,150503,2,1861.0,1,3.25,middle50,False
A-G1.042-C3,150503,2,1864.0,1,3.0,middle50,False
A-G1.042-C3,150503,2,1867.5,1,3.5,middle50,False
A-G1.042-C3,150503,2,1871.0,1,3.5,middle50,False
A-G1.042-C3,150503,2,1874.75,1,3.75,middle50,False
A-G1.042-C3,150503,2,1879.5,2,4.75,middle50,False
A-G1.042-C3,150503,2,1901.75,1,22.25,middle50,False
A-G1.042-C3,150503,2,1905.0,1,3.25,middle50,False
A-G1.042-C3,150503,2,1908.75,1,3.75,middle50,False
A-G1.042-C3,150503,2,1910.75,1,2.0,middle50,False
A-G1.042-C3,150503,2,1914.0,1,3.25,middle50,False
A-G1.042-C3,150503,2,1917.0,1,3.0,middle50,False
A-G1.042-C3,150503,2,1919.5,13,2.5,middle50,False
A-G1.042-C3,150503,2,1921.75,1,2.25,middle50,False
A-G1.042-C3,150503,2,1924.5,1,2.75,middle50,False
A-G1.042-C3,150503,2,1927.0,12,2.5,middle50,False
A-G1.042-C3,150503,2,1930.5,1,3.5,middle50,False
A-G1.042-C3,150503,2,1934.5,1,4.0,middle50,False
A-G1.042-C3,150503,2,1948.0,1,13.5,middle50,False
A-G1.042-C3,150503,2,1958.0,1,10.0,middle50,False
A-G1.042-C3,150503,2,1963.25,1,5.25,late25,False
A-G1.042-C3,150503,2,1965.75,1,2.5,late25,False
A-G1.042-C3,150503,2,1974.5,1,8.75,late25,False
A-G1.042-C3,150503,2,1975.5,1,1.0,late25,False
A-G1.042-C3,150503,2,2006.0,1,30.5,late25,False
A-G1.042-C3,150503,2,2007.75,1,1.75,late25,False
A-G1.042-C3,150503,2,2010.75,1,3.0,late25,False
A-G1.042-C3,150503,2,2012.75,1,2.0,late25,False
A-G1.042-C3,150503,2,2018.25,2,5.5,late25,False
A-G1.042-C3,150503,2,2023.25,2,5.0,late25,False
A-G1.042-C3,150503,2,2027.0,1,3.75,late25,False
A-G1.042-C3,150503,2,2031.0,2,4.0,late25,False
A-G1.042-C3,150503,2,2036.0,1,5.0,late25,False
A-G1.042-C3,150503,2,2044.75,2,8.75,late25,False
A-G1.042-C3,150503,2,2052.25,6,7.5,late25,False
A-G1.042-C3,150503,3,2169.0,3,116.75,early25,True
A-G1.042-C3,150503,3,2172.75,1,3.75,early25,True
A-G1.042-C3,150503,3,2176.0,1,3.25,early25,True
A-G1.042-C3,150503,3,2180.75,2,4.75,early25,True
A-G1.042-C3,150503,3,2185.5,2,4.75,early25,True
A-G1.042-C3,150503,3,2191.25,2,5.75,early25,True
A-G1.042-C3,150503,3,2196.75,2,5.5,early25,True
A-G1.042-C3,150503,3,2223.25,2,26.5,early25,True
A-G1.042-C3,150503,3,2227.0,2,3.75,early25,True
A-G1.042-C3,150503,3,2230.5,1,3.5,early25,True
A-G1.042-C3,150503,3,2235.5,20,5.0,early25,True
A-G1.042-C3,150503,3,2238.75,3,3.25,early25,True
A-G1.042-C3,150503,3,2243.5,2,4.75,early25,True
A-G1.042-C3,150503,3,2248.25,1,4.75,early25,True
A-G1.042-C3,150503,3,2251.5,3,3.25,early25,True
A-G1.042-C3,150503,3,2254.5,1,3.0,early25,True
A-G1.042-C3,150503,3,2266.25,4,11.75,early25,True
A-G1.042-C3,150503,3,2277.75,2,11.5,early25,True
A-G1.042-C3,150503,3,2281.25,1,3.5,early25,True
A-G1.042-C3,150503,3,2295.75,1,14.5,early25,True
A-G1.042-C3,150503,3,2299.25,1,3.5,early25,True
A-G1.042-C3,150503,3,2302.5,1,3.25,early25,True
A-G1.042-C3,150503,3,2306.75,1,4.25,early25,True
A-G1.042-C3,150503,3,2332.75,1,26.0,early25,True
A-G1.042-C3,150503,3,2335.25,1,2.5,early25,True
A-G1.042-C3,150503,3,2341.5,10,6.25,early25,True
A-G1.042-C3,150503,3,2344.75,1,3.25,early25,True
A-G1.042-C3,150503,3,2347.5,1,2.75,early25,True
A-G1.042-C3,150503,3,2350.25,1,2.75,early25,True
A-G1.042-C3,150503,3,2354.5,1,4.25,early25,True
A-G1.042-C3,150503,3,2361.0,2,6.5,early25,True
A-G1.042-C3,150503,3,2392.5,2,31.5,early25,True
A-G1.042-C3,150503,3,2405.5,2,13.0,early25,True
A-G1.042-C3,150503,3,2445.75,1,40.25,early25,True
A-G1.042-C3,150503,3,2451.0,2,5.25,early25,True
A-G1.042-C3,150503,3,2463.25,2,12.25,early25,True
A-G1.042-C3,150503,3,2469.5,1,6.25,early25,True
A-G1.042-C3,150503,3,2499.75,1,30.25,early25,True
A-G1.042-C3,150503,3,2504.25,1,4.5,early25,True
A-G1.042-C3,150503,3,2509.5,1,5.25,early25,True
A-G1.042-C3,150503,3,2514.5,1,5.0,middle50,True
A-G1.042-C3,150503,3,2518.75,1,4.25,middle50,True
A-G1.042-C3,150503,3,2527.0,1,8.25,middle50,True
A-G1.042-C3,150503,3,2532.0,9,5.0,middle50,True
A-G1.042-C3,150503,3,2555.0,1,23.0,middle50,True
A-G1.042-C3,150503,3,2561.25,1,6.25,middle50,True
A-G1.042-C3,150503,3,2568.5,1,7.25,middle50,True
A-G1.042-C3,150503,3,2573.25,1,4.75,middle50,True
A-G1.042-C3,150503,3,2578.25,1,5.0,middle50,True
A-G1.042-C3,150503,3,2583.5,2,5.25,middle50,True
A-G1.042-C3,150503,3,2603.25,1,19.75,middle50,True
A-G1.042-C3,150503,3,2607.25,1,4.0,middle50,True
A-G1.042-C3,150503,3,2612.25,1,5.0,middle50,True
A-G1.042-C3,150503,3,2624.0,1,11.75,middle50,True
A-G1.042-C3,150503,3,2630.0,2,6.0,middle50,True
A-G1.042-C3,150503,3,2661.25,1,31.25,middle50,True
A-G1.042-C3,150503,3,2666.25,1,5.0,middle50,True
A-G1.042-C3,150503,3,2671.25,1,5.0,middle50,True
A-G1.042-C3,150503,3,2675.0,1,3.75,middle50,True
A-G1.042-C3,150503,3,2681.25,1,6.25,middle50,True
A-G1.042-C3,150503,3,2686.0,1,4.75,middle50,True
A-G1.042-C3,150503,3,2702.0,5,16.0,middle50,True
A-G1.042-C3,150503,3,2723.0,1,21.0,middle50,True
A-G1.042-C3,150503,3,2740.0,2,17.0,middle50,True
A-G1.042-C3,150503,3,2770.75,1,30.75,middle50,True
A-G1.042-C3,150503,3,2780.0,1,9.25,middle50,True
A-G1.042-C3,150503,3,2788.0,1,8.0,middle50,True
A-G1.042-C3,150503,3,2793.0,1,5.0,middle50,True
A-G1.042-C3,150503,3,2797.25,1,4.25,middle50,True
A-G1.042-C3,150503,3,2956.25,1,159.0,middle50,True
A-G1.042-C3,150503,3,2961.75,1,5.5,middle50,True
A-G1.042-C3,150503,3,2972.5,1,10.75,middle50,True
A-G1.042-C3,150503,3,3000.25,1,27.75,middle50,True
A-G1.042-C3,150503,3,3006.25,1,6.0,middle50,True
A-G1.042-C3,150503,3,3011.75,1,5.5,middle50,True
A-G1.042-C3,150503,3,3014.5,5,2.75,middle50,True
A-G1.042-C3,150503,3,3028.25,1,13.75,middle50,True
A-G1.042-C3,150503,3,3037.25,3,9.0,middle50,True
A-G1.042-C3,150503,3,3053.25,1,16.0,middle50,True
A-G1.042-C3,150503,3,3058.25,2,5.0,middle50,True
A-G1.042-C3,150503,3,3060.25,1,2.0,middle50,True
A-G1.042-C3,150503,3,3070.25,1,10.0,middle50,True
A-G1.042-C3,150503,3,3073.0,2,2.75,middle50,True
A-G1.042-C3,150503,3,3104.75,1,31.75,middle50,True
A-G1.042-C3,150503,3,3106.5,1,1.75,middle50,True
A-G1.042-C3,150503,3,3126.0,1,19.5,middle50,True
A-G1.042-C3,150503,3,3127.25,2,1.25,middle50,True
A-G1.042-C3,150503,3,3142.75,3,15.5,middle50,True
A-G1.042-C3,150503,3,3272.75,1,130.0,late25,True
A-G1.042-C3,150503,3,3278.25,1,5.5,late25,True
A-G1.042-C3,150503,3,3292.5,1,14.25,late25,True
A-G1.042-C3,150503,3,3301.5,1,9.0,late25,True
A-G1.042-C3,150503,3,3334.5,1,33.0,late25,True
A-G1.042-C3,150503,3,3339.0,1,4.5,late25,True
A-G1.042-C3,150503,3,3350.0,1,11.0,late25,True
A-G1.042-C3,150503,3,3377.75,1,27.75,late25,True
A-G1.042-C3,150503,3,3385.25,1,7.5,late25,True
A-G1.042-C3,150503,3,3432.5,1,47.25,late25,True
A-G1.042-C3,150503,3,3437.0,1,4.5,late25,True
A-G1.042-C3,150503,3,3445.75,1,8.75,late25,True
A-G1.042-C3,150503,3,3450.25,1,4.5,late25,True
A-G1.042-C3,158422,0,0.25,3,,early25,False
A-G1.042-C3,158422,0,8.5,1,8.25,early25,False
A-G1.042-C3,158422,0,21.75,1,13.25,early25,False
A-G1.042-C3,158422,0,33.0,1,11.25,early25,False
A-G1.042-C3,158422,0,40.75,1,7.75,early25,False
A-G1.042-C3,158422,0,54.75,1,14.0,early25,False
A-G1.042-C3,158422,0,57.75,1,3.0,early25,False
A-G1.042-C3,158422,0,90.0,1,32.25,early25,False
A-G1.042-C3,158422,0,93.0,1,3.0,early25,False
A-G1.042-C3,158422,0,99.25,1,6.25,early25,False
A-G1.042-C3,158422,0,113.0,1,13.75,early25,False
A-G1.042-C3,158422,0,123.25,1,10.25,early25,False
A-G1.042-C3,158422,0,158.0,1,34.75,early25,False
A-G1.042-C3,158422,0,170.5,1,12.5,early25,False
A-G1.042-C3,158422,0,179.25,1,8.75,middle50,False
A-G1.042-C3,158422,0,193.75,1,14.5,middle50,False
A-G1.042-C3,158422,0,215.5,2,21.75,middle50,False
A-G1.042-C3,158422,0,229.25,1,13.75,middle50,False
A-G1.042-C3,158422,0,238.0,14,8.75,middle50,False
A-G1.042-C3,158422,0,241.25,1,3.25,middle50,False
A-G1.042-C3,158422,0,412.25,1,171.0,middle50,False
A-G1.042-C3,158422,0,445.0,1,32.75,middle50,False
A-G1.042-C3,158422,0,450.0,1,5.0,middle50,False
A-G1.042-C3,158422,0,452.5,1,2.5,middle50,False
A-G1.042-C3,158422,0,457.5,1,5.0,middle50,False
A-G1.042-C3,158422,0,463.25,1,5.75,middle50,False
A-G1.042-C3,158422,0,465.5,1,2.25,middle50,False
A-G1.042-C3,158422,0,497.25,1,31.75,middle50,False
A-G1.042-C3,158422,0,502.0,1,4.75,middle50,False
A-G1.042-C3,158422,0,505.5,1,3.5,middle50,False
A-G1.042-C3,158422,0,511.75,1,6.25,middle50,False
A-G1.042-C3,158422,0,517.0,1,5.25,middle50,False
A-G1.042-C3,158422,0,525.25,1,8.25,late25,False
A-G1.042-C3,158422,0,555.5,1,30.25,late25,False
A-G1.042-C3,158422,0,561.25,1,5.75,late25,False
A-G1.042-C3,158422,0,562.25,1,1.0,late25,False
A-G1.042-C3,158422,0,570.0,1,7.75,late25,False
A-G1.042-C3,158422,0,574.25,1,4.25,late25,False
A-G1.042-C3,158422,0,581.0,1,6.75,late25,False
A-G1.042-C3,158422,0,589.75,1,8.75,late25,False
A-G1.042-C3,158422,0,695.0,1,105.25,late25,False
A-G1.042-C3,158422,1,716.75,1,21.75,early25,False
A-G1.042-C3,158422,1,719.0,1,2.25,early25,False
A-G1.042-C3,158422,1,723.5,2,4.5,early25,False
A-G1.042-C3,158422,1,727.5,1,4.0,early25,False
A-G1.042-C3,158422,1,730.0,1,2.5,early25,False
A-G1.042-C3,158422,1,735.25,1,5.25,early25,False
A-G1.042-C3,158422,1,741.5,1,6.25,early25,False
A-G1.042-C3,158422,1,745.75,1,4.25,early25,False
A-G1.042-C3,158422,1,776.5,1,30.75,early25,False
A-G1.042-C3,158422,1,778.5,1,2.0,early25,False
A-G1.042-C3,158422,1,783.75,2,5.25,early25,False
A-G1.042-C3,158422,1,784.75,1,1.0,early25,False
A-G1.042-C3,158422,1,792.25,1,7.5,early25,False
A-G1.042-C3,158422,1,792.75,1,0.5,early25,False
A-G1.042-C3,158422,1,799.25,2,6.5,early25,False
A-G1.042-C3,158422,1,803.25,1,4.0,early25,False
A-G1.042-C3,158422,1,833.75,2,30.5,early25,False
A-G1.042-C3,158422,1,838.5,1,4.75,early25,False
A-G1.042-C3,158422,1,842.5,2,4.0,early25,False
A-G1.042-C3,158422,1,853.5,2,11.0,early25,False
A-G1.042-C3,158422,1,881.5,1,28.0,early25,False
A-G1.042-C3,158422,1,887.0,1,5.5,early25,False
A-G1.042-C3,158422,1,889.5,1,2.5,early25,False
A-G1.042-C3,158422,1,893.0,1,3.5,early25,False
A-G1.042-C3,158422,1,896.5,1,3.5,early25,False
A-G1.042-C3,158422,1,899.75,2,3.25,early25,False
A-G1.042-C3,158422,1,902.5,1,2.75,early25,False
A-G1.042-C3,158422,1,911.25,2,8.75,early25,False
A-G1.042-C3,158422,1,923.0,5,11.75,early25,False
A-G1.042-C3,158422,1,1063.25,1,140.25,middle50,False
A-G1.042-C3,158422,1,1071.25,2,8.0,middle50,False
A-G1.042-C3,158422,1,1074.75,1,3.5,middle50,False
A-G1.042-C3,158422,1,1078.75,1,4.0,middle50,False
A-G1.042-C3,158422,1,1082.75,1,4.0,middle50,False
A-G1.042-C3,158422,1,1087.75,2,5.0,middle50,False
A-G1.042-C3,158422,1,1092.0,1,4.25,middle50,False
A-G1.042-C3,158422,1,1118.5,1,26.5,middle50,False
A-G1.042-C3,158422,1,1121.75,1,3.25,middle50,False
A-G1.042-C3,158422,1,1125.0,17,3.25,middle50,False
A-G1.042-C3,158422,1,1130.5,1,5.5,middle50,False
A-G1.042-C3,158422,1,1137.75,1,7.25,middle50,False
A-G1.042-C3,158422,1,1141.5,1,3.75,middle50,False
A-G1.042-C3,158422,1,1146.5,1,5.0,middle50,False
A-G1.042-C3,158422,1,1154.75,1,8.25,middle50,False
A-G1.042-C3,158422,1,1171.5,1,16.75,middle50,False
A-G1.042-C3,158422,1,1176.75,1,5.25,middle50,False
A-G1.042-C3,158422,1,1179.5,1,2.75,middle50,False
A-G1.042-C3,158422,1,1182.75,1,3.25,middle50,False
A-G1.042-C3,158422,1,1188.25,1,5.5,middle50,False
A-G1.042-C3,158422,1,1194.75,1,6.5,middle50,False
A-G1.042-C3,158422,1,1199.0,1,4.25,middle50,False
A-G1.042-C3,158422,1,1227.25,1,28.25,middle50,False
A-G1.042-C3,158422,1,1230.75,2,3.5,middle50,False
A-G1.042-C3,158422,1,1233.5,1,2.75,middle50,False
A-G1.042-C3,158422,1,1235.75,1,2.25,middle50,False
A-G1.042-C3,158422,1,1240.25,1,4.5,middle50,False
A-G1.042-C3,158422,1,1244.25,2,4.0,middle50,False
A-G1.042-C3,158422,1,1249.5,2,5.25,middle50,False
A-G1.042-C3,158422,1,1257.0,1,7.5,middle50,False
A-G1.042-C3,158422,1,1263.5,1,6.5,middle50,False
A-G1.042-C3,158422,1,1391.5,1,128.0,middle50,False
A-G1.042-C3,158422,1,1396.0,1,4.5,middle50,False
A-G1.042-C3,158422,1,1400.0,1,4.0,middle50,False
A-G1.042-C3,158422,1,1405.25,1,5.25,middle50,False
A-G1.042-C3,158422,1,1412.0,1,6.75,middle50,False
A-G1.042-C3,158422,1,1418.75,1,6.75,middle50,False
A-G1.042-C3,158422,1,1443.25,1,24.5,late25,False
A-G1.042-C3,158422,1,1446.75,1,3.5,late25,False
A-G1.042-C3,158422,1,1450.5,10,3.75,late25,False
A-G1.042-C3,158422,1,1452.75,1,2.25,late25,False
A-G1.042-C3,158422,1,1461.5,1,8.75,late25,False
A-G1.042-C3,158422,1,1463.75,1,2.25,late25,False
A-G1.042-C3,158422,1,1470.0,1,6.25,late25,False
A-G1.042-C3,158422,1,1473.25,1,3.25,late25,False
A-G1.042-C3,158422,1,1476.0,1,2.75,late25,False
A-G1.042-C3,158422,1,1494.0,1,18.0,late25,False
A-G1.042-C3,158422,1,1496.25,1,2.25,late25,False
A-G1.042-C3,158422,1,1499.0,1,2.75,late25,False
A-G1.042-C3,158422,1,1503.5,1,4.5,late25,False
A-G1.042-C3,158422,1,1511.5,1,8.0,late25,False
A-G1.042-C3,158422,1,1513.75,1,2.25,late25,False
A-G1.042-C3,158422,1,1518.75,1,5.0,late25,False
A-G1.042-C3,158422,1,1547.25,1,28.5,late25,False
A-G1.042-C3,158422,1,1551.25,1,4.0,late25,False
A-G1.042-C3,158422,1,1557.75,1,6.5,late25,False
A-G1.042-C3,158422,1,1559.25,1,1.5,late25,False
A-G1.042-C3,158422,1,1560.75,1,1.5,late25,False
A-G1.042-C3,158422,1,1564.5,1,3.75,late25,False
A-G1.042-C3,158422,1,1568.75,1,4.25,late25,False
A-G1.042-C3,158422,1,1572.75,1,4.0,late25,False
A-G1.042-C3,158422,1,1576.5,1,3.75,late25,False
A-G1.042-C3,158422,1,1584.25,1,7.75,late25,False
A-G1.042-C3,158422,1,1674.75,1,90.5,late25,False
A-G1.042-C3,158422,1,1678.25,1,3.5,late25,False
A-G1.042-C3,158422,1,1683.0,1,4.75,late25,False
A-G1.042-C3,158422,1,1685.5,1,2.5,late25,False
A-G1.042-C3,158422,2,1704.25,2,18.75,early25,False
A-G1.042-C3,158422,2,1707.5,1,3.25,early25,False
A-G1.042-C3,158422,2,1713.5,2,6.0,early25,False
A-G1.042-C3,158422,2,1719.5,1,6.0,early25,False
A-G1.042-C3,158422,2,1727.0,3,7.5,early25,False
A-G1.042-C3,158422,2,1761.75,2,34.75,early25,False
A-G1.042-C3,158422,2,1767.0,2,5.25,early25,False
A-G1.042-C3,158422,2,1770.75,1,3.75,early25,False
A-G1.042-C3,158422,2,1774.0,1,3.25,early25,False
A-G1.042-C3,158422,2,1779.0,2,5.0,early25,False
A-G1.042-C3,158422,2,1783.25,2,4.25,early25,False
A-G1.042-C3,158422,2,1788.5,2,5.25,early25,False
A-G1.042-C3,158422,2,1807.75,1,19.25,early25,False
A-G1.042-C3,158422,2,1812.25,2,4.5,early25,False
A-G1.042-C3,158422,2,1815.25,1,3.0,early25,False
A-G1.042-C3,158422,2,1819.5,2,4.25,early25,False
A-G1.042-C3,158422,2,1824.5,1,5.0,early25,False
A-G1.042-C3,158422,2,1829.25,2,4.75,early25,False
A-G1.042-C3,158422,2,1832.75,1,3.5,early25,False
A-G1.042-C3,158422,2,1837.0,17,4.25,early25,False
A-G1.042-C3,158422,2,1862.75,2,25.75,early25,False
A-G1.042-C3,158422,2,1872.75,2,10.0,early25,False
A-G1.042-C3,158422,2,1877.25,1,4.5,early25,False
A-G1.042-C3,158422,2,1880.75,1,3.5,early25,False
A-G1.042-C3,158422,2,1887.0,1,6.25,early25,False
A-G1.042-C3,158422,2,1890.5,1,3.5,early25,False
A-G1.042-C3,158422,2,1893.5,2,3.0,early25,False
A-G1.042-C3,158422,2,2031.5,1,138.0,middle50,False
A-G1.042-C3,158422,2,2033.25,1,1.75,middle50,False
A-G1.042-C3,158422,2,2035.5,1,2.25,middle50,False
A-G1.042-C3,158422,2,2039.25,1,3.75,middle50,False
A-G1.042-C3,158422,2,2040.75,1,1.5,middle50,False
A-G1.042-C3,158422,2,2044.75,1,4.0,middle50,False
A-G1.042-C3,158422,2,2047.5,1,2.75,middle50,False
A-G1.042-C3,158422,2,2050.0,2,2.5,middle50,False
A-G1.042-C3,158422,2,2053.5,1,3.5,middle50,False
A-G1.042-C3,158422,2,2058.25,1,4.75,middle50,False
A-G1.042-C3,158422,2,2086.75,2,28.5,middle50,False
A-G1.042-C3,158422,2,2093.25,2,6.5,middle50,False
A-G1.042-C3,158422,2,2097.25,1,4.0,middle50,False
A-G1.042-C3,158422,2,2103.25,1,6.0,middle50,False
A-G1.042-C3,158422,2,2107.25,2,4.0,middle50,False
A-G1.042-C3,158422,2,2108.5,1,1.25,middle50,False
A-G1.042-C3,158422,2,2113.5,1,5.0,middle50,False
A-G1.042-C3,158422,2,2116.5,1,3.0,middle50,False
A-G1.042-C3,158422,2,2132.75,1,16.25,middle50,False
A-G1.042-C3,158422,2,2136.5,1,3.75,middle50,False
A-G1.042-C3,158422,2,2139.5,1,3.0,middle50,False
A-G1.042-C3,158422,2,2143.5,2,4.0,middle50,False
A-G1.042-C3,158422,2,2150.75,1,7.25,middle50,False
A-G1.042-C3,158422,2,2153.75,1,3.0,middle50,False
A-G1.042-C3,158422,2,2156.75,1,3.0,middle50,False
A-G1.042-C3,158422,2,2160.0,2,3.25,middle50,False
A-G1.042-C3,158422,2,2188.75,1,28.75,middle50,False
A-G1.042-C3,158422,2,2191.75,1,3.0,middle50,False
A-G1.042-C3,158422,2,2195.0,1,3.25,middle50,False
A-G1.042-C3,158422,2,2205.75,1,10.75,middle50,False
A-G1.042-C3,158422,2,2214.25,2,8.5,middle50,False
A-G1.042-C3,158422,2,2228.0,4,13.75,middle50,False
A-G1.042-C3,158422,2,2348.75,3,120.75,middle50,False
A-G1.042-C3,158422,2,2352.5,1,3.75,middle50,False
A-G1.042-C3,158422,2,2357.0,1,4.5,middle50,False
A-G1.042-C3,158422,2,2361.25,1,4.25,middle50,False
A-G1.042-C3,158422,2,2365.0,1,3.75,middle50,False
A-G1.042-C3,158422,2,2377.25,2,12.25,middle50,False
A-G1.042-C3,158422,2,2406.5,1,29.25,late25,False
A-G1.042-C3,158422,2,2410.25,1,3.75,late25,False
A-G1.042-C3,158422,2,2412.75,1,2.5,late25,False
A-G1.042-C3,158422,2,2419.5,2,6.75,late25,False
A-G1.042-C3,158422,2,2427.5,1,8.0,late25,False
A-G1.042-C3,158422,2,2432.5,1,5.0,late25,False
A-G1.042-C3,158422,2,2450.25,1,17.75,late25,False
A-G1.042-C3,158422,2,2457.5,1,7.25,late25,False
A-G1.042-C3,158422,2,2461.75,1,4.25,late25,False
A-G1.042-C3,158422,2,2466.75,1,5.0,late25,False
A-G1.042-C3,158422,2,2470.75,1,4.0,late25,False
A-G1.042-C3,158422,2,2477.5,9,6.75,late25,False
A-G1.042-C3,158422,2,2507.75,1,30.25,late25,False
A-G1.042-C3,158422,2,2514.0,1,6.25,late25,False
A-G1.042-C3,158422,2,2518.25,1,4.25,late25,False
A-G1.042-C3,158422,2,2520.0,1,1.75,late25,False
A-G1.042-C3,158422,2,2523.5,1,3.5,late25,False
A-G1.042-C3,158422,2,2529.25,1,5.75,late25,False
A-G1.042-C3,158422,2,2535.25,1,6.0,late25,False
A-G1.042-C3,158422,3,2658.5,1,123.25,early25,True
A-G1.042-C3,158422,3,2665.0,2,6.5,early25,True
A-G1.042-C3,158422,3,2668.25,1,3.25,early25,True
A-G1.042-C3,158422,3,2672.0,1,3.75,early25,True
A-G1.042-C3,158422,3,2676.25,1,4.25,early25,True
A-G1.042-C3,158422,3,2679.5,1,3.25,early25,True
A-G1.042-C3,158422,3,2684.75,2,5.25,early25,True
A-G1.042-C3,158422,3,2689.75,2,5.0,early25,True
A-G1.042-C3,158422,3,2712.5,1,22.75,early25,True
A-G1.042-C3,158422,3,2715.5,1,3.0,early25,True
A-G1.042-C3,158422,3,2719.0,9,3.5,early25,True
A-G1.042-C3,158422,3,2723.75,1,4.75,early25,True
A-G1.042-C3,158422,3,2726.25,1,2.5,early25,True
A-G1.042-C3,158422,3,2737.5,1,11.25,early25,True
A-G1.042-C3,158422,3,2739.25,1,1.75,early25,True
A-G1.042-C3,158422,3,2741.75,1,2.5,early25,True
A-G1.042-C3,158422,3,2759.0,1,17.25,early25,True
A-G1.042-C3,158422,3,2761.0,1,2.0,early25,True
A-G1.042-C3,158422,3,2762.75,1,1.75,early25,True
A-G1.042-C3,158422,3,2770.25,2,7.5,early25,True
A-G1.042-C3,158422,3,2778.0,2,7.75,early25,True
A-G1.042-C3,158422,3,2818.0,2,40.0,early25,True
A-G1.042-C3,158422,3,2822.75,2,4.75,early25,True
A-G1.042-C3,158422,3,2829.75,2,7.0,early25,True
A-G1.042-C3,158422,3,2835.75,2,6.0,early25,True
A-G1.042-C3,158422,3,2841.75,2,6.0,early25,True
A-G1.042-C3,158422,3,2855.25,3,13.5,early25,True
A-G1.042-C3,158422,3,2865.25,1,10.0,early25,True
A-G1.042-C3,158422,3,2869.0,1,3.75,early25,True
A-G1.042-C3,158422,3,2873.5,1,4.5,early25,True
A-G1.042-C3,158422,3,2877.5,1,4.0,early25,True
A-G1.042-C3,158422,3,2881.0,1,3.5,early25,True
A-G1.042-C3,158422,3,2884.75,1,3.75,middle50,True
A-G1.042-C3,158422,3,2892.25,10,7.5,middle50,True
A-G1.042-C3,158422,3,2893.75,3,1.5,middle50,True
A-G1.042-C3,158422,3,2928.75,1,35.0,middle50,True
A-G1.042-C3,158422,3,2933.0,2,4.25,middle50,True
A-G1.042-C3,158422,3,2949.0,2,16.0,middle50,True
A-G1.042-C3,158422,3,2963.75,5,14.75,middle50,True
A-G1.042-C3,158422,3,2976.5,1,12.75,middle50,True
A-G1.042-C3,158422,3,2982.75,1,6.25,middle50,True
A-G1.042-C3,158422,3,2989.25,1,6.5,middle50,True
A-G1.042-C3,158422,3,2992.75,1,3.5,middle50,True
A-G1.042-C3,158422,3,2996.5,1,3.75,middle50,True
A-G1.042-C3,158422,3,3003.5,6,7.0,middle50,True
A-G1.042-C3,158422,3,3029.5,4,26.0,middle50,True
A-G1.042-C3,158422,3,3041.0,3,11.5,middle50,True
A-G1.042-C3,158422,3,3045.0,3,4.0,middle50,True
A-G1.042-C3,158422,3,3053.0,1,8.0,middle50,True
A-G1.042-C3,158422,3,3068.25,1,15.25,middle50,True
A-G1.042-C3,158422,3,3075.75,4,7.5,middle50,True
A-G1.042-C3,158422,3,3215.75,3,140.0,middle50,True
A-G1.042-C3,158422,3,3218.0,3,2.25,middle50,True
A-G1.042-C3,158422,3,3224.5,1,6.5,middle50,True
A-G1.042-C3,158422,3,3230.25,1,5.75,middle50,True
A-G1.042-C3,158422,3,3234.75,1,4.5,middle50,True
A-G1.042-C3,158422,3,3269.0,1,34.25,middle50,True
A-G1.042-C3,158422,3,3275.25,1,6.25,middle50,True
A-G1.042-C3,158422,3,3282.25,1,7.0,middle50,True
A-G1.042-C3,158422,3,3289.25,1,7.0,middle50,True
A-G1.042-C3,158422,3,3294.0,1,4.75,middle50,True
A-G1.042-C3,158422,3,3308.5,3,14.5,middle50,True
A-G1.042-C3,158422,3,3321.5,1,13.0,middle50,True
A-G1.042-C3,158422,3,3330.75,1,9.25,middle50,True
A-G1.042-C3,158422,3,3334.25,1,3.5,middle50,True
A-G1.042-C3,158422,3,3340.25,4,6.0,middle50,True
A-G1.042-C3,158422,3,3373.0,1,32.75,late25,True
A-G1.042-C3,158422,3,3379.25,1,6.25,late25,True
A-G1.042-C3,158422,3,3387.75,1,8.5,late25,True
A-G1.042-C3,158422,3,3400.75,1,13.0,late25,True
A-G1.042-C3,158422,3,3414.0,3,13.25,late25,True
A-G1.042-C3,158422,3,3544.75,1,130.75,late25,True
A-G1.042-C3,158422,3,3553.0,1,8.25,late25,True
A-G1.042-C3,158422,3,3563.5,1,10.5,late25,True
A-G1.042-C3,158422,3,3569.25,1,5.75,late25,True
A-G1.042-C3,158422,3,3599.0,1,29.75,late25,True
A-G1.042-C3,166341,0,0.25,3,,early25,False
A-G1.042-C3,166341,0,8.25,1,8.0,early25,False
A-G1.042-C3,166341,0,28.5,1,20.25,early25,False
A-G1.042-C3,166341,0,36.0,1,7.5,early25,False
A-G1.042-C3,166341,0,48.0,1,12.0,early25,False
A-G1.042-C3,166341,0,93.5,1,45.5,early25,False
A-G1.042-C3,166341,0,99.5,1,6.0,early25,False
A-G1.042-C3,166341,0,107.5,1,8.0,early25,False
A-G1.042-C3,166341,0,117.25,1,9.75,early25,False
A-G1.042-C3,166341,0,164.5,1,47.25,early25,False
A-G1.042-C3,166341,0,167.25,1,2.75,early25,False
A-G1.042-C3,166341,0,178.5,1,11.25,early25,False
A-G1.042-C3,166341,0,208.0,1,29.5,middle50,False
A-G1.042-C3,166341,0,213.75,1,5.75,middle50,False
A-G1.042-C3,166341,0,219.25,1,5.5,middle50,False
A-G1.042-C3,166341,0,228.0,1,8.75,middle50,False
A-G1.042-C3,166341,0,232.75,1,4.75,middle50,False
A-G1.042-C3,166341,0,266.0,1,33.25,middle50,False
A-G1.042-C3,166341,0,273.75,1,7.75,middle50,False
A-G1.042-C3,166341,0,277.25,1,3.5,middle50,False
A-G1.042-C3,166341,0,284.5,1,7.25,middle50,False
A-G1.042-C3,166341,0,288.5,1,4.0,middle50,False
A-G1.042-C3,166341,0,325.25,1,36.75,middle50,False
A-G1.042-C3,166341,0,329.5,1,4.25,middle50,False
A-G1.042-C3,166341,0,338.5,1,9.0,middle50,False
A-G1.042-C3,166341,0,341.25,1,2.75,middle50,False
A-G1.042-C3,166341,0,349.0,1,7.75,middle50,False
A-G1.042-C3,166341,0,352.75,1,3.75,middle50,False
A-G1.042-C3,166341,0,503.5,1,150.75,middle50,False
A-G1.042-C3,166341,0,507.75,1,4.25,middle50,False
A-G1.042-C3,166341,0,514.0,1,6.25,middle50,False
A-G1.042-C3,166341,0,517.25,1,3.25,middle50,False
A-G1.042-C3,166341,0,524.0,1,6.75,middle50,False
A-G1.042-C3,166341,0,529.5,1,5.5,middle50,False
A-G1.042-C3,166341,0,562.75,1,33.25,middle50,False
A-G1.042-C3,166341,0,566.0,1,3.25,middle50,False
A-G1.042-C3,166341,0,571.75,1,5.75,middle50,False
A-G1.042-C3,166341,0,575.75,1,4.0,middle50,False
A-G1.042-C3,166341,0,581.25,1,5.5,middle50,False
A-G1.042-C3,166341,0,588.0,1,6.75,middle50,False
A-G1.042-C3,166341,0,616.75,1,28.75,middle50,False
A-G1.042-C3,166341,0,620.25,1,3.5,late25,False
A-G1.042-C3,166341,0,627.0,1,6.75,late25,False
A-G1.042-C3,166341,0,632.5,1,5.5,late25,False
A-G1.042-C3,166341,0,637.5,1,5.0,late25,False
A-G1.042-C3,166341,0,645.5,1,8.0,late25,False
A-G1.042-C3,166341,0,674.5,1,29.0,late25,False
A-G1.042-C3,166341,0,679.75,1,5.25,late25,False
A-G1.042-C3,166341,0,686.25,1,6.5,late25,False
A-G1.042-C3,166341,0,693.25,1,7.0,late25,False
A-G1.042-C3,166341,0,698.5,1,5.25,late25,False
A-G1.042-C3,166341,0,703.75,1,5.25,late25,False
A-G1.042-C3,166341,1,846.75,1,143.0,early25,False
A-G1.042-C3,166341,1,850.0,1,3.25,early25,False
A-G1.042-C3,166341,1,855.75,2,5.75,early25,False
A-G1.042-C3,166341,1,860.0,1,4.25,early25,False
A-G1.042-C3,166341,1,861.75,1,1.75,early25,False
A-G1.042-C3,166341,1,864.75,1,3.0,early25,False
A-G1.042-C3,166341,1,871.0,1,6.25,early25,False
A-G1.042-C3,166341,1,902.25,1,31.25,early25,False
A-G1.042-C3,166341,1,906.75,1,4.5,early25,False
A-G1.042-C3,166341,1,908.0,1,1.25,early25,False
A-G1.042-C3,166341,1,913.75,2,5.75,early25,False
A-G1.042-C3,166341,1,922.25,1,8.5,early25,False
A-G1.042-C3,166341,1,928.0,2,5.75,early25,False
A-G1.042-C3,166341,1,933.5,1,5.5,early25,False
A-G1.042-C3,166341,1,957.25,2,23.75,early25,False
A-G1.042-C3,166341,1,964.0,1,6.75,early25,False
A-G1.042-C3,166341,1,968.75,2,4.75,early25,False
A-G1.042-C3,166341,1,977.0,2,8.25,early25,False
A-G1.042-C3,166341,1,984.25,2,7.25,early25,False
A-G1.042-C3,166341,1,1010.75,1,26.5,middle50,False
A-G1.042-C3,166341,1,1015.25,1,4.5,middle50,False
A-G1.042-C3,166341,1,1020.25,19,5.0,middle50,False
A-G1.042-C3,166341,1,1024.75,1,4.5,middle50,False
A-G1.042-C3,166341,1,1026.75,1,2.0,middle50,False
A-G1.042-C3,166341,1,1029.75,1,3.0,middle50,False
A-G1.042-C3,166341,1,1032.0,1,2.25,middle50,False
A-G1.042-C3,166341,1,1038.0,1,6.0,middle50,False
A-G1.042-C3,166341,1,1183.0,1,145.0,middle50,False
A-G1.042-C3,166341,1,1185.75,1,2.75,middle50,False
A-G1.042-C3,166341,1,1198.5,1,12.75,middle50,False
A-G1.042-C3,166341,1,1203.5,1,5.0,middle50,False
A-G1.042-C3,166341,1,1207.0,1,3.5,middle50,False
A-G1.042-C3,166341,1,1218.0,2,11.0,middle50,False
A-G1.042-C3,166341,1,1237.25,1,19.25,middle50,False
A-G1.042-C3,166341,1,1241.75,1,4.5,middle50,False
A-G1.042-C3,166341,1,1245.75,1,4.0,middle50,False
A-G1.042-C3,166341,1,1249.75,2,4.0,middle50,False
A-G1.042-C3,166341,1,1254.75,1,5.0,middle50,False
A-G1.042-C3,166341,1,1259.25,1,4.5,middle50,False
A-G1.042-C3,166341,1,1262.25,1,3.0,middle50,False
A-G1.042-C3,166341,1,1266.5,1,4.25,middle50,False
A-G1.042-C3,166341,1,1270.25,15,3.75,middle50,False
A-G1.042-C3,166341,1,1297.25,1,27.0,middle50,False
A-G1.042-C3,166341,1,1309.5,1,12.25,middle50,False
A-G1.042-C3,166341,1,1311.25,1,1.75,middle50,False
A-G1.042-C3,166341,1,1314.0,1,2.75,middle50,False
A-G1.042-C3,166341,1,1320.75,1,6.75,middle50,False
A-G1.042-C3,166341,1,1325.0,2,4.25,late25,False
A-G1.042-C3,166341,1,1328.5,1,3.5,late25,False
A-G1.042-C3,166341,1,1354.5,1,26.0,late25,False
A-G1.042-C3,166341,1,1357.0,13,2.5,late25,False
A-G1.042-C3,166341,1,1363.0,1,6.0,late25,False
A-G1.042-C3,166341,1,1366.5,1,3.5,late25,False
A-G1.042-C3,166341,1,1370.5,1,4.0,late25,False
A-G1.042-C3,166341,1,1375.75,1,5.25,late25,False
A-G1.042-C3,166341,1,1377.75,1,2.0,late25,False
A-G1.042-C3,166341,1,1382.25,1,4.5,late25,False
A-G1.042-C3,166341,1,1384.75,1,2.5,late25,False
A-G1.042-C3,166341,1,1486.0,1,101.25,late25,False
A-G1.042-C3,166341,2,1505.25,2,19.25,early25,False
A-G1.042-C3,166341,2,1508.75,2,3.5,early25,False
A-G1.042-C3,166341,2,1512.0,2,3.25,early25,False
A-G1.042-C3,166341,2,1517.75,1,5.75,early25,False
A-G1.042-C3,166341,2,1526.75,1,9.0,early25,False
A-G1.042-C3,166341,2,1563.0,2,36.25,early25,False
A-G1.042-C3,166341,2,1568.5,3,5.5,early25,False
A-G1.042-C3,166341,2,1574.0,3,5.5,early25,False
A-G1.042-C3,166341,2,1575.5,2,1.5,early25,False
A-G1.042-C3,166341,2,1591.25,3,15.75,early25,False
A-G1.042-C3,166341,2,1619.0,1,27.75,early25,False
A-G1.042-C3,166341,2,1620.25,1,1.25,early25,False
A-G1.042-C3,166341,2,1625.0,2,4.75,early25,False
A-G1.042-C3,166341,2,1631.25,3,6.25,early25,False
A-G1.042-C3,166341,2,1639.0,1,7.75,early25,False
A-G1.042-C3,166341,2,1680.75,2,41.75,middle50,False
A-G1.042-C3,166341,2,1683.0,1,2.25,middle50,False
A-G1.042-C3,166341,2,1689.0,3,6.0,middle50,False
A-G1.042-C3,166341,2,1697.0,2,8.0,middle50,False
A-G1.042-C3,166341,2,1709.5,6,12.5,middle50,False
A-G1.042-C3,166341,2,1721.5,1,12.0,middle50,False
A-G1.042-C3,166341,2,1733.5,4,12.0,middle50,False
A-G1.042-C3,166341,2,1735.25,1,1.75,middle50,False
A-G1.042-C3,166341,2,1741.75,2,6.5,middle50,False
A-G1.042-C3,166341,2,1744.5,1,2.75,middle50,False
A-G1.042-C3,166341,2,1746.25,1,1.75,middle50,False
A-G1.042-C3,166341,2,1747.5,4,1.25,middle50,False
A-G1.042-C3,166341,2,1778.0,2,30.5,middle50,False
A-G1.042-C3,166341,2,1781.75,1,3.75,middle50,False
A-G1.042-C3,166341,2,1786.25,3,4.5,middle50,False
A-G1.042-C3,166341,2,1790.5,1,4.25,middle50,False
A-G1.042-C3,166341,2,1794.75,2,4.25,middle50,False
A-G1.042-C3,166341,2,1802.0,2,7.25,middle50,False
A-G1.042-C3,166341,2,1804.75,1,2.75,middle50,False
A-G1.042-C3,166341,2,1812.25,1,7.5,middle50,False
A-G1.042-C3,166341,2,1818.5,5,6.25,middle50,False
A-G1.042-C3,166341,2,1951.25,1,132.75,middle50,False
A-G1.042-C3,166341,2,1956.75,2,5.5,middle50,False
A-G1.042-C3,166341,2,1962.5,2,5.75,middle50,False
A-G1.042-C3,166341,2,1965.5,1,3.0,middle50,False
A-G1.042-C3,166341,2,1969.0,1,3.5,middle50,False
A-G1.042-C3,166341,2,1972.0,1,3.0,middle50,False
A-G1.042-C3,166341,2,1976.0,1,4.0,middle50,False
A-G1.042-C3,166341,2,1979.25,1,3.25,middle50,False
A-G1.042-C3,166341,2,2003.0,1,23.75,middle50,False
A-G1.042-C3,166341,2,2005.5,1,2.5,middle50,False
A-G1.042-C3,166341,2,2007.75,12,2.25,middle50,False
A-G1.042-C3,166341,2,2009.0,3,1.25,middle50,False
A-G1.042-C3,166341,2,2010.25,4,1.25,middle50,False
A-G1.042-C3,166341,2,2013.25,1,3.0,middle50,False
A-G1.042-C3,166341,2,2015.75,1,2.5,middle50,False
A-G1.042-C3,166341,2,2017.0,3,1.25,middle50,False
A-G1.042-C3,166341,2,2020.0,1,3.0,middle50,False
A-G1.042-C3,166341,2,2024.25,1,4.25,middle50,False
A-G1.042-C3,166341,2,2026.75,1,2.5,middle50,False
A-G1.042-C3,166341,2,2030.25,1,3.5,middle50,False
A-G1.042-C3,166341,2,2034.25,1,4.0,middle50,False
A-G1.042-C3,166341,2,2044.75,7,10.5,middle50,False
A-G1.042-C3,166341,2,2054.5,1,9.75,middle50,False
A-G1.042-C3,166341,2,2057.5,1,3.0,middle50,False
A-G1.042-C3,166341,2,2060.0,5,2.5,late25,False
A-G1.042-C3,166341,2,2062.25,1,2.25,late25,False
A-G1.042-C3,166341,2,2067.5,1,5.25,late25,False
A-G1.042-C3,166341,2,2075.25,1,7.75,late25,False
A-G1.042-C3,166341,2,2080.25,2,5.0,late25,False
A-G1.042-C3,166341,2,2110.75,1,30.5,late25,False
A-G1.042-C3,166341,2,2114.75,1,4.0,late25,False
A-G1.042-C3,166341,2,2117.25,1,2.5,late25,False
A-G1.042-C3,166341,2,2122.25,1,5.0,late25,False
A-G1.042-C3,166341,2,2128.25,1,6.0,late25,False
A-G1.042-C3,166341,2,2130.0,1,1.75,late25,False
A-G1.042-C3,166341,2,2134.5,1,4.5,late25,False
A-G1.042-C3,166341,2,2146.0,2,11.5,late25,False
A-G1.042-C3,166341,3,2264.25,1,118.25,early25,True
A-G1.042-C3,166341,3,2267.25,1,3.0,early25,True
A-G1.042-C3,166341,3,2269.75,2,2.5,early25,True
A-G1.042-C3,166341,3,2271.75,1,2.0,early25,True
A-G1.042-C3,166341,3,2273.5,1,1.75,early25,True
A-G1.042-C3,166341,3,2275.75,1,2.25,early25,True
A-G1.042-C3,166341,3,2280.0,2,4.25,early25,True
A-G1.042-C3,166341,3,2283.25,1,3.25,early25,True
A-G1.042-C3,166341,3,2288.0,3,4.75,early25,True
A-G1.042-C3,166341,3,2291.0,1,3.0,early25,True
A-G1.042-C3,166341,3,2292.5,1,1.5,early25,True
A-G1.042-C3,166341,3,2320.5,1,28.0,early25,True
A-G1.042-C3,166341,3,2321.5,1,1.0,early25,True
A-G1.042-C3,166341,3,2324.5,3,3.0,early25,True
A-G1.042-C3,166341,3,2327.25,1,2.75,early25,True
A-G1.042-C3,166341,3,2329.0,2,1.75,early25,True
A-G1.042-C3,166341,3,2330.25,1,1.25,early25,True
A-G1.042-C3,166341,3,2332.75,1,2.5,early25,True
A-G1.042-C3,166341,3,2337.25,1,4.5,early25,True
A-G1.042-C3,166341,3,2344.75,2,7.5,early25,True
A-G1.042-C3,166341,3,2352.25,1,7.5,early25,True
A-G1.042-C3,166341,3,2377.75,2,25.5,early25,True
A-G1.042-C3,166341,3,2391.0,2,13.25,early25,True
A-G1.042-C3,166341,3,2432.5,2,41.5,early25,True
A-G1.042-C3,166341,3,2436.5,1,4.0,early25,True
A-G1.042-C3,166341,3,2442.75,2,6.25,early25,True
A-G1.042-C3,166341,3,2449.25,2,6.5,early25,True
A-G1.042-C3,166341,3,2455.5,2,6.25,early25,True
A-G1.042-C3,166341,3,2470.75,8,15.25,early25,True
A-G1.042-C3,166341,3,2487.25,2,16.5,early25,True
A-G1.042-C3,166341,3,2490.75,6,3.5,early25,True
A-G1.042-C3,166341,3,2494.0,6,3.25,early25,True
A-G1.042-C3,166341,3,2501.5,2,7.5,early25,True
A-G1.042-C3,166341,3,2508.75,2,7.25,early25,True
A-G1.042-C3,166341,3,2540.5,1,31.75,early25,True
A-G1.042-C3,166341,3,2550.0,2,9.5,early25,True
A-G1.042-C3,166341,3,2555.75,2,5.75,early25,True
A-G1.042-C3,166341,3,2561.5,1,5.75,early25,True
A-G1.042-C3,166341,3,2565.25,1,3.75,early25,True
A-G1.042-C3,166341,3,2578.75,3,13.5,early25,True
A-G1.042-C3,166341,3,2590.0,1,11.25,middle50,True
A-G1.042-C3,166341,3,2597.0,1,7.0,middle50,True
A-G1.042-C3,166341,3,2602.75,2,5.75,middle50,True
A-G1.042-C3,166341,3,2604.25,2,1.5,middle50,True
A-G1.042-C3,166341,3,2613.0,2,8.75,middle50,True
A-G1.042-C3,166341,3,2644.25,1,31.25,middle50,True
A-G1.042-C3,166341,3,2650.5,1,6.25,middle50,True
A-G1.042-C3,166341,3,2655.25,1,4.75,middle50,True
A-G1.042-C3,166341,3,2658.25,1,3.0,middle50,True
A-G1.042-C3,166341,3,2668.75,1,10.5,middle50,True
A-G1.042-C3,166341,3,2670.25,1,1.5,middle50,True
A-G1.042-C3,166341,3,2681.25,1,11.0,middle50,True
A-G1.042-C3,166341,3,2698.25,2,17.0,middle50,True
A-G1.042-C3,166341,3,2706.0,1,7.75,middle50,True
A-G1.042-C3,166341,3,2716.5,1,10.5,middle50,True
A-G1.042-C3,166341,3,2723.75,1,7.25,middle50,True
A-G1.042-C3,166341,3,2753.0,1,29.25,middle50,True
A-G1.042-C3,166341,3,2761.0,1,8.0,middle50,True
A-G1.042-C3,166341,3,2769.25,1,8.25,middle50,True
A-G1.042-C3,166341,3,2774.5,1,5.25,middle50,True
A-G1.042-C3,166341,3,2793.5,3,19.0,middle50,True
A-G1.042-C3,166341,3,2819.5,1,26.0,middle50,True
A-G1.042-C3,166341,3,2827.75,1,8.25,middle50,True
A-G1.042-C3,166341,3,2867.0,1,39.25,middle50,True
A-G1.042-C3,166341,3,2869.75,1,2.75,middle50,True
A-G1.042-C3,166341,3,2875.25,1,5.5,middle50,True
A-G1.042-C3,166341,3,2880.5,1,5.25,middle50,True
A-G1.042-C3,166341,3,2885.5,1,5.0,middle50,True
A-G1.042-C3,166341,3,2894.75,1,9.25,middle50,True
A-G1.042-C3,166341,3,2920.75,1,26.0,middle50,True
A-G1.042-C3,166341,3,2924.75,1,4.0,middle50,True
A-G1.042-C3,166341,3,2931.75,1,7.0,middle50,True
A-G1.042-C3,166341,3,2938.0,1,6.25,middle50,True
A-G1.042-C3,166341,3,2942.0,6,4.0,middle50,True
A-G1.042-C3,166341,3,2943.75,1,1.75,middle50,True
A-G1.042-C3,166341,3,2977.25,1,33.5,middle50,True
A-G1.042-C3,166341,3,2989.5,1,12.25,middle50,True
A-G1.042-C3,166341,3,2992.5,1,3.0,middle50,True
A-G1.042-C3,166341,3,3012.25,1,19.75,middle50,True
A-G1.042-C3,166341,3,3170.75,1,158.5,middle50,True
A-G1.042-C3,166341,3,3180.25,1,9.5,middle50,True
A-G1.042-C3,166341,3,3187.0,1,6.75,middle50,True
A-G1.042-C3,166341,3,3194.25,1,7.25,middle50,True
A-G1.042-C3,166341,3,3219.5,1,25.25,middle50,True
A-G1.042-C3,166341,3,3225.0,1,5.5,middle50,True
A-G1.042-C3,166341,3,3230.0,1,5.0,middle50,True
A-G1.042-C3,166341,3,3233.0,5,3.0,middle50,True
A-G1.042-C3,166341,3,3239.25,1,6.25,middle50,True
A-G1.042-C3,166341,3,3244.0,1,4.75,middle50,True
A-G1.042-C3,166341,3,3249.5,5,5.5,middle50,True
A-G1.042-C3,166341,3,3297.25,1,47.75,late25,True
A-G1.042-C3,166341,3,3303.25,1,6.0,late25,True
A-G1.042-C3,166341,3,3332.5,1,29.25,late25,True
A-G1.042-C3,166341,3,3340.75,1,8.25,late25,True
A-G1.042-C3,166341,3,3345.5,4,4.75,late25,True
A-G1.042-C3,166341,3,3355.5,1,10.0,late25,True
A-G1.042-C3,166341,3,3369.0,3,13.5,late25,True
A-G1.042-C3,166341,3,3507.5,1,138.5,late25,True
A-G1.042-C3,166341,3,3516.0,1,8.5,late25,True
A-G1.042-C3,166341,3,3525.0,1,9.0,late25,True
A-G1.042-C3,166341,3,3558.75,1,33.75,late25,True
A-G1.042-C3,166341,3,3569.5,1,10.75,late25,True
A-G1.042-C3,166341,3,3579.0,1,9.5,late25,True
A-G1.042-C3,166341,3,3588.75,1,9.75,late25,True
A-G1.042-C3,174260,0,0.25,3,,early25,False
A-G1.042-C3,174260,0,8.25,1,8.0,early25,False
A-G1.042-C3,174260,0,25.75,1,17.5,early25,False
A-G1.042-C3,174260,0,52.75,1,27.0,early25,False
A-G1.042-C3,174260,0,86.25,1,33.5,early25,False
A-G1.042-C3,174260,0,95.75,1,9.5,early25,False
A-G1.042-C3,174260,0,114.5,1,18.75,early25,False
A-G1.042-C3,174260,0,167.0,1,52.5,early25,False
A-G1.042-C3,174260,0,175.75,1,8.75,early25,False
A-G1.042-C3,174260,0,217.25,1,41.5,middle50,False
A-G1.042-C3,174260,0,222.25,1,5.0,middle50,False
A-G1.042-C3,174260,0,232.25,1,10.0,middle50,False
A-G1.042-C3,174260,0,239.25,1,7.0,middle50,False
A-G1.042-C3,174260,0,282.0,1,42.75,middle50,False
A-G1.042-C3,174260,0,288.5,1,6.5,middle50,False
A-G1.042-C3,174260,0,296.75,1,8.25,middle50,False
A-G1.042-C3,174260,0,307.25,2,10.5,middle50,False
A-G1.042-C3,174260,0,337.25,1,30.0,middle50,False
A-G1.042-C3,174260,0,341.5,1,4.25,middle50,False
A-G1.042-C3,174260,0,353.75,14,12.25,middle50,False
A-G1.042-C3,174260,0,364.75,1,11.0,middle50,False
A-G1.042-C3,174260,0,555.5,1,190.75,middle50,False
A-G1.042-C3,174260,0,582.0,1,26.5,middle50,False
A-G1.042-C3,174260,0,585.5,1,3.5,middle50,False
A-G1.042-C3,174260,0,589.25,1,3.75,middle50,False
A-G1.042-C3,174260,0,592.75,1,3.5,middle50,False
A-G1.042-C3,174260,0,598.75,1,6.0,middle50,False
A-G1.042-C3,174260,0,603.0,1,4.25,middle50,False
A-G1.042-C3,174260,0,609.5,1,6.5,middle50,False
A-G1.042-C3,174260,0,639.0,1,29.5,late25,False
A-G1.042-C3,174260,0,645.25,1,6.25,late25,False
A-G1.042-C3,174260,0,652.25,1,7.0,late25,False
A-G1.042-C3,174260,0,656.75,1,4.5,late25,False
A-G1.042-C3,174260,0,662.0,1,5.25,late25,False
A-G1.042-C3,174260,0,691.0,1,29.0,late25,False
A-G1.042-C3,174260,0,700.25,1,9.25,late25,False
A-G1.042-C3,174260,0,705.0,1,4.75,late25,False
A-G1.042-C3,174260,0,711.5,1,6.5,late25,False
A-G1.042-C3,174260,0,715.25,1,3.75,late25,False
A-G1.042-C3,174260,0,720.25,1,5.0,late25,False
A-G1.042-C3,174260,0,832.5,1,112.25,late25,False
A-G1.042-C3,174260,1,855.75,1,23.25,early25,False
A-G1.042-C3,174260,1,862.75,1,7.0,early25,False
A-G1.042-C3,174260,1,872.25,2,9.5,early25,False
A-G1.042-C3,174260,1,919.0,2,46.75,early25,False
A-G1.042-C3,174260,1,920.0,1,1.0,early25,False
A-G1.042-C3,174260,1,925.25,2,5.25,early25,False
A-G1.042-C3,174260,1,929.5,2,4.25,early25,False
A-G1.042-C3,174260,1,932.75,1,3.25,early25,False
A-G1.042-C3,174260,1,938.75,1,6.0,early25,False
A-G1.042-C3,174260,1,941.5,1,2.75,early25,False
A-G1.042-C3,174260,1,972.25,1,30.75,early25,False
A-G1.042-C3,174260,1,975.75,1,3.5,early25,False
A-G1.042-C3,174260,1,979.5,2,3.75,early25,False
A-G1.042-C3,174260,1,986.75,1,7.25,early25,False
A-G1.042-C3,174260,1,990.0,2,3.25,early25,False
A-G1.042-C3,174260,1,993.75,1,3.75,early25,False
A-G1.042-C3,174260,1,1025.75,2,32.0,early25,False
A-G1.042-C3,174260,1,1040.75,2,15.0,middle50,False
A-G1.042-C3,174260,1,1044.75,2,4.0,middle50,False
A-G1.042-C3,174260,1,1048.0,1,3.25,middle50,False
A-G1.042-C3,174260,1,1075.75,1,27.75,middle50,False
A-G1.042-C3,174260,1,1080.25,1,4.5,middle50,False
A-G1.042-C3,174260,1,1086.5,2,6.25,middle50,False
A-G1.042-C3,174260,1,1093.75,2,7.25,middle50,False
A-G1.042-C3,174260,1,1100.5,2,6.75,middle50,False
A-G1.042-C3,174260,1,1104.0,1,3.5,middle50,False
A-G1.042-C3,174260,1,1130.5,1,26.5,middle50,False
A-G1.042-C3,174260,1,1135.25,16,4.75,middle50,False
A-G1.042-C3,174260,1,1139.5,1,4.25,middle50,False
A-G1.042-C3,174260,1,1146.25,1,6.75,middle50,False
A-G1.042-C3,174260,1,1148.25,1,2.0,middle50,False
A-G1.042-C3,174260,1,1150.25,1,2.0,middle50,False
A-G1.042-C3,174260,1,1157.5,1,7.25,middle50,False
A-G1.042-C3,174260,1,1312.0,1,154.5,middle50,False
A-G1.042-C3,174260,1,1319.0,1,7.0,middle50,False
A-G1.042-C3,174260,1,1320.75,1,1.75,middle50,False
A-G1.042-C3,174260,1,1333.0,1,12.25,middle50,False
A-G1.042-C3,174260,1,1336.25,1,3.25,middle50,False
A-G1.042-C3,174260,1,1364.75,1,28.5,middle50,False
A-G1.042-C3,174260,1,1367.25,1,2.5,middle50,False
A-G1.042-C3,174260,1,1373.75,1,6.5,middle50,False
A-G1.042-C3,174260,1,1376.5,1,2.75,middle50,False
A-G1.042-C3,174260,1,1382.25,1,5.75,middle50,False
A-G1.042-C3,174260,1,1386.75,1,4.5,middle50,False
A-G1.042-C3,174260,1,1389.0,1,2.25,middle50,False
A-G1.042-C3,174260,1,1392.25,1,3.25,middle50,False
A-G1.042-C3,174260,1,1416.0,1,23.75,middle50,False
A-G1.042-C3,174260,1,1421.5,1,5.5,late25,False
A-G1.042-C3,174260,1,1425.75,1,4.25,late25,False
A-G1.042-C3,174260,1,1429.25,1,3.5,late25,False
A-G1.042-C3,174260,1,1434.25,1,5.0,late25,False
A-G1.042-C3,174260,1,1437.0,1,2.75,late25,False
A-G1.042-C3,174260,1,1469.5,1,32.5,late25,False
A-G1.042-C3,174260,1,1471.75,1,2.25,late25,False
A-G1.042-C3,174260,1,1473.75,1,2.0,late25,False
A-G1.042-C3,174260,1,1479.0,1,5.25,late25,False
A-G1.042-C3,174260,1,1483.25,1,4.25,late25,False
A-G1.042-C3,174260,1,1486.75,1,3.5,late25,False
A-G1.042-C3,174260,1,1490.0,1,3.25,late25,False
A-G1.042-C3,174260,1,1493.5,1,3.5,late25,False
A-G1.042-C3,174260,1,1496.25,1,2.75,late25,False
A-G1.042-C3,174260,1,1499.0,1,2.75,late25,False
A-G1.042-C3,174260,1,1505.5,1,6.5,late25,False
A-G1.042-C3,174260,2,1624.5,1,119.0,early25,False
A-G1.042-C3,174260,2,1626.5,1,2.0,early25,False
A-G1.042-C3,174260,2,1628.5,2,2.0,early25,False
A-G1.042-C3,174260,2,1631.75,2,3.25,early25,False
A-G1.042-C3,174260,2,1634.5,2,2.75,early25,False
A-G1.042-C3,174260,2,1637.25,2,2.75,early25,False
A-G1.042-C3,174260,2,1641.75,2,4.5,early25,False
A-G1.042-C3,174260,2,1647.25,2,5.5,early25,False
A-G1.042-C3,174260,2,1651.25,2,4.0,early25,False
A-G1.042-C3,174260,2,1657.25,3,6.0,early25,False
A-G1.042-C3,174260,2,1684.0,2,26.75,early25,False
A-G1.042-C3,174260,2,1689.75,3,5.75,early25,False
A-G1.042-C3,174260,2,1694.0,2,4.25,early25,False
A-G1.042-C3,174260,2,1698.75,25,4.75,early25,False
A-G1.042-C3,174260,2,1709.25,1,10.5,early25,False
A-G1.042-C3,174260,2,1712.0,2,2.75,early25,False
A-G1.042-C3,174260,2,1713.25,1,1.25,early25,False
A-G1.042-C3,174260,2,1721.75,6,8.5,early25,False
A-G1.042-C3,174260,2,1742.25,1,20.5,early25,False
A-G1.042-C3,174260,2,1745.0,1,2.75,early25,False
A-G1.042-C3,174260,2,1746.75,2,1.75,early25,False
A-G1.042-C3,174260,2,1749.75,1,3.0,early25,False
A-G1.042-C3,174260,2,1754.5,1,4.75,early25,False
A-G1.042-C3,174260,2,1792.25,2,37.75,middle50,False
A-G1.042-C3,174260,2,1795.75,1,3.5,middle50,False
A-G1.042-C3,174260,2,1802.25,2,6.5,middle50,False
A-G1.042-C3,174260,2,1807.0,2,4.75,middle50,False
A-G1.042-C3,174260,2,1812.0,3,5.0,middle50,False
A-G1.042-C3,174260,2,1815.25,1,3.25,middle50,False
A-G1.042-C3,174260,2,1818.5,1,3.25,middle50,False
A-G1.042-C3,174260,2,1827.75,5,9.25,middle50,False
A-G1.042-C3,174260,2,1971.0,2,143.25,middle50,False
A-G1.042-C3,174260,2,1975.25,2,4.25,middle50,False
A-G1.042-C3,174260,2,1978.0,1,2.75,middle50,False
A-G1.042-C3,174260,2,1981.0,1,3.0,middle50,False
A-G1.042-C3,174260,2,1984.25,1,3.25,middle50,False
A-G1.042-C3,174260,2,1988.25,1,4.0,middle50,False
A-G1.042-C3,174260,2,1991.75,1,3.5,middle50,False
A-G1.042-C3,174260,2,1994.25,1,2.5,middle50,False
A-G1.042-C3,174260,2,1997.25,1,3.0,middle50,False
A-G1.042-C3,174260,2,2020.75,13,23.5,middle50,False
A-G1.042-C3,174260,2,2022.0,1,1.25,middle50,False
A-G1.042-C3,174260,2,2037.25,2,15.25,middle50,False
A-G1.042-C3,174260,2,2046.25,1,9.0,middle50,False
A-G1.042-C3,174260,2,2049.25,1,3.0,middle50,False
A-G1.042-C3,174260,2,2053.5,1,4.25,middle50,False
A-G1.042-C3,174260,2,2076.5,1,23.0,middle50,False
A-G1.042-C3,174260,2,2079.5,1,3.0,middle50,False
A-G1.042-C3,174260,2,2084.5,1,5.0,middle50,False
A-G1.042-C3,174260,2,2088.5,1,4.0,middle50,False
A-G1.042-C3,174260,2,2091.75,1,3.25,middle50,False
A-G1.042-C3,174260,2,2093.25,1,1.5,middle50,False
A-G1.042-C3,174260,2,2099.0,1,5.75,middle50,False
A-G1.042-C3,174260,2,2105.25,1,6.25,middle50,False
A-G1.042-C3,174260,2,2133.0,1,27.75,late25,False
A-G1.042-C3,174260,2,2138.5,1,5.5,late25,False
A-G1.042-C3,174260,2,2143.75,1,5.25,late25,False
A-G1.042-C3,174260,2,2148.75,2,5.0,late25,False
A-G1.042-C3,174260,2,2155.25,2,6.5,late25,False
A-G1.042-C3,174260,2,2159.25,1,4.0,late25,False
A-G1.042-C3,174260,2,2163.25,2,4.0,late25,False
A-G1.042-C3,174260,2,2176.0,3,12.75,late25,False
A-G1.042-C3,174260,3,2294.5,3,118.5,early25,True
A-G1.042-C3,174260,3,2299.5,3,5.0,early25,True
A-G1.042-C3,174260,3,2301.25,2,1.75,early25,True
A-G1.042-C3,174260,3,2303.25,1,2.0,early25,True
A-G1.042-C3,174260,3,2307.75,3,4.5,early25,True
A-G1.042-C3,174260,3,2311.5,2,3.75,early25,True
A-G1.042-C3,174260,3,2314.5,1,3.0,early25,True
A-G1.042-C3,174260,3,2317.75,2,3.25,early25,True
A-G1.042-C3,174260,3,2321.25,1,3.5,early25,True
A-G1.042-C3,174260,3,2325.75,2,4.5,early25,True
A-G1.042-C3,174260,3,2349.25,2,23.5,early25,True
A-G1.042-C3,174260,3,2351.5,1,2.25,early25,True
A-G1.042-C3,174260,3,2354.25,2,2.75,early25,True
A-G1.042-C3,174260,3,2357.0,16,2.75,early25,True
A-G1.042-C3,174260,3,2359.75,1,2.75,early25,True
A-G1.042-C3,174260,3,2361.75,1,2.0,early25,True
A-G1.042-C3,174260,3,2364.5,3,2.75,early25,True
A-G1.042-C3,174260,3,2367.25,1,2.75,early25,True
A-G1.042-C3,174260,3,2372.25,2,5.0,early25,True
A-G1.042-C3,174260,3,2375.0,1,2.75,early25,True
A-G1.042-C3,174260,3,2377.0,1,2.0,early25,True
A-G1.042-C3,174260,3,2380.5,2,3.5,early25,True
A-G1.042-C3,174260,3,2388.25,5,7.75,early25,True
A-G1.042-C3,174260,3,2399.0,2,10.75,early25,True
A-G1.042-C3,174260,3,2404.0,2,5.0,early25,True
A-G1.042-C3,174260,3,2407.75,1,3.75,early25,True
A-G1.042-C3,174260,3,2413.75,1,6.0,early25,True
A-G1.042-C3,174260,3,2418.0,1,4.25,early25,True
A-G1.042-C3,174260,3,2425.75,2,7.75,early25,True
A-G1.042-C3,174260,3,2453.5,1,27.75,early25,True
A-G1.042-C3,174260,3,2458.0,1,4.5,early25,True
A-G1.042-C3,174260,3,2461.5,1,3.5,early25,True
A-G1.042-C3,174260,3,2467.25,2,5.75,early25,True
A-G1.042-C3,174260,3,2473.0,2,5.75,early25,True
A-G1.042-C3,174260,3,2475.75,1,2.75,early25,True
A-G1.042-C3,174260,3,2481.25,2,5.5,early25,True
A-G1.042-C3,174260,3,2491.25,3,10.0,early25,True
A-G1.042-C3,174260,3,2505.75,1,14.5,early25,True
A-G1.042-C3,174260,3,2509.5,1,3.75,early25,True
A-G1.042-C3,174260,3,2514.0,1,4.5,early25,True
A-G1.042-C3,174260,3,2518.25,1,4.25,early25,True
A-G1.042-C3,174260,3,2522.0,1,3.75,early25,True
A-G1.042-C3,174260,3,2525.25,1,3.25,early25,True
A-G1.042-C3,174260,3,2529.0,1,3.75,early25,True
A-G1.042-C3,174260,3,2533.5,12,4.5,early25,True
A-G1.042-C3,174260,3,2571.0,1,37.5,early25,True
A-G1.042-C3,174260,3,2583.0,2,12.0,early25,True
A-G1.042-C3,174260,3,2588.25,1,5.25,early25,True
A-G1.042-C3,174260,3,2597.75,2,9.5,early25,True
A-G1.042-C3,174260,3,2613.25,1,15.5,middle50,True
A-G1.042-C3,174260,3,2619.5,1,6.25,middle50,True
A-G1.042-C3,174260,3,2622.75,1,3.25,middle50,True
A-G1.042-C3,174260,3,2630.75,1,8.0,middle50,True
A-G1.042-C3,174260,3,2637.0,2,6.25,middle50,True
A-G1.042-C3,174260,3,2673.0,1,36.0,middle50,True
A-G1.042-C3,174260,3,2678.0,1,5.0,middle50,True
A-G1.042-C3,174260,3,2683.0,1,5.0,middle50,True
A-G1.042-C3,174260,3,2693.75,1,10.75,middle50,True
A-G1.042-C3,174260,3,2696.75,1,3.0,middle50,True
A-G1.042-C3,174260,3,2704.25,1,7.5,middle50,True
A-G1.042-C3,174260,3,2722.75,1,18.5,middle50,True
A-G1.042-C3,174260,3,2727.75,1,5.0,middle50,True
A-G1.042-C3,174260,3,2733.75,1,6.0,middle50,True
A-G1.042-C3,174260,3,2743.0,1,9.25,middle50,True
A-G1.042-C3,174260,3,2747.75,1,4.75,middle50,True
A-G1.042-C3,174260,3,2773.75,1,26.0,middle50,True
A-G1.042-C3,174260,3,2779.0,1,5.25,middle50,True
A-G1.042-C3,174260,3,2782.5,8,3.5,middle50,True
A-G1.042-C3,174260,3,2787.75,1,5.25,middle50,True
A-G1.042-C3,174260,3,2799.0,1,11.25,middle50,True
A-G1.042-C3,174260,3,2828.5,1,29.5,middle50,True
A-G1.042-C3,174260,3,2835.0,1,6.5,middle50,True
A-G1.042-C3,174260,3,2838.5,1,3.5,middle50,True
A-G1.042-C3,174260,3,2846.25,1,7.75,middle50,True
A-G1.042-C3,174260,3,2849.5,1,3.25,middle50,True
A-G1.042-C3,174260,3,2855.75,1,6.25,middle50,True
A-G1.042-C3,174260,3,2880.5,6,24.75,middle50,True
A-G1.042-C3,174260,3,2882.0,1,1.5,middle50,True
A-G1.042-C3,174260,3,2886.0,1,4.0,middle50,True
A-G1.042-C3,174260,3,2895.0,1,9.0,middle50,True
A-G1.042-C3,174260,3,2900.75,1,5.75,middle50,True
A-G1.042-C3,174260,3,2910.0,1,9.25,middle50,True
A-G1.042-C3,174260,3,3055.0,1,145.0,middle50,True
A-G1.042-C3,174260,3,3061.75,1,6.75,middle50,True
A-G1.042-C3,174260,3,3067.75,1,6.0,middle50,True
A-G1.042-C3,174260,3,3073.5,1,5.75,middle50,True
A-G1.042-C3,174260,3,3080.25,1,6.75,middle50,True
A-G1.042-C3,174260,3,3109.25,1,29.0,middle50,True
A-G1.042-C3,174260,3,3115.0,1,5.75,middle50,True
A-G1.042-C3,174260,3,3121.25,1,6.25,middle50,True
A-G1.042-C3,174260,3,3126.75,1,5.5,middle50,True
A-G1.042-C3,174260,3,3131.75,1,5.0,middle50,True
A-G1.042-C3,174260,3,3134.75,5,3.0,middle50,True
A-G1.042-C3,174260,3,3137.5,1,2.75,middle50,True
A-G1.042-C3,174260,3,3162.25,1,24.75,middle50,True
A-G1.042-C3,174260,3,3174.0,1,11.75,middle50,True
A-G1.042-C3,174260,3,3177.75,5,3.75,middle50,True
A-G1.042-C3,174260,3,3187.25,1,9.5,middle50,True
A-G1.042-C3,174260,3,3217.0,1,29.75,middle50,True
A-G1.042-C3,174260,3,3221.75,1,4.75,middle50,True
A-G1.042-C3,174260,3,3242.5,1,20.75,middle50,True
A-G1.042-C3,174260,3,3258.5,3,16.0,middle50,True
A-G1.042-C3,174260,3,3389.5,1,131.0,late25,True
A-G1.042-C3,174260,3,3396.75,1,7.25,late25,True
A-G1.042-C3,174260,3,3407.0,1,10.25,late25,True
A-G1.042-C3,174260,3,3410.5,3,3.5,late25,True
A-G1.042-C3,174260,3,3441.5,1,31.0,late25,True
A-G1.042-C3,174260,3,3452.0,1,10.5,late25,True
A-G1.042-C3,174260,3,3456.5,1,4.5,late25,True
A-G1.042-C3,174260,3,3461.0,1,4.5,late25,True
A-G1.042-C3,174260,3,3469.5,1,8.5,late25,True
A-G1.042-C3,174260,3,3494.25,1,24.75,late25,True
A-G1.042-C3,174260,3,3514.75,1,20.5,late25,True
A-G1.042-C3,174260,3,3551.5,1,36.75,late25,True
A-G1.042-C3,174260,3,3558.75,1,7.25,late25,True
A-G1.042-C3,174260,3,3569.5,1,10.75,late25,True
A-G1.042-C3,174260,3,3584.25,1,14.75,late25,True
A-G1.042-C3,174260,3,3591.75,2,7.5,late25,True
A-G1.042-C3,182179,0,0.25,3,,early25,False
A-G1.042-C3,182179,0,8.5,1,8.25,early25,False
A-G1.042-C3,182179,0,17.25,1,8.75,early25,False
A-G1.042-C3,182179,0,26.75,1,9.5,early25,False
A-G1.042-C3,182179,0,30.5,1,3.75,early25,False
A-G1.042-C3,182179,0,43.25,1,12.75,early25,False
A-G1.042-C3,182179,0,94.0,1,50.75,early25,False
A-G1.042-C3,182179,0,98.0,1,4.0,early25,False
A-G1.042-C3,182179,0,115.75,1,17.75,early25,False
A-G1.042-C3,182179,0,161.25,1,45.5,early25,False
A-G1.042-C3,182179,0,207.75,1,46.5,early25,False
A-G1.042-C3,182179,0,218.25,1,10.5,middle50,False
A-G1.042-C3,182179,0,226.25,1,8.0,middle50,False
A-G1.042-C3,182179,0,237.5,1,11.25,middle50,False
A-G1.042-C3,182179,0,274.25,1,36.75,middle50,False
A-G1.042-C3,182179,0,279.75,1,5.5,middle50,False
A-G1.042-C3,182179,0,285.5,1,5.75,middle50,False
A-G1.042-C3,182179,0,294.25,1,8.75,middle50,False
A-G1.042-C3,182179,0,301.0,1,6.75,middle50,False
A-G1.042-C3,182179,0,332.25,1,31.25,middle50,False
A-G1.042-C3,182179,0,336.0,1,3.75,middle50,False
A-G1.042-C3,182179,0,343.25,1,7.25,middle50,False
A-G1.042-C3,182179,0,346.25,1,3.0,middle50,False
A-G1.042-C3,182179,0,353.25,1,7.0,middle50,False
A-G1.042-C3,182179,0,356.75,1,3.5,middle50,False
A-G1.042-C3,182179,0,368.0,1,11.25,middle50,False
A-G1.042-C3,182179,0,518.25,1,150.25,middle50,False
A-G1.042-C3,182179,0,525.5,1,7.25,middle50,False
A-G1.042-C3,182179,0,538.25,1,12.75,middle50,False
A-G1.042-C3,182179,0,575.0,1,36.75,middle50,False
A-G1.042-C3,182179,0,578.5,1,3.5,middle50,False
A-G1.042-C3,182179,0,583.0,1,4.5,middle50,False
A-G1.042-C3,182179,0,588.0,1,5.0,middle50,False
A-G1.042-C3,182179,0,597.25,1,9.25,middle50,False
A-G1.042-C3,182179,0,604.0,1,6.75,middle50,False
A-G1.042-C3,182179,0,618.5,4,14.5,middle50,False
A-G1.042-C3,182179,0,636.25,1,17.75,late25,False
A-G1.042-C3,182179,0,641.25,1,5.0,late25,False
A-G1.042-C3,182179,0,646.5,1,5.25,late25,False
A-G1.042-C3,182179,0,648.75,1,2.25,late25,False
A-G1.042-C3,182179,0,653.25,1,4.5,late25,False
A-G1.042-C3,182179,0,658.25,1,5.0,late25,False
A-G1.042-C3,182179,0,690.5,1,32.25,late25,False
A-G1.042-C3,182179,0,694.75,1,4.25,late25,False
A-G1.042-C3,182179,0,699.5,1,4.75,late25,False
A-G1.042-C3,182179,0,706.0,1,6.5,late25,False
A-G1.042-C3,182179,0,711.5,1,5.5,late25,False
A-G1.042-C3,182179,0,716.0,1,4.5,late25,False
A-G1.042-C3,182179,0,728.75,1,12.75,late25,False
A-G1.042-C3,182179,0,836.5,1,107.75,late25,False
A-G1.042-C3,182179,1,846.5,2,10.0,early25,False
A-G1.042-C3,182179,1,864.25,1,17.75,early25,False
A-G1.042-C3,182179,1,869.0,2,4.75,early25,False
A-G1.042-C3,182179,1,875.0,1,6.0,early25,False
A-G1.042-C3,182179,1,884.75,3,9.75,early25,False
A-G1.042-C3,182179,1,893.5,2,8.75,early25,False
A-G1.042-C3,182179,1,918.0,1,24.5,early25,False
A-G1.042-C3,182179,1,922.5,2,4.5,early25,False
A-G1.042-C3,182179,1,927.75,10,5.25,early25,False
A-G1.042-C3,182179,1,930.5,1,2.75,early25,False
A-G1.042-C3,182179,1,932.0,1,1.5,early25,False
A-G1.042-C3,182179,1,936.5,1,4.5,early25,False
A-G1.042-C3,182179,1,937.25,1,0.75,early25,False
A-G1.042-C3,182179,1,940.0,1,2.75,early25,False
A-G1.042-C3,182179,1,942.75,1,2.75,early25,False
A-G1.042-C3,182179,1,946.0,1,3.25,early25,False
A-G1.042-C3,182179,1,950.5,1,4.5,early25,False
A-G1.042-C3,182179,1,969.0,1,18.5,early25,False
A-G1.042-C3,182179,1,972.0,1,3.0,early25,False
A-G1.042-C3,182179,1,974.75,1,2.75,early25,False
A-G1.042-C3,182179,1,979.5,1,4.75,early25,False
A-G1.042-C3,182179,1,983.75,1,4.25,early25,False
A-G1.042-C3,182179,1,989.5,1,5.75,early25,False
A-G1.042-C3,182179,1,994.25,1,4.75,early25,False
A-G1.042-C3,182179,1,1027.5,2,33.25,middle50,False
A-G1.042-C3,182179,1,1031.5,1,4.0,middle50,False
A-G1.042-C3,182179,1,1035.5,1,4.0,middle50,False
A-G1.042-C3,182179,1,1038.75,2,3.25,middle50,False
A-G1.042-C3,182179,1,1042.25,1,3.5,middle50,False
A-G1.042-C3,182179,1,1046.25,1,4.0,middle50,False
A-G1.042-C3,182179,1,1048.0,1,1.75,middle50,False
A-G1.042-C3,182179,1,1052.25,1,4.25,middle50,False
A-G1.042-C3,182179,1,1207.0,1,154.75,middle50,False
A-G1.042-C3,182179,1,1209.5,1,2.5,middle50,False
A-G1.042-C3,182179,1,1211.75,1,2.25,middle50,False
A-G1.042-C3,182179,1,1215.75,2,4.0,middle50,False
A-G1.042-C3,182179,1,1219.75,1,4.0,middle50,False
A-G1.042-C3,182179,1,1223.0,1,3.25,middle50,False
A-G1.042-C3,182179,1,1226.5,1,3.5,middle50,False
A-G1.042-C3,182179,1,1230.5,1,4.0,middle50,False
A-G1.042-C3,182179,1,1235.5,2,5.0,middle50,False
A-G1.042-C3,182179,1,1259.5,1,24.0,middle50,False
A-G1.042-C3,182179,1,1261.75,1,2.25,middle50,False
A-G1.042-C3,182179,1,1265.0,1,3.25,middle50,False
A-G1.042-C3,182179,1,1268.0,15,3.0,middle50,False
A-G1.042-C3,182179,1,1275.0,1,7.0,middle50,False
A-G1.042-C3,182179,1,1277.0,1,2.0,middle50,False
A-G1.042-C3,182179,1,1280.0,1,3.0,middle50,False
A-G1.042-C3,182179,1,1284.0,1,4.0,middle50,False
A-G1.042-C3,182179,1,1287.25,1,3.25,middle50,False
A-G1.042-C3,182179,1,1288.75,1,1.5,middle50,False
A-G1.042-C3,182179,1,1291.75,1,3.0,middle50,False
A-G1.042-C3,182179,1,1308.75,1,17.0,middle50,False
A-G1.042-C3,182179,1,1311.0,1,2.25,middle50,False
A-G1.042-C3,182179,1,1313.75,1,2.75,middle50,False
A-G1.042-C3,182179,1,1318.5,1,4.75,middle50,False
A-G1.042-C3,182179,1,1321.75,1,3.25,middle50,False
A-G1.042-C3,182179,1,1323.5,1,1.75,middle50,False
A-G1.042-C3,182179,1,1329.0,1,5.5,middle50,False
A-G1.042-C3,182179,1,1331.75,1,2.75,middle50,False
A-G1.042-C3,182179,1,1336.25,1,4.5,middle50,False
A-G1.042-C3,182179,1,1365.75,1,29.5,late25,False
A-G1.042-C3,182179,1,1377.25,1,11.5,late25,False
A-G1.042-C3,182179,1,1382.75,1,5.5,late25,False
A-G1.042-C3,182179,1,1386.25,1,3.5,late25,False
A-G1.042-C3,182179,1,1391.75,2,5.5,late25,False
A-G1.042-C3,182179,1,1412.5,1,20.75,late25,False
A-G1.042-C3,182179,2,1530.75,2,118.25,early25,False
A-G1.042-C3,182179,2,1533.25,1,2.5,early25,False
A-G1.042-C3,182179,2,1536.5,2,3.25,early25,False
A-G1.042-C3,182179,2,1544.0,2,7.5,early25,False
A-G1.042-C3,182179,2,1548.5,2,4.5,early25,False
A-G1.042-C3,182179,2,1554.5,2,6.0,early25,False
A-G1.042-C3,182179,2,1561.25,3,6.75,early25,False
A-G1.042-C3,182179,2,1587.0,2,25.75,early25,False
A-G1.042-C3,182179,2,1592.25,3,5.25,early25,False
A-G1.042-C3,182179,2,1596.25,1,4.0,early25,False
A-G1.042-C3,182179,2,1600.75,25,4.5,early25,False
A-G1.042-C3,182179,2,1602.0,1,1.25,early25,False
A-G1.042-C3,182179,2,1607.25,1,5.25,early25,False
A-G1.042-C3,182179,2,1625.0,6,17.75,early25,False
A-G1.042-C3,182179,2,1643.5,2,18.5,early25,False
A-G1.042-C3,182179,2,1648.0,2,4.5,early25,False
A-G1.042-C3,182179,2,1654.5,2,6.5,early25,False
A-G1.042-C3,182179,2,1659.25,1,4.75,early25,False
A-G1.042-C3,182179,2,1664.0,2,4.75,early25,False
A-G1.042-C3,182179,2,1700.0,2,36.0,early25,False
A-G1.042-C3,182179,2,1705.5,2,5.5,early25,False
A-G1.042-C3,182179,2,1715.0,3,9.5,early25,False
A-G1.042-C3,182179,2,1729.25,1,14.25,early25,False
A-G1.042-C3,182179,2,1871.25,1,142.0,middle50,False
A-G1.042-C3,182179,2,1874.75,2,3.5,middle50,False
A-G1.042-C3,182179,2,1880.5,2,5.75,middle50,False
A-G1.042-C3,182179,2,1884.5,1,4.0,middle50,False
A-G1.042-C3,182179,2,1888.25,1,3.75,middle50,False
A-G1.042-C3,182179,2,1891.75,2,3.5,middle50,False
A-G1.042-C3,182179,2,1894.75,1,3.0,middle50,False
A-G1.042-C3,182179,2,1897.75,1,3.0,middle50,False
A-G1.042-C3,182179,2,1901.75,1,4.0,middle50,False
A-G1.042-C3,182179,2,1927.0,2,25.25,middle50,False
A-G1.042-C3,182179,2,1930.75,1,3.75,middle50,False
A-G1.042-C3,182179,2,1934.5,2,3.75,middle50,False
A-G1.042-C3,182179,2,1937.75,1,3.25,middle50,False
A-G1.042-C3,182179,2,1941.0,2,3.25,middle50,False
A-G1.042-C3,182179,2,1944.75,1,3.75,middle50,False
A-G1.042-C3,182179,2,1947.5,1,2.75,middle50,False
A-G1.042-C3,182179,2,1950.75,15,3.25,middle50,False
A-G1.042-C3,182179,2,1954.25,1,3.5,middle50,False
A-G1.042-C3,182179,2,1956.75,1,2.5,middle50,False
A-G1.042-C3,182179,2,1964.0,13,7.25,middle50,False
A-G1.042-C3,182179,2,1999.0,1,35.0,middle50,False
A-G1.042-C3,182179,2,2004.25,1,5.25,middle50,False
A-G1.042-C3,182179,2,2007.75,1,3.5,middle50,False
A-G1.042-C3,182179,2,2010.25,1,2.5,middle50,False
A-G1.042-C3,182179,2,2044.0,1,33.75,middle50,False
A-G1.042-C3,182179,2,2046.5,1,2.5,middle50,False
A-G1.042-C3,182179,2,2048.75,1,2.25,middle50,False
A-G1.042-C3,182179,2,2050.5,1,1.75,middle50,False
A-G1.042-C3,182179,2,2052.5,1,2.0,middle50,False
A-G1.042-C3,182179,2,2058.25,2,5.75,middle50,False
A-G1.042-C3,182179,2,2063.75,2,5.5,middle50,False
A-G1.042-C3,182179,2,2067.5,1,3.75,middle50,False
A-G1.042-C3,182179,2,2071.25,2,3.75,middle50,False
A-G1.042-C3,182179,2,2079.5,1,8.25,middle50,False
A-G1.042-C3,182179,2,2085.5,3,6.0,middle50,False
A-G1.042-C3,182179,2,2220.5,3,135.0,middle50,False
A-G1.042-C3,182179,2,2240.75,1,20.25,middle50,False
A-G1.042-C3,182179,2,2243.0,1,2.25,middle50,False
A-G1.042-C3,182179,2,2248.25,1,5.25,middle50,False
A-G1.042-C3,182179,2,2251.75,1,3.5,middle50,False
A-G1.042-C3,182179,2,2278.0,1,26.25,late25,False
A-G1.042-C3,182179,2,2281.75,1,3.75,late25,False
A-G1.042-C3,182179,2,2283.75,7,2.0,late25,False
A-G1.042-C3,182179,2,2284.5,2,0.75,late25,False
A-G1.042-C3,182179,2,2285.75,2,1.25,late25,False
A-G1.042-C3,182179,2,2290.5,1,4.75,late25,False
A-G1.042-C3,182179,2,2296.0,1,5.5,late25,False
A-G1.042-C3,182179,2,2301.0,1,5.0,late25,False
A-G1.042-C3,182179,2,2301.5,2,0.5,late25,False
A-G1.042-C3,182179,2,2307.25,1,5.75,late25,False
A-G1.042-C3,182179,2,2315.0,1,7.75,late25,False
A-G1.042-C3,182179,2,2322.25,5,7.25,late25,False
A-G1.042-C3,182179,2,2334.0,1,11.75,late25,False
A-G1.042-C3,182179,2,2341.0,1,7.0,late25,False
A-G1.042-C3,182179,2,2345.25,1,4.25,late25,False
A-G1.042-C3,182179,2,2352.5,1,7.25,late25,False
A-G1.042-C3,182179,2,2359.75,1,7.25,late25,False
A-G1.042-C3,182179,2,2392.5,1,32.75,late25,False
A-G1.042-C3,182179,2,2398.75,1,6.25,late25,False
A-G1.042-C3,182179,2,2404.5,1,5.75,late25,False
A-G1.042-C3,182179,2,2408.0,1,3.5,late25,False
A-G1.042-C3,182179,2,2411.25,1,3.25,late25,False
A-G1.042-C3,182179,2,2414.75,1,3.5,late25,False
A-G1.042-C3,182179,2,2418.25,1,3.5,late25,False
A-G1.042-C3,182179,3,2531.25,1,113.0,early25,True
A-G1.042-C3,182179,3,2540.75,2,9.5,early25,True
A-G1.042-C3,182179,3,2543.5,1,2.75,early25,True
A-G1.042-C3,182179,3,2545.0,1,1.5,early25,True
A-G1.042-C3,182179,3,2550.5,2,5.5,early25,True
A-G1.042-C3,182179,3,2553.75,2,3.25,early25,True
A-G1.042-C3,182179,3,2557.0,1,3.25,early25,True
A-G1.042-C3,182179,3,2560.25,2,3.25,early25,True
A-G1.042-C3,182179,3,2563.5,2,3.25,early25,True
A-G1.042-C3,182179,3,2566.0,1,2.5,early25,True
A-G1.042-C3,182179,3,2567.0,1,1.0,early25,True
A-G1.042-C3,182179,3,2575.5,2,8.5,early25,True
A-G1.042-C3,182179,3,2598.5,2,23.0,early25,True
A-G1.042-C3,182179,3,2606.75,1,8.25,early25,True
A-G1.042-C3,182179,3,2615.75,2,9.0,early25,True
A-G1.042-C3,182179,3,2625.75,2,10.0,early25,True
A-G1.042-C3,182179,3,2648.75,1,23.0,early25,True
A-G1.042-C3,182179,3,2652.5,1,3.75,early25,True
A-G1.042-C3,182179,3,2656.25,1,3.75,early25,True
A-G1.042-C3,182179,3,2659.0,1,2.75,early25,True
A-G1.042-C3,182179,3,2663.25,1,4.25,early25,True
A-G1.042-C3,182179,3,2667.5,1,4.25,early25,True
A-G1.042-C3,182179,3,2670.75,1,3.25,early25,True
A-G1.042-C3,182179,3,2674.5,9,3.75,early25,True
A-G1.042-C3,182179,3,2700.5,1,26.0,early25,True
A-G1.042-C3,182179,3,2709.25,2,8.75,early25,True
A-G1.042-C3,182179,3,2714.0,1,4.75,early25,True
A-G1.042-C3,182179,3,2715.25,1,1.25,early25,True
A-G1.042-C3,182179,3,2720.5,1,5.25,early25,True
A-G1.042-C3,182179,3,2725.75,1,5.25,early25,True
A-G1.042-C3,182179,3,2729.25,2,3.5,early25,True
A-G1.042-C3,182179,3,2765.5,2,36.25,early25,True
A-G1.042-C3,182179,3,2771.75,1,6.25,early25,True
A-G1.042-C3,182179,3,2777.75,1,6.0,early25,True
A-G1.042-C3,182179,3,2784.25,1,6.5,early25,True
A-G1.042-C3,182179,3,2816.5,1,32.25,middle50,True
A-G1.042-C3,182179,3,2820.75,1,4.25,middle50,True
A-G1.042-C3,182179,3,2824.75,1,4.0,middle50,True
A-G1.042-C3,182179,3,2829.0,1,4.25,middle50,True
A-G1.042-C3,182179,3,2834.0,1,5.0,middle50,True
A-G1.042-C3,182179,3,2837.75,1,3.75,middle50,True
A-G1.042-C3,182179,3,2842.75,1,5.0,middle50,True
A-G1.042-C3,182179,3,2852.25,1,9.5,middle50,True
A-G1.042-C3,182179,3,2866.5,1,14.25,middle50,True
A-G1.042-C3,182179,3,2873.5,1,7.0,middle50,True
A-G1.042-C3,182179,3,2877.25,1,3.75,middle50,True
A-G1.042-C3,182179,3,2890.75,1,13.5,middle50,True
A-G1.042-C3,182179,3,2924.0,2,33.25,middle50,True
A-G1.042-C3,182179,3,2933.25,1,9.25,middle50,True
A-G1.042-C3,182179,3,2938.25,1,5.0,middle50,True
A-G1.042-C3,182179,3,2945.25,2,7.0,middle50,True
A-G1.042-C3,182179,3,2951.75,1,6.5,middle50,True
A-G1.042-C3,182179,3,2983.75,2,32.0,middle50,True
A-G1.042-C3,182179,3,2996.75,2,13.0,middle50,True
A-G1.042-C3,182179,3,3043.25,2,46.5,middle50,True
A-G1.042-C3,182179,3,3051.75,1,8.5,middle50,True
A-G1.042-C3,182179,3,3058.25,1,6.5,middle50,True
A-G1.042-C3,182179,3,3063.25,1,5.0,middle50,True
A-G1.042-C3,182179,3,3073.25,1,10.0,middle50,True
A-G1.042-C3,182179,3,3223.5,1,150.25,middle50,True
A-G1.042-C3,182179,3,3233.0,1,9.5,middle50,True
A-G1.042-C3,182179,3,3237.75,1,4.75,middle50,True
A-G1.042-C3,182179,3,3242.5,1,4.75,middle50,True
A-G1.042-C3,182179,3,3250.5,1,8.0,middle50,True
A-G1.042-C3,182179,3,3281.0,1,30.5,middle50,True
A-G1.042-C3,182179,3,3289.0,1,8.0,middle50,True
A-G1.042-C3,182179,3,3297.25,1,8.25,middle50,True
A-G1.042-C3,182179,3,3302.0,1,4.75,middle50,True
A-G1.042-C3,182179,3,3329.25,1,27.25,middle50,True
A-G1.042-C3,182179,3,3333.75,1,4.5,late25,True
A-G1.042-C3,182179,3,3343.0,1,9.25,late25,True
A-G1.042-C3,182179,3,3345.75,1,2.75,late25,True
A-G1.042-C3,182179,3,3353.75,1,8.0,late25,True
A-G1.042-C3,182179,3,3395.5,1,41.75,late25,True
A-G1.042-C3,182179,3,3400.25,1,4.75,late25,True
A-G1.042-C3,182179,3,3404.75,1,4.5,late25,True
A-G1.042-C3,182179,3,3411.5,1,6.75,late25,True
A-G1.042-C3,182179,3,3427.75,4,16.25,late25,True
A-G1.042-C3,182179,3,3572.0,1,144.25,late25,True
A-G1.042-C3,182179,3,3580.25,1,8.25,late25,True
A-G1.042-C3,182179,3,3591.5,1,11.25,late25,True
A-G1.042-C3,190098,0,0.25,3,,early25,False
A-G1.042-C3,190098,0,8.25,1,8.0,early25,False
A-G1.042-C3,190098,0,12.25,1,4.0,early25,False
A-G1.042-C3,190098,0,32.75,1,20.5,early25,False
A-G1.042-C3,190098,0,92.5,1,59.75,early25,False
A-G1.042-C3,190098,0,96.0,1,3.5,early25,False
A-G1.042-C3,190098,0,103.25,1,7.25,early25,False
A-G1.042-C3,190098,0,108.5,1,5.25,early25,False
A-G1.042-C3,190098,0,114.5,1,6.0,early25,False
A-G1.042-C3,190098,0,118.5,1,4.0,early25,False
A-G1.042-C3,190098,0,158.5,1,40.0,early25,False
A-G1.042-C3,190098,0,175.0,2,16.5,middle50,False
A-G1.042-C3,190098,0,186.0,1,11.0,middle50,False
A-G1.042-C3,190098,0,213.25,2,27.25,middle50,False
A-G1.042-C3,190098,0,224.25,1,11.0,middle50,False
A-G1.042-C3,190098,0,231.5,14,7.25,middle50,False
A-G1.042-C3,190098,0,398.25,1,166.75,middle50,False
A-G1.042-C3,190098,0,442.5,1,44.25,middle50,False
A-G1.042-C3,190098,0,446.5,1,4.0,middle50,False
A-G1.042-C3,190098,0,458.25,1,11.75,middle50,False
A-G1.042-C3,190098,0,462.5,1,4.25,middle50,False
A-G1.042-C3,190098,0,469.75,1,7.25,middle50,False
A-G1.042-C3,190098,0,480.25,2,10.5,middle50,False
A-G1.042-C3,190098,0,534.75,1,54.5,late25,False
A-G1.042-C3,190098,0,565.25,12,30.5,late25,False
A-G1.042-C3,190098,0,574.0,1,8.75,late25,False
A-G1.042-C3,190098,0,577.5,1,3.5,late25,False
A-G1.042-C3,190098,0,583.25,1,5.75,late25,False
A-G1.042-C3,190098,0,589.25,1,6.0,late25,False
A-G1.042-C3,190098,0,698.0,1,108.75,late25,False
A-G1.042-C3,190098,1,708.0,1,10.0,early25,False
A-G1.042-C3,190098,1,724.0,2,16.0,early25,False
A-G1.042-C3,190098,1,726.25,1,2.25,early25,False
A-G1.042-C3,190098,1,728.75,1,2.5,early25,False
A-G1.042-C3,190098,1,730.5,1,1.75,early25,False
A-G1.042-C3,190098,1,734.75,1,4.25,early25,False
A-G1.042-C3,190098,1,741.75,3,7.0,early25,False
A-G1.042-C3,190098,1,747.75,2,6.0,early25,False
A-G1.042-C3,190098,1,751.0,1,3.25,early25,False
A-G1.042-C3,190098,1,755.75,1,4.75,early25,False
A-G1.042-C3,190098,1,780.75,10,25.0,early25,False
A-G1.042-C3,190098,1,781.75,1,1.0,early25,False
A-G1.042-C3,190098,1,787.25,1,5.5,early25,False
A-G1.042-C3,190098,1,792.25,1,5.0,early25,False
A-G1.042-C3,190098,1,793.75,1,1.5,early25,False
A-G1.042-C3,190098,1,795.25,1,1.5,early25,False
A-G1.042-C3,190098,1,796.75,1,1.5,early25,False
A-G1.042-C3,190098,1,801.25,1,4.5,early25,False
A-G1.042-C3,190098,1,803.75,1,2.5,early25,False
A-G1.042-C3,190098,1,806.5,1,2.75,early25,False
A-G1.042-C3,190098,1,833.5,1,27.0,early25,False
A-G1.042-C3,190098,1,838.0,1,4.5,early25,False
A-G1.042-C3,190098,1,843.75,2,5.75,early25,False
A-G1.042-C3,190098,1,850.75,2,7.0,early25,False
A-G1.042-C3,190098,1,857.0,2,6.25,early25,False
A-G1.042-C3,190098,1,860.5,1,3.5,early25,False
A-G1.042-C3,190098,1,886.5,1,26.0,middle50,False
A-G1.042-C3,190098,1,891.25,15,4.75,middle50,False
A-G1.042-C3,190098,1,892.75,1,1.5,middle50,False
A-G1.042-C3,190098,1,895.0,1,2.25,middle50,False
A-G1.042-C3,190098,1,902.25,2,7.25,middle50,False
A-G1.042-C3,190098,1,908.75,2,6.5,middle50,False
A-G1.042-C3,190098,1,913.0,2,4.25,middle50,False
A-G1.042-C3,190098,1,1047.5,1,134.5,middle50,False
A-G1.042-C3,190098,1,1053.25,1,5.75,middle50,False
A-G1.042-C3,190098,1,1059.0,1,5.75,middle50,False
A-G1.042-C3,190098,1,1062.0,1,3.0,middle50,False
A-G1.042-C3,190098,1,1065.5,1,3.5,middle50,False
A-G1.042-C3,190098,1,1069.0,1,3.5,middle50,False
A-G1.042-C3,190098,1,1074.0,1,5.0,middle50,False
A-G1.042-C3,190098,1,1078.25,1,4.25,middle50,False
A-G1.042-C3,190098,1,1101.75,1,23.5,middle50,False
A-G1.042-C3,190098,1,1104.75,1,3.0,middle50,False
A-G1.042-C3,190098,1,1107.75,14,3.0,middle50,False
A-G1.042-C3,190098,1,1112.75,1,5.0,middle50,False
A-G1.042-C3,190098,1,1115.75,1,3.0,middle50,False
A-G1.042-C3,190098,1,1122.0,1,6.25,middle50,False
A-G1.042-C3,190098,1,1127.5,1,5.5,middle50,False
A-G1.042-C3,190098,1,1129.25,1,1.75,middle50,False
A-G1.042-C3,190098,1,1130.75,1,1.5,middle50,False
A-G1.042-C3,190098,1,1134.75,1,4.0,middle50,False
A-G1.042-C3,190098,1,1141.5,3,6.75,middle50,False
A-G1.042-C3,190098,1,1154.25,1,12.75,middle50,False
A-G1.042-C3,190098,1,1160.25,1,6.0,middle50,False
A-G1.042-C3,190098,1,1166.75,1,6.5,middle50,False
A-G1.042-C3,190098,1,1171.0,2,4.25,middle50,False
A-G1.042-C3,190098,1,1174.25,1,3.25,middle50,False
A-G1.042-C3,190098,1,1177.75,1,3.5,middle50,False
A-G1.042-C3,190098,1,1208.5,1,30.75,late25,False
A-G1.042-C3,190098,1,1210.75,1,2.25,late25,False
A-G1.042-C3,190098,1,1213.25,1,2.5,late25,False
A-G1.042-C3,190098,1,1215.25,1,2.0,late25,False
A-G1.042-C3,190098,1,1217.25,1,2.0,late25,False
A-G1.042-C3,190098,1,1222.0,1,4.75,late25,False
A-G1.042-C3,190098,1,1224.5,1,2.5,late25,False
A-G1.042-C3,190098,1,1229.5,1,5.0,late25,False
A-G1.042-C3,190098,1,1231.5,1,2.0,late25,False
A-G1.042-C3,190098,1,1233.25,1,1.75,late25,False
A-G1.042-C3,190098,1,1238.5,1,5.25,late25,False
A-G1.042-C3,190098,1,1341.75,1,103.25,late25,False
A-G1.042-C3,190098,1,1345.0,1,3.25,late25,False
A-G1.042-C3,190098,2,1362.75,2,17.75,early25,False
A-G1.042-C3,190098,2,1368.0,2,5.25,early25,False
A-G1.042-C3,190098,2,1372.25,1,4.25,early25,False
A-G1.042-C3,190098,2,1374.0,1,1.75,early25,False
A-G1.042-C3,190098,2,1375.75,1,1.75,early25,False
A-G1.042-C3,190098,2,1378.75,2,3.0,early25,False
A-G1.042-C3,190098,2,1380.25,1,1.5,early25,False
A-G1.042-C3,190098,2,1383.25,1,3.0,early25,False
A-G1.042-C3,190098,2,1390.25,4,7.0,early25,False
A-G1.042-C3,190098,2,1392.0,1,1.75,early25,False
A-G1.042-C3,190098,2,1425.5,2,33.5,early25,False
A-G1.042-C3,190098,2,1430.25,2,4.75,early25,False
A-G1.042-C3,190098,2,1434.25,1,4.0,early25,False
A-G1.042-C3,190098,2,1440.5,3,6.25,early25,False
A-G1.042-C3,190098,2,1445.5,3,5.0,early25,False
A-G1.042-C3,190098,2,1456.25,3,10.75,early25,False
A-G1.042-C3,190098,2,1462.5,5,6.25,early25,False
A-G1.042-C3,190098,2,1473.0,1,10.5,early25,False
A-G1.042-C3,190098,2,1477.75,3,4.75,early25,False
A-G1.042-C3,190098,2,1480.75,1,3.0,early25,False
A-G1.042-C3,190098,2,1492.25,3,11.5,early25,False
A-G1.042-C3,190098,2,1501.75,2,9.5,early25,False
A-G1.042-C3,190098,2,1533.25,3,31.5,early25,False
A-G1.042-C3,190098,2,1541.25,2,8.0,early25,False
A-G1.042-C3,190098,2,1547.25,3,6.0,early25,False
A-G1.042-C3,190098,2,1556.25,1,9.0,early25,False
A-G1.042-C3,190098,2,1566.75,2,10.5,early25,False
A-G1.042-C3,190098,2,1723.2499999999,2,156.49999999989996,middle50,False
A-G1.042-C3,190098,2,1728.4999999999,2,5.25,middle50,False
A-G1.042-C3,190098,2,1732.9999999999,3,4.5,middle50,False
A-G1.042-C3,190098,2,1735.7499999999,1,2.75,middle50,False
A-G1.042-C3,190098,2,1763.2499999999,1,27.5,middle50,False
A-G1.042-C3,190098,2,1767.9999999999,2,4.75,middle50,False
A-G1.042-C3,190098,2,1774.7499999999,1,6.75,middle50,False
A-G1.042-C3,190098,2,1778.9999999999,2,4.25,middle50,False
A-G1.042-C3,190098,2,1783.2499999999,2,4.25,middle50,False
A-G1.042-C3,190098,2,1787.7499999999,2,4.5,middle50,False
A-G1.042-C3,190098,2,1803.25,4,15.500000000100044,middle50,False
A-G1.042-C3,190098,2,1814.0,2,10.75,middle50,False
A-G1.042-C3,190098,2,1817.5,3,3.5,middle50,False
A-G1.042-C3,190098,2,1821.25,4,3.75,middle50,False
A-G1.042-C3,190098,2,1829.75,2,8.5,middle50,False
A-G1.042-C3,190098,2,1834.75,2,5.0,middle50,False
A-G1.042-C3,190098,2,1839.75,1,5.0,middle50,False
A-G1.042-C3,190098,2,1842.25,1,2.5,middle50,False
A-G1.042-C3,190098,2,1873.0,1,30.75,middle50,False
A-G1.042-C3,190098,2,1877.75,2,4.75,middle50,False
A-G1.042-C3,190098,2,1878.75,3,1.0,middle50,False
A-G1.042-C3,190098,2,1879.5,2,0.75,middle50,False
A-G1.042-C3,190098,2,1884.25,2,4.75,middle50,False
A-G1.042-C3,190098,2,1887.75,1,3.5,middle50,False
A-G1.042-C3,190098,2,1891.0,1,3.25,middle50,False
A-G1.042-C3,190098,2,1894.0,1,3.0,middle50,False
A-G1.042-C3,190098,2,1898.5,1,4.5,middle50,False
A-G1.042-C3,190098,2,1906.25,1,7.75,middle50,False
A-G1.042-C3,190098,2,1912.25,3,6.0,middle50,False
A-G1.042-C3,190098,2,2036.5,2,124.25,middle50,False
A-G1.042-C3,190098,2,2040.5,1,4.0,middle50,False
A-G1.042-C3,190098,2,2044.25,1,3.75,middle50,False
A-G1.042-C3,190098,2,2049.5,1,5.25,middle50,False
A-G1.042-C3,190098,2,2052.0,1,2.5,middle50,False
A-G1.042-C3,190098,2,2055.0,1,3.0,middle50,False
A-G1.042-C3,190098,2,2063.5,1,8.5,middle50,False
A-G1.042-C3,190098,2,2088.25,1,24.75,late25,False
A-G1.042-C3,190098,2,2090.25,1,2.0,late25,False
A-G1.042-C3,190098,2,2095.5,8,5.25,late25,False
A-G1.042-C3,190098,2,2099.25,2,3.75,late25,False
A-G1.042-C3,190098,2,2102.75,1,3.5,late25,False
A-G1.042-C3,190098,2,2105.5,1,2.75,late25,False
A-G1.042-C3,190098,2,2113.25,1,7.75,late25,False
A-G1.042-C3,190098,2,2117.5,1,4.25,late25,False
A-G1.042-C3,190098,2,2119.5,1,2.0,late25,False
A-G1.042-C3,190098,2,2134.25,1,14.75,late25,False
A-G1.042-C3,190098,2,2137.0,1,2.75,late25,False
A-G1.042-C3,190098,2,2139.75,1,2.75,late25,False
A-G1.042-C3,190098,2,2144.75,1,5.0,late25,False
A-G1.042-C3,190098,2,2147.5,1,2.75,late25,False
A-G1.042-C3,190098,2,2149.0,1,1.5,late25,False
A-G1.042-C3,190098,2,2151.75,1,2.75,late25,False
A-G1.042-C3,190098,2,2156.25,1,4.5,late25,False
A-G1.042-C3,190098,2,2163.75,2,7.5,late25,False
A-G1.042-C3,190098,2,2194.25,1,30.5,late25,False
A-G1.042-C3,190098,2,2198.75,1,4.5,late25,False
A-G1.042-C3,190098,2,2205.5,1,6.75,late25,False
A-G1.042-C3,190098,2,2208.0,1,2.5,late25,False
A-G1.042-C3,190098,2,2214.75,1,6.75,late25,False
A-G1.042-C3,190098,2,2227.75,1,13.0,late25,False
A-G1.042-C3,190098,2,2235.5,4,7.75,late25,False
A-G1.042-C3,190098,2,2333.5,1,98.0,late25,False
A-G1.042-C3,190098,3,2339.5,1,6.0,early25,True
A-G1.042-C3,190098,3,2349.25,1,9.75,early25,True
A-G1.042-C3,190098,3,2354.5,2,5.25,early25,True
A-G1.042-C3,190098,3,2357.25,1,2.75,early25,True
A-G1.042-C3,190098,3,2359.5,1,2.25,early25,True
A-G1.042-C3,190098,3,2365.25,1,5.75,early25,True
A-G1.042-C3,190098,3,2367.0,1,1.75,early25,True
A-G1.042-C3,190098,3,2371.25,1,4.25,early25,True
A-G1.042-C3,190098,3,2374.5,2,3.25,early25,True
A-G1.042-C3,190098,3,2384.5,3,10.0,early25,True
A-G1.042-C3,190098,3,2408.25,2,23.75,early25,True
A-G1.042-C3,190098,3,2414.0,1,5.75,early25,True
A-G1.042-C3,190098,3,2422.0,2,8.0,early25,True
A-G1.042-C3,190098,3,2427.75,2,5.75,early25,True
A-G1.042-C3,190098,3,2432.75,1,5.0,early25,True
A-G1.042-C3,190098,3,2438.5,2,5.75,early25,True
A-G1.042-C3,190098,3,2452.75,1,14.25,early25,True
A-G1.042-C3,190098,3,2455.5,1,2.75,early25,True
A-G1.042-C3,190098,3,2459.25,1,3.75,early25,True
A-G1.042-C3,190098,3,2463.5,2,4.25,early25,True
A-G1.042-C3,190098,3,2467.25,1,3.75,early25,True
A-G1.042-C3,190098,3,2471.5,1,4.25,early25,True
A-G1.042-C3,190098,3,2474.75,1,3.25,early25,True
A-G1.042-C3,190098,3,2478.5,10,3.75,early25,True
A-G1.042-C3,190098,3,2512.0,1,33.5,early25,True
A-G1.042-C3,190098,3,2515.5,1,3.5,early25,True
A-G1.042-C3,190098,3,2522.0,1,6.5,early25,True
A-G1.042-C3,190098,3,2527.25,1,5.25,early25,True
A-G1.042-C3,190098,3,2529.5,1,2.25,early25,True
A-G1.042-C3,190098,3,2531.5,1,2.0,early25,True
A-G1.042-C3,190098,3,2533.5,1,2.0,early25,True
A-G1.042-C3,190098,3,2538.75,1,5.25,early25,True
A-G1.042-C3,190098,3,2552.5,6,13.75,early25,True
A-G1.042-C3,190098,3,2566.2499999999,1,13.749999999899956,early25,True
A-G1.042-C3,190098,3,2568.7499999999,1,2.5,early25,True
A-G1.042-C3,190098,3,2582.2499999999,2,13.5,early25,True
A-G1.042-C3,190098,3,2590.7499999999,1,8.5,early25,True
A-G1.042-C3,190098,3,2626.7499999999,2,36.0,early25,True
A-G1.042-C3,190098,3,2632.4999999999,1,5.75,early25,True
A-G1.042-C3,190098,3,2637.9999999999,2,5.5,early25,True
A-G1.042-C3,190098,3,2648.2499999999,1,10.25,early25,True
A-G1.042-C3,190098,3,2676.9999999999,1,28.75,middle50,True
A-G1.042-C3,190098,3,2683.9999999999,2,7.0,middle50,True
A-G1.042-C3,190098,3,2688.7499999999,1,4.75,middle50,True
A-G1.042-C3,190098,3,2698.7499999999,1,10.0,middle50,True
A-G1.042-C3,190098,3,2732.2499999999,1,33.5,middle50,True
A-G1.042-C3,190098,3,2737.7499999999,1,5.5,middle50,True
A-G1.042-C3,190098,3,2743.4999999999,2,5.75,middle50,True
A-G1.042-C3,190098,3,2757.9999999999,2,14.5,middle50,True
A-G1.042-C3,190098,3,2782.4999999999,1,24.5,middle50,True
A-G1.042-C3,190098,3,2786.4999999999,1,4.0,middle50,True
A-G1.042-C3,190098,3,2793.7499999999,1,7.25,middle50,True
A-G1.042-C3,190098,3,2796.9999999999,1,3.25,middle50,True
A-G1.042-C3,190098,3,2803.9999999999,7,7.0,middle50,True
A-G1.042-C3,190098,3,2831.4999999999,1,27.5,middle50,True
A-G1.042-C3,190098,3,2841.2499999999,1,9.75,middle50,True
A-G1.042-C3,190098,3,2854.4999999999,1,13.25,middle50,True
A-G1.042-C3,190098,3,3018.9999999999,1,164.5,middle50,True
A-G1.042-C3,190098,3,3024.9999999999,1,6.0,middle50,True
A-G1.042-C3,190098,3,3070.2499999999,1,45.25,middle50,True
A-G1.042-C3,190098,3,3078.2499999999,1,8.0,middle50,True
A-G1.042-C3,190098,3,3083.2499999999,1,5.0,middle50,True
A-G1.042-C3,190098,3,3086.2499999999,1,3.0,middle50,True
A-G1.042-C3,190098,3,3092.7499999999,1,6.5,middle50,True
A-G1.042-C3,190098,3,3105.4999999999,1,12.75,middle50,True
A-G1.042-C3,190098,3,3122.2499999999,1,16.75,middle50,True
A-G1.042-C3,190098,3,3127.7499999999,1,5.5,middle50,True
A-G1.042-C3,190098,3,3134.9999999999,1,7.25,middle50,True
A-G1.042-C3,190098,3,3141.2499999999,5,6.25,middle50,True
A-G1.042-C3,190098,3,3143.4999999999,1,2.25,middle50,True
A-G1.042-C3,190098,3,3175.2499999999,1,31.75,middle50,True
A-G1.042-C3,190098,3,3187.2499999999,1,12.0,middle50,True
A-G1.042-C3,190098,3,3192.4999999999,1,5.25,middle50,True
A-G1.042-C3,190098,3,3204.2499999999,1,11.75,middle50,True
A-G1.042-C3,190098,3,3352.7499999999,1,148.5,late25,True
A-G1.042-C3,190098,3,3358.4999999999,1,5.75,late25,True
A-G1.042-C3,190098,3,3367.4999999999,1,9.0,late25,True
A-G1.042-C3,190098,3,3373.7499999999,1,6.25,late25,True
A-G1.042-C3,190098,3,3381.4999999999,1,7.75,late25,True
A-G1.042-C3,190098,3,3411.2499999999,1,29.75,late25,True
A-G1.042-C3,190098,3,3416.9999999999,5,5.75,late25,True
A-G1.042-C3,190098,3,3424.7499999999,1,7.75,late25,True
A-G1.042-C3,190098,3,3436.2499999999,1,11.5,late25,True
A-G1.042-C3,190098,3,3473.2499999999,1,37.0,late25,True
A-G1.042-C3,190098,3,3515.4999999999,1,42.25,late25,True
A-G1.042-C3,190098,3,3520.2499999999,1,4.75,late25,True
A-G1.042-C3,190098,3,3530.9999999999,1,10.75,late25,True
A-G1.042-C3,190098,3,3540.4999999999,1,9.5,late25,True
A-G1.042-C3,190098,3,3545.2499999999,1,4.75,late25,True
A-G1.042-C3,198017,0,0.25,3,,early25,False
A-G1.042-C3,198017,0,8.25,1,8.0,early25,False
A-G1.042-C3,198017,0,22.75,1,14.5,early25,False
A-G1.042-C3,198017,0,41.25,1,18.5,early25,False
A-G1.042-C3,198017,0,51.75,1,10.5,early25,False
A-G1.042-C3,198017,0,87.5,1,35.75,early25,False
A-G1.042-C3,198017,0,93.75,1,6.25,early25,False
A-G1.042-C3,198017,0,97.25,1,3.5,early25,False
A-G1.042-C3,198017,0,114.25,1,17.0,early25,False
A-G1.042-C3,198017,0,159.75,1,45.5,early25,False
A-G1.042-C3,198017,0,168.5,1,8.75,early25,False
A-G1.042-C3,198017,0,174.25,1,5.75,early25,False
A-G1.042-C3,198017,0,182.25,1,8.0,middle50,False
A-G1.042-C3,198017,0,210.0,1,27.75,middle50,False
A-G1.042-C3,198017,0,220.0,1,10.0,middle50,False
A-G1.042-C3,198017,0,222.5,1,2.5,middle50,False
A-G1.042-C3,198017,0,230.0,1,7.5,middle50,False
A-G1.042-C3,198017,0,235.25,1,5.25,middle50,False
A-G1.042-C3,198017,0,246.75,1,11.5,middle50,False
A-G1.042-C3,198017,0,408.0,1,161.25,middle50,False
A-G1.042-C3,198017,0,412.0,1,4.0,middle50,False
A-G1.042-C3,198017,0,418.5,1,6.5,middle50,False
A-G1.042-C3,198017,0,424.75,1,6.25,middle50,False
A-G1.042-C3,198017,0,431.5,1,6.75,middle50,False
A-G1.042-C3,198017,0,472.0,1,40.5,middle50,False
A-G1.042-C3,198017,0,475.5,1,3.5,middle50,False
A-G1.042-C3,198017,0,485.5,1,10.0,middle50,False
A-G1.042-C3,198017,0,488.0,1,2.5,middle50,False
A-G1.042-C3,198017,0,519.75,1,31.75,middle50,False
A-G1.042-C3,198017,0,525.75,1,6.0,middle50,False
A-G1.042-C3,198017,0,536.25,1,10.5,middle50,False
A-G1.042-C3,198017,0,548.25,1,12.0,late25,False
A-G1.042-C3,198017,0,578.25,1,30.0,late25,False
A-G1.042-C3,198017,0,583.75,1,5.5,late25,False
A-G1.042-C3,198017,0,590.5,1,6.75,late25,False
A-G1.042-C3,198017,0,593.0,1,2.5,late25,False
A-G1.042-C3,198017,0,598.5,1,5.5,late25,False
A-G1.042-C3,198017,0,604.75,1,6.25,late25,False
A-G1.042-C3,198017,1,752.0,2,147.25,early25,False
A-G1.042-C3,198017,1,760.75,1,8.75,early25,False
A-G1.042-C3,198017,1,771.0,2,10.25,early25,False
A-G1.042-C3,198017,1,778.25,2,7.25,early25,False
A-G1.042-C3,198017,1,808.0,3,29.75,early25,False
A-G1.042-C3,198017,1,812.0,1,4.0,early25,False
A-G1.042-C3,198017,1,819.0,3,7.0,early25,False
A-G1.042-C3,198017,1,823.5,1,4.5,early25,False
A-G1.042-C3,198017,1,828.25,2,4.75,early25,False
A-G1.042-C3,198017,1,832.75,1,4.5,early25,False
A-G1.042-C3,198017,1,843.75,1,11.0,middle50,False
A-G1.042-C3,198017,1,866.5,1,22.75,middle50,False
A-G1.042-C3,198017,1,868.75,1,2.25,middle50,False
A-G1.042-C3,198017,1,891.5,2,22.75,middle50,False
A-G1.042-C3,198017,1,927.25,1,35.75,middle50,False
A-G1.042-C3,198017,1,938.5,2,11.25,middle50,False
A-G1.042-C3,198017,1,944.0,1,5.5,middle50,False
A-G1.042-C3,198017,1,949.75,20,5.75,middle50,False
A-G1.042-C3,198017,1,957.5,1,7.75,middle50,False
A-G1.042-C3,198017,1,977.4999999999,1,19.999999999899956,middle50,False
A-G1.042-C3,198017,1,985.2499999999,2,7.75,middle50,False
A-G1.042-C3,198017,1,989.7499999999,1,4.5,middle50,False
A-G1.042-C3,198017,1,993.7499999999,1,4.0,middle50,False
A-G1.042-C3,198017,1,998.4999999999,2,4.75,middle50,False
A-G1.042-C3,198017,1,1001.7499999999,1,3.25,middle50,False
A-G1.042-C3,198017,1,1006.9999999999,1,5.25,middle50,False
A-G1.042-C3,198017,1,1031.2499999999,1,24.25,middle50,False
A-G1.042-C3,198017,1,1034.9999999999,2,3.75,middle50,False
A-G1.042-C3,198017,1,1037.7499999999,1,2.75,middle50,False
A-G1.042-C3,198017,1,1041.2499999999,1,3.5,middle50,False
A-G1.042-C3,198017,1,1044.2499999999,17,3.0,middle50,False
A-G1.042-C3,198017,1,1046.9999999999,1,2.75,middle50,False
A-G1.042-C3,198017,1,1049.4999999999,1,2.5,middle50,False
A-G1.042-C3,198017,1,1052.4999999999,1,3.0,middle50,False
A-G1.042-C3,198017,1,1055.2499999999,15,2.75,middle50,False
A-G1.042-C3,198017,1,1058.9999999999,1,3.75,late25,False
A-G1.042-C3,198017,1,1061.9999999999,1,3.0,late25,False
A-G1.042-C3,198017,1,1064.2499999999,1,2.25,late25,False
A-G1.042-C3,198017,1,1070.2499999999,4,6.0,late25,False
A-G1.042-C3,198017,2,1187.9999999999,1,117.75,early25,False
A-G1.042-C3,198017,2,1192.9999999999,1,5.0,early25,False
A-G1.042-C3,198017,2,1201.4999999999,1,8.5,early25,False
A-G1.042-C3,198017,2,1203.4999999999,1,2.0,early25,False
A-G1.042-C3,198017,2,1205.2499999999,1,1.75,early25,False
A-G1.042-C3,198017,2,1211.4999999999,1,6.25,early25,False
A-G1.042-C3,198017,2,1212.7499999999,7,1.25,early25,False
A-G1.042-C3,198017,2,1216.2499999999,2,3.5,early25,False
A-G1.042-C3,198017,2,1217.7499999999,6,1.5,early25,False
A-G1.042-C3,198017,2,1220.2499999999,2,2.5,early25,False
A-G1.042-C3,198017,2,1244.4999999999,1,24.25,early25,False
A-G1.042-C3,198017,2,1246.9999999999,2,2.5,early25,False
A-G1.042-C3,198017,2,1249.2499999999,2,2.25,early25,False
A-G1.042-C3,198017,2,1251.7499999999,11,2.5,early25,False
A-G1.042-C3,198017,2,1254.9999999999,2,3.25,early25,False
A-G1.042-C3,198017,2,1257.7499999999,2,2.75,early25,False
A-G1.042-C3,198017,2,1259.7499999999,1,2.0,early25,False
A-G1.042-C3,198017,2,1262.2499999999,1,2.5,early25,False
A-G1.042-C3,198017,2,1264.4999999999,10,2.25,early25,False
A-G1.042-C3,198017,2,1266.4999999999,1,2.0,early25,False
A-G1.042-C3,198017,2,1269.4999999999,1,3.0,early25,False
A-G1.042-C3,198017,2,1273.2499999999,1,3.75,early25,False
A-G1.042-C3,198017,2,1282.7499999999,3,9.5,early25,False
A-G1.042-C3,198017,2,1300.7499999999,2,18.0,early25,False
A-G1.042-C3,198017,2,1303.9999999999,1,3.25,early25,False
A-G1.042-C3,198017,2,1307.9999999999,1,4.0,early25,False
A-G1.042-C3,198017,2,1309.9999999999,1,2.0,early25,False
A-G1.042-C3,198017,2,1311.9999999999,1,2.0,early25,False
A-G1.042-C3,198017,2,1314.2499999999,1,2.25,early25,False
A-G1.042-C3,198017,2,1319.9999999999,3,5.75,early25,False
A-G1.042-C3,198017,2,1325.9999999999,3,6.0,early25,False
A-G1.042-C3,198017,2,1360.7499999999,3,34.75,middle50,False
A-G1.042-C3,198017,2,1364.4999999999,3,3.75,middle50,False
A-G1.042-C3,198017,2,1369.2499999999,2,4.75,middle50,False
A-G1.042-C3,198017,2,1375.7499999999,3,6.5,middle50,False
A-G1.042-C3,198017,2,1380.2499999999,2,4.5,middle50,False
A-G1.042-C3,198017,2,1383.2499999999,3,3.0,middle50,False
A-G1.042-C3,198017,2,1389.7499999999,1,6.5,middle50,False
A-G1.042-C3,198017,2,1543.9999999999,2,154.25,middle50,False
A-G1.042-C3,198017,2,1555.4999999999,1,11.5,middle50,False
A-G1.042-C3,198017,2,1557.4999999999,2,2.0,middle50,False
A-G1.042-C3,198017,2,1559.7499999999,1,2.25,middle50,False
A-G1.042-C3,198017,2,1568.2499999999,2,8.5,middle50,False
A-G1.042-C3,198017,2,1571.7499999999,1,3.5,middle50,False
A-G1.042-C3,198017,2,1595.7499999999,1,24.0,middle50,False
A-G1.042-C3,198017,2,1598.9999999999,2,3.25,middle50,False
A-G1.042-C3,198017,2,1601.4999999999,1,2.5,middle50,False
A-G1.042-C3,198017,2,1604.7499999999,1,3.25,middle50,False
A-G1.042-C3,198017,2,1608.2499999999,1,3.5,middle50,False
A-G1.042-C3,198017,2,1611.9999999999,2,3.75,middle50,False
A-G1.042-C3,198017,2,1614.7499999999,1,2.75,middle50,False
A-G1.042-C3,198017,2,1617.7499999999,14,3.0,middle50,False
A-G1.042-C3,198017,2,1645.2499999999,1,27.5,middle50,False
A-G1.042-C3,198017,2,1647.4999999999,1,2.25,middle50,False
A-G1.042-C3,198017,2,1652.7499999999,1,5.25,middle50,False
A-G1.042-C3,198017,2,1654.7499999999,1,2.0,middle50,False
A-G1.042-C3,198017,2,1656.9999999999,1,2.25,middle50,False
A-G1.042-C3,198017,2,1662.4999999999,1,5.5,middle50,False
A-G1.042-C3,198017,2,1667.9999999999,1,5.5,middle50,False
A-G1.042-C3,198017,2,1699.7499999999,2,31.75,late25,False
A-G1.042-C3,198017,2,1703.2499999999,1,3.5,late25,False
A-G1.042-C3,198017,2,1706.7499999999,1,3.5,late25,False
A-G1.042-C3,198017,2,1711.4999999999,1,4.75,late25,False
A-G1.042-C3,198017,2,1717.4999999999,2,6.0,late25,False
A-G1.042-C3,198017,2,1721.2499999999,1,3.75,late25,False
A-G1.042-C3,198017,2,1725.2499999999,1,4.0,late25,False
A-G1.042-C3,198017,2,1728.2499999999,1,3.0,late25,False
A-G1.042-C3,198017,2,1736.4999999999,1,8.25,late25,False
A-G1.042-C3,198017,3,1859.2499999999,3,122.75,early25,True
A-G1.042-C3,198017,3,1863.4999999999,2,4.25,early25,True
A-G1.042-C3,198017,3,1868.2499999999,3,4.75,early25,True
A-G1.042-C3,198017,3,1876.2499999999,4,8.0,early25,True
A-G1.042-C3,198017,3,1884.2499999999,3,8.0,early25,True
A-G1.042-C3,198017,3,1913.9999999999,3,29.75,early25,True
A-G1.042-C3,198017,3,1916.7499999999,2,2.75,early25,True
A-G1.042-C3,198017,3,1920.7499999999,1,4.0,early25,True
A-G1.042-C3,198017,3,1925.4999999999,2,4.75,early25,True
A-G1.042-C3,198017,3,1933.9999999999,3,8.5,early25,True
A-G1.042-C3,198017,3,1959.9999999999,1,26.0,early25,True
A-G1.042-C3,198017,3,1965.9999999999,3,6.0,early25,True
A-G1.042-C3,198017,3,1968.2499999999,1,2.25,early25,True
A-G1.042-C3,198017,3,1986.9999999999,4,18.75,early25,True
A-G1.042-C3,198017,3,2019.9999999999,2,33.0,early25,True
A-G1.042-C3,198017,3,2022.9999999999,2,3.0,early25,True
A-G1.042-C3,198017,3,2029.2499999999,2,6.25,early25,True
A-G1.042-C3,198017,3,2038.9999999999,3,9.75,early25,True
A-G1.042-C3,198017,3,2045.2499999999,2,6.25,early25,True
A-G1.042-C3,198017,3,2059.4999999999,5,14.25,early25,True
A-G1.042-C3,198017,3,2075.7499999999,3,16.25,early25,True
A-G1.042-C3,198017,3,2079.9999999999,1,4.25,early25,True
A-G1.042-C3,198017,3,2084.4999999999,1,4.5,early25,True
A-G1.042-C3,198017,3,2089.7499999999,2,5.25,early25,True
A-G1.042-C3,198017,3,2094.7499999999,2,5.0,early25,True
A-G1.042-C3,198017,3,2099.2499999999,1,4.5,early25,True
A-G1.042-C3,198017,3,2125.2499999999,1,26.0,early25,True
A-G1.042-C3,198017,3,2128.7499999999,1,3.5,early25,True
A-G1.042-C3,198017,3,2132.7499999999,15,4.0,early25,True
A-G1.042-C3,198017,3,2141.7499999999,1,9.0,early25,True
A-G1.042-C3,198017,3,2146.7499999999,1,5.0,early25,True
A-G1.042-C3,198017,3,2156.9999999999,1,10.25,early25,True
A-G1.042-C3,198017,3,2186.9999999999,1,30.0,early25,True
A-G1.042-C3,198017,3,2189.7499999999,1,2.75,early25,True
A-G1.042-C3,198017,3,2193.4999999999,1,3.75,early25,True
A-G1.042-C3,198017,3,2196.7499999999,1,3.25,early25,True
A-G1.042-C3,198017,3,2201.9999999999,1,5.25,early25,True
A-G1.042-C3,198017,3,2204.7499999999,8,2.75,early25,True
A-G1.042-C3,198017,3,2211.2499999999,2,6.5,early25,True
A-G1.042-C3,198017,3,2239.9999999999,1,28.75,early25,True
A-G1.042-C3,198017,3,2244.9999999999,1,5.0,early25,True
A-G1.042-C3,198017,3,2251.7499999999,2,6.75,early25,True
A-G1.042-C3,198017,3,2259.2499999999,1,7.5,early25,True
A-G1.042-C3,198017,3,2261.7499999999,1,2.5,early25,True
A-G1.042-C3,198017,3,2267.4999999999,1,5.75,early25,True
A-G1.042-C3,198017,3,2279.4999999999,3,12.0,early25,True
A-G1.042-C3,198017,3,2292.4999999999,2,13.0,middle50,True
A-G1.042-C3,198017,3,2297.4999999999,1,5.0,middle50,True
A-G1.042-C3,198017,3,2303.9999999999,1,6.5,middle50,True
A-G1.042-C3,198017,3,2311.9999999999,1,8.0,middle50,True
A-G1.042-C3,198017,3,2350.7499999999,1,38.75,middle50,True
A-G1.042-C3,198017,3,2356.7499999999,1,6.0,middle50,True
A-G1.042-C3,198017,3,2362.7499999999,1,6.0,middle50,True
A-G1.042-C3,198017,3,2368.7499999999,2,6.0,middle50,True
A-G1.042-C3,198017,3,2374.7499999999,1,6.0,middle50,True
A-G1.042-C3,198017,3,2393.4999999999,1,18.75,middle50,True
A-G1.042-C3,198017,3,2400.2499999999,1,6.75,middle50,True
A-G1.042-C3,198017,3,2403.7499999999,1,3.5,middle50,True
A-G1.042-C3,198017,3,2410.2499999999,1,6.5,middle50,True
A-G1.042-C3,198017,3,2413.9999999999,1,3.75,middle50,True
A-G1.042-C3,198017,3,2420.4999999999,7,6.5,middle50,True
A-G1.042-C3,198017,3,2448.9999999999,1,28.5,middle50,True
A-G1.042-C3,198017,3,2453.9999999999,1,5.0,middle50,True
A-G1.042-C3,198017,3,2469.4999999999,1,15.5,middle50,True
A-G1.042-C3,198017,3,2475.9999999999,1,6.5,middle50,True
A-G1.042-C3,198017,3,2485.4999999999,1,9.5,middle50,True
A-G1.042-C3,198017,3,2509.7499999999,1,24.25,middle50,True
A-G1.042-C3,198017,3,2516.4999999999,2,6.75,middle50,True
A-G1.042-C3,198017,3,2556.7499999999,2,40.25,middle50,True
A-G1.042-C3,198017,3,2566.4999999999,1,9.75,middle50,True
A-G1.042-C3,198017,3,2578.7499999999,1,12.25,middle50,True
A-G1.042-C3,198017,3,2583.4999999999,1,4.75,middle50,True
A-G1.042-C3,198017,3,2740.9999999999,1,157.5,middle50,True
A-G1.042-C3,198017,3,2754.9999999999,1,14.0,middle50,True
A-G1.042-C3,198017,3,2758.7499999999,1,3.75,middle50,True
A-G1.042-C3,198017,3,2766.4999999999,1,7.75,middle50,True
A-G1.042-C3,198017,3,2795.9999999999,1,29.5,middle50,True
A-G1.042-C3,198017,3,2805.4999999999,1,9.5,middle50,True
A-G1.042-C3,198017,3,2809.9999999999,1,4.5,middle50,True
A-G1.042-C3,198017,3,2814.4999999999,1,4.5,middle50,True
A-G1.042-C3,198017,3,2819.2499999999,1,4.75,middle50,True
A-G1.042-C3,198017,3,2823.9999999999,1,4.75,middle50,True
A-G1.042-C3,198017,3,2852.4999999999,1,28.5,middle50,True
A-G1.042-C3,198017,3,2861.7499999999,1,9.25,middle50,True
A-G1.042-C3,198017,3,2868.7499999999,1,7.0,middle50,True
A-G1.042-C3,198017,3,2904.2499999999,1,35.5,middle50,True
A-G1.042-C3,198017,3,2909.7499999999,1,5.5,middle50,True
A-G1.042-C3,198017,3,2915.2499999999,1,5.5,middle50,True
A-G1.042-C3,198017,3,2938.2499999999,1,23.0,middle50,True
A-G1.042-C3,198017,3,2945.9999999999,3,7.75,middle50,True
A-G1.042-C3,198017,3,3084.9999999999,1,139.0,middle50,True
A-G1.042-C3,198017,3,3095.2499999999,1,10.25,middle50,True
A-G1.042-C3,198017,3,3101.4999999999,1,6.25,middle50,True
A-G1.042-C3,198017,3,3105.4999999999,1,4.0,middle50,True
A-G1.042-C3,198017,3,3138.4999999999,1,33.0,middle50,True
A-G1.042-C3,198017,3,3145.2499999999,1,6.75,middle50,True
A-G1.042-C3,198017,3,3151.9999999999,3,6.75,middle50,True
A-G1.042-C3,198017,3,3155.7499999999,1,3.75,middle50,True
A-G1.042-C3,198017,3,3165.9999999999,1,10.25,late25,True
A-G1.042-C3,198017,3,3198.2499999999,1,32.25,late25,True
A-G1.042-C3,198017,3,3205.9999999999,1,7.75,late25,True
A-G1.042-C3,198017,3,3213.4999999999,1,7.5,late25,True
A-G1.042-C3,198017,3,3244.9999999999,5,31.5,late25,True
A-G1.042-C3,198017,3,3263.4999999999,1,18.5,late25,True
A-G1.042-C3,198017,3,3275.2499999999,1,11.75,late25,True
A-G1.042-C3,198017,3,3426.9999999999,1,151.75,late25,True
A-G1.042-C3,198017,3,3436.2499999999,1,9.25,late25,True
A-G1.042-C3,198017,3,3443.7499999999,1,7.5,late25,True
A-G1.042-C3,198017,3,3476.4999999999,1,32.75,late25,True
A-G1.042-C3,198017,3,3481.4999999999,4,5.0,late25,True
A-G1.042-C3,198017,3,3487.7499999999,1,6.25,late25,True
A-G1.042-C3,198017,3,3494.2499999999,1,6.5,late25,True
A-G1.042-C3,198017,3,3524.4999999999,1,30.25,late25,True
A-G1.042-C3,198017,3,3535.9999999999,1,11.5,late25,True
A-G1.042-C3,198017,3,3542.4999999999,1,6.5,late25,True
A-G1.042-C3,198017,3,3548.7499999999,3,6.25,late25,True
A-G1.042-C3,198017,3,3551.2499999999,1,2.5,late25,True
A-G1.042-C3,198017,3,3588.4999999999,1,37.25,late25,True
A-G1.042-C3,198017,3,3595.9999999999,1,7.5,late25,True
A-G1.042-C3,205936,0,0.25,3,,early25,False
A-G1.042-C3,205936,0,15.0,1,14.75,early25,False
A-G1.042-C3,205936,0,26.25,2,11.25,early25,False
A-G1.042-C3,205936,0,34.25,1,8.0,early25,False
A-G1.042-C3,205936,0,47.75,2,13.5,early25,False
A-G1.042-C3,205936,0,63.0,1,15.25,early25,False
A-G1.042-C3,205936,0,89.5,1,26.5,early25,False
A-G1.042-C3,205936,0,96.5,1,7.0,early25,False
A-G1.042-C3,205936,0,104.75,15,8.25,early25,False
A-G1.042-C3,205936,0,127.75,4,23.0,early25,False
A-G1.042-C3,205936,0,295.0,1,167.25,middle50,False
A-G1.042-C3,205936,0,301.5,1,6.5,middle50,False
A-G1.042-C3,205936,0,326.5,3,25.0,middle50,False
A-G1.042-C3,205936,0,331.5,4,5.0,middle50,False
A-G1.042-C3,205936,0,337.0,1,5.5,middle50,False
A-G1.042-C3,205936,0,342.5,1,5.5,middle50,False
A-G1.042-C3,205936,0,351.5,1,9.0,middle50,False
A-G1.042-C3,205936,0,357.75,1,6.25,middle50,False
A-G1.042-C3,205936,0,367.5,3,9.75,middle50,False
A-G1.042-C3,205936,0,384.75,3,17.25,middle50,False
A-G1.042-C3,205936,0,389.25,1,4.5,middle50,False
A-G1.042-C3,205936,0,394.25,1,5.0,middle50,False
A-G1.042-C3,205936,0,397.75,2,3.5,middle50,False
A-G1.042-C3,205936,0,399.25,1,1.5,middle50,False
A-G1.042-C3,205936,0,412.25,1,13.0,middle50,False
A-G1.042-C3,205936,0,441.5,1,29.25,late25,False
A-G1.042-C3,205936,0,445.5,1,4.0,late25,False
A-G1.042-C3,205936,0,450.25,1,4.75,late25,False
A-G1.042-C3,205936,0,453.25,1,3.0,late25,False
A-G1.042-C3,205936,0,457.75,1,4.5,late25,False
A-G1.042-C3,205936,0,465.25,1,7.5,late25,False
A-G1.042-C3,205936,0,476.5,1,11.25,late25,False
A-G1.042-C3,205936,0,583.0,1,106.5,late25,False
A-G1.042-C3,205936,1,603.0,1,20.0,early25,False
A-G1.042-C3,205936,1,605.0,1,2.0,early25,False
A-G1.042-C3,205936,1,607.0,1,2.0,early25,False
A-G1.042-C3,205936,1,613.0,1,6.0,early25,False
A-G1.042-C3,205936,1,618.25,1,5.25,early25,False
A-G1.042-C3,205936,1,624.75,2,6.5,early25,False
A-G1.042-C3,205936,1,633.25,3,8.5,early25,False
A-G1.042-C3,205936,1,663.5,2,30.25,early25,False
A-G1.042-C3,205936,1,667.5,1,4.0,early25,False
A-G1.042-C3,205936,1,672.75,1,5.25,early25,False
A-G1.042-C3,205936,1,679.0,19,6.25,early25,False
A-G1.042-C3,205936,1,845.0,1,166.0,middle50,False
A-G1.042-C3,205936,1,857.5,1,12.5,middle50,False
A-G1.042-C3,205936,1,862.5,2,5.0,middle50,False
A-G1.042-C3,205936,1,867.5,1,5.0,middle50,False
A-G1.042-C3,205936,1,869.75,1,2.25,middle50,False
A-G1.042-C3,205936,1,904.75,1,35.0,middle50,False
A-G1.042-C3,205936,1,906.0,1,1.25,middle50,False
A-G1.042-C3,205936,1,916.0,1,10.0,middle50,False
A-G1.042-C3,205936,1,919.25,1,3.25,middle50,False
A-G1.042-C3,205936,1,921.25,1,2.0,middle50,False
A-G1.042-C3,205936,1,923.5,1,2.25,middle50,False
A-G1.042-C3,205936,1,926.75,1,3.25,middle50,False
A-G1.042-C3,205936,1,954.25,2,27.5,middle50,False
A-G1.042-C3,205936,1,959.0,1,4.75,middle50,False
A-G1.042-C3,205936,1,963.75,1,4.75,middle50,False
A-G1.042-C3,205936,1,971.5,1,7.75,middle50,False
A-G1.042-C3,205936,1,974.0,1,2.5,middle50,False
A-G1.042-C3,205936,1,977.25,1,3.25,middle50,False
A-G1.042-C3,205936,1,1008.5,1,31.25,middle50,False
A-G1.042-C3,205936,1,1013.0,2,4.5,middle50,False
A-G1.042-C3,205936,1,1016.75,1,3.75,middle50,False
A-G1.042-C3,205936,1,1021.5,1,4.75,middle50,False
A-G1.042-C3,205936,1,1027.5,1,6.0,middle50,False
A-G1.042-C3,205936,1,1030.5,1,3.0,middle50,False
A-G1.042-C3,205936,1,1034.75,1,4.25,middle50,False
A-G1.042-C3,205936,1,1042.25,1,7.5,middle50,False
A-G1.042-C3,205936,1,1170.5,1,128.25,middle50,False
A-G1.042-C3,205936,1,1175.0,2,4.5,middle50,False
A-G1.042-C3,205936,1,1194.0,1,19.0,middle50,False
A-G1.042-C3,205936,1,1195.75,1,1.75,middle50,False
A-G1.042-C3,205936,1,1198.25,1,2.5,middle50,False
A-G1.042-C3,205936,1,1226.0,1,27.75,middle50,False
A-G1.042-C3,205936,1,1227.75,1,1.75,middle50,False
A-G1.042-C3,205936,1,1230.25,1,2.5,middle50,False
A-G1.042-C3,205936,1,1234.5,1,4.25,middle50,False
A-G1.042-C3,205936,1,1237.75,1,3.25,middle50,False
A-G1.042-C3,205936,1,1240.25,1,2.5,middle50,False
A-G1.042-C3,205936,1,1243.0,1,2.75,middle50,False
A-G1.042-C3,205936,1,1247.75,1,4.75,middle50,False
A-G1.042-C3,205936,1,1251.75,1,4.0,middle50,False
A-G1.042-C3,205936,1,1255.0,1,3.25,middle50,False
A-G1.042-C3,205936,1,1256.5,1,1.5,late25,False
A-G1.042-C3,205936,1,1269.5,4,13.0,late25,False
A-G1.042-C3,205936,1,1281.0,1,11.5,late25,False
A-G1.042-C3,205936,1,1284.75,1,3.75,late25,False
A-G1.042-C3,205936,1,1289.0,1,4.25,late25,False
A-G1.042-C3,205936,1,1298.25,2,9.25,late25,False
A-G1.042-C3,205936,1,1302.25,1,4.0,late25,False
A-G1.042-C3,205936,1,1308.0,1,5.75,late25,False
A-G1.042-C3,205936,1,1311.0,12,3.0,late25,False
A-G1.042-C3,205936,1,1342.0,1,31.0,late25,False
A-G1.042-C3,205936,1,1350.5,1,8.5,late25,False
A-G1.042-C3,205936,1,1357.5,1,7.0,late25,False
A-G1.042-C3,205936,1,1364.25,1,6.75,late25,False
A-G1.042-C3,205936,1,1367.0,1,2.75,late25,False
A-G1.042-C3,205936,1,1379.5,3,12.5,late25,False
A-G1.042-C3,205936,1,1471.0,1,91.5,late25,False
A-G1.042-C3,205936,1,1473.0,1,2.0,late25,False
A-G1.042-C3,205936,2,1495.75,3,22.75,early25,False
A-G1.042-C3,205936,2,1499.0,1,3.25,early25,False
A-G1.042-C3,205936,2,1502.5,2,3.5,early25,False
A-G1.042-C3,205936,2,1506.5,1,4.0,early25,False
A-G1.042-C3,205936,2,1511.5,2,5.0,early25,False
A-G1.042-C3,205936,2,1515.5,2,4.0,early25,False
A-G1.042-C3,205936,2,1518.5,1,3.0,early25,False
A-G1.042-C3,205936,2,1522.25,2,3.75,early25,False
A-G1.042-C3,205936,2,1525.75,19,3.5,early25,False
A-G1.042-C3,205936,2,1556.75,1,31.0,early25,False
A-G1.042-C3,205936,2,1558.0,1,1.25,early25,False
A-G1.042-C3,205936,2,1560.75,1,2.75,early25,False
A-G1.042-C3,205936,2,1562.0,1,1.25,early25,False
A-G1.042-C3,205936,2,1567.5,2,5.5,early25,False
A-G1.042-C3,205936,2,1573.25,3,5.75,early25,False
A-G1.042-C3,205936,2,1578.0,2,4.75,early25,False
A-G1.042-C3,205936,2,1582.0,1,4.0,early25,False
A-G1.042-C3,205936,2,1590.25,6,8.25,early25,False
A-G1.042-C3,205936,2,1726.5,1,136.25,middle50,False
A-G1.042-C3,205936,2,1728.5,1,2.0,middle50,False
A-G1.042-C3,205936,2,1735.0,1,6.5,middle50,False
A-G1.042-C3,205936,2,1737.25,2,2.25,middle50,False
A-G1.042-C3,205936,2,1741.25,2,4.0,middle50,False
A-G1.042-C3,205936,2,1743.5,1,2.25,middle50,False
A-G1.042-C3,205936,2,1747.25,2,3.75,middle50,False
A-G1.042-C3,205936,2,1748.75,4,1.5,middle50,False
A-G1.042-C3,205936,2,1754.25,1,5.5,middle50,False
A-G1.042-C3,205936,2,1760.25,2,6.0,middle50,False
A-G1.042-C3,205936,2,1785.5,2,25.25,middle50,False
A-G1.042-C3,205936,2,1790.0,2,4.5,middle50,False
A-G1.042-C3,205936,2,1791.0,1,1.0,middle50,False
A-G1.042-C3,205936,2,1794.75,1,3.75,middle50,False
A-G1.042-C3,205936,2,1804.5,2,9.75,middle50,False
A-G1.042-C3,205936,2,1805.5,1,1.0,middle50,False
A-G1.042-C3,205936,2,1809.75,2,4.25,middle50,False
A-G1.042-C3,205936,2,1810.5,2,0.75,middle50,False
A-G1.042-C3,205936,2,1814.75,2,4.25,middle50,False
A-G1.042-C3,205936,2,1832.0,1,17.25,middle50,False
A-G1.042-C3,205936,2,1835.5,1,3.5,middle50,False
A-G1.042-C3,205936,2,1839.75,1,4.25,middle50,False
A-G1.042-C3,205936,2,1845.5,2,5.75,middle50,False
A-G1.042-C3,205936,2,1850.5,1,5.0,middle50,False
A-G1.042-C3,205936,2,1853.25,1,2.75,middle50,False
A-G1.042-C3,205936,2,1857.0,1,3.75,middle50,False
A-G1.042-C3,205936,2,1861.25,9,4.25,middle50,False
A-G1.042-C3,205936,2,1888.25,1,27.0,middle50,False
A-G1.042-C3,205936,2,1891.0,2,2.75,late25,False
A-G1.042-C3,205936,2,1898.0,1,7.0,late25,False
A-G1.042-C3,205936,2,1900.75,1,2.75,late25,False
A-G1.042-C3,205936,2,1906.0,1,5.25,late25,False
A-G1.042-C3,205936,2,1910.25,1,4.25,late25,False
A-G1.042-C3,205936,2,1915.5,1,5.25,late25,False
A-G1.042-C3,205936,2,1918.0,1,2.5,late25,False
A-G1.042-C3,205936,2,1924.0,1,6.0,late25,False
A-G1.042-C3,205936,3,2043.5,1,119.5,early25,True
A-G1.042-C3,205936,3,2051.5,2,8.0,early25,True
A-G1.042-C3,205936,3,2055.25,2,3.75,early25,True
A-G1.042-C3,205936,3,2057.75,1,2.5,early25,True
A-G1.042-C3,205936,3,2067.75,3,10.0,early25,True
A-G1.042-C3,205936,3,2103.5,3,35.75,early25,True
A-G1.042-C3,205936,3,2110.0,3,6.5,early25,True
A-G1.042-C3,205936,3,2118.75,4,8.75,early25,True
A-G1.042-C3,205936,3,2120.25,1,1.5,early25,True
A-G1.042-C3,205936,3,2124.5,1,4.25,early25,True
A-G1.042-C3,205936,3,2141.5,6,17.0,early25,True
A-G1.042-C3,205936,3,2153.25,2,11.75,early25,True
A-G1.042-C3,205936,3,2158.5,2,5.25,early25,True
A-G1.042-C3,205936,3,2163.0,2,4.5,early25,True
A-G1.042-C3,205936,3,2167.75,1,4.75,early25,True
A-G1.042-C3,205936,3,2173.25,2,5.5,early25,True
A-G1.042-C3,205936,3,2178.5,2,5.25,early25,True
A-G1.042-C3,205936,3,2183.25,2,4.75,early25,True
A-G1.042-C3,205936,3,2208.0,1,24.75,early25,True
A-G1.042-C3,205936,3,2211.25,2,3.25,early25,True
A-G1.042-C3,205936,3,2215.75,17,4.5,early25,True
A-G1.042-C3,205936,3,2224.5,1,8.75,early25,True
A-G1.042-C3,205936,3,2235.0,2,10.5,early25,True
A-G1.042-C3,205936,3,2259.0,3,24.0,early25,True
A-G1.042-C3,205936,3,2263.0,1,4.0,early25,True
A-G1.042-C3,205936,3,2267.5,1,4.5,early25,True
A-G1.042-C3,205936,3,2272.5,1,5.0,early25,True
A-G1.042-C3,205936,3,2277.5,2,5.0,early25,True
A-G1.042-C3,205936,3,2281.25,1,3.75,early25,True
A-G1.042-C3,205936,3,2284.75,1,3.5,early25,True
A-G1.042-C3,205936,3,2310.5,1,25.75,early25,True
A-G1.042-C3,205936,3,2314.25,13,3.75,early25,True
A-G1.042-C3,205936,3,2318.75,1,4.5,early25,True
A-G1.042-C3,205936,3,2328.5,1,9.75,early25,True
A-G1.042-C3,205936,3,2351.25,6,22.75,early25,True
A-G1.042-C3,205936,3,2366.25,2,15.0,early25,True
A-G1.042-C3,205936,3,2374.5,2,8.25,early25,True
A-G1.042-C3,205936,3,2382.75,1,8.25,early25,True
A-G1.042-C3,205936,3,2387.0,1,4.25,early25,True
A-G1.042-C3,205936,3,2391.75,1,4.75,early25,True
A-G1.042-C3,205936,3,2417.75,1,26.0,early25,True
A-G1.042-C3,205936,3,2421.25,1,3.5,middle50,True
A-G1.042-C3,205936,3,2424.25,1,3.0,middle50,True
A-G1.042-C3,205936,3,2429.75,1,5.5,middle50,True
A-G1.042-C3,205936,3,2433.25,9,3.5,middle50,True
A-G1.042-C3,205936,3,2436.75,1,3.5,middle50,True
A-G1.042-C3,205936,3,2446.25,1,9.5,middle50,True
A-G1.042-C3,205936,3,2465.5,1,19.25,middle50,True
A-G1.042-C3,205936,3,2475.75,1,10.25,middle50,True
A-G1.042-C3,205936,3,2484.75,1,9.0,middle50,True
A-G1.042-C3,205936,3,2521.75,2,37.0,middle50,True
A-G1.042-C3,205936,3,2530.0,1,8.25,middle50,True
A-G1.042-C3,205936,3,2532.0,1,2.0,middle50,True
A-G1.042-C3,205936,3,2537.0,1,5.0,middle50,True
A-G1.042-C3,205936,3,2548.0,1,11.0,middle50,True
A-G1.042-C3,205936,3,2567.75,1,19.75,middle50,True
A-G1.042-C3,205936,3,2572.0,1,4.25,middle50,True
A-G1.042-C3,205936,3,2581.75,1,9.75,middle50,True
A-G1.042-C3,205936,3,2591.5,1,9.75,middle50,True
A-G1.042-C3,205936,3,2626.75,1,35.25,middle50,True
A-G1.042-C3,205936,3,2632.75,1,6.0,middle50,True
A-G1.042-C3,205936,3,2640.0,1,7.25,middle50,True
A-G1.042-C3,205936,3,2644.0,1,4.0,middle50,True
A-G1.042-C3,205936,3,2649.0,1,5.0,middle50,True
A-G1.042-C3,205936,3,2660.0,1,11.0,middle50,True
A-G1.042-C3,205936,3,2665.75,2,5.75,middle50,True
A-G1.042-C3,205936,3,2678.0,1,12.25,middle50,True
A-G1.042-C3,205936,3,2686.5,1,8.5,middle50,True
A-G1.042-C3,205936,3,2701.0,1,14.5,middle50,True
A-G1.042-C3,205936,3,2732.75,1,31.75,middle50,True
A-G1.042-C3,205936,3,2743.0,1,10.25,middle50,True
A-G1.042-C3,205936,3,2745.5,1,2.5,middle50,True
A-G1.042-C3,205936,3,2751.0,1,5.5,middle50,True
A-G1.042-C3,205936,3,2753.0,1,2.0,middle50,True
A-G1.042-C3,205936,3,2757.75,1,4.75,middle50,True
A-G1.042-C3,205936,3,2766.75,1,9.0,middle50,True
A-G1.042-C3,205936,3,2774.0,3,7.25,middle50,True
A-G1.042-C3,205936,3,2914.5,1,140.5,middle50,True
A-G1.042-C3,205936,3,2919.0,1,4.5,middle50,True
A-G1.042-C3,205936,3,2923.5,1,4.5,middle50,True
A-G1.042-C3,205936,3,2930.5,1,7.0,middle50,True
A-G1.042-C3,205936,3,2936.25,1,5.75,middle50,True
A-G1.042-C3,205936,3,2972.25,1,36.0,middle50,True
A-G1.042-C3,205936,3,2977.75,1,5.5,middle50,True
A-G1.042-C3,205936,3,2985.5,1,7.75,middle50,True
A-G1.042-C3,205936,3,2989.5,1,4.0,middle50,True
A-G1.042-C3,205936,3,2995.25,1,5.75,middle50,True
A-G1.042-C3,205936,3,3028.25,1,33.0,middle50,True
A-G1.042-C3,205936,3,3035.0,1,6.75,middle50,True
A-G1.042-C3,205936,3,3072.5,1,37.5,middle50,True
A-G1.042-C3,205936,3,3080.5,1,8.0,middle50,True
A-G1.042-C3,205936,3,3089.75,1,9.25,middle50,True
A-G1.042-C3,205936,3,3094.0,1,4.25,middle50,True
A-G1.042-C3,205936,3,3107.5,1,13.5,middle50,True
A-G1.042-C3,205936,3,3114.5,3,7.0,middle50,True
A-G1.042-C3,205936,3,3253.25,1,138.75,late25,True
A-G1.042-C3,205936,3,3259.5,1,6.25,late25,True
A-G1.042-C3,205936,3,3268.5,1,9.0,late25,True
A-G1.042-C3,205936,3,3274.5,1,6.0,late25,True
A-G1.042-C3,205936,3,3302.5,1,28.0,late25,True
A-G1.042-C3,205936,3,3318.5,1,16.0,late25,True
A-G1.042-C3,205936,3,3327.75,1,9.25,late25,True
A-G1.042-C3,205936,3,3337.5,1,9.75,late25,True
A-G1.042-C3,205936,3,3345.25,2,7.75,late25,True
A-G1.042-C3,205936,3,3367.5,4,22.25,late25,True
A-G1.042-C3,205936,3,3370.0,1,2.5,late25,True
A-G1.042-C3,205936,3,3376.75,4,6.75,late25,True
A-G1.042-C3,205936,3,3409.5,2,32.75,late25,True
A-G1.042-C3,205936,3,3414.25,1,4.75,late25,True
A-G1.042-C3,205936,3,3421.5,1,7.25,late25,True
A-G1.042-C3,205936,3,3438.25,1,16.75,late25,True
A-G1.042-C3,205936,3,3451.25,2,13.0,late25,True
A-G1.042-C3,205936,3,3575.0,2,123.75,late25,True
A-G1.042-C3,205936,3,3577.25,1,2.25,late25,True
A-G1.042-C3,205936,3,3583.0,1,5.75,late25,True
A-G1.042-C3,205936,3,3592.0,1,9.0,late25,True
A-G1.042-C3,213855,0,0.25,3,,early25,False
A-G1.042-C3,213855,0,15.0,1,14.75,early25,False
A-G1.042-C3,213855,0,23.5,1,8.5,early25,False
A-G1.042-C3,213855,0,35.0,2,11.5,early25,False
A-G1.042-C3,213855,0,48.25,2,13.25,early25,False
A-G1.042-C3,213855,0,63.5,1,15.25,early25,False
A-G1.042-C3,213855,0,89.5,1,26.0,early25,False
A-G1.042-C3,213855,0,96.5,1,7.0,early25,False
A-G1.042-C3,213855,0,104.75,15,8.25,early25,False
A-G1.042-C3,213855,0,289.25,1,184.5,middle50,False
A-G1.042-C3,213855,0,294.25,1,5.0,middle50,False
A-G1.042-C3,213855,0,332.0,1,37.75,middle50,False
A-G1.042-C3,213855,0,336.75,1,4.75,middle50,False
A-G1.042-C3,213855,0,344.25,1,7.5,middle50,False
A-G1.042-C3,213855,0,349.5,1,5.25,middle50,False
A-G1.042-C3,213855,0,353.0,1,3.5,middle50,False
A-G1.042-C3,213855,0,355.5,1,2.5,middle50,False
A-G1.042-C3,213855,0,386.0,1,30.5,middle50,False
A-G1.042-C3,213855,0,389.25,1,3.25,middle50,False
A-G1.042-C3,213855,0,396.0,1,6.75,middle50,False
A-G1.042-C3,213855,0,398.5,1,2.5,middle50,False
A-G1.042-C3,213855,0,403.0,1,4.5,middle50,False
A-G1.042-C3,213855,0,409.75,1,6.75,middle50,False
A-G1.042-C3,213855,0,444.0,1,34.25,late25,False
A-G1.042-C3,213855,0,452.75,1,8.75,late25,False
A-G1.042-C3,213855,0,457.75,1,5.0,late25,False
A-G1.042-C3,213855,0,462.25,1,4.5,late25,False
A-G1.042-C3,213855,0,466.25,1,4.0,late25,False
A-G1.042-C3,213855,0,478.25,1,12.0,late25,False
A-G1.042-C3,213855,1,611.75,1,133.5,early25,False
A-G1.042-C3,213855,1,615.5,1,3.75,early25,False
A-G1.042-C3,213855,1,617.5,1,2.0,early25,False
A-G1.042-C3,213855,1,619.75,1,2.25,early25,False
A-G1.042-C3,213855,1,626.5,2,6.75,early25,False
A-G1.042-C3,213855,1,632.0,1,5.5,early25,False
A-G1.042-C3,213855,1,639.5,2,7.5,early25,False
A-G1.042-C3,213855,1,672.0,3,32.5,early25,False
A-G1.042-C3,213855,1,679.5,2,7.5,early25,False
A-G1.042-C3,213855,1,684.0,1,4.5,early25,False
A-G1.042-C3,213855,1,689.75,2,5.75,early25,False
A-G1.042-C3,213855,1,696.25,21,6.5,early25,False
A-G1.042-C3,213855,1,740.5,1,44.25,early25,False
A-G1.042-C3,213855,1,746.5,1,6.0,early25,False
A-G1.042-C3,213855,1,779.0,1,32.5,middle50,False
A-G1.042-C3,213855,1,782.25,1,3.25,middle50,False
A-G1.042-C3,213855,1,785.75,1,3.5,middle50,False
A-G1.042-C3,213855,1,790.25,1,4.5,middle50,False
A-G1.042-C3,213855,1,792.75,1,2.5,middle50,False
A-G1.042-C3,213855,1,795.75,1,3.0,middle50,False
A-G1.042-C3,213855,1,798.75,2,3.0,middle50,False
A-G1.042-C3,213855,1,804.75,1,6.0,middle50,False
A-G1.042-C3,213855,1,807.25,1,2.5,middle50,False
A-G1.042-C3,213855,1,953.0,1,145.75,middle50,False
A-G1.042-C3,213855,1,961.0,2,8.0,middle50,False
A-G1.042-C3,213855,1,965.0,1,4.0,middle50,False
A-G1.042-C3,213855,1,970.75,1,5.75,middle50,False
A-G1.042-C3,213855,1,972.25,1,1.5,middle50,False
A-G1.042-C3,213855,1,976.5,1,4.25,middle50,False
A-G1.042-C3,213855,1,979.75,1,3.25,middle50,False
A-G1.042-C3,213855,1,1007.5,1,27.75,middle50,False
A-G1.042-C3,213855,1,1009.25,1,1.75,middle50,False
A-G1.042-C3,213855,1,1011.25,1,2.0,middle50,False
A-G1.042-C3,213855,1,1014.0,1,2.75,middle50,False
A-G1.042-C3,213855,1,1017.75,1,3.75,middle50,False
A-G1.042-C3,213855,1,1021.25,1,3.5,middle50,False
A-G1.042-C3,213855,1,1024.5,1,3.25,middle50,False
A-G1.042-C3,213855,1,1027.5,1,3.0,middle50,False
A-G1.042-C3,213855,1,1032.25,1,4.75,middle50,False
A-G1.042-C3,213855,1,1043.5,1,11.25,middle50,False
A-G1.042-C3,213855,1,1056.5,1,13.0,middle50,False
A-G1.042-C3,213855,1,1078.25,2,21.75,middle50,False
A-G1.042-C3,213855,1,1083.5,1,5.25,middle50,False
A-G1.042-C3,213855,1,1087.5,1,4.0,middle50,False
A-G1.042-C3,213855,1,1092.5,1,5.0,middle50,False
A-G1.042-C3,213855,1,1097.5,1,5.0,late25,False
A-G1.042-C3,213855,1,1124.75,1,27.25,late25,False
A-G1.042-C3,213855,1,1128.0,1,3.25,late25,False
A-G1.042-C3,213855,1,1133.25,1,5.25,late25,False
A-G1.042-C3,213855,1,1136.75,2,3.5,late25,False
A-G1.042-C3,213855,1,1142.75,2,6.0,late25,False
A-G1.042-C3,213855,1,1147.75,1,5.0,late25,False
A-G1.042-C3,213855,1,1149.5,1,1.75,late25,False
A-G1.042-C3,213855,1,1154.25,1,4.75,late25,False
A-G1.042-C3,213855,1,1161.75,1,7.5,late25,False
A-G1.042-C3,213855,2,1285.75,2,124.0,early25,False
A-G1.042-C3,213855,2,1287.75,1,2.0,early25,False
A-G1.042-C3,213855,2,1290.25,2,2.5,early25,False
A-G1.042-C3,213855,2,1292.5,2,2.25,early25,False
A-G1.042-C3,213855,2,1295.75,2,3.25,early25,False
A-G1.042-C3,213855,2,1299.25,3,3.5,early25,False
A-G1.042-C3,213855,2,1304.25,2,5.0,early25,False
A-G1.042-C3,213855,2,1310.0,3,5.75,early25,False
A-G1.042-C3,213855,2,1315.5,2,5.5,early25,False
A-G1.042-C3,213855,2,1319.5,2,4.0,early25,False
A-G1.042-C3,213855,2,1344.5,3,25.0,early25,False
A-G1.042-C3,213855,2,1349.75,3,5.25,early25,False
A-G1.042-C3,213855,2,1353.5,2,3.75,early25,False
A-G1.042-C3,213855,2,1357.75,27,4.25,early25,False
A-G1.042-C3,213855,2,1367.0,2,9.25,early25,False
A-G1.042-C3,213855,2,1370.75,2,3.75,early25,False
A-G1.042-C3,213855,2,1372.25,1,1.5,early25,False
A-G1.042-C3,213855,2,1375.0,1,2.75,early25,False
A-G1.042-C3,213855,2,1388.75,1,13.75,early25,False
A-G1.042-C3,213855,2,1393.0,2,4.25,early25,False
A-G1.042-C3,213855,2,1399.75,1,6.75,early25,False
A-G1.042-C3,213855,2,1402.75,2,3.0,early25,False
A-G1.042-C3,213855,2,1404.5,1,1.75,early25,False
A-G1.042-C3,213855,2,1410.75,3,6.25,early25,False
A-G1.042-C3,213855,2,1415.75,2,5.0,early25,False
A-G1.042-C3,213855,2,1444.75,1,29.0,middle50,False
A-G1.042-C3,213855,2,1446.75,2,2.0,middle50,False
A-G1.042-C3,213855,2,1448.0,1,1.25,middle50,False
A-G1.042-C3,213855,2,1452.0,1,4.0,middle50,False
A-G1.042-C3,213855,2,1458.25,2,6.25,middle50,False
A-G1.042-C3,213855,2,1463.75,2,5.5,middle50,False
A-G1.042-C3,213855,2,1464.75,1,1.0,middle50,False
A-G1.042-C3,213855,2,1470.0,3,5.25,middle50,False
A-G1.042-C3,213855,2,1475.25,2,5.25,middle50,False
A-G1.042-C3,213855,2,1488.75,5,13.5,middle50,False
A-G1.042-C3,213855,2,1627.75,2,139.0,middle50,False
A-G1.042-C3,213855,2,1632.25,2,4.5,middle50,False
A-G1.042-C3,213855,2,1641.5,1,9.25,middle50,False
A-G1.042-C3,213855,2,1646.5,1,5.0,middle50,False
A-G1.042-C3,213855,2,1653.25,2,6.75,middle50,False
A-G1.042-C3,213855,2,1656.5,1,3.25,middle50,False
A-G1.042-C3,213855,2,1682.0,1,25.5,middle50,False
A-G1.042-C3,213855,2,1685.25,2,3.25,middle50,False
A-G1.042-C3,213855,2,1689.0,1,3.75,middle50,False
A-G1.042-C3,213855,2,1692.5,1,3.5,middle50,False
A-G1.042-C3,213855,2,1694.5,1,2.0,middle50,False
A-G1.042-C3,213855,2,1697.25,1,2.75,middle50,False
A-G1.042-C3,213855,2,1699.75,13,2.5,middle50,False
A-G1.042-C3,213855,2,1709.0,1,9.25,middle50,False
A-G1.042-C3,213855,2,1713.75,1,4.75,middle50,False
A-G1.042-C3,213855,2,1732.75,1,19.0,middle50,False
A-G1.042-C3,213855,2,1734.5,1,1.75,middle50,False
A-G1.042-C3,213855,2,1740.75,1,6.25,middle50,False
A-G1.042-C3,213855,2,1742.5,1,1.75,middle50,False
A-G1.042-C3,213855,2,1747.5,2,5.0,middle50,False
A-G1.042-C3,213855,2,1752.5,2,5.0,middle50,False
A-G1.042-C3,213855,2,1755.0,1,2.5,middle50,False
A-G1.042-C3,213855,2,1758.25,1,3.25,middle50,False
A-G1.042-C3,213855,2,1789.25,2,31.0,late25,False
A-G1.042-C3,213855,2,1792.5,2,3.25,late25,False
A-G1.042-C3,213855,2,1796.25,1,3.75,late25,False
A-G1.042-C3,213855,2,1801.0,1,4.75,late25,False
A-G1.042-C3,213855,2,1803.75,1,2.75,late25,False
A-G1.042-C3,213855,2,1807.75,1,4.0,late25,False
A-G1.042-C3,213855,2,1809.75,1,2.0,late25,False
A-G1.042-C3,213855,2,1814.25,2,4.5,late25,False
A-G1.042-C3,213855,2,1817.0,1,2.75,late25,False
A-G1.042-C3,213855,2,1825.5,2,8.5,late25,False
A-G1.042-C3,213855,2,1831.5,3,6.0,late25,False
A-G1.042-C3,213855,3,1951.7499999999,2,120.24999999989996,early25,True
A-G1.042-C3,213855,3,1954.4999999999,3,2.75,early25,True
A-G1.042-C3,213855,3,1959.7499999999,2,5.25,early25,True
A-G1.042-C3,213855,3,1962.7499999999,1,3.0,early25,True
A-G1.042-C3,213855,3,1967.2499999999,2,4.5,early25,True
A-G1.042-C3,213855,3,1972.2499999999,2,5.0,early25,True
A-G1.042-C3,213855,3,1978.2499999999,3,6.0,early25,True
A-G1.042-C3,213855,3,2006.2499999999,2,28.0,early25,True
A-G1.042-C3,213855,3,2010.2499999999,2,4.0,early25,True
A-G1.042-C3,213855,3,2014.2499999999,2,4.0,early25,True
A-G1.042-C3,213855,3,2017.4999999999,2,3.25,early25,True
A-G1.042-C3,213855,3,2022.2499999999,21,4.75,early25,True
A-G1.042-C3,213855,3,2032.7499999999,1,10.5,early25,True
A-G1.042-C3,213855,3,2034.2499999999,1,1.5,early25,True
A-G1.042-C3,213855,3,2058.7499999999,1,24.5,early25,True
A-G1.042-C3,213855,3,2068.2499999999,2,9.5,early25,True
A-G1.042-C3,213855,3,2071.7499999999,1,3.5,early25,True
A-G1.042-C3,213855,3,2078.9999999999,3,7.25,early25,True
A-G1.042-C3,213855,3,2086.2499999999,2,7.25,early25,True
A-G1.042-C3,213855,3,2112.9999999999,2,26.75,early25,True
A-G1.042-C3,213855,3,2119.7499999999,1,6.75,early25,True
A-G1.042-C3,213855,3,2124.4999999999,2,4.75,early25,True
A-G1.042-C3,213855,3,2130.2499999999,3,5.75,early25,True
A-G1.042-C3,213855,3,2133.9999999999,1,3.75,early25,True
A-G1.042-C3,213855,3,2137.7499999999,1,3.75,early25,True
A-G1.042-C3,213855,3,2143.4999999999,2,5.75,early25,True
A-G1.042-C3,213855,3,2154.2499999999,3,10.75,early25,True
A-G1.042-C3,213855,3,2168.4999999999,1,14.25,early25,True
A-G1.042-C3,213855,3,2172.2499999999,1,3.75,early25,True
A-G1.042-C3,213855,3,2177.4999999999,1,5.25,early25,True
A-G1.042-C3,213855,3,2182.4999999999,2,5.0,early25,True
A-G1.042-C3,213855,3,2186.7499999999,1,4.25,early25,True
A-G1.042-C3,213855,3,2191.2499999999,1,4.5,early25,True
A-G1.042-C3,213855,3,2194.9999999999,1,3.75,early25,True
A-G1.042-C3,213855,3,2199.9999999999,12,5.0,early25,True
A-G1.042-C3,213855,3,2230.9999999999,2,31.0,early25,True
A-G1.042-C3,213855,3,2235.4999999999,1,4.5,early25,True
A-G1.042-C3,213855,3,2242.7499999999,2,7.25,early25,True
A-G1.042-C3,213855,3,2247.4999999999,1,4.75,early25,True
A-G1.042-C3,213855,3,2270.4999999999,1,23.0,early25,True
A-G1.042-C3,213855,3,2277.9999999999,1,7.5,early25,True
A-G1.042-C3,213855,3,2285.4999999999,1,7.5,early25,True
A-G1.042-C3,213855,3,2291.9999999999,2,6.5,early25,True
A-G1.042-C3,213855,3,2294.7499999999,1,2.75,early25,True
A-G1.042-C3,213855,3,2327.9999999999,1,33.25,early25,True
A-G1.042-C3,213855,3,2330.2499999999,1,2.25,early25,True
A-G1.042-C3,213855,3,2332.9999999999,1,2.75,early25,True
A-G1.042-C3,213855,3,2342.2499999999,1,9.25,early25,True
A-G1.042-C3,213855,3,2345.2499999999,1,3.0,early25,True
A-G1.042-C3,213855,3,2347.9999999999,1,2.75,middle50,True
A-G1.042-C3,213855,3,2353.2499999999,1,5.25,middle50,True
A-G1.042-C3,213855,3,2362.4999999999,1,9.25,middle50,True
A-G1.042-C3,213855,3,2374.4999999999,1,12.0,middle50,True
A-G1.042-C3,213855,3,2382.9999999999,1,8.5,middle50,True
A-G1.042-C3,213855,3,2390.4999999999,1,7.5,middle50,True
A-G1.042-C3,213855,3,2394.7499999999,1,4.25,middle50,True
A-G1.042-C3,213855,3,2396.9999999999,1,2.25,middle50,True
A-G1.042-C3,213855,3,2403.9999999999,6,7.0,middle50,True
A-G1.042-C3,213855,3,2433.9999999999,1,30.0,middle50,True
A-G1.042-C3,213855,3,2437.2499999999,1,3.25,middle50,True
A-G1.042-C3,213855,3,2440.7499999999,1,3.5,middle50,True
A-G1.042-C3,213855,3,2445.7499999999,1,5.0,middle50,True
A-G1.042-C3,213855,3,2450.7499999999,1,5.0,middle50,True
A-G1.042-C3,213855,3,2458.2499999999,1,7.5,middle50,True
A-G1.042-C3,213855,3,2467.2499999999,1,9.0,middle50,True
A-G1.042-C3,213855,3,2484.7499999999,1,17.5,middle50,True
A-G1.042-C3,213855,3,2488.2499999999,1,3.5,middle50,True
A-G1.042-C3,213855,3,2497.2499999999,1,9.0,middle50,True
A-G1.042-C3,213855,3,2503.9999999999,1,6.75,middle50,True
A-G1.042-C3,213855,3,2539.4999999999,1,35.5,middle50,True
A-G1.042-C3,213855,3,2546.2499999999,1,6.75,middle50,True
A-G1.042-C3,213855,3,2551.2499999999,1,5.0,middle50,True
A-G1.042-C3,213855,3,2554.2499999999,1,3.0,middle50,True
A-G1.042-C3,213855,3,2559.2499999999,1,5.0,middle50,True
A-G1.042-C3,213855,3,2562.2499999999,1,3.0,middle50,True
A-G1.042-C3,213855,3,2567.4999999999,1,5.25,middle50,True
A-G1.042-C3,213855,3,2577.4999999999,1,10.0,middle50,True
A-G1.042-C3,213855,3,2593.2499999999,1,15.75,middle50,True
A-G1.042-C3,213855,3,2598.4999999999,1,5.25,middle50,True
A-G1.042-C3,213855,3,2609.7499999999,1,11.25,middle50,True
A-G1.042-C3,213855,3,2618.9999999999,1,9.25,middle50,True
A-G1.042-C3,213855,3,2651.9999999999,1,33.0,middle50,True
A-G1.042-C3,213855,3,2662.2499999999,1,10.25,middle50,True
A-G1.042-C3,213855,3,2664.7499999999,1,2.5,middle50,True
A-G1.042-C3,213855,3,2670.4999999999,1,5.75,middle50,True
A-G1.042-C3,213855,3,2675.2499999999,1,4.75,middle50,True
A-G1.042-C3,213855,3,2689.7499999999,3,14.5,middle50,True
A-G1.042-C3,213855,3,2824.4999999999,1,134.75,middle50,True
A-G1.042-C3,213855,3,2834.2499999999,1,9.75,middle50,True
A-G1.042-C3,213855,3,2842.7499999999,1,8.5,middle50,True
A-G1.042-C3,213855,3,2848.4999999999,1,5.75,middle50,True
A-G1.042-C3,213855,3,2882.9999999999,1,34.5,middle50,True
A-G1.042-C3,213855,3,2887.7499999999,1,4.75,middle50,True
A-G1.042-C3,213855,3,2892.2499999999,1,4.5,middle50,True
A-G1.042-C3,213855,3,2906.7499999999,1,14.5,middle50,True
A-G1.042-C3,213855,3,2908.9999999999,1,2.25,middle50,True
A-G1.042-C3,213855,3,2919.7499999999,1,10.75,middle50,True
A-G1.042-C3,213855,3,2926.7499999999,3,7.0,middle50,True
A-G1.042-C3,213855,3,2936.9999999999,1,10.25,middle50,True
A-G1.042-C3,213855,3,2946.4999999999,1,9.5,middle50,True
A-G1.042-C3,213855,3,2950.2499999999,1,3.75,middle50,True
A-G1.042-C3,213855,3,2993.7499999999,1,43.5,middle50,True
A-G1.042-C3,213855,3,3004.7499999999,1,11.0,middle50,True
A-G1.042-C3,213855,3,3006.7499999999,1,2.0,middle50,True
A-G1.042-C3,213855,3,3013.2499999999,1,6.5,middle50,True
A-G1.042-C3,213855,3,3019.7499999999,1,6.5,middle50,True
A-G1.042-C3,213855,3,3028.4999999999,1,8.75,middle50,True
A-G1.042-C3,213855,3,3172.7499999999,1,144.25,middle50,True
A-G1.042-C3,213855,3,3176.7499999999,1,4.0,middle50,True
A-G1.042-C3,213855,3,3194.7499999999,1,18.0,late25,True
A-G1.042-C3,213855,3,3217.4999999999,1,22.75,late25,True
A-G1.042-C3,213855,3,3231.9999999999,1,14.5,late25,True
A-G1.042-C3,213855,3,3236.4999999999,1,4.5,late25,True
A-G1.042-C3,213855,3,3245.2499999999,1,8.75,late25,True
A-G1.042-C3,213855,3,3249.7499999999,1,4.5,late25,True
A-G1.042-C3,213855,3,3267.4999999999,1,17.75,late25,True
A-G1.042-C3,213855,3,3277.2499999999,1,9.75,late25,True
A-G1.042-C3,213855,3,3286.2499999999,4,9.0,late25,True
A-G1.042-C3,213855,3,3291.2499999999,1,5.0,late25,True
A-G1.042-C3,213855,3,3322.7499999999,1,31.5,late25,True
A-G1.042-C3,213855,3,3329.9999999999,1,7.25,late25,True
A-G1.042-C3,213855,3,3337.9999999999,1,8.0,late25,True
A-G1.042-C3,213855,3,3355.2499999999,1,17.25,late25,True
A-G1.042-C3,213855,3,3499.4999999999,1,144.25,late25,True
A-G1.042-C3,213855,3,3510.7499999999,1,11.25,late25,True
A-G1.042-C3,213855,3,3518.7499999999,1,8.0,late25,True
A-G1.042-C3,213855,3,3550.9999999999,1,32.25,late25,True
A-G1.042-C3,213855,3,3557.2499999999,1,6.25,late25,True
A-G1.042-C3,213855,3,3563.7499999999,3,6.5,late25,True
A-G1.042-C3,213855,3,3570.9999999999,1,7.25,late25,True
A-G1.042-C3,213855,3,3576.2499999999,3,5.25,late25,True
A-G1.042-C3,213855,3,3587.9999999999,1,11.75,late25,True
A-G1.042-C3,213855,3,3594.9999999999,2,7.0,late25,True
A-G1.042-C3,221774,0,0.25,3,,early25,False
A-G1.042-C3,221774,0,8.25,1,8.0,early25,False
A-G1.042-C3,221774,0,36.75,1,28.5,early25,False
A-G1.042-C3,221774,0,43.0,1,6.25,early25,False
A-G1.042-C3,221774,0,92.0,1,49.0,early25,False
A-G1.042-C3,221774,0,106.75,1,14.75,early25,False
A-G1.042-C3,221774,0,116.5,1,9.75,early25,False
A-G1.042-C3,221774,0,164.5,1,48.0,early25,False
A-G1.042-C3,221774,0,172.0,1,7.5,early25,False
A-G1.042-C3,221774,0,181.5,1,9.5,middle50,False
A-G1.042-C3,221774,0,193.25,2,11.75,middle50,False
A-G1.042-C3,221774,0,218.25,1,25.0,middle50,False
A-G1.042-C3,221774,0,223.25,1,5.0,middle50,False
A-G1.042-C3,221774,0,230.0,1,6.75,middle50,False
A-G1.042-C3,221774,0,237.5,14,7.5,middle50,False
A-G1.042-C3,221774,0,239.25,1,1.75,middle50,False
A-G1.042-C3,221774,0,422.75,1,183.5,middle50,False
A-G1.042-C3,221774,0,453.0,1,30.25,middle50,False
A-G1.042-C3,221774,0,458.0,1,5.0,middle50,False
A-G1.042-C3,221774,0,464.25,1,6.25,middle50,False
A-G1.042-C3,221774,0,472.25,1,8.0,middle50,False
A-G1.042-C3,221774,0,480.0,1,7.75,middle50,False
A-G1.042-C3,221774,0,489.5,1,9.5,middle50,False
A-G1.042-C3,221774,0,524.25,1,34.75,middle50,False
A-G1.042-C3,221774,0,531.5,12,7.25,middle50,False
A-G1.042-C3,221774,0,535.5,1,4.0,late25,False
A-G1.042-C3,221774,0,570.25,1,34.75,late25,False
A-G1.042-C3,221774,0,579.25,1,9.0,late25,False
A-G1.042-C3,221774,0,584.0,1,4.75,late25,False
A-G1.042-C3,221774,0,587.5,1,3.5,late25,False
A-G1.042-C3,221774,0,592.5,1,5.0,late25,False
A-G1.042-C3,221774,0,596.0,1,3.5,late25,False
A-G1.042-C3,221774,0,609.0,3,13.0,late25,False
A-G1.042-C3,221774,0,703.0,1,94.0,late25,False
A-G1.042-C3,221774,0,704.75,2,1.75,late25,False
A-G1.042-C3,221774,0,706.0,1,1.25,late25,False
A-G1.042-C3,221774,0,710.75,1,4.75,late25,False
A-G1.042-C3,221774,1,732.0,4,21.25,early25,False
A-G1.042-C3,221774,1,733.5,1,1.5,early25,False
A-G1.042-C3,221774,1,737.75,1,4.25,early25,False
A-G1.042-C3,221774,1,741.75,2,4.0,early25,False
A-G1.042-C3,221774,1,747.0,1,5.25,early25,False
A-G1.042-C3,221774,1,756.25,2,9.25,early25,False
A-G1.042-C3,221774,1,789.0,2,32.75,early25,False
A-G1.042-C3,221774,1,793.5,1,4.5,early25,False
A-G1.042-C3,221774,1,799.5,2,6.0,early25,False
A-G1.042-C3,221774,1,801.25,1,1.75,early25,False
A-G1.042-C3,221774,1,804.0,1,2.75,early25,False
A-G1.042-C3,221774,1,810.5,2,6.5,early25,False
A-G1.042-C3,221774,1,823.0,2,12.5,early25,False
A-G1.042-C3,221774,1,843.5,1,20.5,early25,False
A-G1.042-C3,221774,1,847.75,1,4.25,early25,False
A-G1.042-C3,221774,1,854.0,1,6.25,early25,False
A-G1.042-C3,221774,1,857.25,1,3.25,early25,False
A-G1.042-C3,221774,1,862.5,1,5.25,early25,False
A-G1.042-C3,221774,1,866.0,1,3.5,early25,False
A-G1.042-C3,221774,1,899.0,1,33.0,middle50,False
A-G1.042-C3,221774,1,902.0,1,3.0,middle50,False
A-G1.042-C3,221774,1,907.0,1,5.0,middle50,False
A-G1.042-C3,221774,1,909.5,1,2.5,middle50,False
A-G1.042-C3,221774,1,916.75,2,7.25,middle50,False
A-G1.042-C3,221774,1,919.5,1,2.75,middle50,False
A-G1.042-C3,221774,1,923.5,1,4.0,middle50,False
A-G1.042-C3,221774,1,926.5,1,3.0,middle50,False
A-G1.042-C3,221774,1,1077.5,2,151.0,middle50,False
A-G1.042-C3,221774,1,1086.0,1,8.5,middle50,False
A-G1.042-C3,221774,1,1090.75,1,4.75,middle50,False
A-G1.042-C3,221774,1,1094.25,1,3.5,middle50,False
A-G1.042-C3,221774,1,1098.25,1,4.0,middle50,False
A-G1.042-C3,221774,1,1103.5,2,5.25,middle50,False
A-G1.042-C3,221774,1,1107.5,1,4.0,middle50,False
A-G1.042-C3,221774,1,1131.75,1,24.25,middle50,False
A-G1.042-C3,221774,1,1135.75,1,4.0,middle50,False
A-G1.042-C3,221774,1,1141.0,2,5.25,middle50,False
A-G1.042-C3,221774,1,1154.75,2,13.75,middle50,False
A-G1.042-C3,221774,1,1157.25,1,2.5,middle50,False
A-G1.042-C3,221774,1,1160.75,1,3.5,middle50,False
A-G1.042-C3,221774,1,1164.25,1,3.5,middle50,False
A-G1.042-C3,221774,1,1173.0,13,8.75,middle50,False
A-G1.042-C3,221774,1,1179.25,4,6.25,middle50,False
A-G1.042-C3,221774,1,1191.0,1,11.75,middle50,False
A-G1.042-C3,221774,1,1195.0,1,4.0,middle50,False
A-G1.042-C3,221774,1,1197.5,1,2.5,middle50,False
A-G1.042-C3,221774,1,1210.25,1,12.75,middle50,False
A-G1.042-C3,221774,1,1213.25,1,3.0,middle50,False
A-G1.042-C3,221774,1,1219.25,1,6.0,late25,False
A-G1.042-C3,221774,1,1222.5,1,3.25,late25,False
A-G1.042-C3,221774,1,1246.5,12,24.0,late25,False
A-G1.042-C3,221774,1,1249.75,2,3.25,late25,False
A-G1.042-C3,221774,1,1254.5,1,4.75,late25,False
A-G1.042-C3,221774,1,1257.0,1,2.5,late25,False
A-G1.042-C3,221774,1,1259.5,11,2.5,late25,False
A-G1.042-C3,221774,1,1264.75,1,5.25,late25,False
A-G1.042-C3,221774,1,1266.5,1,1.75,late25,False
A-G1.042-C3,221774,1,1267.5,2,1.0,late25,False
A-G1.042-C3,221774,1,1270.75,1,3.25,late25,False
A-G1.042-C3,221774,1,1273.25,1,2.5,late25,False
A-G1.042-C3,221774,1,1275.75,1,2.5,late25,False
A-G1.042-C3,221774,1,1277.0,2,1.25,late25,False
A-G1.042-C3,221774,1,1279.75,1,2.75,late25,False
A-G1.042-C3,221774,1,1374.5,1,94.75,late25,False
A-G1.042-C3,221774,1,1379.5,1,5.0,late25,False
A-G1.042-C3,221774,2,1399.0,2,19.5,early25,False
A-G1.042-C3,221774,2,1400.5,1,1.5,early25,False
A-G1.042-C3,221774,2,1404.5,2,4.0,early25,False
A-G1.042-C3,221774,2,1408.0,2,3.5,early25,False
A-G1.042-C3,221774,2,1419.0,2,11.0,early25,False
A-G1.042-C3,221774,2,1426.25,2,7.25,early25,False
A-G1.042-C3,221774,2,1433.25,3,7.0,early25,False
A-G1.042-C3,221774,2,1457.0,2,23.75,early25,False
A-G1.042-C3,221774,2,1459.0,1,2.0,early25,False
A-G1.042-C3,221774,2,1461.0,1,2.0,early25,False
A-G1.042-C3,221774,2,1462.5,1,1.5,early25,False
A-G1.042-C3,221774,2,1463.75,2,1.25,early25,False
A-G1.042-C3,221774,2,1465.5,1,1.75,early25,False
A-G1.042-C3,221774,2,1470.5,2,5.0,early25,False
A-G1.042-C3,221774,2,1481.75,3,11.25,early25,False
A-G1.042-C3,221774,2,1486.75,2,5.0,early25,False
A-G1.042-C3,221774,2,1488.25,1,1.5,early25,False
A-G1.042-C3,221774,2,1506.5,1,18.25,early25,False
A-G1.042-C3,221774,2,1509.25,1,2.75,early25,False
A-G1.042-C3,221774,2,1514.5,1,5.25,early25,False
A-G1.042-C3,221774,2,1518.75,2,4.25,early25,False
A-G1.042-C3,221774,2,1522.75,2,4.0,early25,False
A-G1.042-C3,221774,2,1530.5,1,7.75,early25,False
A-G1.042-C3,221774,2,1560.75,2,30.25,middle50,False
A-G1.042-C3,221774,2,1564.5,2,3.75,middle50,False
A-G1.042-C3,221774,2,1568.0,1,3.5,middle50,False
A-G1.042-C3,221774,2,1569.75,1,1.75,middle50,False
A-G1.042-C3,221774,2,1576.75,1,7.0,middle50,False
A-G1.042-C3,221774,2,1584.75,3,8.0,middle50,False
A-G1.042-C3,221774,2,1595.0,1,10.25,middle50,False
A-G1.042-C3,221774,2,1736.0,1,141.0,middle50,False
A-G1.042-C3,221774,2,1740.25,1,4.25,middle50,False
A-G1.042-C3,221774,2,1746.25,2,6.0,middle50,False
A-G1.042-C3,221774,2,1750.0,1,3.75,middle50,False
A-G1.042-C3,221774,2,1752.0,1,2.0,middle50,False
A-G1.042-C3,221774,2,1758.0,1,6.0,middle50,False
A-G1.042-C3,221774,2,1762.25,1,4.25,middle50,False
A-G1.042-C3,221774,2,1792.5,1,30.25,middle50,False
A-G1.042-C3,221774,2,1794.0,1,1.5,middle50,False
A-G1.042-C3,221774,2,1799.25,1,5.25,middle50,False
A-G1.042-C3,221774,2,1803.75,2,4.5,middle50,False
A-G1.042-C3,221774,2,1808.25,1,4.5,middle50,False
A-G1.042-C3,221774,2,1812.5,2,4.25,middle50,False
A-G1.042-C3,221774,2,1816.75,2,4.25,middle50,False
A-G1.042-C3,221774,2,1827.75,1,11.0,middle50,False
A-G1.042-C3,221774,2,1833.75,5,6.0,middle50,False
A-G1.042-C3,221774,2,1845.25,2,11.5,middle50,False
A-G1.042-C3,221774,2,1849.25,1,4.0,middle50,False
A-G1.042-C3,221774,2,1852.5,2,3.25,middle50,False
A-G1.042-C3,221774,2,1856.25,1,3.75,middle50,False
A-G1.042-C3,221774,2,1859.5,1,3.25,middle50,False
A-G1.042-C3,221774,2,1862.25,1,2.75,middle50,False
A-G1.042-C3,221774,2,1866.25,2,4.0,middle50,False
A-G1.042-C3,221774,2,1873.25,2,7.0,middle50,False
A-G1.042-C3,221774,2,1901.25,2,28.0,late25,False
A-G1.042-C3,221774,2,1904.5,2,3.25,late25,False
A-G1.042-C3,221774,2,1911.5,1,7.0,late25,False
A-G1.042-C3,221774,2,1915.0,1,3.5,late25,False
A-G1.042-C3,221774,2,1919.0,1,4.0,late25,False
A-G1.042-C3,221774,2,1923.0,2,4.0,late25,False
A-G1.042-C3,221774,2,1927.0,1,4.0,late25,False
A-G1.042-C3,221774,2,1930.5,1,3.5,late25,False
A-G1.042-C3,221774,2,1935.75,1,5.25,late25,False
A-G1.042-C3,221774,3,2056.5,2,120.75,early25,True
A-G1.042-C3,221774,3,2067.75,3,11.25,early25,True
A-G1.042-C3,221774,3,2070.25,1,2.5,early25,True
A-G1.042-C3,221774,3,2075.0,3,4.75,early25,True
A-G1.042-C3,221774,3,2081.5,2,6.5,early25,True
A-G1.042-C3,221774,3,2114.0,2,32.5,early25,True
A-G1.042-C3,221774,3,2116.25,2,2.25,early25,True
A-G1.042-C3,221774,3,2123.0,2,6.75,early25,True
A-G1.042-C3,221774,3,2126.0,2,3.0,early25,True
A-G1.042-C3,221774,3,2132.5,4,6.5,early25,True
A-G1.042-C3,221774,3,2136.5,2,4.0,early25,True
A-G1.042-C3,221774,3,2149.25,4,12.75,early25,True
A-G1.042-C3,221774,3,2157.5,12,8.25,early25,True
A-G1.042-C3,221774,3,2166.5,1,9.0,early25,True
A-G1.042-C3,221774,3,2168.5,6,2.0,early25,True
A-G1.042-C3,221774,3,2170.5,1,2.0,early25,True
A-G1.042-C3,221774,3,2175.5,2,5.0,early25,True
A-G1.042-C3,221774,3,2178.5,1,3.0,early25,True
A-G1.042-C3,221774,3,2185.5,2,7.0,early25,True
A-G1.042-C3,221774,3,2192.5,2,7.0,early25,True
A-G1.042-C3,221774,3,2195.0,2,2.5,early25,True
A-G1.042-C3,221774,3,2223.5,5,28.5,early25,True
A-G1.042-C3,221774,3,2231.75,1,8.25,early25,True
A-G1.042-C3,221774,3,2238.25,2,6.5,early25,True
A-G1.042-C3,221774,3,2244.5,2,6.25,early25,True
A-G1.042-C3,221774,3,2262.75,5,18.25,early25,True
A-G1.042-C3,221774,3,2276.75,1,14.0,early25,True
A-G1.042-C3,221774,3,2280.75,1,4.0,early25,True
A-G1.042-C3,221774,3,2285.0,1,4.25,early25,True
A-G1.042-C3,221774,3,2290.25,1,5.25,early25,True
A-G1.042-C3,221774,3,2304.0,2,13.75,early25,True
A-G1.042-C3,221774,3,2329.5,1,25.5,early25,True
A-G1.042-C3,221774,3,2333.0,1,3.5,early25,True
A-G1.042-C3,221774,3,2337.0,1,4.0,early25,True
A-G1.042-C3,221774,3,2342.0,12,5.0,early25,True
A-G1.042-C3,221774,3,2354.0,1,12.0,early25,True
A-G1.042-C3,221774,3,2386.25,1,32.25,early25,True
A-G1.042-C3,221774,3,2392.75,1,6.5,early25,True
A-G1.042-C3,221774,3,2399.25,2,6.5,early25,True
A-G1.042-C3,221774,3,2401.25,1,2.0,early25,True
A-G1.042-C3,221774,3,2404.0,1,2.75,early25,True
A-G1.042-C3,221774,3,2412.0,1,8.0,early25,True
A-G1.042-C3,221774,3,2444.5,1,32.5,middle50,True
A-G1.042-C3,221774,3,2449.75,1,5.25,middle50,True
A-G1.042-C3,221774,3,2452.0,1,2.25,middle50,True
A-G1.042-C3,221774,3,2455.25,1,3.25,middle50,True
A-G1.042-C3,221774,3,2460.5,1,5.25,middle50,True
A-G1.042-C3,221774,3,2469.25,1,8.75,middle50,True
A-G1.042-C3,221774,3,2480.75,6,11.5,middle50,True
A-G1.042-C3,221774,3,2492.5,1,11.75,middle50,True
A-G1.042-C3,221774,3,2498.75,1,6.25,middle50,True
A-G1.042-C3,221774,3,2501.75,1,3.0,middle50,True
A-G1.042-C3,221774,3,2506.5,1,4.75,middle50,True
A-G1.042-C3,221774,3,2509.25,6,2.75,middle50,True
A-G1.042-C3,221774,3,2513.75,4,4.5,middle50,True
A-G1.042-C3,221774,3,2549.0,1,35.25,middle50,True
A-G1.042-C3,221774,3,2554.0,1,5.0,middle50,True
A-G1.042-C3,221774,3,2559.0,1,5.0,middle50,True
A-G1.042-C3,221774,3,2564.0,2,5.0,middle50,True
A-G1.042-C3,221774,3,2569.0,1,5.0,middle50,True
A-G1.042-C3,221774,3,2574.25,1,5.25,middle50,True
A-G1.042-C3,221774,3,2583.5,1,9.25,middle50,True
A-G1.042-C3,221774,3,2604.5,1,21.0,middle50,True
A-G1.042-C3,221774,3,2615.5,1,11.0,middle50,True
A-G1.042-C3,221774,3,2620.0,1,4.5,middle50,True
A-G1.042-C3,221774,3,2654.0,1,34.0,middle50,True
A-G1.042-C3,221774,3,2661.0,1,7.0,middle50,True
A-G1.042-C3,221774,3,2668.75,1,7.75,middle50,True
A-G1.042-C3,221774,3,2681.25,2,12.5,middle50,True
A-G1.042-C3,221774,3,2693.25,4,12.0,middle50,True
A-G1.042-C3,221774,3,2842.5,1,149.25,middle50,True
A-G1.042-C3,221774,3,2845.5,1,3.0,middle50,True
A-G1.042-C3,221774,3,2851.25,1,5.75,middle50,True
A-G1.042-C3,221774,3,2858.25,1,7.0,middle50,True
A-G1.042-C3,221774,3,2862.25,1,4.0,middle50,True
A-G1.042-C3,221774,3,2889.25,5,27.0,middle50,True
A-G1.042-C3,221774,3,2894.0,1,4.75,middle50,True
A-G1.042-C3,221774,3,2899.0,1,5.0,middle50,True
A-G1.042-C3,221774,3,2904.25,1,5.25,middle50,True
A-G1.042-C3,221774,3,2915.0,1,10.75,middle50,True
A-G1.042-C3,221774,3,2918.5,1,3.5,middle50,True
A-G1.042-C3,221774,3,2939.0,1,20.5,middle50,True
A-G1.042-C3,221774,3,2944.5,1,5.5,middle50,True
A-G1.042-C3,221774,3,2951.75,1,7.25,middle50,True
A-G1.042-C3,221774,3,2954.25,3,2.5,middle50,True
A-G1.042-C3,221774,3,2958.0,1,3.75,middle50,True
A-G1.042-C3,221774,3,2963.5,1,5.5,middle50,True
A-G1.042-C3,221774,3,2991.0,1,27.5,middle50,True
A-G1.042-C3,221774,3,3000.5,1,9.5,middle50,True
A-G1.042-C3,221774,3,3007.5,1,7.0,middle50,True
A-G1.042-C3,221774,3,3018.25,1,10.75,middle50,True
A-G1.042-C3,221774,3,3171.25,1,153.0,middle50,True
A-G1.042-C3,221774,3,3178.25,1,7.0,middle50,True
A-G1.042-C3,221774,3,3183.75,1,5.5,middle50,True
A-G1.042-C3,221774,3,3195.0,1,11.25,middle50,True
A-G1.042-C3,221774,3,3223.5,1,28.5,late25,True
A-G1.042-C3,221774,3,3229.5,1,6.0,late25,True
A-G1.042-C3,221774,3,3234.0,1,4.5,late25,True
A-G1.042-C3,221774,3,3239.75,4,5.75,late25,True
A-G1.042-C3,221774,3,3261.75,3,22.0,late25,True
A-G1.042-C3,221774,3,3276.5,1,14.75,late25,True
A-G1.042-C3,221774,3,3284.25,1,7.75,late25,True
A-G1.042-C3,221774,3,3292.25,3,8.0,late25,True
A-G1.042-C3,221774,3,3331.75,1,39.5,late25,True
A-G1.042-C3,221774,3,3338.0,1,6.25,late25,True
A-G1.042-C3,221774,3,3350.0,1,12.0,late25,True
A-G1.042-C3,221774,3,3357.25,1,7.25,late25,True
A-G1.042-C3,221774,3,3367.25,2,10.0,late25,True
A-G1.042-C3,221774,3,3513.25,1,146.0,late25,True
A-G1.042-C3,221774,3,3523.75,1,10.5,late25,True
A-G1.042-C3,221774,3,3525.25,1,1.5,late25,True
A-G1.042-C3,221774,3,3531.5,1,6.25,late25,True
A-G1.042-C3,221774,3,3562.75,1,31.25,late25,True
A-G1.042-C3,221774,3,3574.25,1,11.5,late25,True
A-G1.042-C3,221774,3,3580.0,1,5.75,late25,True
A-G1.042-C3,229693,0,0.25,3,,early25,False
A-G1.042-C3,229693,0,8.25,1,8.0,early25,False
A-G1.042-C3,229693,0,34.0,1,25.75,early25,False
A-G1.042-C3,229693,0,48.75,1,14.75,early25,False
A-G1.042-C3,229693,0,89.0,1,40.25,early25,False
A-G1.042-C3,229693,0,104.5,1,15.5,early25,False
A-G1.042-C3,229693,0,107.75,1,3.25,early25,False
A-G1.042-C3,229693,0,157.25,1,49.5,early25,False
A-G1.042-C3,229693,0,161.25,1,4.0,early25,False
A-G1.042-C3,229693,0,179.25,1,18.0,early25,False
A-G1.042-C3,229693,0,216.25,1,37.0,middle50,False
A-G1.042-C3,229693,0,221.25,1,5.0,middle50,False
A-G1.042-C3,229693,0,228.0,1,6.75,middle50,False
A-G1.042-C3,229693,0,232.75,1,4.75,middle50,False
A-G1.042-C3,229693,0,240.5,1,7.75,middle50,False
A-G1.042-C3,229693,0,242.75,1,2.25,middle50,False
A-G1.042-C3,229693,0,284.0,1,41.25,middle50,False
A-G1.042-C3,229693,0,293.5,1,9.5,middle50,False
A-G1.042-C3,229693,0,300.25,1,6.75,middle50,False
A-G1.042-C3,229693,0,310.25,1,10.0,middle50,False
A-G1.042-C3,229693,0,335.5,1,25.25,middle50,False
A-G1.042-C3,229693,0,339.5,1,4.0,middle50,False
A-G1.042-C3,229693,0,345.25,1,5.75,middle50,False
A-G1.042-C3,229693,0,351.5,13,6.25,middle50,False
A-G1.042-C3,229693,0,360.0,1,8.5,middle50,False
A-G1.042-C3,229693,0,517.5,1,157.5,middle50,False
A-G1.042-C3,229693,0,535.5,1,18.0,middle50,False
A-G1.042-C3,229693,0,566.75,1,31.25,middle50,False
A-G1.042-C3,229693,0,576.5,1,9.75,middle50,False
A-G1.042-C3,229693,0,587.75,1,11.25,middle50,False
A-G1.042-C3,229693,0,595.5,2,7.75,middle50,False
A-G1.042-C3,229693,0,607.75,1,12.25,middle50,False
A-G1.042-C3,229693,0,652.0,1,44.25,late25,False
A-G1.042-C3,229693,0,687.25,11,35.25,late25,False
A-G1.042-C3,229693,0,692.25,1,5.0,late25,False
A-G1.042-C3,229693,0,696.25,1,4.0,late25,False
A-G1.042-C3,229693,0,701.75,1,5.5,late25,False
A-G1.042-C3,229693,0,708.5,1,6.75,late25,False
A-G1.042-C3,229693,0,714.25,1,5.75,late25,False
A-G1.042-C3,229693,0,823.75,1,109.5,late25,False
A-G1.042-C3,229693,1,838.0,2,14.25,early25,False
A-G1.042-C3,229693,1,851.25,1,13.25,early25,False
A-G1.042-C3,229693,1,871.75,2,20.5,early25,False
A-G1.042-C3,229693,1,876.0,1,4.25,early25,False
A-G1.042-C3,229693,1,879.75,2,3.75,early25,False
A-G1.042-C3,229693,1,884.25,1,4.5,early25,False
A-G1.042-C3,229693,1,909.25,2,25.0,early25,False
A-G1.042-C3,229693,1,913.5,10,4.25,early25,False
A-G1.042-C3,229693,1,919.25,2,5.75,early25,False
A-G1.042-C3,229693,1,922.0,1,2.75,early25,False
A-G1.042-C3,229693,1,925.75,2,3.75,early25,False
A-G1.042-C3,229693,1,929.25,1,3.5,early25,False
A-G1.042-C3,229693,1,932.5,2,3.25,early25,False
A-G1.042-C3,229693,1,935.25,1,2.75,early25,False
A-G1.042-C3,229693,1,938.75,1,3.5,early25,False
A-G1.042-C3,229693,1,1084.75,1,146.0,middle50,False
A-G1.042-C3,229693,1,1090.25,2,5.5,middle50,False
A-G1.042-C3,229693,1,1094.25,1,4.0,middle50,False
A-G1.042-C3,229693,1,1098.25,1,4.0,middle50,False
A-G1.042-C3,229693,1,1101.75,1,3.5,middle50,False
A-G1.042-C3,229693,1,1105.75,1,4.0,middle50,False
A-G1.042-C3,229693,1,1109.75,2,4.0,middle50,False
A-G1.042-C3,229693,1,1115.5,1,5.75,middle50,False
A-G1.042-C3,229693,1,1142.5,1,27.0,middle50,False
A-G1.042-C3,229693,1,1145.25,1,2.75,middle50,False
A-G1.042-C3,229693,1,1149.0,1,3.75,middle50,False
A-G1.042-C3,229693,1,1152.5,17,3.5,middle50,False
A-G1.042-C3,229693,1,1163.25,1,10.75,middle50,False
A-G1.042-C3,229693,1,1167.25,1,4.0,middle50,False
A-G1.042-C3,229693,1,1169.0,1,1.75,middle50,False
A-G1.042-C3,229693,1,1178.25,1,9.25,middle50,False
A-G1.042-C3,229693,1,1202.75,1,24.5,middle50,False
A-G1.042-C3,229693,1,1205.0,1,2.25,middle50,False
A-G1.042-C3,229693,1,1209.75,1,4.75,middle50,False
A-G1.042-C3,229693,1,1219.5,2,9.75,middle50,False
A-G1.042-C3,229693,1,1224.0,1,4.5,middle50,False
A-G1.042-C3,229693,1,1230.5,1,6.5,middle50,False
A-G1.042-C3,229693,1,1262.0,1,31.5,late25,False
A-G1.042-C3,229693,1,1265.0,1,3.0,late25,False
A-G1.042-C3,229693,1,1268.0,1,3.0,late25,False
A-G1.042-C3,229693,1,1273.75,1,5.75,late25,False
A-G1.042-C3,229693,1,1276.5,1,2.75,late25,False
A-G1.042-C3,229693,1,1279.0,1,2.5,late25,False
A-G1.042-C3,229693,1,1281.0,1,2.0,late25,False
A-G1.042-C3,229693,1,1284.0,1,3.0,late25,False
A-G1.042-C3,229693,1,1289.25,1,5.25,late25,False
A-G1.042-C3,229693,1,1302.5,4,13.25,late25,False
A-G1.042-C3,229693,2,1418.25,2,115.75,early25,False
A-G1.042-C3,229693,2,1422.75,1,4.5,early25,False
A-G1.042-C3,229693,2,1426.25,3,3.5,early25,False
A-G1.042-C3,229693,2,1430.0,2,3.75,early25,False
A-G1.042-C3,229693,2,1434.0,1,4.0,early25,False
A-G1.042-C3,229693,2,1438.5,2,4.5,early25,False
A-G1.042-C3,229693,2,1443.25,2,4.75,early25,False
A-G1.042-C3,229693,2,1449.0,2,5.75,early25,False
A-G1.042-C3,229693,2,1476.0,2,27.0,early25,False
A-G1.042-C3,229693,2,1478.75,2,2.75,early25,False
A-G1.042-C3,229693,2,1482.0,1,3.25,early25,False
A-G1.042-C3,229693,2,1485.25,23,3.25,early25,False
A-G1.042-C3,229693,2,1487.25,1,2.0,early25,False
A-G1.042-C3,229693,2,1489.25,1,2.0,early25,False
A-G1.042-C3,229693,2,1493.0,1,3.75,early25,False
A-G1.042-C3,229693,2,1494.75,2,1.75,early25,False
A-G1.042-C3,229693,2,1497.25,1,2.5,early25,False
A-G1.042-C3,229693,2,1506.0,2,8.75,early25,False
A-G1.042-C3,229693,2,1527.2499999999,2,21.249999999899956,early25,False
A-G1.042-C3,229693,2,1528.9999999999,2,1.75,early25,False
A-G1.042-C3,229693,2,1532.9999999999,2,4.0,early25,False
A-G1.042-C3,229693,2,1534.7499999999,1,1.75,early25,False
A-G1.042-C3,229693,2,1538.4999999999,2,3.75,early25,False
A-G1.042-C3,229693,2,1547.2499999999,1,8.75,early25,False
A-G1.042-C3,229693,2,1581.7499999999,1,34.5,early25,False
A-G1.042-C3,229693,2,1585.2499999999,2,3.5,early25,False
A-G1.042-C3,229693,2,1587.9999999999,2,2.75,early25,False
A-G1.042-C3,229693,2,1590.9999999999,1,3.0,early25,False
A-G1.042-C3,229693,2,1597.9999999999,3,7.0,early25,False
A-G1.042-C3,229693,2,1603.4999999999,2,5.5,early25,False
A-G1.042-C3,229693,2,1608.9999999999,3,5.5,early25,False
A-G1.042-C3,229693,2,1611.7499999999,1,2.75,early25,False
A-G1.042-C3,229693,2,1771.2499999999,2,159.5,middle50,False
A-G1.042-C3,229693,2,1774.9999999999,1,3.75,middle50,False
A-G1.042-C3,229693,2,1780.9999999999,2,6.0,middle50,False
A-G1.042-C3,229693,2,1791.4999999999,1,10.5,middle50,False
A-G1.042-C3,229693,2,1823.25,2,31.750000000100044,middle50,False
A-G1.042-C3,229693,2,1827.0,2,3.75,middle50,False
A-G1.042-C3,229693,2,1830.75,2,3.75,middle50,False
A-G1.042-C3,229693,2,1835.25,2,4.5,middle50,False
A-G1.042-C3,229693,2,1837.5,1,2.25,middle50,False
A-G1.042-C3,229693,2,1843.25,1,5.75,middle50,False
A-G1.042-C3,229693,2,1846.25,2,3.0,middle50,False
A-G1.042-C3,229693,2,1849.25,1,3.0,middle50,False
A-G1.042-C3,229693,2,1858.25,2,9.0,middle50,False
A-G1.042-C3,229693,2,1864.5,4,6.25,middle50,False
A-G1.042-C3,229693,2,1873.0,4,8.5,middle50,False
A-G1.042-C3,229693,2,1874.25,3,1.25,middle50,False
A-G1.042-C3,229693,2,1880.75,2,6.5,middle50,False
A-G1.042-C3,229693,2,1886.5,2,5.75,middle50,False
A-G1.042-C3,229693,2,1899.75,1,13.25,middle50,False
A-G1.042-C3,229693,2,1928.75,3,29.0,middle50,False
A-G1.042-C3,229693,2,1929.5,3,0.75,middle50,False
A-G1.042-C3,229693,2,1933.0,1,3.5,middle50,False
A-G1.042-C3,229693,2,1936.25,1,3.25,middle50,False
A-G1.042-C3,229693,2,1942.75,2,6.5,middle50,False
A-G1.042-C3,229693,2,1950.0,2,7.25,middle50,False
A-G1.042-C3,229693,2,1953.5,1,3.5,middle50,False
A-G1.042-C3,229693,2,1959.75,2,6.25,middle50,False
A-G1.042-C3,229693,2,1966.0,1,6.25,middle50,False
A-G1.042-C3,229693,2,2090.2499999999,1,124.24999999989996,middle50,False
A-G1.042-C3,229693,2,2093.2499999999,1,3.0,middle50,False
A-G1.042-C3,229693,2,2095.4999999999,1,2.25,middle50,False
A-G1.042-C3,229693,2,2104.7499999999,2,9.25,middle50,False
A-G1.042-C3,229693,2,2109.4999999999,1,4.75,middle50,False
A-G1.042-C3,229693,2,2111.9999999999,1,2.5,middle50,False
A-G1.042-C3,229693,2,2117.4999999999,1,5.5,middle50,False
A-G1.042-C3,229693,2,2145.9999999999,1,28.5,middle50,False
A-G1.042-C3,229693,2,2149.7499999999,1,3.75,middle50,False
A-G1.042-C3,229693,2,2153.7499999999,2,4.0,late25,False
A-G1.042-C3,229693,2,2160.9999999999,1,7.25,late25,False
A-G1.042-C3,229693,2,2163.2499999999,1,2.25,late25,False
A-G1.042-C3,229693,2,2165.9999999999,1,2.75,late25,False
A-G1.042-C3,229693,2,2169.9999999999,1,4.0,late25,False
A-G1.042-C3,229693,2,2174.2499999999,2,4.25,late25,False
A-G1.042-C3,229693,2,2198.9999999999,1,24.75,late25,False
A-G1.042-C3,229693,2,2201.4999999999,1,2.5,late25,False
A-G1.042-C3,229693,2,2204.7499999999,1,3.25,late25,False
A-G1.042-C3,229693,2,2209.7499999999,1,5.0,late25,False
A-G1.042-C3,229693,2,2212.4999999999,1,2.75,late25,False
A-G1.042-C3,229693,2,2214.9999999999,8,2.5,late25,False
A-G1.042-C3,229693,2,2217.9999999999,1,3.0,late25,False
A-G1.042-C3,229693,2,2249.7499999999,1,31.75,late25,False
A-G1.042-C3,229693,2,2253.9999999999,1,4.25,late25,False
A-G1.042-C3,229693,2,2260.9999999999,1,7.0,late25,False
A-G1.042-C3,229693,2,2266.7499999999,1,5.75,late25,False
A-G1.042-C3,229693,2,2273.7499999999,2,7.0,late25,False
A-G1.042-C3,229693,2,2276.9999999999,1,3.25,late25,False
A-G1.042-C3,229693,2,2280.9999999999,1,4.0,late25,False
A-G1.042-C3,229693,3,2413.7499999999,2,132.75,early25,True
A-G1.042-C3,229693,3,2416.7499999999,2,3.0,early25,True
A-G1.042-C3,229693,3,2419.7499999999,2,3.0,early25,True
A-G1.042-C3,229693,3,2422.7499999999,2,3.0,early25,True
A-G1.042-C3,229693,3,2429.2499999999,3,6.5,early25,True
A-G1.042-C3,229693,3,2433.4999999999,2,4.25,early25,True
A-G1.042-C3,229693,3,2441.7499999999,1,8.25,early25,True
A-G1.042-C3,229693,3,2469.2499999999,2,27.5,early25,True
A-G1.042-C3,229693,3,2474.2499999999,2,5.0,early25,True
A-G1.042-C3,229693,3,2475.4999999999,1,1.25,early25,True
A-G1.042-C3,229693,3,2477.2499999999,2,1.75,early25,True
A-G1.042-C3,229693,3,2478.7499999999,1,1.5,early25,True
A-G1.042-C3,229693,3,2480.2499999999,1,1.5,early25,True
A-G1.042-C3,229693,3,2485.9999999999,2,5.75,early25,True
A-G1.042-C3,229693,3,2491.7499999999,2,5.75,early25,True
A-G1.042-C3,229693,3,2497.4999999999,3,5.75,early25,True
A-G1.042-C3,229693,3,2500.4999999999,1,3.0,early25,True
A-G1.042-C3,229693,3,2529.2499999999,2,28.75,early25,True
A-G1.042-C3,229693,3,2541.9999999999,1,12.75,early25,True
A-G1.042-C3,229693,3,2546.9999999999,2,5.0,early25,True
A-G1.042-C3,229693,3,2551.4999999999,2,4.5,early25,True
A-G1.042-C3,229693,3,2589.9999999999,1,38.5,early25,True
A-G1.042-C3,229693,3,2593.9999999999,2,4.0,early25,True
A-G1.042-C3,229693,3,2601.4999999999,1,7.5,early25,True
A-G1.042-C3,229693,3,2607.4999999999,2,6.0,early25,True
A-G1.042-C3,229693,3,2621.2499999999,2,13.75,early25,True
A-G1.042-C3,229693,3,2628.9999999999,7,7.75,early25,True
A-G1.042-C3,229693,3,2642.2499999999,2,13.25,early25,True
A-G1.042-C3,229693,3,2647.4999999999,1,5.25,early25,True
A-G1.042-C3,229693,3,2652.7499999999,2,5.25,early25,True
A-G1.042-C3,229693,3,2661.2499999999,1,8.5,early25,True
A-G1.042-C3,229693,3,2697.9999999999,1,36.75,early25,True
A-G1.042-C3,229693,3,2700.2499999999,1,2.25,middle50,True
A-G1.042-C3,229693,3,2711.2499999999,1,11.0,middle50,True
A-G1.042-C3,229693,3,2716.9999999999,1,5.75,middle50,True
A-G1.042-C3,229693,3,2723.2499999999,2,6.25,middle50,True
A-G1.042-C3,229693,3,2734.4999999999,2,11.25,middle50,True
A-G1.042-C3,229693,3,2753.7499999999,1,19.25,middle50,True
A-G1.042-C3,229693,3,2758.2499999999,1,4.5,middle50,True
A-G1.042-C3,229693,3,2762.2499999999,1,4.0,middle50,True
A-G1.042-C3,229693,3,2765.7499999999,1,3.5,middle50,True
A-G1.042-C3,229693,3,2768.9999999999,1,3.25,middle50,True
A-G1.042-C3,229693,3,2772.4999999999,1,3.5,middle50,True
A-G1.042-C3,229693,3,2777.4999999999,9,5.0,middle50,True
A-G1.042-C3,229693,3,2808.2499999999,2,30.75,middle50,True
A-G1.042-C3,229693,3,2813.7499999999,1,5.5,middle50,True
A-G1.042-C3,229693,3,2827.7499999999,1,14.0,middle50,True
A-G1.042-C3,229693,3,2829.7499999999,1,2.0,middle50,True
A-G1.042-C3,229693,3,2840.7499999999,1,11.0,middle50,True
A-G1.042-C3,229693,3,2848.7499999999,4,8.0,middle50,True
A-G1.042-C3,229693,3,2857.2499999999,1,8.5,middle50,True
A-G1.042-C3,229693,3,2867.4999999999,1,10.25,middle50,True
A-G1.042-C3,229693,3,2874.4999999999,1,7.0,middle50,True
A-G1.042-C3,229693,3,2881.2499999999,1,6.75,middle50,True
A-G1.042-C3,229693,3,2883.7499999999,1,2.5,middle50,True
A-G1.042-C3,229693,3,2886.2499999999,3,2.5,middle50,True
A-G1.042-C3,229693,3,2915.9999999999,4,29.75,middle50,True
A-G1.042-C3,229693,3,2920.2499999999,1,4.25,middle50,True
A-G1.042-C3,229693,3,2927.4999999999,1,7.25,middle50,True
A-G1.042-C3,229693,3,2930.2499999999,1,2.75,middle50,True
A-G1.042-C3,229693,3,2936.4999999999,1,6.25,middle50,True
A-G1.042-C3,229693,3,2944.7499999999,1,8.25,middle50,True
A-G1.042-C3,229693,3,2952.9999999999,2,8.25,middle50,True
A-G1.042-C3,229693,3,3090.7499999999,1,137.75,middle50,True
A-G1.042-C3,229693,3,3098.2499999999,1,7.5,middle50,True
A-G1.042-C3,229693,3,3100.7499999999,3,2.5,middle50,True
A-G1.042-C3,229693,3,3104.4999999999,1,3.75,middle50,True
A-G1.042-C3,229693,3,3116.7499999999,1,12.25,middle50,True
A-G1.042-C3,229693,3,3122.4999999999,1,5.75,middle50,True
A-G1.042-C3,229693,3,3147.4999999999,2,25.0,middle50,True
A-G1.042-C3,229693,3,3148.7499999999,1,1.25,middle50,True
A-G1.042-C3,229693,3,3149.2499999999,1,0.5,middle50,True
A-G1.042-C3,229693,3,3152.2499999999,2,3.0,middle50,True
A-G1.042-C3,229693,3,3165.9999999999,1,13.75,middle50,True
A-G1.042-C3,229693,3,3173.4999999999,1,7.5,middle50,True
A-G1.042-C3,229693,3,3178.2499999999,1,4.75,middle50,True
A-G1.042-C3,229693,3,3198.7499999999,1,20.5,middle50,True
A-G1.042-C3,229693,3,3202.9999999999,1,4.25,middle50,True
A-G1.042-C3,229693,3,3215.4999999999,1,12.5,middle50,True
A-G1.042-C3,229693,3,3247.7499999999,1,32.25,middle50,True
A-G1.042-C3,229693,3,3254.7499999999,1,7.0,middle50,True
A-G1.042-C3,229693,3,3259.4999999999,1,4.75,middle50,True
A-G1.042-C3,229693,3,3263.9999999999,1,4.5,middle50,True
A-G1.042-C3,229693,3,3274.9999999999,1,11.0,middle50,True
A-G1.042-C3,229693,3,3429.9999999999,1,155.0,late25,True
A-G1.042-C3,229693,3,3442.7499999999,1,12.75,late25,True
A-G1.042-C3,229693,3,3445.7499999999,1,3.0,late25,True
A-G1.042-C3,229693,3,3453.7499999999,1,8.0,late25,True
A-G1.042-C3,229693,3,3482.7499999999,1,29.0,late25,True
A-G1.042-C3,229693,3,3490.9999999999,1,8.25,late25,True
A-G1.042-C3,229693,3,3496.2499999999,1,5.25,late25,True
A-G1.042-C3,229693,3,3498.7499999999,3,2.5,late25,True
A-G1.042-C3,229693,3,3501.2499999999,1,2.5,late25,True
A-G1.042-C3,229693,3,3509.7499999999,5,8.5,late25,True
A-G1.042-C3,229693,3,3557.2499999999,1,47.5,late25,True
A-G1.042-C3,229693,3,3588.9999999999,1,31.75,late25,True
A-G1.042-C3,229693,3,3593.9999999999,1,5.0,late25,True
A-G1.042-C3,229693,3,3596.4999999999,3,2.5,late25,True
A-G1.045-C2,42,0,0.25,3,,early25,False
A-G1.045-C2,42,0,8.25,1,8.0,early25,False
A-G1.045-C2,42,0,21.5,1,13.25,early25,False
A-G1.045-C2,42,0,46.25,1,24.75,early25,False
A-G1.045-C2,42,0,57.25,1,11.0,early25,False
A-G1.045-C2,42,0,99.75,1,42.5,early25,False
A-G1.045-C2,42,0,105.0,1,5.25,early25,False
A-G1.045-C2,42,0,119.0,1,14.0,early25,False
A-G1.045-C2,42,0,162.75,1,43.75,early25,False
A-G1.045-C2,42,0,172.5,1,9.75,early25,False
A-G1.045-C2,42,0,210.5,1,38.0,early25,False
A-G1.045-C2,42,0,222.75,1,12.25,early25,False
A-G1.045-C2,42,0,230.75,1,8.0,early25,False
A-G1.045-C2,42,0,237.5,1,6.75,early25,False
A-G1.045-C2,42,0,278.0,1,40.5,middle50,False
A-G1.045-C2,42,0,292.5,1,14.5,middle50,False
A-G1.045-C2,42,0,332.25,1,39.75,middle50,False
A-G1.045-C2,42,0,335.75,1,3.5,middle50,False
A-G1.045-C2,42,0,343.75,1,8.0,middle50,False
A-G1.045-C2,42,0,349.75,1,6.0,middle50,False
A-G1.045-C2,42,0,355.0,1,5.25,middle50,False
A-G1.045-C2,42,0,359.25,1,4.25,middle50,False
A-G1.045-C2,42,0,515.25,1,156.0,middle50,False
A-G1.045-C2,42,0,522.75,1,7.5,middle50,False
A-G1.045-C2,42,0,529.0,1,6.25,middle50,False
A-G1.045-C2,42,0,535.5,1,6.5,middle50,False
A-G1.045-C2,42,0,541.0,1,5.5,middle50,False
A-G1.045-C2,42,0,572.25,1,31.25,middle50,False
A-G1.045-C2,42,0,578.75,1,6.5,middle50,False
A-G1.045-C2,42,0,582.5,1,3.75,middle50,False
A-G1.045-C2,42,0,593.0,1,10.5,middle50,False
A-G1.045-C2,42,0,599.5,1,6.5,middle50,False
A-G1.045-C2,42,0,616.5,4,17.0,middle50,False
A-G1.045-C2,42,0,753.75,1,137.25,late25,False
A-G1.045-C2,42,0,764.5,1,10.75,late25,False
A-G1.045-C2,42,0,777.25,1,12.75,late25,False
A-G1.045-C2,42,0,807.5,1,30.25,late25,False
A-G1.045-C2,42,0,813.75,1,6.25,late25,False
A-G1.045-C2,42,0,819.5,1,5.75,late25,False
A-G1.045-C2,42,0,824.25,1,4.75,late25,False
A-G1.045-C2,42,0,829.25,1,5.0,late25,False
A-G1.045-C2,42,0,831.5,1,2.25,late25,False
A-G1.045-C2,42,0,835.5,1,4.0,late25,False
A-G1.045-C2,42,0,837.75,1,2.25,late25,False
A-G1.045-C2,42,1,972.0,1,134.25,early25,False
A-G1.045-C2,42,1,976.0,2,4.0,early25,False
A-G1.045-C2,42,1,982.25,1,6.25,early25,False
A-G1.045-C2,42,1,985.25,1,3.0,early25,False
A-G1.045-C2,42,1,987.75,1,2.5,early25,False
A-G1.045-C2,42,1,989.5,1,1.75,early25,False
A-G1.045-C2,42,1,991.25,1,1.75,early25,False
A-G1.045-C2,42,1,993.0,1,1.75,early25,False
A-G1.045-C2,42,1,997.0,2,4.0,early25,False
A-G1.045-C2,42,1,999.75,1,2.75,early25,False
A-G1.045-C2,42,1,1027.75,1,28.0,early25,False
A-G1.045-C2,42,1,1030.0,1,2.25,early25,False
A-G1.045-C2,42,1,1032.0,1,2.0,early25,False
A-G1.045-C2,42,1,1033.0,1,1.0,early25,False
A-G1.045-C2,42,1,1034.25,1,1.25,early25,False
A-G1.045-C2,42,1,1035.75,1,1.5,early25,False
A-G1.045-C2,42,1,1040.25,2,4.5,early25,False
A-G1.045-C2,42,1,1045.0,1,4.75,early25,False
A-G1.045-C2,42,1,1051.0,1,6.0,early25,False
A-G1.045-C2,42,1,1052.25,1,1.25,early25,False
A-G1.045-C2,42,1,1059.25,1,7.0,early25,False
A-G1.045-C2,42,1,1080.75,1,21.5,early25,False
A-G1.045-C2,42,1,1081.75,1,1.0,early25,False
A-G1.045-C2,42,1,1083.0,1,1.25,early25,False
A-G1.045-C2,42,1,1088.0,2,5.0,early25,False
A-G1.045-C2,42,1,1090.5,1,2.5,early25,False
A-G1.045-C2,42,1,1098.25,1,7.75,early25,False
A-G1.045-C2,42,1,1103.75,1,5.5,early25,False
A-G1.045-C2,42,1,1139.25,2,35.5,middle50,False
A-G1.045-C2,42,1,1144.0,1,4.75,middle50,False
A-G1.045-C2,42,1,1146.75,1,2.75,middle50,False
A-G1.045-C2,42,1,1150.75,1,4.0,middle50,False
A-G1.045-C2,42,1,1154.25,2,3.5,middle50,False
A-G1.045-C2,42,1,1158.0,1,3.75,middle50,False
A-G1.045-C2,42,1,1161.5,1,3.5,middle50,False
A-G1.045-C2,42,1,1166.25,1,4.75,middle50,False
A-G1.045-C2,42,1,1189.5,1,23.25,middle50,False
A-G1.045-C2,42,1,1193.0,1,3.5,middle50,False
A-G1.045-C2,42,1,1197.25,2,4.25,middle50,False
A-G1.045-C2,42,1,1201.5,1,4.25,middle50,False
A-G1.045-C2,42,1,1207.0,1,5.5,middle50,False
A-G1.045-C2,42,1,1211.5,2,4.5,middle50,False
A-G1.045-C2,42,1,1219.0,1,7.5,middle50,False
A-G1.045-C2,42,1,1245.25,17,26.25,middle50,False
A-G1.045-C2,42,1,1248.25,1,3.0,middle50,False
A-G1.045-C2,42,1,1252.5,1,4.25,middle50,False
A-G1.045-C2,42,1,1255.0,1,2.5,middle50,False
A-G1.045-C2,42,1,1257.75,1,2.75,middle50,False
A-G1.045-C2,42,1,1261.75,1,4.0,middle50,False
A-G1.045-C2,42,1,1265.25,1,3.5,middle50,False
A-G1.045-C2,42,1,1269.75,2,4.5,middle50,False
A-G1.045-C2,42,1,1275.0,1,5.25,middle50,False
A-G1.045-C2,42,1,1416.0,1,141.0,middle50,False
A-G1.045-C2,42,1,1420.25,1,4.25,middle50,False
A-G1.045-C2,42,1,1422.25,1,2.0,middle50,False
A-G1.045-C2,42,1,1429.5,2,7.25,middle50,False
A-G1.045-C2,42,1,1464.0,1,34.5,late25,False
A-G1.045-C2,42,1,1469.25,1,5.25,late25,False
A-G1.045-C2,42,1,1472.5,1,3.25,late25,False
A-G1.045-C2,42,1,1476.0,1,3.5,late25,False
A-G1.045-C2,42,1,1478.75,1,2.75,late25,False
A-G1.045-C2,42,1,1483.5,1,4.75,late25,False
A-G1.045-C2,42,1,1486.75,1,3.25,late25,False
A-G1.045-C2,42,1,1497.0,1,10.25,late25,False
A-G1.045-C2,42,2,1620.75,2,123.75,early25,False
A-G1.045-C2,42,2,1622.75,2,2.0,early25,False
A-G1.045-C2,42,2,1625.25,1,2.5,early25,False
A-G1.045-C2,42,2,1627.5,2,2.25,early25,False
A-G1.045-C2,42,2,1630.25,1,2.75,early25,False
A-G1.045-C2,42,2,1635.75,2,5.5,early25,False
A-G1.045-C2,42,2,1642.0,2,6.25,early25,False
A-G1.045-C2,42,2,1646.5,2,4.5,early25,False
A-G1.045-C2,42,2,1653.5,2,7.0,early25,False
A-G1.045-C2,42,2,1677.5,3,24.0,early25,False
A-G1.045-C2,42,2,1683.0,2,5.5,early25,False
A-G1.045-C2,42,2,1687.0,2,4.0,early25,False
A-G1.045-C2,42,2,1691.75,25,4.75,early25,False
A-G1.045-C2,42,2,1694.75,1,3.0,early25,False
A-G1.045-C2,42,2,1696.0,1,1.25,early25,False
A-G1.045-C2,42,2,1700.25,2,4.25,early25,False
A-G1.045-C2,42,2,1702.5,1,2.25,early25,False
A-G1.045-C2,42,2,1706.0,1,3.5,early25,False
A-G1.045-C2,42,2,1708.5,2,2.5,early25,False
A-G1.045-C2,42,2,1714.75,5,6.25,early25,False
A-G1.045-C2,42,2,1725.0,1,10.25,early25,False
A-G1.045-C2,42,2,1726.25,1,1.25,early25,False
A-G1.045-C2,42,2,1729.0,1,2.75,early25,False
A-G1.045-C2,42,2,1731.25,2,2.25,early25,False
A-G1.045-C2,42,2,1740.75,1,9.5,early25,False
A-G1.045-C2,42,2,1743.25,1,2.5,early25,False
A-G1.045-C2,42,2,1744.75,1,1.5,early25,False
A-G1.045-C2,42,2,1748.5,1,3.75,early25,False
A-G1.045-C2,42,2,1755.25,3,6.75,early25,False
A-G1.045-C2,42,2,1781.0,1,25.75,early25,False
A-G1.045-C2,42,2,1789.25,3,8.25,early25,False
A-G1.045-C2,42,2,1797.25,2,8.0,middle50,False
A-G1.045-C2,42,2,1800.75,1,3.5,middle50,False
A-G1.045-C2,42,2,1804.0,1,3.25,middle50,False
A-G1.045-C2,42,2,1807.5,1,3.5,middle50,False
A-G1.045-C2,42,2,1811.75,1,4.25,middle50,False
A-G1.045-C2,42,2,1818.25,1,6.5,middle50,False
A-G1.045-C2,42,2,1824.25,5,6.0,middle50,False
A-G1.045-C2,42,2,1965.0,2,140.75,middle50,False
A-G1.045-C2,42,2,1966.75,1,1.75,middle50,False
A-G1.045-C2,42,2,1971.0,1,4.25,middle50,False
A-G1.045-C2,42,2,1973.0,1,2.0,middle50,False
A-G1.045-C2,42,2,1978.5,1,5.5,middle50,False
A-G1.045-C2,42,2,1984.0,2,5.5,middle50,False
A-G1.045-C2,42,2,1987.5,1,3.5,middle50,False
A-G1.045-C2,42,2,1991.5,1,4.0,middle50,False
A-G1.045-C2,42,2,2018.0,2,26.5,middle50,False
A-G1.045-C2,42,2,2024.25,2,6.25,middle50,False
A-G1.045-C2,42,2,2028.0,1,3.75,middle50,False
A-G1.045-C2,42,2,2030.75,1,2.75,middle50,False
A-G1.045-C2,42,2,2034.0,13,3.25,middle50,False
A-G1.045-C2,42,2,2036.0,1,2.0,middle50,False
A-G1.045-C2,42,2,2042.75,2,6.75,middle50,False
A-G1.045-C2,42,2,2047.0,1,4.25,middle50,False
A-G1.045-C2,42,2,2048.5,1,1.5,middle50,False
A-G1.045-C2,42,2,2059.75,4,11.25,middle50,False
A-G1.045-C2,42,2,2189.5,1,129.75,late25,False
A-G1.045-C2,42,2,2193.0,1,3.5,late25,False
A-G1.045-C2,42,2,2197.0,1,4.0,late25,False
A-G1.045-C2,42,2,2201.25,1,4.25,late25,False
A-G1.045-C2,42,2,2204.25,1,3.0,late25,False
A-G1.045-C2,42,2,2208.75,1,4.5,late25,False
A-G1.045-C2,42,2,2213.5,1,4.75,late25,False
A-G1.045-C2,42,2,2237.0,1,23.5,late25,False
A-G1.045-C2,42,2,2240.0,10,3.0,late25,False
A-G1.045-C2,42,2,2242.0,1,2.0,late25,False
A-G1.045-C2,42,2,2248.25,1,6.25,late25,False
A-G1.045-C2,42,2,2250.75,1,2.5,late25,False
A-G1.045-C2,42,2,2254.75,1,4.0,late25,False
A-G1.045-C2,42,2,2256.5,1,1.75,late25,False
A-G1.045-C2,42,2,2266.5,1,10.0,late25,False
A-G1.045-C2,42,2,2276.0,3,9.5,late25,False
A-G1.045-C2,42,3,2392.75,2,116.75,early25,True
A-G1.045-C2,42,3,2396.0,1,3.25,early25,True
A-G1.045-C2,42,3,2401.75,2,5.75,early25,True
A-G1.045-C2,42,3,2404.25,2,2.5,early25,True
A-G1.045-C2,42,3,2410.0,2,5.75,early25,True
A-G1.045-C2,42,3,2415.5,3,5.5,early25,True
A-G1.045-C2,42,3,2453.0,2,37.5,early25,True
A-G1.045-C2,42,3,2457.0,1,4.0,early25,True
A-G1.045-C2,42,3,2467.5,3,10.5,early25,True
A-G1.045-C2,42,3,2492.5,10,25.0,early25,True
A-G1.045-C2,42,3,2514.75,2,22.25,early25,True
A-G1.045-C2,42,3,2520.75,2,6.0,early25,True
A-G1.045-C2,42,3,2562.25,2,41.5,early25,True
A-G1.045-C2,42,3,2571.0,3,8.75,early25,True
A-G1.045-C2,42,3,2587.5,2,16.5,early25,True
A-G1.045-C2,42,3,2595.0,2,7.5,early25,True
A-G1.045-C2,42,3,2601.0,4,6.0,early25,True
A-G1.045-C2,42,3,2620.9999999999,2,19.999999999899956,early25,True
A-G1.045-C2,42,3,2624.7499999999,1,3.75,early25,True
A-G1.045-C2,42,3,2627.9999999999,1,3.25,early25,True
A-G1.045-C2,42,3,2632.4999999999,1,4.5,early25,True
A-G1.045-C2,42,3,2637.4999999999,1,5.0,early25,True
A-G1.045-C2,42,3,2641.9999999999,1,4.5,early25,True
A-G1.045-C2,42,3,2667.7499999999,1,25.75,early25,True
A-G1.045-C2,42,3,2670.9999999999,1,3.25,early25,True
A-G1.045-C2,42,3,2674.4999999999,11,3.5,early25,True
A-G1.045-C2,42,3,2690.9999999999,1,16.5,middle50,True
A-G1.045-C2,42,3,2693.9999999999,1,3.0,middle50,True
A-G1.045-C2,42,3,2719.4999999999,1,25.5,middle50,True
A-G1.045-C2,42,3,2723.9999999999,1,4.5,middle50,True
A-G1.045-C2,42,3,2727.4999999999,1,3.5,middle50,True
A-G1.045-C2,42,3,2733.2499999999,1,5.75,middle50,True
A-G1.045-C2,42,3,2739.9999999999,1,6.75,middle50,True
A-G1.045-C2,42,3,2772.9999999999,1,33.0,middle50,True
A-G1.045-C2,42,3,2782.2499999999,2,9.25,middle50,True
A-G1.045-C2,42,3,2787.7499999999,2,5.5,middle50,True
A-G1.045-C2,42,3,2790.4999999999,1,2.75,middle50,True
A-G1.045-C2,42,3,2797.9999999999,1,7.5,middle50,True
A-G1.045-C2,42,3,2805.9999999999,1,8.0,middle50,True
A-G1.045-C2,42,3,2814.4999999999,5,8.5,middle50,True
A-G1.045-C2,42,3,2824.9999999999,1,10.5,middle50,True
A-G1.045-C2,42,3,2832.7499999999,1,7.75,middle50,True
A-G1.045-C2,42,3,2837.2499999999,1,4.5,middle50,True
A-G1.045-C2,42,3,2842.2499999999,1,5.0,middle50,True
A-G1.045-C2,42,3,2851.2499999999,1,9.0,middle50,True
A-G1.045-C2,42,3,2855.4999999999,7,4.25,middle50,True
A-G1.045-C2,42,3,2882.4999999999,1,27.0,middle50,True
A-G1.045-C2,42,3,2888.2499999999,1,5.75,middle50,True
A-G1.045-C2,42,3,2897.4999999999,1,9.25,middle50,True
A-G1.045-C2,42,3,2904.4999999999,1,7.0,middle50,True
A-G1.045-C2,42,3,2912.9999999999,1,8.5,middle50,True
A-G1.045-C2,42,3,2938.9999999999,1,26.0,middle50,True
A-G1.045-C2,42,3,2943.9999999999,1,5.0,middle50,True
A-G1.045-C2,42,3,2950.2499999999,1,6.25,middle50,True
A-G1.045-C2,42,3,2953.4999999999,1,3.25,middle50,True
A-G1.045-C2,42,3,2960.9999999999,5,7.5,middle50,True
A-G1.045-C2,42,3,2990.7499999999,1,29.75,middle50,True
A-G1.045-C2,42,3,2994.7499999999,1,4.0,middle50,True
A-G1.045-C2,42,3,2999.7499999999,1,5.0,middle50,True
A-G1.045-C2,42,3,3011.9999999999,1,12.25,middle50,True
A-G1.045-C2,42,3,3017.9999999999,1,6.0,middle50,True
A-G1.045-C2,42,3,3022.2499999999,1,4.25,middle50,True
A-G1.045-C2,42,3,3042.4999999999,1,20.25,middle50,True
A-G1.045-C2,42,3,3049.4999999999,1,7.0,middle50,True
A-G1.045-C2,42,3,3055.4999999999,1,6.0,middle50,True
A-G1.045-C2,42,3,3067.4999999999,1,12.0,middle50,True
A-G1.045-C2,42,3,3103.9999999999,1,36.5,middle50,True
A-G1.045-C2,42,3,3108.9999999999,1,5.0,middle50,True
A-G1.045-C2,42,3,3130.7499999999,1,21.75,middle50,True
A-G1.045-C2,42,3,3145.4999999999,1,14.75,middle50,True
A-G1.045-C2,42,3,3152.7499999999,1,7.25,middle50,True
A-G1.045-C2,42,3,3161.2499999999,1,8.5,middle50,True
A-G1.045-C2,42,3,3165.4999999999,1,4.25,middle50,True
A-G1.045-C2,42,3,3173.2499999999,1,7.75,middle50,True
A-G1.045-C2,42,3,3200.9999999999,5,27.75,middle50,True
A-G1.045-C2,42,3,3204.4999999999,1,3.5,middle50,True
A-G1.045-C2,42,3,3212.4999999999,1,8.0,middle50,True
A-G1.045-C2,42,3,3223.9999999999,1,11.5,middle50,True
A-G1.045-C2,42,3,3230.2499999999,1,6.25,middle50,True
A-G1.045-C2,42,3,3241.2499999999,3,11.0,middle50,True
A-G1.045-C2,42,3,3383.4999999999,1,142.25,late25,True
A-G1.045-C2,42,3,3394.4999999999,1,11.0,late25,True
A-G1.045-C2,42,3,3434.7499999999,1,40.25,late25,True
A-G1.045-C2,42,3,3438.7499999999,1,4.0,late25,True
A-G1.045-C2,42,3,3449.9999999999,1,11.25,late25,True
A-G1.045-C2,42,3,3459.4999999999,1,9.5,late25,True
A-G1.045-C2,42,3,3464.2499999999,1,4.75,late25,True
A-G1.045-C2,42,3,3472.2499999999,1,8.0,late25,True
A-G1.045-C2,7961,0,0.25,3,,early25,False
A-G1.045-C2,7961,0,8.25,1,8.0,early25,False
A-G1.045-C2,7961,0,18.75,1,10.5,early25,False
A-G1.045-C2,7961,0,53.5,1,34.75,early25,False
A-G1.045-C2,7961,0,93.75,1,40.25,early25,False
A-G1.045-C2,7961,0,103.0,1,9.25,early25,False
A-G1.045-C2,7961,0,119.4999999999,1,16.499999999899998,early25,False
A-G1.045-C2,7961,0,159.2499999999,1,39.750000000000014,early25,False
A-G1.045-C2,7961,0,212.9999999999,1,53.75,middle50,False
A-G1.045-C2,7961,0,217.7499999999,1,4.75,middle50,False
A-G1.045-C2,7961,0,224.4999999999,1,6.75,middle50,False
A-G1.045-C2,7961,0,236.7499999999,1,12.25,middle50,False
A-G1.045-C2,7961,0,242.2499999999,1,5.5,middle50,False
A-G1.045-C2,7961,0,281.9999999999,1,39.75,middle50,False
A-G1.045-C2,7961,0,289.7499999999,1,7.75,middle50,False
A-G1.045-C2,7961,0,300.9999999999,1,11.25,middle50,False
A-G1.045-C2,7961,0,337.4999999999,1,36.5,middle50,False
A-G1.045-C2,7961,0,344.7499999999,1,7.25,middle50,False
A-G1.045-C2,7961,0,349.7499999999,1,5.0,middle50,False
A-G1.045-C2,7961,0,356.4999999999,1,6.75,middle50,False
A-G1.045-C2,7961,0,360.9999999999,1,4.5,middle50,False
A-G1.045-C2,7961,0,529.4999999999,1,168.49999999999994,middle50,False
A-G1.045-C2,7961,0,547.2499999999,1,17.75,late25,False
A-G1.045-C2,7961,0,553.7499999999,1,6.5,late25,False
A-G1.045-C2,7961,0,562.2499999999,1,8.5,late25,False
A-G1.045-C2,7961,0,586.7499999999,2,24.5,late25,False
A-G1.045-C2,7961,0,594.2499999999,1,7.5,late25,False
A-G1.045-C2,7961,0,603.7499999999,1,9.5,late25,False
A-G1.045-C2,7961,0,610.2499999999,13,6.5,late25,False
A-G1.045-C2,7961,1,750.9999999999,1,140.75,early25,False
A-G1.045-C2,7961,1,767.7499999999,1,16.75,early25,False
A-G1.045-C2,7961,1,775.7499999999,1,8.0,early25,False
A-G1.045-C2,7961,1,805.9999999999,2,30.25,early25,False
A-G1.045-C2,7961,1,811.4999999999,2,5.5,early25,False
A-G1.045-C2,7961,1,818.2499999999,1,6.75,early25,False
A-G1.045-C2,7961,1,831.2499999999,1,13.0,early25,False
A-G1.045-C2,7961,1,834.7499999999,1,3.5,early25,False
A-G1.045-C2,7961,1,857.9999999999,1,23.25,early25,False
A-G1.045-C2,7961,1,861.7499999999,2,3.75,early25,False
A-G1.045-C2,7961,1,869.4999999999,1,7.75,early25,False
A-G1.045-C2,7961,1,876.2499999999,2,6.75,early25,False
A-G1.045-C2,7961,1,879.4999999999,2,3.25,early25,False
A-G1.045-C2,7961,1,885.9999999999,2,6.5,early25,False
A-G1.045-C2,7961,1,923.2499999999,1,37.25,early25,False
A-G1.045-C2,7961,1,927.4999999999,2,4.25,early25,False
A-G1.045-C2,7961,1,935.7499999999,2,8.25,early25,False
A-G1.045-C2,7961,1,938.7499999999,1,3.0,early25,False
A-G1.045-C2,7961,1,942.9999999999,1,4.25,early25,False
A-G1.045-C2,7961,1,948.7499999999,1,5.75,early25,False
A-G1.045-C2,7961,1,968.2499999999,2,19.5,early25,False
A-G1.045-C2,7961,1,974.4999999999,1,6.25,early25,False
A-G1.045-C2,7961,1,978.2499999999,1,3.75,middle50,False
A-G1.045-C2,7961,1,982.2499999999,2,4.0,middle50,False
A-G1.045-C2,7961,1,993.2499999999,1,11.0,middle50,False
A-G1.045-C2,7961,1,1024.7499999999,1,31.5,middle50,False
A-G1.045-C2,7961,1,1033.7499999999,2,9.0,middle50,False
A-G1.045-C2,7961,1,1038.4999999999,1,4.75,middle50,False
A-G1.045-C2,7961,1,1040.7499999999,1,2.25,middle50,False
A-G1.045-C2,7961,1,1044.7499999999,2,4.0,middle50,False
A-G1.045-C2,7961,1,1048.2499999999,1,3.5,middle50,False
A-G1.045-C2,7961,1,1060.2499999999,1,12.0,middle50,False
A-G1.045-C2,7961,1,1077.4999999999,1,17.25,middle50,False
A-G1.045-C2,7961,1,1080.9999999999,2,3.5,middle50,False
A-G1.045-C2,7961,1,1085.4999999999,1,4.5,middle50,False
A-G1.045-C2,7961,1,1087.7499999999,1,2.25,middle50,False
A-G1.045-C2,7961,1,1095.2499999999,1,7.5,middle50,False
A-G1.045-C2,7961,1,1101.9999999999,1,6.75,middle50,False
A-G1.045-C2,7961,1,1134.7499999999,1,32.75,middle50,False
A-G1.045-C2,7961,1,1139.7499999999,2,5.0,middle50,False
A-G1.045-C2,7961,1,1143.9999999999,1,4.25,middle50,False
A-G1.045-C2,7961,1,1147.7499999999,2,3.75,middle50,False
A-G1.045-C2,7961,1,1154.7499999999,1,7.0,middle50,False
A-G1.045-C2,7961,1,1157.4999999999,1,2.75,middle50,False
A-G1.045-C2,7961,1,1160.2499999999,1,2.75,middle50,False
A-G1.045-C2,7961,1,1164.7499999999,1,4.5,middle50,False
A-G1.045-C2,7961,1,1316.4999999999,2,151.75,middle50,False
A-G1.045-C2,7961,1,1320.4999999999,1,4.0,middle50,False
A-G1.045-C2,7961,1,1325.7499999999,1,5.25,middle50,False
A-G1.045-C2,7961,1,1330.4999999999,2,4.75,middle50,False
A-G1.045-C2,7961,1,1334.2499999999,1,3.75,middle50,False
A-G1.045-C2,7961,1,1337.4999999999,1,3.25,middle50,False
A-G1.045-C2,7961,1,1340.9999999999,1,3.5,middle50,False
A-G1.045-C2,7961,1,1376.2499999999,1,35.25,middle50,False
A-G1.045-C2,7961,1,1381.4999999999,1,5.25,middle50,False
A-G1.045-C2,7961,1,1385.2499999999,2,3.75,middle50,False
A-G1.045-C2,7961,1,1390.7499999999,1,5.5,middle50,False
A-G1.045-C2,7961,1,1396.9999999999,1,6.25,middle50,False
A-G1.045-C2,7961,1,1399.2499999999,1,2.25,middle50,False
A-G1.045-C2,7961,1,1540.4999999999,1,141.25,late25,False
A-G1.045-C2,7961,1,1546.9999999999,1,6.5,late25,False
A-G1.045-C2,7961,1,1550.4999999999,1,3.5,late25,False
A-G1.045-C2,7961,1,1554.9999999999,1,4.5,late25,False
A-G1.045-C2,7961,1,1559.4999999999,1,4.5,late25,False
A-G1.045-C2,7961,1,1562.9999999999,2,3.5,late25,False
A-G1.045-C2,7961,1,1566.4999999999,1,3.5,late25,False
A-G1.045-C2,7961,1,1597.4999999999,1,31.0,late25,False
A-G1.045-C2,7961,1,1599.7499999999,1,2.25,late25,False
A-G1.045-C2,7961,1,1604.7499999999,2,5.0,late25,False
A-G1.045-C2,7961,1,1607.7499999999,1,3.0,late25,False
A-G1.045-C2,7961,1,1610.4999999999,1,2.75,late25,False
A-G1.045-C2,7961,1,1613.4999999999,1,3.0,late25,False
A-G1.045-C2,7961,1,1615.4999999999,1,2.0,late25,False
A-G1.045-C2,7961,1,1617.2499999999,1,1.75,late25,False
A-G1.045-C2,7961,1,1623.9999999999,1,6.75,late25,False
A-G1.045-C2,7961,1,1624.9999999999,1,1.0,late25,False
A-G1.045-C2,7961,2,1754.9999999999,1,130.0,early25,False
A-G1.045-C2,7961,2,1758.2499999999,1,3.25,early25,False
A-G1.045-C2,7961,2,1760.9999999999,1,2.75,early25,False
A-G1.045-C2,7961,2,1767.2499999999,2,6.25,early25,False
A-G1.045-C2,7961,2,1772.2499999999,2,5.0,early25,False
A-G1.045-C2,7961,2,1779.2499999999,2,7.0,early25,False
A-G1.045-C2,7961,2,1787.2499999999,3,8.0,early25,False
A-G1.045-C2,7961,2,1813.75,2,26.500000000100044,early25,False
A-G1.045-C2,7961,2,1819.25,3,5.5,early25,False
A-G1.045-C2,7961,2,1823.5,2,4.25,early25,False
A-G1.045-C2,7961,2,1827.75,2,4.25,early25,False
A-G1.045-C2,7961,2,1832.5,2,4.75,early25,False
A-G1.045-C2,7961,2,1836.0,1,3.5,early25,False
A-G1.045-C2,7961,2,1841.25,3,5.25,early25,False
A-G1.045-C2,7961,2,1850.5,2,9.25,early25,False
A-G1.045-C2,7961,2,1892.25,1,41.75,early25,False
A-G1.045-C2,7961,2,1946.5,2,54.25,early25,False
A-G1.045-C2,7961,2,1950.5,23,4.0,early25,False
A-G1.045-C2,7961,2,1954.0,2,3.5,early25,False
A-G1.045-C2,7961,2,1957.75,19,3.75,early25,False
A-G1.045-C2,7961,2,1960.25,1,2.5,early25,False
A-G1.045-C2,7961,2,1969.75,5,9.5,early25,False
A-G1.045-C2,7961,2,2107.5,1,137.75,middle50,False
A-G1.045-C2,7961,2,2108.75,3,1.25,middle50,False
A-G1.045-C2,7961,2,2112.5,1,3.75,middle50,False
A-G1.045-C2,7961,2,2116.5,1,4.0,middle50,False
A-G1.045-C2,7961,2,2120.5,1,4.0,middle50,False
A-G1.045-C2,7961,2,2124.25,2,3.75,middle50,False
A-G1.045-C2,7961,2,2131.25,2,7.0,middle50,False
A-G1.045-C2,7961,2,2135.5,1,4.25,middle50,False
A-G1.045-C2,7961,2,2140.0,2,4.5,middle50,False
A-G1.045-C2,7961,2,2164.25,1,24.25,middle50,False
A-G1.045-C2,7961,2,2167.25,1,3.0,middle50,False
A-G1.045-C2,7961,2,2170.5,14,3.25,middle50,False
A-G1.045-C2,7961,2,2176.5,1,6.0,middle50,False
A-G1.045-C2,7961,2,2178.0,1,1.5,middle50,False
A-G1.045-C2,7961,2,2187.75,2,9.75,middle50,False
A-G1.045-C2,7961,2,2189.5,1,1.75,middle50,False
A-G1.045-C2,7961,2,2194.0,1,4.5,middle50,False
A-G1.045-C2,7961,2,2202.5,3,8.5,middle50,False
A-G1.045-C2,7961,2,2325.5,1,123.0,middle50,False
A-G1.045-C2,7961,2,2330.5,1,5.0,middle50,False
A-G1.045-C2,7961,2,2335.0,1,4.5,middle50,False
A-G1.045-C2,7961,2,2347.5,1,12.5,middle50,False
A-G1.045-C2,7961,2,2351.75,1,4.25,middle50,False
A-G1.045-C2,7961,2,2384.0,2,32.25,middle50,False
A-G1.045-C2,7961,2,2388.25,1,4.25,middle50,False
A-G1.045-C2,7961,2,2391.25,1,3.0,middle50,False
A-G1.045-C2,7961,2,2394.25,1,3.0,middle50,False
A-G1.045-C2,7961,2,2398.25,1,4.0,middle50,False
A-G1.045-C2,7961,2,2402.25,2,4.0,middle50,False
A-G1.045-C2,7961,2,2406.25,2,4.0,middle50,False
A-G1.045-C2,7961,2,2411.5,1,5.25,middle50,False
A-G1.045-C2,7961,2,2418.25,1,6.75,middle50,False
A-G1.045-C2,7961,2,2542.25,1,124.0,late25,False
A-G1.045-C2,7961,2,2545.25,1,3.0,late25,False
A-G1.045-C2,7961,2,2551.25,1,6.0,late25,False
A-G1.045-C2,7961,2,2555.25,1,4.0,late25,False
A-G1.045-C2,7961,2,2557.75,1,2.5,late25,False
A-G1.045-C2,7961,2,2563.5,1,5.75,late25,False
A-G1.045-C2,7961,2,2598.5,1,35.0,late25,False
A-G1.045-C2,7961,2,2603.0,2,4.5,late25,False
A-G1.045-C2,7961,2,2610.75,1,7.75,late25,False
A-G1.045-C2,7961,2,2614.0,1,3.25,late25,False
A-G1.045-C2,7961,2,2616.75,1,2.75,late25,False
A-G1.045-C2,7961,2,2621.5,1,4.75,late25,False
A-G1.045-C2,7961,2,2632.75,2,11.25,late25,False
A-G1.045-C2,7961,2,2638.75,2,6.0,late25,False
A-G1.045-C2,7961,3,2753.5,2,114.75,early25,True
A-G1.045-C2,7961,3,2760.0,2,6.5,early25,True
A-G1.045-C2,7961,3,2764.5,2,4.5,early25,True
A-G1.045-C2,7961,3,2768.25,3,3.75,early25,True
A-G1.045-C2,7961,3,2770.5,1,2.25,early25,True
A-G1.045-C2,7961,3,2773.0,1,2.5,early25,True
A-G1.045-C2,7961,3,2775.75,1,2.75,early25,True
A-G1.045-C2,7961,3,2776.75,1,1.0,early25,True
A-G1.045-C2,7961,3,2779.25,1,2.5,early25,True
A-G1.045-C2,7961,3,2809.5,2,30.25,early25,True
A-G1.045-C2,7961,3,2812.0,2,2.5,early25,True
A-G1.045-C2,7961,3,2815.5,2,3.5,early25,True
A-G1.045-C2,7961,3,2818.5,1,3.0,early25,True
A-G1.045-C2,7961,3,2822.0,2,3.5,early25,True
A-G1.045-C2,7961,3,2825.0,2,3.0,early25,True
A-G1.045-C2,7961,3,2831.75,3,6.75,early25,True
A-G1.045-C2,7961,3,2838.25,1,6.5,early25,True
A-G1.045-C2,7961,3,2865.0,3,26.75,early25,True
A-G1.045-C2,7961,3,2872.25,2,7.25,early25,True
A-G1.045-C2,7961,3,2879.25,1,7.0,early25,True
A-G1.045-C2,7961,3,2882.5,1,3.25,early25,True
A-G1.045-C2,7961,3,2924.0,3,41.5,early25,True
A-G1.045-C2,7961,3,2930.5,2,6.5,early25,True
A-G1.045-C2,7961,3,2939.0,2,8.5,early25,True
A-G1.045-C2,7961,3,2949.75,1,10.75,early25,True
A-G1.045-C2,7961,3,2965.5,2,15.75,middle50,True
A-G1.045-C2,7961,3,2973.25,1,7.75,middle50,True
A-G1.045-C2,7961,3,2977.0,1,3.75,middle50,True
A-G1.045-C2,7961,3,2980.25,1,3.25,middle50,True
A-G1.045-C2,7961,3,2984.5,1,4.25,middle50,True
A-G1.045-C2,7961,3,2989.75,1,5.25,middle50,True
A-G1.045-C2,7961,3,2994.5,1,4.75,middle50,True
A-G1.045-C2,7961,3,3018.75,1,24.25,middle50,True
A-G1.045-C2,7961,3,3021.75,1,3.0,middle50,True
A-G1.045-C2,7961,3,3025.25,8,3.5,middle50,True
A-G1.045-C2,7961,3,3032.25,1,7.0,middle50,True
A-G1.045-C2,7961,3,3037.0,2,4.75,middle50,True
A-G1.045-C2,7961,3,3041.0,1,4.0,middle50,True
A-G1.045-C2,7961,3,3051.0,2,10.0,middle50,True
A-G1.045-C2,7961,3,3064.25,6,13.25,middle50,True
A-G1.045-C2,7961,3,3084.0,1,19.75,middle50,True
A-G1.045-C2,7961,3,3091.5,2,7.5,middle50,True
A-G1.045-C2,7961,3,3095.25,1,3.75,middle50,True
A-G1.045-C2,7961,3,3104.25,1,9.0,middle50,True
A-G1.045-C2,7961,3,3130.75,1,26.5,middle50,True
A-G1.045-C2,7961,3,3134.0,1,3.25,middle50,True
A-G1.045-C2,7961,3,3136.75,1,2.75,middle50,True
A-G1.045-C2,7961,3,3139.75,1,3.0,middle50,True
A-G1.045-C2,7961,3,3143.25,8,3.5,middle50,True
A-G1.045-C2,7961,3,3146.0,1,2.75,middle50,True
A-G1.045-C2,7961,3,3149.25,1,3.25,middle50,True
A-G1.045-C2,7961,3,3160.0,1,10.75,middle50,True
A-G1.045-C2,7961,3,3172.25,2,12.25,middle50,True
A-G1.045-C2,7961,3,3187.25,2,15.0,middle50,True
A-G1.045-C2,7961,3,3196.0,1,8.75,middle50,True
A-G1.045-C2,7961,3,3239.75,1,43.75,middle50,True
A-G1.045-C2,7961,3,3244.0,1,4.25,middle50,True
A-G1.045-C2,7961,3,3252.0,1,8.0,middle50,True
A-G1.045-C2,7961,3,3261.0,1,9.0,middle50,True
A-G1.045-C2,7961,3,3266.75,1,5.75,middle50,True
A-G1.045-C2,7961,3,3294.25,1,27.5,middle50,True
A-G1.045-C2,7961,3,3299.25,1,5.0,middle50,True
A-G1.045-C2,7961,3,3304.25,1,5.0,middle50,True
A-G1.045-C2,7961,3,3310.5,1,6.25,middle50,True
A-G1.045-C2,7961,3,3350.25,1,39.75,middle50,True
A-G1.045-C2,7961,3,3356.0,1,5.75,middle50,True
A-G1.045-C2,7961,3,3362.0,1,6.0,middle50,True
A-G1.045-C2,7961,3,3368.0,1,6.0,middle50,True
A-G1.045-C2,7961,3,3373.75,1,5.75,middle50,True
A-G1.045-C2,7961,3,3410.75,1,37.0,late25,True
A-G1.045-C2,7961,3,3419.25,1,8.5,late25,True
A-G1.045-C2,7961,3,3429.0,1,9.75,late25,True
A-G1.045-C2,7961,3,3464.5,1,35.5,late25,True
A-G1.045-C2,7961,3,3471.0,1,6.5,late25,True
A-G1.045-C2,7961,3,3477.75,1,6.75,late25,True
A-G1.045-C2,7961,3,3483.0,1,5.25,late25,True
A-G1.045-C2,7961,3,3486.75,1,3.75,late25,True
A-G1.045-C2,7961,3,3502.25,4,15.5,late25,True
A-G1.045-C2,7961,3,3523.0,1,20.75,late25,True
A-G1.045-C2,7961,3,3531.25,1,8.25,late25,True
A-G1.045-C2,7961,3,3567.0,1,35.75,late25,True
A-G1.045-C2,7961,3,3577.0,1,10.0,late25,True
A-G1.045-C2,7961,3,3579.75,1,2.75,late25,True
A-G1.045-C2,7961,3,3588.25,1,8.5,late25,True
A-G1.045-C2,15880,0,0.25,3,,early25,False
A-G1.045-C2,15880,0,9.5,1,9.25,early25,False
A-G1.045-C2,15880,0,26.75,1,17.25,early25,False
A-G1.045-C2,15880,0,28.75,1,2.0,early25,False
A-G1.045-C2,15880,0,41.0,1,12.25,early25,False
A-G1.045-C2,15880,0,51.0,1,10.0,early25,False
A-G1.045-C2,15880,0,94.0,1,43.0,early25,False
A-G1.045-C2,15880,0,111.25,1,17.25,early25,False
A-G1.045-C2,15880,0,156.75,1,45.5,early25,False
A-G1.045-C2,15880,0,173.75,1,17.0,early25,False
A-G1.045-C2,15880,0,206.5,1,32.75,early25,False
A-G1.045-C2,15880,0,212.5,1,6.0,early25,False
A-G1.045-C2,15880,0,218.0,1,5.5,early25,False
A-G1.045-C2,15880,0,226.0,1,8.0,early25,False
A-G1.045-C2,15880,0,228.75,1,2.75,early25,False
A-G1.045-C2,15880,0,238.5,1,9.75,middle50,False
A-G1.045-C2,15880,0,273.0,1,34.5,middle50,False
A-G1.045-C2,15880,0,276.75,1,3.75,middle50,False
A-G1.045-C2,15880,0,283.0,1,6.25,middle50,False
A-G1.045-C2,15880,0,286.75,1,3.75,middle50,False
A-G1.045-C2,15880,0,293.0,1,6.25,middle50,False
A-G1.045-C2,15880,0,296.5,1,3.5,middle50,False
A-G1.045-C2,15880,0,329.0,1,32.5,middle50,False
A-G1.045-C2,15880,0,335.25,1,6.25,middle50,False
A-G1.045-C2,15880,0,340.5,1,5.25,middle50,False
A-G1.045-C2,15880,0,346.0,1,5.5,middle50,False
A-G1.045-C2,15880,0,352.75,1,6.75,middle50,False
A-G1.045-C2,15880,0,357.0,1,4.25,middle50,False
A-G1.045-C2,15880,0,510.0,1,153.0,middle50,False
A-G1.045-C2,15880,0,513.25,1,3.25,middle50,False
A-G1.045-C2,15880,0,520.5,1,7.25,middle50,False
A-G1.045-C2,15880,0,527.25,1,6.75,middle50,False
A-G1.045-C2,15880,0,535.5,1,8.25,middle50,False
A-G1.045-C2,15880,0,539.5,1,4.0,middle50,False
A-G1.045-C2,15880,0,569.5,1,30.0,middle50,False
A-G1.045-C2,15880,0,574.75,1,5.25,middle50,False
A-G1.045-C2,15880,0,581.25,1,6.5,middle50,False
A-G1.045-C2,15880,0,589.0,1,7.75,middle50,False
A-G1.045-C2,15880,0,594.0,1,5.0,middle50,False
A-G1.045-C2,15880,0,603.75,1,9.75,middle50,False
A-G1.045-C2,15880,0,748.75,1,145.0,late25,False
A-G1.045-C2,15880,0,760.0,1,11.25,late25,False
A-G1.045-C2,15880,0,796.25,1,36.25,late25,False
A-G1.045-C2,15880,0,801.0,1,4.75,late25,False
A-G1.045-C2,15880,0,810.25,1,9.25,late25,False
A-G1.045-C2,15880,0,814.0,1,3.75,late25,False
A-G1.045-C2,15880,0,822.5,1,8.5,late25,False
A-G1.045-C2,15880,1,959.5,1,137.0,early25,False
A-G1.045-C2,15880,1,963.0,2,3.5,early25,False
A-G1.045-C2,15880,1,966.0,1,3.0,early25,False
A-G1.045-C2,15880,1,969.0,1,3.0,early25,False
A-G1.045-C2,15880,1,973.25,1,4.25,early25,False
A-G1.045-C2,15880,1,974.75,1,1.5,early25,False
A-G1.045-C2,15880,1,975.75,1,1.0,early25,False
A-G1.045-C2,15880,1,981.0,1,5.25,early25,False
A-G1.045-C2,15880,1,985.5,1,4.5,early25,False
A-G1.045-C2,15880,1,989.5,1,4.0,early25,False
A-G1.045-C2,15880,1,1019.75,2,30.25,early25,False
A-G1.045-C2,15880,1,1028.25,1,8.5,early25,False
A-G1.045-C2,15880,1,1031.0,1,2.75,early25,False
A-G1.045-C2,15880,1,1035.25,1,4.25,early25,False
A-G1.045-C2,15880,1,1044.75,2,9.5,early25,False
A-G1.045-C2,15880,1,1053.0,2,8.25,early25,False
A-G1.045-C2,15880,1,1075.75,1,22.75,early25,False
A-G1.045-C2,15880,1,1079.75,1,4.0,early25,False
A-G1.045-C2,15880,1,1084.75,2,5.0,early25,False
A-G1.045-C2,15880,1,1093.0,1,8.25,early25,False
A-G1.045-C2,15880,1,1100.0,1,7.0,early25,False
A-G1.045-C2,15880,1,1139.5,1,39.5,middle50,False
A-G1.045-C2,15880,1,1144.75,1,5.25,middle50,False
A-G1.045-C2,15880,1,1149.75,1,5.0,middle50,False
A-G1.045-C2,15880,1,1155.75,2,6.0,middle50,False
A-G1.045-C2,15880,1,1158.25,1,2.5,middle50,False
A-G1.045-C2,15880,1,1183.0,1,24.75,middle50,False
A-G1.045-C2,15880,1,1187.75,1,4.75,middle50,False
A-G1.045-C2,15880,1,1192.0,2,4.25,middle50,False
A-G1.045-C2,15880,1,1198.0,1,6.0,middle50,False
A-G1.045-C2,15880,1,1202.75,2,4.75,middle50,False
A-G1.045-C2,15880,1,1206.25,1,3.5,middle50,False
A-G1.045-C2,15880,1,1210.75,1,4.5,middle50,False
A-G1.045-C2,15880,1,1215.0,18,4.25,middle50,False
A-G1.045-C2,15880,1,1238.0,1,23.0,middle50,False
A-G1.045-C2,15880,1,1246.0,1,8.0,middle50,False
A-G1.045-C2,15880,1,1251.5,1,5.5,middle50,False
A-G1.045-C2,15880,1,1253.25,1,1.75,middle50,False
A-G1.045-C2,15880,1,1258.5,1,5.25,middle50,False
A-G1.045-C2,15880,1,1260.25,1,1.75,middle50,False
A-G1.045-C2,15880,1,1262.75,1,2.5,middle50,False
A-G1.045-C2,15880,1,1267.25,1,4.5,middle50,False
A-G1.045-C2,15880,1,1270.5,1,3.25,middle50,False
A-G1.045-C2,15880,1,1408.75,1,138.25,middle50,False
A-G1.045-C2,15880,1,1412.5,1,3.75,middle50,False
A-G1.045-C2,15880,1,1414.75,1,2.25,middle50,False
A-G1.045-C2,15880,1,1421.0,1,6.25,middle50,False
A-G1.045-C2,15880,1,1426.5,1,5.5,middle50,False
A-G1.045-C2,15880,1,1433.5,1,7.0,middle50,False
A-G1.045-C2,15880,1,1463.25,1,29.75,late25,False
A-G1.045-C2,15880,1,1465.25,1,2.0,late25,False
A-G1.045-C2,15880,1,1467.75,1,2.5,late25,False
A-G1.045-C2,15880,1,1469.5,1,1.75,late25,False
A-G1.045-C2,15880,1,1472.5,1,3.0,late25,False
A-G1.045-C2,15880,1,1475.0,1,2.5,late25,False
A-G1.045-C2,15880,1,1477.5,1,2.5,late25,False
A-G1.045-C2,15880,1,1479.5,1,2.0,late25,False
A-G1.045-C2,15880,1,1481.25,1,1.75,late25,False
A-G1.045-C2,15880,1,1484.25,1,3.0,late25,False
A-G1.045-C2,15880,1,1487.75,1,3.5,late25,False
A-G1.045-C2,15880,1,1491.75,1,4.0,late25,False
A-G1.045-C2,15880,1,1499.0,1,7.25,late25,False
A-G1.045-C2,15880,2,1624.25,2,125.25,early25,False
A-G1.045-C2,15880,2,1626.25,1,2.0,early25,False
A-G1.045-C2,15880,2,1629.25,2,3.0,early25,False
A-G1.045-C2,15880,2,1636.0,2,6.75,early25,False
A-G1.045-C2,15880,2,1640.75,2,4.75,early25,False
A-G1.045-C2,15880,2,1645.75,2,5.0,early25,False
A-G1.045-C2,15880,2,1651.5,2,5.75,early25,False
A-G1.045-C2,15880,2,1678.75,2,27.25,early25,False
A-G1.045-C2,15880,2,1681.5,2,2.75,early25,False
A-G1.045-C2,15880,2,1685.0,1,3.5,early25,False
A-G1.045-C2,15880,2,1688.5,23,3.5,early25,False
A-G1.045-C2,15880,2,1693.0,1,4.5,early25,False
A-G1.045-C2,15880,2,1695.0,1,2.0,early25,False
A-G1.045-C2,15880,2,1696.5,1,1.5,early25,False
A-G1.045-C2,15880,2,1702.0,3,5.5,early25,False
A-G1.045-C2,15880,2,1735.5,1,33.5,early25,False
A-G1.045-C2,15880,2,1737.25,1,1.75,early25,False
A-G1.045-C2,15880,2,1738.75,1,1.5,early25,False
A-G1.045-C2,15880,2,1742.0,1,3.25,early25,False
A-G1.045-C2,15880,2,1746.0,2,4.0,early25,False
A-G1.045-C2,15880,2,1749.25,2,3.25,early25,False
A-G1.045-C2,15880,2,1760.5,3,11.25,early25,False
A-G1.045-C2,15880,2,1790.75,1,30.25,early25,False
A-G1.045-C2,15880,2,1800.25,3,9.5,early25,False
A-G1.045-C2,15880,2,1806.0,3,5.75,early25,False
A-G1.045-C2,15880,2,1811.5,3,5.5,early25,False
A-G1.045-C2,15880,2,1817.0,2,5.5,early25,False
A-G1.045-C2,15880,2,1826.75,2,9.75,early25,False
A-G1.045-C2,15880,2,1841.75,1,15.0,middle50,False
A-G1.045-C2,15880,2,1845.5,1,3.75,middle50,False
A-G1.045-C2,15880,2,1849.5,2,4.0,middle50,False
A-G1.045-C2,15880,2,1854.25,1,4.75,middle50,False
A-G1.045-C2,15880,2,1858.5,1,4.25,middle50,False
A-G1.045-C2,15880,2,1861.5,1,3.0,middle50,False
A-G1.045-C2,15880,2,1865.5,1,4.0,middle50,False
A-G1.045-C2,15880,2,1869.0,14,3.5,middle50,False
A-G1.045-C2,15880,2,1902.5,1,33.5,middle50,False
A-G1.045-C2,15880,2,1905.5,1,3.0,middle50,False
A-G1.045-C2,15880,2,1908.25,2,2.75,middle50,False
A-G1.045-C2,15880,2,1911.0,1,2.75,middle50,False
A-G1.045-C2,15880,2,1916.0,1,5.0,middle50,False
A-G1.045-C2,15880,2,1922.0,1,6.0,middle50,False
A-G1.045-C2,15880,2,1924.0,1,2.0,middle50,False
A-G1.045-C2,15880,2,1927.5,1,3.5,middle50,False
A-G1.045-C2,15880,2,1933.25,1,5.75,middle50,False
A-G1.045-C2,15880,2,2081.5,2,148.25,middle50,False
A-G1.045-C2,15880,2,2086.5,1,5.0,middle50,False
A-G1.045-C2,15880,2,2095.25,1,8.75,middle50,False
A-G1.045-C2,15880,2,2098.75,1,3.5,middle50,False
A-G1.045-C2,15880,2,2112.0,1,13.25,middle50,False
A-G1.045-C2,15880,2,2130.75,1,18.75,middle50,False
A-G1.045-C2,15880,2,2132.75,1,2.0,middle50,False
A-G1.045-C2,15880,2,2135.5,1,2.75,middle50,False
A-G1.045-C2,15880,2,2137.75,11,2.25,middle50,False
A-G1.045-C2,15880,2,2147.25,1,9.5,middle50,False
A-G1.045-C2,15880,2,2150.75,2,3.5,middle50,False
A-G1.045-C2,15880,2,2156.0,1,5.25,middle50,False
A-G1.045-C2,15880,2,2159.0,1,3.0,middle50,False
A-G1.045-C2,15880,2,2163.25,1,4.25,middle50,False
A-G1.045-C2,15880,2,2297.25,1,134.0,late25,False
A-G1.045-C2,15880,2,2300.5,1,3.25,late25,False
A-G1.045-C2,15880,2,2303.25,1,2.75,late25,False
A-G1.045-C2,15880,2,2305.75,1,2.5,late25,False
A-G1.045-C2,15880,2,2311.5,1,5.75,late25,False
A-G1.045-C2,15880,2,2316.25,1,4.75,late25,False
A-G1.045-C2,15880,2,2321.25,1,5.0,late25,False
A-G1.045-C2,15880,2,2325.25,2,4.0,late25,False
A-G1.045-C2,15880,2,2356.5,2,31.25,late25,False
A-G1.045-C2,15880,2,2359.75,1,3.25,late25,False
A-G1.045-C2,15880,2,2366.25,1,6.5,late25,False
A-G1.045-C2,15880,2,2370.25,1,4.0,late25,False
A-G1.045-C2,15880,2,2376.75,1,6.5,late25,False
A-G1.045-C2,15880,2,2379.75,1,3.0,late25,False
A-G1.045-C2,15880,2,2396.75,3,17.0,late25,False
A-G1.045-C2,15880,3,2512.25,6,115.5,early25,True
A-G1.045-C2,15880,3,2514.5,1,2.25,early25,True
A-G1.045-C2,15880,3,2516.25,5,1.75,early25,True
A-G1.045-C2,15880,3,2522.25,2,6.0,early25,True
A-G1.045-C2,15880,3,2526.0,1,3.75,early25,True
A-G1.045-C2,15880,3,2530.25,2,4.25,early25,True
A-G1.045-C2,15880,3,2533.5,1,3.25,early25,True
A-G1.045-C2,15880,3,2537.75,2,4.25,early25,True
A-G1.045-C2,15880,3,2543.25,2,5.5,early25,True
A-G1.045-C2,15880,3,2571.25,2,28.0,early25,True
A-G1.045-C2,15880,3,2574.75,1,3.5,early25,True
A-G1.045-C2,15880,3,2578.75,2,4.0,early25,True
A-G1.045-C2,15880,3,2583.25,1,4.5,early25,True
A-G1.045-C2,15880,3,2587.75,2,4.5,early25,True
A-G1.045-C2,15880,3,2591.5,2,3.75,early25,True
A-G1.045-C2,15880,3,2594.75,1,3.25,early25,True
A-G1.045-C2,15880,3,2598.75,1,4.0,early25,True
A-G1.045-C2,15880,3,2606.25,1,7.5,early25,True
A-G1.045-C2,15880,3,2612.75,5,6.5,early25,True
A-G1.045-C2,15880,3,2637.25,2,24.5,early25,True
A-G1.045-C2,15880,3,2652.0,3,14.75,early25,True
A-G1.045-C2,15880,3,2681.0,15,29.0,early25,True
A-G1.045-C2,15880,3,2684.25,10,3.25,early25,True
A-G1.045-C2,15880,3,2687.0,1,2.75,early25,True
A-G1.045-C2,15880,3,2690.75,1,3.75,early25,True
A-G1.045-C2,15880,3,2693.75,2,3.0,early25,True
A-G1.045-C2,15880,3,2699.0,1,5.25,early25,True
A-G1.045-C2,15880,3,2702.0,2,3.0,early25,True
A-G1.045-C2,15880,3,2707.5,2,5.5,early25,True
A-G1.045-C2,15880,3,2731.75,1,24.25,early25,True
A-G1.045-C2,15880,3,2741.25,1,9.5,early25,True
A-G1.045-C2,15880,3,2748.0,2,6.75,early25,True
A-G1.045-C2,15880,3,2753.0,1,5.0,early25,True
A-G1.045-C2,15880,3,2760.25,1,7.25,early25,True
A-G1.045-C2,15880,3,2798.0,2,37.75,middle50,True
A-G1.045-C2,15880,3,2804.25,1,6.25,middle50,True
A-G1.045-C2,15880,3,2808.5,1,4.25,middle50,True
A-G1.045-C2,15880,3,2818.75,2,10.25,middle50,True
A-G1.045-C2,15880,3,2830.25,1,11.5,middle50,True
A-G1.045-C2,15880,3,2838.75,6,8.5,middle50,True
A-G1.045-C2,15880,3,2853.5,5,14.75,middle50,True
A-G1.045-C2,15880,3,2857.5,1,4.0,middle50,True
A-G1.045-C2,15880,3,2862.75,1,5.25,middle50,True
A-G1.045-C2,15880,3,2865.5,4,2.75,middle50,True
A-G1.045-C2,15880,3,2868.5,4,3.0,middle50,True
A-G1.045-C2,15880,3,2870.75,3,2.25,middle50,True
A-G1.045-C2,15880,3,2874.75,1,4.0,middle50,True
A-G1.045-C2,15880,3,2909.5,1,34.75,middle50,True
A-G1.045-C2,15880,3,2914.5,1,5.0,middle50,True
A-G1.045-C2,15880,3,2919.5,1,5.0,middle50,True
A-G1.045-C2,15880,3,2924.75,1,5.25,middle50,True
A-G1.045-C2,15880,3,2929.75,1,5.0,middle50,True
A-G1.045-C2,15880,3,2931.25,3,1.5,middle50,True
A-G1.045-C2,15880,3,2940.5,1,9.25,middle50,True
A-G1.045-C2,15880,3,2965.5,1,25.0,middle50,True
A-G1.045-C2,15880,3,2969.25,1,3.75,middle50,True
A-G1.045-C2,15880,3,2977.5,1,8.25,middle50,True
A-G1.045-C2,15880,3,2985.5,1,8.0,middle50,True
A-G1.045-C2,15880,3,2992.5,1,7.0,middle50,True
A-G1.045-C2,15880,3,3019.5,5,27.0,middle50,True
A-G1.045-C2,15880,3,3029.5,1,10.0,middle50,True
A-G1.045-C2,15880,3,3038.0,1,8.5,middle50,True
A-G1.045-C2,15880,3,3042.25,1,4.25,middle50,True
A-G1.045-C2,15880,3,3046.5,1,4.25,middle50,True
A-G1.045-C2,15880,3,3077.0,1,30.5,middle50,True
A-G1.045-C2,15880,3,3086.0,1,9.0,middle50,True
A-G1.045-C2,15880,3,3095.25,1,9.25,middle50,True
A-G1.045-C2,15880,3,3100.75,1,5.5,middle50,True
A-G1.045-C2,15880,3,3106.25,3,5.5,middle50,True
A-G1.045-C2,15880,3,3134.0,1,27.75,middle50,True
A-G1.045-C2,15880,3,3143.5,1,9.5,middle50,True
A-G1.045-C2,15880,3,3154.5,1,11.0,middle50,True
A-G1.045-C2,15880,3,3156.25,1,1.75,middle50,True
A-G1.045-C2,15880,3,3163.0,1,6.75,middle50,True
A-G1.045-C2,15880,3,3176.75,1,13.75,middle50,True
A-G1.045-C2,15880,3,3325.25,1,148.5,late25,True
A-G1.045-C2,15880,3,3329.0,1,3.75,late25,True
A-G1.045-C2,15880,3,3334.5,1,5.5,late25,True
A-G1.045-C2,15880,3,3340.25,1,5.75,late25,True
A-G1.045-C2,15880,3,3367.75,1,27.5,late25,True
A-G1.045-C2,15880,3,3374.5,1,6.75,late25,True
A-G1.045-C2,15880,3,3382.5,3,8.0,late25,True
A-G1.045-C2,15880,3,3391.0,1,8.5,late25,True
A-G1.045-C2,15880,3,3396.5,1,5.5,late25,True
A-G1.045-C2,15880,3,3550.75,1,154.25,late25,True
A-G1.045-C2,15880,3,3566.5,1,15.75,late25,True
A-G1.045-C2,15880,3,3572.25,1,5.75,late25,True
A-G1.045-C2,15880,3,3580.5,1,8.25,late25,True
A-G1.045-C2,23799,0,0.25,3,,early25,False
A-G1.045-C2,23799,0,8.25,1,8.0,early25,False
A-G1.045-C2,23799,0,17.25,1,9.0,early25,False
A-G1.045-C2,23799,0,46.25,1,29.0,early25,False
A-G1.045-C2,23799,0,62.5,1,16.25,early25,False
A-G1.045-C2,23799,0,89.0,1,26.5,early25,False
A-G1.045-C2,23799,0,113.75,1,24.75,early25,False
A-G1.045-C2,23799,0,166.25,1,52.5,early25,False
A-G1.045-C2,23799,0,170.25,1,4.0,early25,False
A-G1.045-C2,23799,0,217.5,1,47.25,early25,False
A-G1.045-C2,23799,0,224.25,1,6.75,early25,False
A-G1.045-C2,23799,0,237.25,1,13.0,early25,False
A-G1.045-C2,23799,0,240.25,1,3.0,middle50,False
A-G1.045-C2,23799,0,279.25,1,39.0,middle50,False
A-G1.045-C2,23799,0,288.75,1,9.5,middle50,False
A-G1.045-C2,23799,0,293.0,1,4.25,middle50,False
A-G1.045-C2,23799,0,300.0,1,7.0,middle50,False
A-G1.045-C2,23799,0,332.5,1,32.5,middle50,False
A-G1.045-C2,23799,0,342.0,1,9.5,middle50,False
A-G1.045-C2,23799,0,346.5,1,4.5,middle50,False
A-G1.045-C2,23799,0,350.5,1,4.0,middle50,False
A-G1.045-C2,23799,0,357.75,1,7.25,middle50,False
A-G1.045-C2,23799,0,363.0,1,5.25,middle50,False
A-G1.045-C2,23799,0,521.25,1,158.25,middle50,False
A-G1.045-C2,23799,0,527.0,1,5.75,middle50,False
A-G1.045-C2,23799,0,533.25,1,6.25,middle50,False
A-G1.045-C2,23799,0,543.0,1,9.75,middle50,False
A-G1.045-C2,23799,0,576.5,1,33.5,middle50,False
A-G1.045-C2,23799,0,589.25,1,12.75,middle50,False
A-G1.045-C2,23799,0,590.5,1,1.25,middle50,False
A-G1.045-C2,23799,0,597.25,1,6.75,middle50,False
A-G1.045-C2,23799,0,598.5,1,1.25,middle50,False
A-G1.045-C2,23799,0,603.5,1,5.0,middle50,False
A-G1.045-C2,23799,0,759.5,1,156.0,late25,False
A-G1.045-C2,23799,0,763.0,1,3.5,late25,False
A-G1.045-C2,23799,0,766.75,1,3.75,late25,False
A-G1.045-C2,23799,0,771.0,1,4.25,late25,False
A-G1.045-C2,23799,0,779.25,1,8.25,late25,False
A-G1.045-C2,23799,0,786.25,1,7.0,late25,False
A-G1.045-C2,23799,0,819.5,2,33.25,late25,False
A-G1.045-C2,23799,0,825.75,1,6.25,late25,False
A-G1.045-C2,23799,0,834.0,1,8.25,late25,False
A-G1.045-C2,23799,0,839.5,11,5.5,late25,False
A-G1.045-C2,23799,0,848.75,1,9.25,late25,False
A-G1.045-C2,23799,1,988.75,1,140.0,early25,False
A-G1.045-C2,23799,1,993.5,2,4.75,early25,False
A-G1.045-C2,23799,1,999.5,1,6.0,early25,False
A-G1.045-C2,23799,1,1000.75,1,1.25,early25,False
A-G1.045-C2,23799,1,1007.25,2,6.5,early25,False
A-G1.045-C2,23799,1,1036.75,1,29.5,early25,False
A-G1.045-C2,23799,1,1042.75,1,6.0,early25,False
A-G1.045-C2,23799,1,1061.0,2,18.25,early25,False
A-G1.045-C2,23799,1,1072.0,2,11.0,early25,False
A-G1.045-C2,23799,1,1080.0,6,8.0,early25,False
A-G1.045-C2,23799,1,1098.75,1,18.75,early25,False
A-G1.045-C2,23799,1,1105.25,2,6.5,early25,False
A-G1.045-C2,23799,1,1110.0,1,4.75,early25,False
A-G1.045-C2,23799,1,1117.75,2,7.75,early25,False
A-G1.045-C2,23799,1,1125.0,2,7.25,early25,False
A-G1.045-C2,23799,1,1150.25,1,25.25,early25,False
A-G1.045-C2,23799,1,1154.75,1,4.5,middle50,False
A-G1.045-C2,23799,1,1159.75,17,5.0,middle50,False
A-G1.045-C2,23799,1,1163.5,4,3.75,middle50,False
A-G1.045-C2,23799,1,1166.0,1,2.5,middle50,False
A-G1.045-C2,23799,1,1170.75,1,4.75,middle50,False
A-G1.045-C2,23799,1,1172.25,4,1.5,middle50,False
A-G1.045-C2,23799,1,1174.75,1,2.5,middle50,False
A-G1.045-C2,23799,1,1190.0,5,15.25,middle50,False
A-G1.045-C2,23799,1,1335.75,1,145.75,middle50,False
A-G1.045-C2,23799,1,1341.0,1,5.25,middle50,False
A-G1.045-C2,23799,1,1343.25,3,2.25,middle50,False
A-G1.045-C2,23799,1,1346.5,1,3.25,middle50,False
A-G1.045-C2,23799,1,1350.5,1,4.0,middle50,False
A-G1.045-C2,23799,1,1356.5,4,6.0,middle50,False
A-G1.045-C2,23799,1,1357.75,3,1.25,middle50,False
A-G1.045-C2,23799,1,1386.0,3,28.25,middle50,False
A-G1.045-C2,23799,1,1387.5,4,1.5,middle50,False
A-G1.045-C2,23799,1,1393.5,1,6.0,middle50,False
A-G1.045-C2,23799,1,1396.0,1,2.5,middle50,False
A-G1.045-C2,23799,1,1402.5,1,6.5,middle50,False
A-G1.045-C2,23799,1,1405.75,1,3.25,middle50,False
A-G1.045-C2,23799,1,1409.0,1,3.25,middle50,False
A-G1.045-C2,23799,1,1414.0,1,5.0,middle50,False
A-G1.045-C2,23799,1,1420.25,1,6.25,middle50,False
A-G1.045-C2,23799,1,1426.25,3,6.0,middle50,False
A-G1.045-C2,23799,1,1546.5,1,120.25,middle50,False
A-G1.045-C2,23799,1,1549.25,2,2.75,late25,False
A-G1.045-C2,23799,1,1553.75,1,4.5,late25,False
A-G1.045-C2,23799,1,1558.25,1,4.5,late25,False
A-G1.045-C2,23799,1,1560.25,1,2.0,late25,False
A-G1.045-C2,23799,1,1564.5,1,4.25,late25,False
A-G1.045-C2,23799,1,1570.5,1,6.0,late25,False
A-G1.045-C2,23799,1,1574.25,1,3.75,late25,False
A-G1.045-C2,23799,1,1600.75,1,26.5,late25,False
A-G1.045-C2,23799,1,1608.5,1,7.75,late25,False
A-G1.045-C2,23799,1,1610.5,1,2.0,late25,False
A-G1.045-C2,23799,1,1614.25,1,3.75,late25,False
A-G1.045-C2,23799,1,1617.5,1,3.25,late25,False
A-G1.045-C2,23799,1,1621.5,1,4.0,late25,False
A-G1.045-C2,23799,1,1624.75,1,3.25,late25,False
A-G1.045-C2,23799,1,1628.0,1,3.25,late25,False
A-G1.045-C2,23799,1,1639.5,1,11.5,late25,False
A-G1.045-C2,23799,1,1737.0,1,97.5,late25,False
A-G1.045-C2,23799,1,1741.0,1,4.0,late25,False
A-G1.045-C2,23799,2,1757.75,1,16.75,early25,False
A-G1.045-C2,23799,2,1759.75,2,2.0,early25,False
A-G1.045-C2,23799,2,1762.0,1,2.25,early25,False
A-G1.045-C2,23799,2,1766.5,1,4.5,early25,False
A-G1.045-C2,23799,2,1769.5,2,3.0,early25,False
A-G1.045-C2,23799,2,1770.5,1,1.0,early25,False
A-G1.045-C2,23799,2,1773.5,1,3.0,early25,False
A-G1.045-C2,23799,2,1778.75,1,5.25,early25,False
A-G1.045-C2,23799,2,1783.0,2,4.25,early25,False
A-G1.045-C2,23799,2,1793.25,3,10.25,early25,False
A-G1.045-C2,23799,2,1815.75,2,22.5,early25,False
A-G1.045-C2,23799,2,1817.0,1,1.25,early25,False
A-G1.045-C2,23799,2,1819.75,1,2.75,early25,False
A-G1.045-C2,23799,2,1825.0,3,5.25,early25,False
A-G1.045-C2,23799,2,1833.75,2,8.75,early25,False
A-G1.045-C2,23799,2,1839.25,3,5.5,early25,False
A-G1.045-C2,23799,2,1844.75,3,5.5,early25,False
A-G1.045-C2,23799,2,1864.25,2,19.5,early25,False
A-G1.045-C2,23799,2,1867.25,1,3.0,early25,False
A-G1.045-C2,23799,2,1871.25,2,4.0,early25,False
A-G1.045-C2,23799,2,1876.0,2,4.75,early25,False
A-G1.045-C2,23799,2,1880.0,1,4.0,early25,False
A-G1.045-C2,23799,2,1884.25,1,4.25,early25,False
A-G1.045-C2,23799,2,1886.25,1,2.0,early25,False
A-G1.045-C2,23799,2,1890.25,1,4.0,early25,False
A-G1.045-C2,23799,2,1919.25,1,29.0,early25,False
A-G1.045-C2,23799,2,1923.75,2,4.5,early25,False
A-G1.045-C2,23799,2,1928.5,2,4.75,early25,False
A-G1.045-C2,23799,2,1933.25,2,4.75,early25,False
A-G1.045-C2,23799,2,1938.25,3,5.0,early25,False
A-G1.045-C2,23799,2,1943.25,1,5.0,early25,False
A-G1.045-C2,23799,2,1947.0,1,3.75,early25,False
A-G1.045-C2,23799,2,1949.25,1,2.25,early25,False
A-G1.045-C2,23799,2,2097.0,2,147.75,middle50,False
A-G1.045-C2,23799,2,2100.5,2,3.5,middle50,False
A-G1.045-C2,23799,2,2106.25,2,5.75,middle50,False
A-G1.045-C2,23799,2,2109.5,1,3.25,middle50,False
A-G1.045-C2,23799,2,2151.25,2,41.75,middle50,False
A-G1.045-C2,23799,2,2155.75,2,4.5,middle50,False
A-G1.045-C2,23799,2,2160.25,2,4.5,middle50,False
A-G1.045-C2,23799,2,2167.0,1,6.75,middle50,False
A-G1.045-C2,23799,2,2170.25,1,3.25,middle50,False
A-G1.045-C2,23799,2,2172.5,1,2.25,middle50,False
A-G1.045-C2,23799,2,2178.5,2,6.0,middle50,False
A-G1.045-C2,23799,2,2321.25,2,142.75,middle50,False
A-G1.045-C2,23799,2,2328.75,1,7.5,middle50,False
A-G1.045-C2,23799,2,2334.75,2,6.0,middle50,False
A-G1.045-C2,23799,2,2341.75,1,7.0,middle50,False
A-G1.045-C2,23799,2,2345.0,1,3.25,middle50,False
A-G1.045-C2,23799,2,2349.0,1,4.0,middle50,False
A-G1.045-C2,23799,2,2353.25,1,4.25,middle50,False
A-G1.045-C2,23799,2,2377.25,1,24.0,middle50,False
A-G1.045-C2,23799,2,2381.0,1,3.75,middle50,False
A-G1.045-C2,23799,2,2383.75,1,2.75,middle50,False
A-G1.045-C2,23799,2,2387.25,1,3.5,middle50,False
A-G1.045-C2,23799,2,2391.75,2,4.5,middle50,False
A-G1.045-C2,23799,2,2396.0,1,4.25,middle50,False
A-G1.045-C2,23799,2,2399.5,1,3.5,middle50,False
A-G1.045-C2,23799,2,2402.25,1,2.75,middle50,False
A-G1.045-C2,23799,2,2405.5,11,3.25,middle50,False
A-G1.045-C2,23799,2,2407.5,1,2.0,middle50,False
A-G1.045-C2,23799,2,2410.5,1,3.0,middle50,False
A-G1.045-C2,23799,2,2540.25,1,129.75,middle50,False
A-G1.045-C2,23799,2,2559.25,1,19.0,middle50,False
A-G1.045-C2,23799,2,2561.5,1,2.25,middle50,False
A-G1.045-C2,23799,2,2589.5,1,28.0,middle50,False
A-G1.045-C2,23799,2,2594.0,1,4.5,middle50,False
A-G1.045-C2,23799,2,2597.0,7,3.0,middle50,False
A-G1.045-C2,23799,2,2598.75,1,1.75,middle50,False
A-G1.045-C2,23799,2,2602.0,1,3.25,middle50,False
A-G1.045-C2,23799,2,2606.0,1,4.0,middle50,False
A-G1.045-C2,23799,2,2611.75,1,5.75,middle50,False
A-G1.045-C2,23799,2,2613.25,1,1.5,middle50,False
A-G1.045-C2,23799,2,2618.5,1,5.25,middle50,False
A-G1.045-C2,23799,2,2626.75,1,8.25,middle50,False
A-G1.045-C2,23799,2,2634.25,6,7.5,middle50,False
A-G1.045-C2,23799,2,2758.0,1,123.75,late25,False
A-G1.045-C2,23799,2,2764.75,1,6.75,late25,False
A-G1.045-C2,23799,2,2770.0,1,5.25,late25,False
A-G1.045-C2,23799,2,2775.25,1,5.25,late25,False
A-G1.045-C2,23799,2,2808.0,1,32.75,late25,False
A-G1.045-C2,23799,2,2814.0,1,6.0,late25,False
A-G1.045-C2,23799,2,2819.0,1,5.0,late25,False
A-G1.045-C2,23799,2,2823.0,1,4.0,late25,False
A-G1.045-C2,23799,2,2825.0,1,2.0,late25,False
A-G1.045-C2,23799,2,2829.25,1,4.25,late25,False
A-G1.045-C2,23799,2,2836.0,1,6.75,late25,False
A-G1.045-C2,23799,2,2844.25,1,8.25,late25,False
A-G1.045-C2,23799,2,2850.25,3,6.0,late25,False
A-G1.045-C2,23799,3,2970.25,2,120.0,early25,True
A-G1.045-C2,23799,3,2973.5,1,3.25,early25,True
A-G1.045-C2,23799,3,2978.25,2,4.75,early25,True
A-G1.045-C2,23799,3,2980.0,1,1.75,early25,True
A-G1.045-C2,23799,3,2982.5,1,2.5,early25,True
A-G1.045-C2,23799,3,2987.25,2,4.75,early25,True
A-G1.045-C2,23799,3,2992.25,2,5.0,early25,True
A-G1.045-C2,23799,3,2995.0,1,2.75,early25,True
A-G1.045-C2,23799,3,2998.75,1,3.75,early25,True
A-G1.045-C2,23799,3,3002.75,1,4.0,early25,True
A-G1.045-C2,23799,3,3026.25,1,23.5,early25,True
A-G1.045-C2,23799,3,3029.5,2,3.25,early25,True
A-G1.045-C2,23799,3,3033.0,1,3.5,early25,True
A-G1.045-C2,23799,3,3037.0,2,4.0,early25,True
A-G1.045-C2,23799,3,3040.75,1,3.75,early25,True
A-G1.045-C2,23799,3,3044.0,1,3.25,early25,True
A-G1.045-C2,23799,3,3047.5,1,3.5,early25,True
A-G1.045-C2,23799,3,3049.75,1,2.25,early25,True
A-G1.045-C2,23799,3,3052.75,1,3.0,early25,True
A-G1.045-C2,23799,3,3056.5,2,3.75,early25,True
A-G1.045-C2,23799,3,3060.5,1,4.0,early25,True
A-G1.045-C2,23799,3,3066.5,4,6.0,early25,True
A-G1.045-C2,23799,3,3080.5,1,14.0,early25,True
A-G1.045-C2,23799,3,3083.75,2,3.25,early25,True
A-G1.045-C2,23799,3,3089.0,1,5.25,early25,True
A-G1.045-C2,23799,3,3091.75,1,2.75,early25,True
A-G1.045-C2,23799,3,3104.75,12,13.0,early25,True
A-G1.045-C2,23799,3,3109.0,9,4.25,early25,True
A-G1.045-C2,23799,3,3136.0,1,27.0,middle50,True
A-G1.045-C2,23799,3,3138.5,1,2.5,middle50,True
A-G1.045-C2,23799,3,3142.5,1,4.0,middle50,True
A-G1.045-C2,23799,3,3152.5,1,10.0,middle50,True
A-G1.045-C2,23799,3,3155.25,1,2.75,middle50,True
A-G1.045-C2,23799,3,3163.5,2,8.25,middle50,True
A-G1.045-C2,23799,3,3192.5,2,29.0,middle50,True
A-G1.045-C2,23799,3,3196.5,1,4.0,middle50,True
A-G1.045-C2,23799,3,3206.5,1,10.0,middle50,True
A-G1.045-C2,23799,3,3238.75,2,32.25,middle50,True
A-G1.045-C2,23799,3,3246.0,1,7.25,middle50,True
A-G1.045-C2,23799,3,3254.75,1,8.75,middle50,True
A-G1.045-C2,23799,3,3263.0,1,8.25,middle50,True
A-G1.045-C2,23799,3,3289.75,2,26.75,middle50,True
A-G1.045-C2,23799,3,3300.75,1,11.0,middle50,True
A-G1.045-C2,23799,3,3305.25,1,4.5,middle50,True
A-G1.045-C2,23799,3,3310.5,1,5.25,middle50,True
A-G1.045-C2,23799,3,3342.75,1,32.25,middle50,True
A-G1.045-C2,23799,3,3351.5,1,8.75,middle50,True
A-G1.045-C2,23799,3,3372.25,1,20.75,middle50,True
A-G1.045-C2,23799,3,3396.5,1,24.25,middle50,True
A-G1.045-C2,23799,3,3403.0,1,6.5,middle50,True
A-G1.045-C2,23799,3,3411.0,1,8.0,middle50,True
A-G1.045-C2,23799,3,3417.0,1,6.0,middle50,True
A-G1.045-C2,23799,3,3420.25,5,3.25,middle50,True
A-G1.045-C2,23799,3,3451.5,1,31.25,late25,True
A-G1.045-C2,23799,3,3453.25,1,1.75,late25,True
A-G1.045-C2,23799,3,3462.75,1,9.5,late25,True
A-G1.045-C2,23799,3,3467.75,1,5.0,late25,True
A-G1.045-C2,23799,3,3473.5,1,5.75,late25,True
A-G1.045-C2,23799,3,3488.75,4,15.25,late25,True
A-G1.045-C2,23799,3,3504.25,1,15.5,late25,True
A-G1.045-C2,23799,3,3512.0,1,7.75,late25,True
A-G1.045-C2,23799,3,3519.25,1,7.25,late25,True
A-G1.045-C2,23799,3,3528.5,1,9.25,late25,True
A-G1.045-C2,23799,3,3556.5,5,28.0,late25,True
A-G1.045-C2,23799,3,3560.25,1,3.75,late25,True
A-G1.045-C2,23799,3,3579.25,1,19.0,late25,True
A-G1.045-C2,23799,3,3584.5,1,5.25,late25,True
A-G1.045-C2,23799,3,3591.25,1,6.75,late25,True
A-G1.045-C2,23799,3,3599.0,3,7.75,late25,True
A-G1.045-C2,31718,0,0.25,3,,early25,False
A-G1.045-C2,31718,0,8.5,1,8.25,early25,False
A-G1.045-C2,31718,0,18.0,1,9.5,early25,False
A-G1.045-C2,31718,0,33.75,1,15.75,early25,False
A-G1.045-C2,31718,0,53.25,1,19.5,early25,False
A-G1.045-C2,31718,0,93.75,1,40.5,early25,False
A-G1.045-C2,31718,0,103.75,1,10.0,early25,False
A-G1.045-C2,31718,0,116.0,1,12.25,early25,False
A-G1.045-C2,31718,0,155.25,1,39.25,early25,False
A-G1.045-C2,31718,0,161.75,1,6.5,early25,False
A-G1.045-C2,31718,0,165.0,1,3.25,early25,False
A-G1.045-C2,31718,0,172.5,1,7.5,early25,False
A-G1.045-C2,31718,0,176.5,1,4.0,early25,False
A-G1.045-C2,31718,0,215.25,1,38.75,early25,False
A-G1.045-C2,31718,0,221.25,1,6.0,early25,False
A-G1.045-C2,31718,0,230.25,1,9.0,early25,False
A-G1.045-C2,31718,0,234.25,1,4.0,early25,False
A-G1.045-C2,31718,0,238.75,1,4.5,middle50,False
A-G1.045-C2,31718,0,280.0,1,41.25,middle50,False
A-G1.045-C2,31718,0,294.25,1,14.25,middle50,False
A-G1.045-C2,31718,0,301.25,1,7.0,middle50,False
A-G1.045-C2,31718,0,332.0,1,30.75,middle50,False
A-G1.045-C2,31718,0,335.0,1,3.0,middle50,False
A-G1.045-C2,31718,0,343.5,1,8.5,middle50,False
A-G1.045-C2,31718,0,346.25,1,2.75,middle50,False
A-G1.045-C2,31718,0,353.25,1,7.0,middle50,False
A-G1.045-C2,31718,0,358.75,1,5.5,middle50,False
A-G1.045-C2,31718,0,519.75,1,161.0,middle50,False
A-G1.045-C2,31718,0,522.25,1,2.5,middle50,False
A-G1.045-C2,31718,0,533.0,1,10.75,middle50,False
A-G1.045-C2,31718,0,545.75,1,12.75,middle50,False
A-G1.045-C2,31718,0,555.0,2,9.25,middle50,False
A-G1.045-C2,31718,0,578.75,1,23.75,middle50,False
A-G1.045-C2,31718,0,582.25,1,3.5,middle50,False
A-G1.045-C2,31718,0,593.25,12,11.0,middle50,False
A-G1.045-C2,31718,0,605.5,1,12.25,middle50,False
A-G1.045-C2,31718,0,773.75,1,168.25,late25,False
A-G1.045-C2,31718,0,804.75,1,31.0,late25,False
A-G1.045-C2,31718,0,810.75,1,6.0,late25,False
A-G1.045-C2,31718,0,818.25,1,7.5,late25,False
A-G1.045-C2,31718,0,822.25,1,4.0,late25,False
A-G1.045-C2,31718,0,827.5,1,5.25,late25,False
A-G1.045-C2,31718,0,837.5,1,10.0,late25,False
A-G1.045-C2,31718,0,944.0,1,106.5,late25,False
A-G1.045-C2,31718,1,965.5,1,21.5,early25,False
A-G1.045-C2,31718,1,970.25,1,4.75,early25,False
A-G1.045-C2,31718,1,972.75,2,2.5,early25,False
A-G1.045-C2,31718,1,974.75,1,2.0,early25,False
A-G1.045-C2,31718,1,977.75,1,3.0,early25,False
A-G1.045-C2,31718,1,983.5,1,5.75,early25,False
A-G1.045-C2,31718,1,988.75,2,5.25,early25,False
A-G1.045-C2,31718,1,1029.0,1,40.25,early25,False
A-G1.045-C2,31718,1,1034.0,1,5.0,early25,False
A-G1.045-C2,31718,1,1035.5,1,1.5,early25,False
A-G1.045-C2,31718,1,1037.25,1,1.75,early25,False
A-G1.045-C2,31718,1,1040.75,1,3.5,early25,False
A-G1.045-C2,31718,1,1042.5,1,1.75,early25,False
A-G1.045-C2,31718,1,1048.75,1,6.25,early25,False
A-G1.045-C2,31718,1,1057.25,2,8.5,early25,False
A-G1.045-C2,31718,1,1078.25,1,21.0,early25,False
A-G1.045-C2,31718,1,1084.25,1,6.0,early25,False
A-G1.045-C2,31718,1,1088.0,1,3.75,early25,False
A-G1.045-C2,31718,1,1090.25,1,2.25,early25,False
A-G1.045-C2,31718,1,1095.25,1,5.0,early25,False
A-G1.045-C2,31718,1,1101.75,1,6.5,early25,False
A-G1.045-C2,31718,1,1130.25,1,28.5,middle50,False
A-G1.045-C2,31718,1,1138.0,1,7.75,middle50,False
A-G1.045-C2,31718,1,1140.5,1,2.5,middle50,False
A-G1.045-C2,31718,1,1146.5,1,6.0,middle50,False
A-G1.045-C2,31718,1,1149.5,1,3.0,middle50,False
A-G1.045-C2,31718,1,1152.5,1,3.0,middle50,False
A-G1.045-C2,31718,1,1156.75,1,4.25,middle50,False
A-G1.045-C2,31718,1,1161.0,1,4.25,middle50,False
A-G1.045-C2,31718,1,1193.5,1,32.5,middle50,False
A-G1.045-C2,31718,1,1197.5,1,4.0,middle50,False
A-G1.045-C2,31718,1,1202.5,1,5.0,middle50,False
A-G1.045-C2,31718,1,1206.75,1,4.25,middle50,False
A-G1.045-C2,31718,1,1211.5,1,4.75,middle50,False
A-G1.045-C2,31718,1,1216.0,1,4.5,middle50,False
A-G1.045-C2,31718,1,1222.0,2,6.0,middle50,False
A-G1.045-C2,31718,1,1227.25,1,5.25,middle50,False
A-G1.045-C2,31718,1,1249.75,1,22.5,middle50,False
A-G1.045-C2,31718,1,1253.25,1,3.5,middle50,False
A-G1.045-C2,31718,1,1256.25,17,3.0,middle50,False
A-G1.045-C2,31718,1,1258.25,1,2.0,middle50,False
A-G1.045-C2,31718,1,1266.5,1,8.25,middle50,False
A-G1.045-C2,31718,1,1271.0,1,4.5,middle50,False
A-G1.045-C2,31718,1,1273.75,1,2.75,middle50,False
A-G1.045-C2,31718,1,1276.5,1,2.75,middle50,False
A-G1.045-C2,31718,1,1279.75,1,3.25,middle50,False
A-G1.045-C2,31718,1,1413.75,1,134.0,middle50,False
A-G1.045-C2,31718,1,1418.5,1,4.75,middle50,False
A-G1.045-C2,31718,1,1423.75,1,5.25,middle50,False
A-G1.045-C2,31718,1,1429.25,1,5.5,middle50,False
A-G1.045-C2,31718,1,1436.25,1,7.0,middle50,False
A-G1.045-C2,31718,1,1441.75,1,5.5,middle50,False
A-G1.045-C2,31718,1,1472.25,1,30.5,late25,False
A-G1.045-C2,31718,1,1475.75,1,3.5,late25,False
A-G1.045-C2,31718,1,1479.25,1,3.5,late25,False
A-G1.045-C2,31718,1,1481.25,1,2.0,late25,False
A-G1.045-C2,31718,1,1485.25,1,4.0,late25,False
A-G1.045-C2,31718,1,1489.0,1,3.75,late25,False
A-G1.045-C2,31718,1,1490.0,1,1.0,late25,False
A-G1.045-C2,31718,1,1495.25,1,5.25,late25,False
A-G1.045-C2,31718,1,1498.75,1,3.5,late25,False
A-G1.045-C2,31718,1,1504.5,1,5.75,late25,False
A-G1.045-C2,31718,2,1629.5,2,125.0,early25,False
A-G1.045-C2,31718,2,1633.75,3,4.25,early25,False
A-G1.045-C2,31718,2,1637.0,2,3.25,early25,False
A-G1.045-C2,31718,2,1639.25,1,2.25,early25,False
A-G1.045-C2,31718,2,1644.25,2,5.0,early25,False
A-G1.045-C2,31718,2,1650.0,2,5.75,early25,False
A-G1.045-C2,31718,2,1654.0,2,4.0,early25,False
A-G1.045-C2,31718,2,1660.25,2,6.25,early25,False
A-G1.045-C2,31718,2,1684.5,3,24.25,early25,False
A-G1.045-C2,31718,2,1689.5,2,5.0,early25,False
A-G1.045-C2,31718,2,1693.25,2,3.75,early25,False
A-G1.045-C2,31718,2,1697.75,25,4.5,early25,False
A-G1.045-C2,31718,2,1700.0,1,2.25,early25,False
A-G1.045-C2,31718,2,1702.25,2,2.25,early25,False
A-G1.045-C2,31718,2,1710.25,1,8.0,early25,False
A-G1.045-C2,31718,2,1712.0,1,1.75,early25,False
A-G1.045-C2,31718,2,1714.25,2,2.25,early25,False
A-G1.045-C2,31718,2,1730.25,2,16.0,early25,False
A-G1.045-C2,31718,2,1734.0,1,3.75,early25,False
A-G1.045-C2,31718,2,1740.5,1,6.5,early25,False
A-G1.045-C2,31718,2,1744.5,1,4.0,early25,False
A-G1.045-C2,31718,2,1748.0,2,3.5,early25,False
A-G1.045-C2,31718,2,1752.5,1,4.5,early25,False
A-G1.045-C2,31718,2,1757.0,2,4.5,early25,False
A-G1.045-C2,31718,2,1762.25,2,5.25,early25,False
A-G1.045-C2,31718,2,1788.25,1,26.0,early25,False
A-G1.045-C2,31718,2,1791.5,2,3.25,early25,False
A-G1.045-C2,31718,2,1795.0,17,3.5,early25,False
A-G1.045-C2,31718,2,1796.25,1,1.25,early25,False
A-G1.045-C2,31718,2,1799.25,1,3.0,early25,False
A-G1.045-C2,31718,2,1804.0,1,4.75,middle50,False
A-G1.045-C2,31718,2,1809.5,3,5.5,middle50,False
A-G1.045-C2,31718,2,1814.5,1,5.0,middle50,False
A-G1.045-C2,31718,2,1818.75,1,4.25,middle50,False
A-G1.045-C2,31718,2,1964.5,1,145.75,middle50,False
A-G1.045-C2,31718,2,1968.5,1,4.0,middle50,False
A-G1.045-C2,31718,2,1974.75,2,6.25,middle50,False
A-G1.045-C2,31718,2,1977.75,1,3.0,middle50,False
A-G1.045-C2,31718,2,1981.0,1,3.25,middle50,False
A-G1.045-C2,31718,2,1984.0,1,3.0,middle50,False
A-G1.045-C2,31718,2,1987.5,1,3.5,middle50,False
A-G1.045-C2,31718,2,1992.0,1,4.5,middle50,False
A-G1.045-C2,31718,2,2017.5,1,25.5,middle50,False
A-G1.045-C2,31718,2,2020.5,1,3.0,middle50,False
A-G1.045-C2,31718,2,2025.5,1,5.0,middle50,False
A-G1.045-C2,31718,2,2028.0,1,2.5,middle50,False
A-G1.045-C2,31718,2,2030.5,11,2.5,middle50,False
A-G1.045-C2,31718,2,2034.0,1,3.5,middle50,False
A-G1.045-C2,31718,2,2037.0,1,3.0,middle50,False
A-G1.045-C2,31718,2,2038.75,1,1.75,middle50,False
A-G1.045-C2,31718,2,2043.5,10,4.75,middle50,False
A-G1.045-C2,31718,2,2049.75,1,6.25,middle50,False
A-G1.045-C2,31718,2,2179.25,1,129.5,middle50,False
A-G1.045-C2,31718,2,2191.0,1,11.75,late25,False
A-G1.045-C2,31718,2,2204.5,1,13.5,late25,False
A-G1.045-C2,31718,2,2235.0,1,30.5,late25,False
A-G1.045-C2,31718,2,2239.75,1,4.75,late25,False
A-G1.045-C2,31718,2,2242.0,1,2.25,late25,False
A-G1.045-C2,31718,2,2248.25,1,6.25,late25,False
A-G1.045-C2,31718,2,2253.0,1,4.75,late25,False
A-G1.045-C2,31718,2,2257.5,2,4.5,late25,False
A-G1.045-C2,31718,2,2262.0,1,4.5,late25,False
A-G1.045-C2,31718,2,2276.0,3,14.0,late25,False
A-G1.045-C2,31718,3,2391.25,1,115.25,early25,True
A-G1.045-C2,31718,3,2399.0,1,7.75,early25,True
A-G1.045-C2,31718,3,2403.75,2,4.75,early25,True
A-G1.045-C2,31718,3,2408.75,2,5.0,early25,True
A-G1.045-C2,31718,3,2414.75,2,6.0,early25,True
A-G1.045-C2,31718,3,2420.5,2,5.75,early25,True
A-G1.045-C2,31718,3,2425.25,2,4.75,early25,True
A-G1.045-C2,31718,3,2449.75,1,24.5,early25,True
A-G1.045-C2,31718,3,2453.75,2,4.0,early25,True
A-G1.045-C2,31718,3,2458.0,19,4.25,early25,True
A-G1.045-C2,31718,3,2471.25,2,13.25,early25,True
A-G1.045-C2,31718,3,2473.0,1,1.75,early25,True
A-G1.045-C2,31718,3,2478.25,1,5.25,early25,True
A-G1.045-C2,31718,3,2481.0,2,2.75,early25,True
A-G1.045-C2,31718,3,2490.5,8,9.5,early25,True
A-G1.045-C2,31718,3,2507.75,2,17.25,early25,True
A-G1.045-C2,31718,3,2511.25,2,3.5,early25,True
A-G1.045-C2,31718,3,2514.25,1,3.0,early25,True
A-G1.045-C2,31718,3,2517.75,1,3.5,early25,True
A-G1.045-C2,31718,3,2526.0,1,8.25,early25,True
A-G1.045-C2,31718,3,2560.25,2,34.25,early25,True
A-G1.045-C2,31718,3,2564.0,1,3.75,early25,True
A-G1.045-C2,31718,3,2567.5,1,3.5,early25,True
A-G1.045-C2,31718,3,2578.25,2,10.75,early25,True
A-G1.045-C2,31718,3,2584.0,2,5.75,early25,True
A-G1.045-C2,31718,3,2594.25,1,10.25,early25,True
A-G1.045-C2,31718,3,2602.25,7,8.0,early25,True
A-G1.045-C2,31718,3,2611.5,1,9.25,early25,True
A-G1.045-C2,31718,3,2617.5,1,6.0,early25,True
A-G1.045-C2,31718,3,2621.25,1,3.75,early25,True
A-G1.045-C2,31718,3,2624.5,1,3.25,early25,True
A-G1.045-C2,31718,3,2630.0,1,5.5,early25,True
A-G1.045-C2,31718,3,2632.75,7,2.75,early25,True
A-G1.045-C2,31718,3,2639.75,1,7.0,early25,True
A-G1.045-C2,31718,3,2674.0,1,34.25,early25,True
A-G1.045-C2,31718,3,2676.75,1,2.75,early25,True
A-G1.045-C2,31718,3,2682.25,1,5.5,middle50,True
A-G1.045-C2,31718,3,2687.5,1,5.25,middle50,True
A-G1.045-C2,31718,3,2688.75,1,1.25,middle50,True
A-G1.045-C2,31718,3,2694.25,1,5.5,middle50,True
A-G1.045-C2,31718,3,2705.5,2,11.25,middle50,True
A-G1.045-C2,31718,3,2734.0,1,28.5,middle50,True
A-G1.045-C2,31718,3,2738.75,1,4.75,middle50,True
A-G1.045-C2,31718,3,2750.0,1,11.25,middle50,True
A-G1.045-C2,31718,3,2755.75,1,5.75,middle50,True
A-G1.045-C2,31718,3,2760.75,1,5.0,middle50,True
A-G1.045-C2,31718,3,2783.75,1,23.0,middle50,True
A-G1.045-C2,31718,3,2790.5,8,6.75,middle50,True
A-G1.045-C2,31718,3,2807.0,1,16.5,middle50,True
A-G1.045-C2,31718,3,2810.5,1,3.5,middle50,True
A-G1.045-C2,31718,3,2831.75,1,21.25,middle50,True
A-G1.045-C2,31718,3,2845.75,1,14.0,middle50,True
A-G1.045-C2,31718,3,2852.0,1,6.25,middle50,True
A-G1.045-C2,31718,3,2864.25,2,12.25,middle50,True
A-G1.045-C2,31718,3,2889.75,1,25.5,middle50,True
A-G1.045-C2,31718,3,2900.25,1,10.5,middle50,True
A-G1.045-C2,31718,3,2902.75,1,2.5,middle50,True
A-G1.045-C2,31718,3,2909.5,1,6.75,middle50,True
A-G1.045-C2,31718,3,2914.5,1,5.0,middle50,True
A-G1.045-C2,31718,3,2927.25,4,12.75,middle50,True
A-G1.045-C2,31718,3,2942.5,1,15.25,middle50,True
A-G1.045-C2,31718,3,2949.0,1,6.5,middle50,True
A-G1.045-C2,31718,3,2957.25,1,8.25,middle50,True
A-G1.045-C2,31718,3,2964.25,1,7.0,middle50,True
A-G1.045-C2,31718,3,2967.75,5,3.5,middle50,True
A-G1.045-C2,31718,3,2997.0,1,29.25,middle50,True
A-G1.045-C2,31718,3,3001.0,1,4.0,middle50,True
A-G1.045-C2,31718,3,3002.5,1,1.5,middle50,True
A-G1.045-C2,31718,3,3012.75,1,10.25,middle50,True
A-G1.045-C2,31718,3,3019.5,1,6.75,middle50,True
A-G1.045-C2,31718,3,3038.25,1,18.75,middle50,True
A-G1.045-C2,31718,3,3046.25,1,8.0,middle50,True
A-G1.045-C2,31718,3,3056.0,1,9.75,middle50,True
A-G1.045-C2,31718,3,3067.75,1,11.75,middle50,True
A-G1.045-C2,31718,3,3099.5,1,31.75,middle50,True
A-G1.045-C2,31718,3,3105.75,1,6.25,middle50,True
A-G1.045-C2,31718,3,3114.25,1,8.5,middle50,True
A-G1.045-C2,31718,3,3119.0,1,4.75,middle50,True
A-G1.045-C2,31718,3,3272.5,1,153.5,middle50,True
A-G1.045-C2,31718,3,3281.25,1,8.75,middle50,True
A-G1.045-C2,31718,3,3286.0,1,4.75,middle50,True
A-G1.045-C2,31718,3,3294.5,1,8.5,late25,True
A-G1.045-C2,31718,3,3301.5,3,7.0,late25,True
A-G1.045-C2,31718,3,3329.25,1,27.75,late25,True
A-G1.045-C2,31718,3,3341.0,1,11.75,late25,True
A-G1.045-C2,31718,3,3348.0,1,7.0,late25,True
A-G1.045-C2,31718,3,3354.25,1,6.25,late25,True
A-G1.045-C2,31718,3,3364.5,1,10.25,late25,True
A-G1.045-C2,31718,3,3370.25,1,5.75,late25,True
A-G1.045-C2,31718,3,3517.5,1,147.25,late25,True
A-G1.045-C2,31718,3,3523.25,1,5.75,late25,True
A-G1.045-C2,31718,3,3535.0,1,11.75,late25,True
A-G1.045-C2,31718,3,3576.25,1,41.25,late25,True
A-G1.045-C2,31718,3,3581.0,1,4.75,late25,True
A-G1.045-C2,31718,3,3591.75,1,10.75,late25,True
A-G1.045-C2,39637,0,0.25,3,,early25,False
A-G1.045-C2,39637,0,9.5,1,9.25,early25,False
A-G1.045-C2,39637,0,20.25,1,10.75,early25,False
A-G1.045-C2,39637,0,45.0,1,24.75,early25,False
A-G1.045-C2,39637,0,87.5,1,42.5,early25,False
A-G1.045-C2,39637,0,91.0,1,3.5,early25,False
A-G1.045-C2,39637,0,109.0,1,18.0,early25,False
A-G1.045-C2,39637,0,110.5,1,1.5,early25,False
A-G1.045-C2,39637,0,133.5,5,23.0,early25,False
A-G1.045-C2,39637,0,166.75,1,33.25,early25,False
A-G1.045-C2,39637,0,185.75,1,19.0,early25,False
A-G1.045-C2,39637,0,198.5,2,12.75,early25,False
A-G1.045-C2,39637,0,221.25,1,22.75,middle50,False
A-G1.045-C2,39637,0,227.0,1,5.75,middle50,False
A-G1.045-C2,39637,0,234.75,1,7.75,middle50,False
A-G1.045-C2,39637,0,243.25,13,8.5,middle50,False
A-G1.045-C2,39637,0,245.25,1,2.0,middle50,False
A-G1.045-C2,39637,0,413.5,1,168.25,middle50,False
A-G1.045-C2,39637,0,455.25,1,41.75,middle50,False
A-G1.045-C2,39637,0,460.5,1,5.25,middle50,False
A-G1.045-C2,39637,0,466.25,1,5.75,middle50,False
A-G1.045-C2,39637,0,470.5,1,4.25,middle50,False
A-G1.045-C2,39637,0,477.5,1,7.0,middle50,False
A-G1.045-C2,39637,0,483.5,1,6.0,middle50,False
A-G1.045-C2,39637,0,491.5,1,8.0,middle50,False
A-G1.045-C2,39637,0,662.0,12,170.5,late25,False
A-G1.045-C2,39637,0,689.25,1,27.25,late25,False
A-G1.045-C2,39637,0,694.75,1,5.5,late25,False
A-G1.045-C2,39637,0,698.25,1,3.5,late25,False
A-G1.045-C2,39637,0,703.0,1,4.75,late25,False
A-G1.045-C2,39637,0,706.75,1,3.75,late25,False
A-G1.045-C2,39637,0,709.75,1,3.0,late25,False
A-G1.045-C2,39637,0,715.5,1,5.75,late25,False
A-G1.045-C2,39637,0,819.75,1,104.25,late25,False
A-G1.045-C2,39637,1,845.75,1,26.0,early25,False
A-G1.045-C2,39637,1,847.5,1,1.75,early25,False
A-G1.045-C2,39637,1,851.25,1,3.75,early25,False
A-G1.045-C2,39637,1,855.5,1,4.25,early25,False
A-G1.045-C2,39637,1,860.75,1,5.25,early25,False
A-G1.045-C2,39637,1,865.25,2,4.5,early25,False
A-G1.045-C2,39637,1,871.5,2,6.25,early25,False
A-G1.045-C2,39637,1,877.0,1,5.5,early25,False
A-G1.045-C2,39637,1,902.75,1,25.75,early25,False
A-G1.045-C2,39637,1,907.0,2,4.25,early25,False
A-G1.045-C2,39637,1,910.5,20,3.5,early25,False
A-G1.045-C2,39637,1,918.75,1,8.25,early25,False
A-G1.045-C2,39637,1,922.25,1,3.5,early25,False
A-G1.045-C2,39637,1,927.5,1,5.25,early25,False
A-G1.045-C2,39637,1,1081.75,1,154.25,middle50,False
A-G1.045-C2,39637,1,1088.0,1,6.25,middle50,False
A-G1.045-C2,39637,1,1092.0,2,4.0,middle50,False
A-G1.045-C2,39637,1,1099.25,1,7.25,middle50,False
A-G1.045-C2,39637,1,1108.25,1,9.0,middle50,False
A-G1.045-C2,39637,1,1112.0,1,3.75,middle50,False
A-G1.045-C2,39637,1,1142.0,1,30.0,middle50,False
A-G1.045-C2,39637,1,1147.75,1,5.75,middle50,False
A-G1.045-C2,39637,1,1150.25,1,2.5,middle50,False
A-G1.045-C2,39637,1,1154.0,1,3.75,middle50,False
A-G1.045-C2,39637,1,1156.25,1,2.25,middle50,False
A-G1.045-C2,39637,1,1164.75,1,8.5,middle50,False
A-G1.045-C2,39637,1,1307.5,1,142.75,middle50,False
A-G1.045-C2,39637,1,1311.75,1,4.25,middle50,False
A-G1.045-C2,39637,1,1316.75,1,5.0,middle50,False
A-G1.045-C2,39637,1,1320.25,1,3.5,middle50,False
A-G1.045-C2,39637,1,1323.5,1,3.25,middle50,False
A-G1.045-C2,39637,1,1333.25,1,9.75,middle50,False
A-G1.045-C2,39637,1,1337.25,1,4.0,middle50,False
A-G1.045-C2,39637,1,1342.25,1,5.0,middle50,False
A-G1.045-C2,39637,1,1367.5,2,25.25,middle50,False
A-G1.045-C2,39637,1,1373.0,2,5.5,middle50,False
A-G1.045-C2,39637,1,1380.25,1,7.25,middle50,False
A-G1.045-C2,39637,1,1385.0,12,4.75,middle50,False
A-G1.045-C2,39637,1,1388.0,1,3.0,middle50,False
A-G1.045-C2,39637,1,1389.5,1,1.5,middle50,False
A-G1.045-C2,39637,1,1525.25,1,135.75,late25,False
A-G1.045-C2,39637,1,1539.75,1,14.5,late25,False
A-G1.045-C2,39637,1,1544.75,1,5.0,late25,False
A-G1.045-C2,39637,1,1549.25,1,4.5,late25,False
A-G1.045-C2,39637,1,1553.0,1,3.75,late25,False
A-G1.045-C2,39637,1,1584.0,1,31.0,late25,False
A-G1.045-C2,39637,1,1587.0,1,3.0,late25,False
A-G1.045-C2,39637,1,1589.25,1,2.25,late25,False
A-G1.045-C2,39637,1,1592.25,1,3.0,late25,False
A-G1.045-C2,39637,1,1595.0,11,2.75,late25,False
A-G1.045-C2,39637,1,1596.5,1,1.5,late25,False
A-G1.045-C2,39637,1,1610.25,1,13.75,late25,False
A-G1.045-C2,39637,1,1613.0,1,2.75,late25,False
A-G1.045-C2,39637,1,1620.0,1,7.0,late25,False
A-G1.045-C2,39637,2,1740.25,1,120.25,early25,False
A-G1.045-C2,39637,2,1742.5,2,2.25,early25,False
A-G1.045-C2,39637,2,1745.0,1,2.5,early25,False
A-G1.045-C2,39637,2,1747.5,2,2.5,early25,False
A-G1.045-C2,39637,2,1750.5,2,3.0,early25,False
A-G1.045-C2,39637,2,1753.5,2,3.0,early25,False
A-G1.045-C2,39637,2,1758.0,1,4.5,early25,False
A-G1.045-C2,39637,2,1763.0,2,5.0,early25,False
A-G1.045-C2,39637,2,1766.75,2,3.75,early25,False
A-G1.045-C2,39637,2,1771.75,2,5.0,early25,False
A-G1.045-C2,39637,2,1797.75,2,26.0,early25,False
A-G1.045-C2,39637,2,1802.5,2,4.75,early25,False
A-G1.045-C2,39637,2,1806.0,1,3.5,early25,False
A-G1.045-C2,39637,2,1809.75,21,3.75,early25,False
A-G1.045-C2,39637,2,1812.0,1,2.25,early25,False
A-G1.045-C2,39637,2,1816.25,1,4.25,early25,False
A-G1.045-C2,39637,2,1817.5,1,1.25,early25,False
A-G1.045-C2,39637,2,1819.0,1,1.5,early25,False
A-G1.045-C2,39637,2,1819.75,1,0.75,early25,False
A-G1.045-C2,39637,2,1821.5,1,1.75,early25,False
A-G1.045-C2,39637,2,1826.75,1,5.25,early25,False
A-G1.045-C2,39637,2,1829.0,1,2.25,early25,False
A-G1.045-C2,39637,2,1835.5,5,6.5,early25,False
A-G1.045-C2,39637,2,1848.0,1,12.5,early25,False
A-G1.045-C2,39637,2,1853.5,1,5.5,early25,False
A-G1.045-C2,39637,2,1859.75,3,6.25,early25,False
A-G1.045-C2,39637,2,1862.5,1,2.75,early25,False
A-G1.045-C2,39637,2,1868.75,2,6.25,early25,False
A-G1.045-C2,39637,2,1903.75,2,35.0,early25,False
A-G1.045-C2,39637,2,1908.75,2,5.0,early25,False
A-G1.045-C2,39637,2,1913.75,3,5.0,early25,False
A-G1.045-C2,39637,2,1917.0,1,3.25,early25,False
A-G1.045-C2,39637,2,1922.0,1,5.0,early25,False
A-G1.045-C2,39637,2,1927.0,3,5.0,early25,False
A-G1.045-C2,39637,2,1939.5,2,12.5,early25,False
A-G1.045-C2,39637,2,2087.25,1,147.75,middle50,False
A-G1.045-C2,39637,2,2091.0,1,3.75,middle50,False
A-G1.045-C2,39637,2,2094.25,1,3.25,middle50,False
A-G1.045-C2,39637,2,2098.75,1,4.5,middle50,False
A-G1.045-C2,39637,2,2104.5,2,5.75,middle50,False
A-G1.045-C2,39637,2,2131.25,1,26.75,middle50,False
A-G1.045-C2,39637,2,2133.5,1,2.25,middle50,False
A-G1.045-C2,39637,2,2137.0,1,3.5,middle50,False
A-G1.045-C2,39637,2,2140.5,9,3.5,middle50,False
A-G1.045-C2,39637,2,2144.5,1,4.0,middle50,False
A-G1.045-C2,39637,2,2147.25,1,2.75,middle50,False
A-G1.045-C2,39637,2,2153.75,1,6.5,middle50,False
A-G1.045-C2,39637,2,2157.5,1,3.75,middle50,False
A-G1.045-C2,39637,2,2161.25,1,3.75,middle50,False
A-G1.045-C2,39637,2,2296.5,1,135.25,middle50,False
A-G1.045-C2,39637,2,2304.0,1,7.5,middle50,False
A-G1.045-C2,39637,2,2307.25,1,3.25,middle50,False
A-G1.045-C2,39637,2,2311.5,1,4.25,middle50,False
A-G1.045-C2,39637,2,2315.0,1,3.5,middle50,False
A-G1.045-C2,39637,2,2320.5,1,5.5,middle50,False
A-G1.045-C2,39637,2,2323.0,9,2.5,middle50,False
A-G1.045-C2,39637,2,2357.5,2,34.5,middle50,False
A-G1.045-C2,39637,2,2362.5,2,5.0,middle50,False
A-G1.045-C2,39637,2,2366.25,1,3.75,middle50,False
A-G1.045-C2,39637,2,2370.25,1,4.0,middle50,False
A-G1.045-C2,39637,2,2377.75,1,7.5,middle50,False
A-G1.045-C2,39637,2,2514.2499999999,1,136.49999999989996,late25,False
A-G1.045-C2,39637,2,2524.4999999999,2,10.25,late25,False
A-G1.045-C2,39637,2,2532.4999999999,2,8.0,late25,False
A-G1.045-C2,39637,2,2540.7499999999,1,8.25,late25,False
A-G1.045-C2,39637,2,2571.9999999999,1,31.25,late25,False
A-G1.045-C2,39637,2,2578.4999999999,1,6.5,late25,False
A-G1.045-C2,39637,2,2583.2499999999,1,4.75,late25,False
A-G1.045-C2,39637,2,2589.4999999999,1,6.25,late25,False
A-G1.045-C2,39637,2,2595.7499999999,1,6.25,late25,False
A-G1.045-C2,39637,2,2597.9999999999,1,2.25,late25,False
A-G1.045-C2,39637,3,2722.9999999999,1,125.0,early25,True
A-G1.045-C2,39637,3,2726.2499999999,1,3.25,early25,True
A-G1.045-C2,39637,3,2731.7499999999,2,5.5,early25,True
A-G1.045-C2,39637,3,2739.9999999999,2,8.25,early25,True
A-G1.045-C2,39637,3,2745.2499999999,3,5.25,early25,True
A-G1.045-C2,39637,3,2750.2499999999,2,5.0,early25,True
A-G1.045-C2,39637,3,2778.4999999999,1,28.25,early25,True
A-G1.045-C2,39637,3,2782.7499999999,1,4.25,early25,True
A-G1.045-C2,39637,3,2788.9999999999,3,6.25,early25,True
A-G1.045-C2,39637,3,2795.4999999999,3,6.5,early25,True
A-G1.045-C2,39637,3,2803.2499999999,1,7.75,early25,True
A-G1.045-C2,39637,3,2805.2499999999,1,2.0,early25,True
A-G1.045-C2,39637,3,2815.7499999999,2,10.5,early25,True
A-G1.045-C2,39637,3,2833.2499999999,1,17.5,early25,True
A-G1.045-C2,39637,3,2838.4999999999,2,5.25,early25,True
A-G1.045-C2,39637,3,2840.7499999999,1,2.25,early25,True
A-G1.045-C2,39637,3,2845.9999999999,2,5.25,early25,True
A-G1.045-C2,39637,3,2854.2499999999,2,8.25,early25,True
A-G1.045-C2,39637,3,2890.2499999999,2,36.0,early25,True
A-G1.045-C2,39637,3,2896.2499999999,3,6.0,early25,True
A-G1.045-C2,39637,3,2906.2499999999,2,10.0,early25,True
A-G1.045-C2,39637,3,2911.4999999999,1,5.25,early25,True
A-G1.045-C2,39637,3,2921.4999999999,2,10.0,early25,True
A-G1.045-C2,39637,3,2937.7499999999,2,16.25,middle50,True
A-G1.045-C2,39637,3,2942.7499999999,1,5.0,middle50,True
A-G1.045-C2,39637,3,2952.9999999999,2,10.25,middle50,True
A-G1.045-C2,39637,3,2961.9999999999,2,9.0,middle50,True
A-G1.045-C2,39637,3,2992.2499999999,1,30.25,middle50,True
A-G1.045-C2,39637,3,3002.7499999999,2,10.5,middle50,True
A-G1.045-C2,39637,3,3008.4999999999,2,5.75,middle50,True
A-G1.045-C2,39637,3,3013.9999999999,2,5.5,middle50,True
A-G1.045-C2,39637,3,3027.2499999999,1,13.25,middle50,True
A-G1.045-C2,39637,3,3032.9999999999,4,5.75,middle50,True
A-G1.045-C2,39637,3,3046.7499999999,1,13.75,middle50,True
A-G1.045-C2,39637,3,3051.2499999999,1,4.5,middle50,True
A-G1.045-C2,39637,3,3055.7499999999,1,4.5,middle50,True
A-G1.045-C2,39637,3,3062.4999999999,2,6.75,middle50,True
A-G1.045-C2,39637,3,3066.9999999999,1,4.5,middle50,True
A-G1.045-C2,39637,3,3101.9999999999,1,35.0,middle50,True
A-G1.045-C2,39637,3,3107.2499999999,1,5.25,middle50,True
A-G1.045-C2,39637,3,3110.7499999999,1,3.5,middle50,True
A-G1.045-C2,39637,3,3120.2499999999,1,9.5,middle50,True
A-G1.045-C2,39637,3,3126.4999999999,1,6.25,middle50,True
A-G1.045-C2,39637,3,3129.7499999999,1,3.25,middle50,True
A-G1.045-C2,39637,3,3156.7499999999,1,27.0,middle50,True
A-G1.045-C2,39637,3,3159.4999999999,1,2.75,middle50,True
A-G1.045-C2,39637,3,3164.2499999999,1,4.75,middle50,True
A-G1.045-C2,39637,3,3167.9999999999,1,3.75,middle50,True
A-G1.045-C2,39637,3,3175.4999999999,1,7.5,middle50,True
A-G1.045-C2,39637,3,3182.7499999999,1,7.25,middle50,True
A-G1.045-C2,39637,3,3213.4999999999,1,30.75,middle50,True
A-G1.045-C2,39637,3,3222.9999999999,1,9.5,middle50,True
A-G1.045-C2,39637,3,3228.7499999999,1,5.75,middle50,True
A-G1.045-C2,39637,3,3234.7499999999,1,6.0,middle50,True
A-G1.045-C2,39637,3,3249.4999999999,2,14.75,middle50,True
A-G1.045-C2,39637,3,3259.7499999999,1,10.25,middle50,True
A-G1.045-C2,39637,3,3263.2499999999,1,3.5,middle50,True
A-G1.045-C2,39637,3,3271.7499999999,1,8.5,middle50,True
A-G1.045-C2,39637,3,3275.4999999999,1,3.75,middle50,True
A-G1.045-C2,39637,3,3278.9999999999,1,3.5,middle50,True
A-G1.045-C2,39637,3,3286.4999999999,8,7.5,middle50,True
A-G1.045-C2,39637,3,3338.9999999999,1,52.5,middle50,True
A-G1.045-C2,39637,3,3344.2499999999,1,5.25,middle50,True
A-G1.045-C2,39637,3,3365.2499999999,1,21.0,middle50,True
A-G1.045-C2,39637,3,3376.7499999999,1,11.5,middle50,True
A-G1.045-C2,39637,3,3380.9999999999,1,4.25,late25,True
A-G1.045-C2,39637,3,3391.4999999999,1,10.5,late25,True
A-G1.045-C2,39637,3,3396.2499999999,1,4.75,late25,True
A-G1.045-C2,39637,3,3424.2499999999,1,28.0,late25,True
A-G1.045-C2,39637,3,3427.9999999999,6,3.75,late25,True
A-G1.045-C2,39637,3,3443.9999999999,1,16.0,late25,True
A-G1.045-C2,39637,3,3448.2499999999,1,4.25,late25,True
A-G1.045-C2,39637,3,3453.7499999999,1,5.5,late25,True
A-G1.045-C2,39637,3,3478.7499999999,1,25.0,late25,True
A-G1.045-C2,39637,3,3484.9999999999,1,6.25,late25,True
A-G1.045-C2,39637,3,3492.2499999999,5,7.25,late25,True
A-G1.045-C2,39637,3,3524.9999999999,1,32.75,late25,True
A-G1.045-C2,39637,3,3529.9999999999,1,5.0,late25,True
A-G1.045-C2,39637,3,3535.7499999999,1,5.75,late25,True
A-G1.045-C2,39637,3,3541.9999999999,1,6.25,late25,True
A-G1.045-C2,39637,3,3548.4999999999,1,6.5,late25,True
A-G1.045-C2,39637,3,3566.4999999999,3,18.0,late25,True
A-G1.045-C2,47556,0,0.25,3,,early25,False
A-G1.045-C2,47556,0,9.5,1,9.25,early25,False
A-G1.045-C2,47556,0,25.0,1,15.5,early25,False
A-G1.045-C2,47556,0,37.5,1,12.5,early25,False
A-G1.045-C2,47556,0,43.25,1,5.75,early25,False
A-G1.045-C2,47556,0,49.5,1,6.25,early25,False
A-G1.045-C2,47556,0,87.5,1,38.0,early25,False
A-G1.045-C2,47556,0,90.25,1,2.75,early25,False
A-G1.045-C2,47556,0,93.5,1,3.25,early25,False
A-G1.045-C2,47556,0,99.75,1,6.25,early25,False
A-G1.045-C2,47556,0,102.75,1,3.0,early25,False
A-G1.045-C2,47556,0,107.25,1,4.5,early25,False
A-G1.045-C2,47556,0,153.0,1,45.75,early25,False
A-G1.045-C2,47556,0,167.25,1,14.25,early25,False
A-G1.045-C2,47556,0,175.75,1,8.5,early25,False
A-G1.045-C2,47556,0,211.75,1,36.0,early25,False
A-G1.045-C2,47556,0,218.25,1,6.5,early25,False
A-G1.045-C2,47556,0,221.25,1,3.0,early25,False
A-G1.045-C2,47556,0,225.5,1,4.25,early25,False
A-G1.045-C2,47556,0,232.75,1,7.25,early25,False
A-G1.045-C2,47556,0,240.0,1,7.25,early25,False
A-G1.045-C2,47556,0,405.75,1,165.75,middle50,False
A-G1.045-C2,47556,0,411.75,1,6.0,middle50,False
A-G1.045-C2,47556,0,420.5,1,8.75,middle50,False
A-G1.045-C2,47556,0,457.75,1,37.25,middle50,False
A-G1.045-C2,47556,0,464.25,1,6.5,middle50,False
A-G1.045-C2,47556,0,471.25,1,7.0,middle50,False
A-G1.045-C2,47556,0,473.0,1,1.75,middle50,False
A-G1.045-C2,47556,0,477.5,1,4.5,middle50,False
A-G1.045-C2,47556,0,637.5,1,160.0,middle50,False
A-G1.045-C2,47556,0,640.0,1,2.5,middle50,False
A-G1.045-C2,47556,0,648.0,1,8.0,middle50,False
A-G1.045-C2,47556,0,658.75,1,10.75,middle50,False
A-G1.045-C2,47556,0,673.5,1,14.75,middle50,False
A-G1.045-C2,47556,0,699.25,2,25.75,middle50,False
A-G1.045-C2,47556,0,706.75,1,7.5,middle50,False
A-G1.045-C2,47556,0,711.75,1,5.0,middle50,False
A-G1.045-C2,47556,0,721.75,1,10.0,middle50,False
A-G1.045-C2,47556,0,725.25,1,3.5,middle50,False
A-G1.045-C2,47556,0,730.5,1,5.25,middle50,False
A-G1.045-C2,47556,0,887.5,1,157.0,late25,False
A-G1.045-C2,47556,0,898.25,1,10.75,late25,False
A-G1.045-C2,47556,0,927.25,1,29.0,late25,False
A-G1.045-C2,47556,0,931.5,1,4.25,late25,False
A-G1.045-C2,47556,0,934.5,1,3.0,late25,False
A-G1.045-C2,47556,0,940.5,1,6.0,late25,False
A-G1.045-C2,47556,0,949.0,1,8.5,late25,False
A-G1.045-C2,47556,0,955.5,1,6.5,late25,False
A-G1.045-C2,47556,0,964.75,1,9.25,late25,False
A-G1.045-C2,47556,1,1097.75,1,133.0,early25,False
A-G1.045-C2,47556,1,1103.0,1,5.25,early25,False
A-G1.045-C2,47556,1,1111.25,1,8.25,early25,False
A-G1.045-C2,47556,1,1119.75,11,8.5,early25,False
A-G1.045-C2,47556,1,1125.5,1,5.75,early25,False
A-G1.045-C2,47556,1,1150.5,1,25.0,early25,False
A-G1.045-C2,47556,1,1156.5,2,6.0,early25,False
A-G1.045-C2,47556,1,1160.0,1,3.5,early25,False
A-G1.045-C2,47556,1,1164.5,1,4.5,early25,False
A-G1.045-C2,47556,1,1168.75,1,4.25,early25,False
A-G1.045-C2,47556,1,1175.25,3,6.5,early25,False
A-G1.045-C2,47556,1,1179.0,1,3.75,early25,False
A-G1.045-C2,47556,1,1188.25,2,9.25,early25,False
A-G1.045-C2,47556,1,1211.75,1,23.5,middle50,False
A-G1.045-C2,47556,1,1219.0,1,7.25,middle50,False
A-G1.045-C2,47556,1,1223.5,1,4.5,middle50,False
A-G1.045-C2,47556,1,1231.5,2,8.0,middle50,False
A-G1.045-C2,47556,1,1237.25,9,5.75,middle50,False
A-G1.045-C2,47556,1,1263.5,2,26.25,middle50,False
A-G1.045-C2,47556,1,1267.75,2,4.25,middle50,False
A-G1.045-C2,47556,1,1273.25,2,5.5,middle50,False
A-G1.045-C2,47556,1,1279.0,1,5.75,middle50,False
A-G1.045-C2,47556,1,1282.75,8,3.75,middle50,False
A-G1.045-C2,47556,1,1286.25,8,3.5,middle50,False
A-G1.045-C2,47556,1,1291.25,1,5.0,middle50,False
A-G1.045-C2,47556,1,1292.75,1,1.5,middle50,False
A-G1.045-C2,47556,1,1434.5,1,141.75,middle50,False
A-G1.045-C2,47556,1,1440.75,1,6.25,middle50,False
A-G1.045-C2,47556,1,1445.25,1,4.5,middle50,False
A-G1.045-C2,47556,1,1449.0,1,3.75,middle50,False
A-G1.045-C2,47556,1,1454.25,1,5.25,middle50,False
A-G1.045-C2,47556,1,1461.25,2,7.0,middle50,False
A-G1.045-C2,47556,1,1486.25,1,25.0,late25,False
A-G1.045-C2,47556,1,1489.0,1,2.75,late25,False
A-G1.045-C2,47556,1,1493.0,1,4.0,late25,False
A-G1.045-C2,47556,1,1497.25,12,4.25,late25,False
A-G1.045-C2,47556,1,1500.5,1,3.25,late25,False
A-G1.045-C2,47556,1,1514.25,1,13.75,late25,False
A-G1.045-C2,47556,2,1628.75,2,114.5,early25,False
A-G1.045-C2,47556,2,1640.5,1,11.75,early25,False
A-G1.045-C2,47556,2,1643.75,3,3.25,early25,False
A-G1.045-C2,47556,2,1647.75,2,4.0,early25,False
A-G1.045-C2,47556,2,1651.75,2,4.0,early25,False
A-G1.045-C2,47556,2,1654.75,2,3.0,early25,False
A-G1.045-C2,47556,2,1657.75,2,3.0,early25,False
A-G1.045-C2,47556,2,1660.75,2,3.0,early25,False
A-G1.045-C2,47556,2,1667.75,1,7.0,early25,False
A-G1.045-C2,47556,2,1702.75,4,35.0,early25,False
A-G1.045-C2,47556,2,1716.25,3,13.5,early25,False
A-G1.045-C2,47556,2,1733.5,1,17.25,early25,False
A-G1.045-C2,47556,2,1740.25,7,6.75,early25,False
A-G1.045-C2,47556,2,1754.0,2,13.75,early25,False
A-G1.045-C2,47556,2,1756.75,1,2.75,early25,False
A-G1.045-C2,47556,2,1762.0,6,5.25,early25,False
A-G1.045-C2,47556,2,1766.75,5,4.75,early25,False
A-G1.045-C2,47556,2,1768.5,6,1.75,early25,False
A-G1.045-C2,47556,2,1770.0,4,1.5,early25,False
A-G1.045-C2,47556,2,1777.5,1,7.5,early25,False
A-G1.045-C2,47556,2,1806.0,1,28.5,early25,False
A-G1.045-C2,47556,2,1807.75,1,1.75,early25,False
A-G1.045-C2,47556,2,1812.75,2,5.0,early25,False
A-G1.045-C2,47556,2,1821.25,1,8.5,early25,False
A-G1.045-C2,47556,2,1826.5,2,5.25,early25,False
A-G1.045-C2,47556,2,1829.75,1,3.25,early25,False
A-G1.045-C2,47556,2,1834.0,1,4.25,early25,False
A-G1.045-C2,47556,2,1844.0,2,10.0,early25,False
A-G1.045-C2,47556,2,1865.5,2,21.5,middle50,False
A-G1.045-C2,47556,2,1870.75,2,5.25,middle50,False
A-G1.045-C2,47556,2,1875.25,1,4.5,middle50,False
A-G1.045-C2,47556,2,1881.5,1,6.25,middle50,False
A-G1.045-C2,47556,2,1888.25,2,6.75,middle50,False
A-G1.045-C2,47556,2,1915.5,1,27.25,middle50,False
A-G1.045-C2,47556,2,1919.5,2,4.0,middle50,False
A-G1.045-C2,47556,2,1922.5,1,3.0,middle50,False
A-G1.045-C2,47556,2,1926.0,16,3.5,middle50,False
A-G1.045-C2,47556,2,1929.5,1,3.5,middle50,False
A-G1.045-C2,47556,2,1931.5,1,2.0,middle50,False
A-G1.045-C2,47556,2,1935.5,1,4.0,middle50,False
A-G1.045-C2,47556,2,1939.0,1,3.5,middle50,False
A-G1.045-C2,47556,2,1945.5,1,6.5,middle50,False
A-G1.045-C2,47556,2,1957.25,4,11.75,middle50,False
A-G1.045-C2,47556,2,2095.0,1,137.75,middle50,False
A-G1.045-C2,47556,2,2103.5,1,8.5,middle50,False
A-G1.045-C2,47556,2,2106.0,1,2.5,middle50,False
A-G1.045-C2,47556,2,2108.5,1,2.5,middle50,False
A-G1.045-C2,47556,2,2117.0,1,8.5,middle50,False
A-G1.045-C2,47556,2,2122.75,2,5.75,middle50,False
A-G1.045-C2,47556,2,2153.25,1,30.5,middle50,False
A-G1.045-C2,47556,2,2157.75,1,4.5,middle50,False
A-G1.045-C2,47556,2,2160.75,1,3.0,middle50,False
A-G1.045-C2,47556,2,2165.25,2,4.5,middle50,False
A-G1.045-C2,47556,2,2169.0,1,3.75,middle50,False
A-G1.045-C2,47556,2,2175.75,1,6.75,middle50,False
A-G1.045-C2,47556,2,2178.0,1,2.25,middle50,False
A-G1.045-C2,47556,2,2188.25,2,10.25,middle50,False
A-G1.045-C2,47556,2,2194.5,3,6.25,middle50,False
A-G1.045-C2,47556,2,2324.25,1,129.75,late25,False
A-G1.045-C2,47556,2,2332.5,1,8.25,late25,False
A-G1.045-C2,47556,2,2340.75,2,8.25,late25,False
A-G1.045-C2,47556,2,2344.5,1,3.75,late25,False
A-G1.045-C2,47556,2,2348.5,1,4.0,late25,False
A-G1.045-C2,47556,2,2378.25,1,29.75,late25,False
A-G1.045-C2,47556,2,2380.25,1,2.0,late25,False
A-G1.045-C2,47556,2,2383.5,2,3.25,late25,False
A-G1.045-C2,47556,2,2390.0,2,6.5,late25,False
A-G1.045-C2,47556,2,2397.75,1,7.75,late25,False
A-G1.045-C2,47556,2,2401.75,1,4.0,late25,False
A-G1.045-C2,47556,2,2405.75,1,4.0,late25,False
A-G1.045-C2,47556,2,2407.75,1,2.0,late25,False
A-G1.045-C2,47556,2,2419.0,3,11.25,late25,False
A-G1.045-C2,47556,3,2535.4999999999,1,116.49999999989996,early25,True
A-G1.045-C2,47556,3,2537.7499999999,1,2.25,early25,True
A-G1.045-C2,47556,3,2538.9999999999,5,1.25,early25,True
A-G1.045-C2,47556,3,2540.7499999999,1,1.75,early25,True
A-G1.045-C2,47556,3,2541.9999999999,5,1.25,early25,True
A-G1.045-C2,47556,3,2542.9999999999,1,1.0,early25,True
A-G1.045-C2,47556,3,2544.7499999999,1,1.75,early25,True
A-G1.045-C2,47556,3,2549.7499999999,2,5.0,early25,True
A-G1.045-C2,47556,3,2552.4999999999,1,2.75,early25,True
A-G1.045-C2,47556,3,2556.2499999999,1,3.75,early25,True
A-G1.045-C2,47556,3,2557.9999999999,2,1.75,early25,True
A-G1.045-C2,47556,3,2559.2499999999,1,1.25,early25,True
A-G1.045-C2,47556,3,2589.9999999999,3,30.75,early25,True
A-G1.045-C2,47556,3,2591.2499999999,1,1.25,early25,True
A-G1.045-C2,47556,3,2593.9999999999,1,2.75,early25,True
A-G1.045-C2,47556,3,2595.2499999999,1,1.25,early25,True
A-G1.045-C2,47556,3,2602.4999999999,3,7.25,early25,True
A-G1.045-C2,47556,3,2616.4999999999,2,14.0,early25,True
A-G1.045-C2,47556,3,2627.7499999999,2,11.25,early25,True
A-G1.045-C2,47556,3,2645.4999999999,2,17.75,early25,True
A-G1.045-C2,47556,3,2659.9999999999,3,14.5,early25,True
A-G1.045-C2,47556,3,2665.7499999999,1,5.75,early25,True
A-G1.045-C2,47556,3,2702.4999999999,1,36.75,early25,True
A-G1.045-C2,47556,3,2710.4999999999,2,8.0,early25,True
A-G1.045-C2,47556,3,2718.2499999999,3,7.75,early25,True
A-G1.045-C2,47556,3,2727.4999999999,2,9.25,early25,True
A-G1.045-C2,47556,3,2737.2499999999,4,9.75,early25,True
A-G1.045-C2,47556,3,2749.9999999999,2,12.75,early25,True
A-G1.045-C2,47556,3,2755.7499999999,1,5.75,early25,True
A-G1.045-C2,47556,3,2761.2499999999,2,5.5,early25,True
A-G1.045-C2,47556,3,2764.9999999999,1,3.75,early25,True
A-G1.045-C2,47556,3,2770.4999999999,2,5.5,early25,True
A-G1.045-C2,47556,3,2771.9999999999,3,1.5,early25,True
A-G1.045-C2,47556,3,2803.7499999999,2,31.75,middle50,True
A-G1.045-C2,47556,3,2804.9999999999,3,1.25,middle50,True
A-G1.045-C2,47556,3,2805.9999999999,2,1.0,middle50,True
A-G1.045-C2,47556,3,2811.4999999999,2,5.5,middle50,True
A-G1.045-C2,47556,3,2816.9999999999,1,5.5,middle50,True
A-G1.045-C2,47556,3,2822.7499999999,2,5.75,middle50,True
A-G1.045-C2,47556,3,2831.7499999999,1,9.0,middle50,True
A-G1.045-C2,47556,3,2839.7499999999,1,8.0,middle50,True
A-G1.045-C2,47556,3,2868.4999999999,1,28.75,middle50,True
A-G1.045-C2,47556,3,2875.9999999999,2,7.5,middle50,True
A-G1.045-C2,47556,3,2887.2499999999,2,11.25,middle50,True
A-G1.045-C2,47556,3,2894.7499999999,1,7.5,middle50,True
A-G1.045-C2,47556,3,2925.4999999999,2,30.75,middle50,True
A-G1.045-C2,47556,3,2930.7499999999,1,5.25,middle50,True
A-G1.045-C2,47556,3,2935.7499999999,1,5.0,middle50,True
A-G1.045-C2,47556,3,2944.4999999999,1,8.75,middle50,True
A-G1.045-C2,47556,3,2949.9999999999,1,5.5,middle50,True
A-G1.045-C2,47556,3,2957.2499999999,3,7.25,middle50,True
A-G1.045-C2,47556,3,2968.4999999999,2,11.25,middle50,True
A-G1.045-C2,47556,3,2972.7499999999,2,4.25,middle50,True
A-G1.045-C2,47556,3,2979.2499999999,1,6.5,middle50,True
A-G1.045-C2,47556,3,2985.7499999999,2,6.5,middle50,True
A-G1.045-C2,47556,3,2993.9999999999,1,8.25,middle50,True
A-G1.045-C2,47556,3,3024.2499999999,1,30.25,middle50,True
A-G1.045-C2,47556,3,3028.2499999999,1,4.0,middle50,True
A-G1.045-C2,47556,3,3036.9999999999,1,8.75,middle50,True
A-G1.045-C2,47556,3,3042.2499999999,2,5.25,middle50,True
A-G1.045-C2,47556,3,3049.2499999999,1,7.0,middle50,True
A-G1.045-C2,47556,3,3058.4999999999,1,9.25,middle50,True
A-G1.045-C2,47556,3,3064.2499999999,2,5.75,middle50,True
A-G1.045-C2,47556,3,3073.9999999999,1,9.75,middle50,True
A-G1.045-C2,47556,3,3079.9999999999,1,6.0,middle50,True
A-G1.045-C2,47556,3,3087.4999999999,1,7.5,middle50,True
A-G1.045-C2,47556,3,3091.4999999999,1,4.0,middle50,True
A-G1.045-C2,47556,3,3097.9999999999,6,6.5,middle50,True
A-G1.045-C2,47556,3,3130.2499999999,1,32.25,middle50,True
A-G1.045-C2,47556,3,3134.2499999999,1,4.0,middle50,True
A-G1.045-C2,47556,3,3143.2499999999,1,9.0,middle50,True
A-G1.045-C2,47556,3,3146.2499999999,1,3.0,middle50,True
A-G1.045-C2,47556,3,3154.2499999999,1,8.0,middle50,True
A-G1.045-C2,47556,3,3159.7499999999,1,5.5,middle50,True
A-G1.045-C2,47556,3,3179.2499999999,1,19.5,middle50,True
A-G1.045-C2,47556,3,3197.2499999999,1,18.0,middle50,True
A-G1.045-C2,47556,3,3199.7499999999,1,2.5,middle50,True
A-G1.045-C2,47556,3,3205.7499999999,1,6.0,middle50,True
A-G1.045-C2,47556,3,3245.2499999999,1,39.5,middle50,True
A-G1.045-C2,47556,3,3254.2499999999,1,9.0,middle50,True
A-G1.045-C2,47556,3,3259.2499999999,1,5.0,middle50,True
A-G1.045-C2,47556,3,3271.2499999999,1,12.0,middle50,True
A-G1.045-C2,47556,3,3280.2499999999,1,9.0,middle50,True
A-G1.045-C2,47556,3,3297.2499999999,1,17.0,middle50,True
A-G1.045-C2,47556,3,3304.9999999999,1,7.75,middle50,True
A-G1.045-C2,47556,3,3311.7499999999,1,6.75,middle50,True
A-G1.045-C2,47556,3,3318.7499999999,5,7.0,middle50,True
A-G1.045-C2,47556,3,3320.9999999999,1,2.25,middle50,True
A-G1.045-C2,47556,3,3363.4999999999,1,42.5,late25,True
A-G1.045-C2,47556,3,3368.4999999999,1,5.0,late25,True
A-G1.045-C2,47556,3,3377.9999999999,1,9.5,late25,True
A-G1.045-C2,47556,3,3528.4999999999,1,150.5,late25,True
A-G1.045-C2,47556,3,3544.4999999999,1,16.0,late25,True
A-G1.045-C2,47556,3,3557.4999999999,1,13.0,late25,True
A-G1.045-C2,47556,3,3585.7499999999,1,28.25,late25,True
A-G1.045-C2,47556,3,3591.7499999999,1,6.0,late25,True
A-G1.045-C2,47556,3,3599.7499999999,1,8.0,late25,True
A-G1.045-C2,55475,0,0.25,3,,early25,False
A-G1.045-C2,55475,0,8.5,1,8.25,early25,False
A-G1.045-C2,55475,0,25.25,1,16.75,early25,False
A-G1.045-C2,55475,0,44.0,1,18.75,early25,False
A-G1.045-C2,55475,0,57.5,1,13.5,early25,False
A-G1.045-C2,55475,0,102.0,1,44.5,early25,False
A-G1.045-C2,55475,0,115.5,1,13.5,early25,False
A-G1.045-C2,55475,0,119.5,1,4.0,early25,False
A-G1.045-C2,55475,0,160.75,1,41.25,early25,False
A-G1.045-C2,55475,0,172.75,1,12.0,early25,False
A-G1.045-C2,55475,0,178.25,1,5.5,early25,False
A-G1.045-C2,55475,0,212.0,1,33.75,early25,False
A-G1.045-C2,55475,0,217.75,1,5.75,early25,False
A-G1.045-C2,55475,0,229.25,1,11.5,early25,False
A-G1.045-C2,55475,0,269.5,1,40.25,middle50,False
A-G1.045-C2,55475,0,277.75,1,8.25,middle50,False
A-G1.045-C2,55475,0,287.0,1,9.25,middle50,False
A-G1.045-C2,55475,0,293.75,1,6.75,middle50,False
A-G1.045-C2,55475,0,304.25,2,10.5,middle50,False
A-G1.045-C2,55475,0,329.0,1,24.75,middle50,False
A-G1.045-C2,55475,0,342.25,1,13.25,middle50,False
A-G1.045-C2,55475,0,348.25,1,6.0,middle50,False
A-G1.045-C2,55475,0,355.0,13,6.75,middle50,False
A-G1.045-C2,55475,0,518.75,1,163.75,middle50,False
A-G1.045-C2,55475,0,562.5,1,43.75,middle50,False
A-G1.045-C2,55475,0,572.75,1,10.25,middle50,False
A-G1.045-C2,55475,0,580.75,1,8.0,middle50,False
A-G1.045-C2,55475,0,597.5,1,16.75,middle50,False
A-G1.045-C2,55475,0,743.25,1,145.75,late25,False
A-G1.045-C2,55475,0,751.5,1,8.25,late25,False
A-G1.045-C2,55475,0,758.75,1,7.25,late25,False
A-G1.045-C2,55475,0,762.75,1,4.0,late25,False
A-G1.045-C2,55475,0,768.25,1,5.5,late25,False
A-G1.045-C2,55475,0,795.0,11,26.75,late25,False
A-G1.045-C2,55475,0,805.5,1,10.5,late25,False
A-G1.045-C2,55475,0,809.75,1,4.25,late25,False
A-G1.045-C2,55475,0,811.75,1,2.0,late25,False
A-G1.045-C2,55475,0,817.0,1,5.25,late25,False
A-G1.045-C2,55475,0,822.5,1,5.5,late25,False
A-G1.045-C2,55475,1,955.0,1,132.5,early25,False
A-G1.045-C2,55475,1,956.25,1,1.25,early25,False
A-G1.045-C2,55475,1,959.25,1,3.0,early25,False
A-G1.045-C2,55475,1,960.5,1,1.25,early25,False
A-G1.045-C2,55475,1,963.0,1,2.5,early25,False
A-G1.045-C2,55475,1,965.0,1,2.0,early25,False
A-G1.045-C2,55475,1,967.0,1,2.0,early25,False
A-G1.045-C2,55475,1,968.75,1,1.75,early25,False
A-G1.045-C2,55475,1,972.25,1,3.5,early25,False
A-G1.045-C2,55475,1,981.75,2,9.5,early25,False
A-G1.045-C2,55475,1,1011.5,1,29.75,early25,False
A-G1.045-C2,55475,1,1014.0,1,2.5,early25,False
A-G1.045-C2,55475,1,1017.0,1,3.0,early25,False
A-G1.045-C2,55475,1,1020.25,1,3.25,early25,False
A-G1.045-C2,55475,1,1023.75,2,3.5,early25,False
A-G1.045-C2,55475,1,1028.75,1,5.0,early25,False
A-G1.045-C2,55475,1,1030.75,1,2.0,early25,False
A-G1.045-C2,55475,1,1035.5,2,4.75,early25,False
A-G1.045-C2,55475,1,1040.0,2,4.5,early25,False
A-G1.045-C2,55475,1,1077.75,1,37.75,early25,False
A-G1.045-C2,55475,1,1084.75,1,7.0,early25,False
A-G1.045-C2,55475,1,1122.5,1,37.75,early25,False
A-G1.045-C2,55475,1,1130.0,1,7.5,middle50,False
A-G1.045-C2,55475,1,1132.5,1,2.5,middle50,False
A-G1.045-C2,55475,1,1140.5,2,8.0,middle50,False
A-G1.045-C2,55475,1,1145.0,1,4.5,middle50,False
A-G1.045-C2,55475,1,1147.75,1,2.75,middle50,False
A-G1.045-C2,55475,1,1151.25,1,3.5,middle50,False
A-G1.045-C2,55475,1,1163.0,5,11.75,middle50,False
A-G1.045-C2,55475,1,1305.5,1,142.5,middle50,False
A-G1.045-C2,55475,1,1314.5,1,9.0,middle50,False
A-G1.045-C2,55475,1,1320.0,2,5.5,middle50,False
A-G1.045-C2,55475,1,1324.0,1,4.0,middle50,False
A-G1.045-C2,55475,1,1330.75,1,6.75,middle50,False
A-G1.045-C2,55475,1,1337.0,2,6.25,middle50,False
A-G1.045-C2,55475,1,1358.5,1,21.5,middle50,False
A-G1.045-C2,55475,1,1362.25,1,3.75,middle50,False
A-G1.045-C2,55475,1,1366.75,13,4.5,middle50,False
A-G1.045-C2,55475,1,1371.5,1,4.75,middle50,False
A-G1.045-C2,55475,1,1378.5,1,7.0,middle50,False
A-G1.045-C2,55475,1,1380.75,1,2.25,middle50,False
A-G1.045-C2,55475,1,1388.75,1,8.0,middle50,False
A-G1.045-C2,55475,1,1522.0,1,133.25,late25,False
A-G1.045-C2,55475,1,1526.25,2,4.25,late25,False
A-G1.045-C2,55475,1,1529.25,1,3.0,late25,False
A-G1.045-C2,55475,1,1535.5,1,6.25,late25,False
A-G1.045-C2,55475,1,1539.25,1,3.75,late25,False
A-G1.045-C2,55475,1,1543.5,1,4.25,late25,False
A-G1.045-C2,55475,1,1547.5,1,4.0,late25,False
A-G1.045-C2,55475,1,1550.0,1,2.5,late25,False
A-G1.045-C2,55475,1,1575.25,1,25.25,late25,False
A-G1.045-C2,55475,1,1577.75,12,2.5,late25,False
A-G1.045-C2,55475,1,1583.75,1,6.0,late25,False
A-G1.045-C2,55475,1,1592.25,1,8.5,late25,False
A-G1.045-C2,55475,1,1594.5,1,2.25,late25,False
A-G1.045-C2,55475,1,1596.0,1,1.5,late25,False
A-G1.045-C2,55475,1,1602.5,1,6.5,late25,False
A-G1.045-C2,55475,1,1605.0,1,2.5,late25,False
A-G1.045-C2,55475,2,1730.5,1,125.5,early25,False
A-G1.045-C2,55475,2,1732.5,1,2.0,early25,False
A-G1.045-C2,55475,2,1734.0,1,1.5,early25,False
A-G1.045-C2,55475,2,1740.0,2,6.0,early25,False
A-G1.045-C2,55475,2,1742.5,2,2.5,early25,False
A-G1.045-C2,55475,2,1745.5,2,3.0,early25,False
A-G1.045-C2,55475,2,1747.0,1,1.5,early25,False
A-G1.045-C2,55475,2,1749.25,1,2.25,early25,False
A-G1.045-C2,55475,2,1751.0,1,1.75,early25,False
A-G1.045-C2,55475,2,1758.0,3,7.0,early25,False
A-G1.045-C2,55475,2,1789.25,4,31.25,early25,False
A-G1.045-C2,55475,2,1793.5,1,4.25,early25,False
A-G1.045-C2,55475,2,1794.5,1,1.0,early25,False
A-G1.045-C2,55475,2,1798.5,2,4.0,early25,False
A-G1.045-C2,55475,2,1804.0,3,5.5,early25,False
A-G1.045-C2,55475,2,1815.0,3,11.0,early25,False
A-G1.045-C2,55475,2,1852.75,1,37.75,early25,False
A-G1.045-C2,55475,2,1860.5,3,7.75,early25,False
A-G1.045-C2,55475,2,1863.75,1,3.25,early25,False
A-G1.045-C2,55475,2,1874.0,3,10.25,early25,False
A-G1.045-C2,55475,2,1918.25,2,44.25,early25,False
A-G1.045-C2,55475,2,1924.0,1,5.75,early25,False
A-G1.045-C2,55475,2,1928.0,1,4.0,early25,False
A-G1.045-C2,55475,2,1929.75,1,1.75,early25,False
A-G1.045-C2,55475,2,1955.25,2,25.5,early25,False
A-G1.045-C2,55475,2,1962.75,2,7.5,middle50,False
A-G1.045-C2,55475,2,1967.0,2,4.25,middle50,False
A-G1.045-C2,55475,2,2007.75,2,40.75,middle50,False
A-G1.045-C2,55475,2,2011.5,2,3.75,middle50,False
A-G1.045-C2,55475,2,2015.5,1,4.0,middle50,False
A-G1.045-C2,55475,2,2018.75,2,3.25,middle50,False
A-G1.045-C2,55475,2,2022.0,1,3.25,middle50,False
A-G1.045-C2,55475,2,2024.5,1,2.5,middle50,False
A-G1.045-C2,55475,2,2028.75,1,4.25,middle50,False
A-G1.045-C2,55475,2,2033.0,2,4.25,middle50,False
A-G1.045-C2,55475,2,2043.25,2,10.25,middle50,False
A-G1.045-C2,55475,2,2063.25,1,20.0,middle50,False
A-G1.045-C2,55475,2,2073.25,2,10.0,middle50,False
A-G1.045-C2,55475,2,2077.0,1,3.75,middle50,False
A-G1.045-C2,55475,2,2086.0,1,9.0,middle50,False
A-G1.045-C2,55475,2,2093.0,3,7.0,middle50,False
A-G1.045-C2,55475,2,2117.25,1,24.25,middle50,False
A-G1.045-C2,55475,2,2124.5,1,7.25,middle50,False
A-G1.045-C2,55475,2,2128.25,3,3.75,middle50,False
A-G1.045-C2,55475,2,2131.0,1,2.75,middle50,False
A-G1.045-C2,55475,2,2134.5,2,3.5,middle50,False
A-G1.045-C2,55475,2,2138.25,2,3.75,middle50,False
A-G1.045-C2,55475,2,2140.0,1,1.75,middle50,False
A-G1.045-C2,55475,2,2141.75,1,1.75,middle50,False
A-G1.045-C2,55475,2,2143.25,1,1.5,middle50,False
A-G1.045-C2,55475,2,2151.0,2,7.75,middle50,False
A-G1.045-C2,55475,2,2157.0,4,6.0,middle50,False
A-G1.045-C2,55475,2,2284.0,1,127.0,middle50,False
A-G1.045-C2,55475,2,2286.0,1,2.0,middle50,False
A-G1.045-C2,55475,2,2289.25,1,3.25,middle50,False
A-G1.045-C2,55475,2,2294.5,1,5.25,middle50,False
A-G1.045-C2,55475,2,2298.0,1,3.5,middle50,False
A-G1.045-C2,55475,2,2303.0,1,5.0,middle50,False
A-G1.045-C2,55475,2,2305.75,2,2.75,middle50,False
A-G1.045-C2,55475,2,2309.0,1,3.25,middle50,False
A-G1.045-C2,55475,2,2312.25,1,3.25,middle50,False
A-G1.045-C2,55475,2,2317.25,2,5.0,middle50,False
A-G1.045-C2,55475,2,2340.0,1,22.75,middle50,False
A-G1.045-C2,55475,2,2344.25,1,4.25,middle50,False
A-G1.045-C2,55475,2,2349.25,1,5.0,middle50,False
A-G1.045-C2,55475,2,2354.25,1,5.0,middle50,False
A-G1.045-C2,55475,2,2359.25,2,5.0,middle50,False
A-G1.045-C2,55475,2,2367.75,2,8.5,middle50,False
A-G1.045-C2,55475,2,2370.5,1,2.75,middle50,False
A-G1.045-C2,55475,2,2509.25,1,138.75,late25,False
A-G1.045-C2,55475,2,2514.25,2,5.0,late25,False
A-G1.045-C2,55475,2,2519.25,1,5.0,late25,False
A-G1.045-C2,55475,2,2531.0,2,11.75,late25,False
A-G1.045-C2,55475,2,2564.25,2,33.25,late25,False
A-G1.045-C2,55475,2,2569.5,1,5.25,late25,False
A-G1.045-C2,55475,2,2570.25,1,0.75,late25,False
A-G1.045-C2,55475,2,2573.0,1,2.75,late25,False
A-G1.045-C2,55475,2,2576.0,1,3.0,late25,False
A-G1.045-C2,55475,2,2582.0,2,6.0,late25,False
A-G1.045-C2,55475,2,2586.0,1,4.0,late25,False
A-G1.045-C2,55475,2,2590.0,1,4.0,late25,False
A-G1.045-C2,55475,2,2598.0,1,8.0,late25,False
A-G1.045-C2,55475,3,2721.2499999999,2,123.24999999989996,early25,True
A-G1.045-C2,55475,3,2725.4999999999,2,4.25,early25,True
A-G1.045-C2,55475,3,2729.7499999999,2,4.25,early25,True
A-G1.045-C2,55475,3,2734.2499999999,1,4.5,early25,True
A-G1.045-C2,55475,3,2738.9999999999,2,4.75,early25,True
A-G1.045-C2,55475,3,2744.2499999999,2,5.25,early25,True
A-G1.045-C2,55475,3,2749.7499999999,2,5.5,early25,True
A-G1.045-C2,55475,3,2776.4999999999,2,26.75,early25,True
A-G1.045-C2,55475,3,2780.4999999999,2,4.0,early25,True
A-G1.045-C2,55475,3,2784.2499999999,2,3.75,early25,True
A-G1.045-C2,55475,3,2787.2499999999,1,3.0,early25,True
A-G1.045-C2,55475,3,2790.9999999999,2,3.75,early25,True
A-G1.045-C2,55475,3,2794.4999999999,2,3.5,early25,True
A-G1.045-C2,55475,3,2797.9999999999,1,3.5,early25,True
A-G1.045-C2,55475,3,2802.2499999999,18,4.25,early25,True
A-G1.045-C2,55475,3,2805.2499999999,1,3.0,early25,True
A-G1.045-C2,55475,3,2813.7499999999,15,8.5,early25,True
A-G1.045-C2,55475,3,2849.9999999999,2,36.25,early25,True
A-G1.045-C2,55475,3,2883.7499999999,1,33.75,early25,True
A-G1.045-C2,55475,3,2889.2499999999,1,5.5,early25,True
A-G1.045-C2,55475,3,2895.7499999999,1,6.5,early25,True
A-G1.045-C2,55475,3,2899.4999999999,1,3.75,early25,True
A-G1.045-C2,55475,3,2905.2499999999,2,5.75,early25,True
A-G1.045-C2,55475,3,2912.7499999999,1,7.5,early25,True
A-G1.045-C2,55475,3,2914.4999999999,1,1.75,early25,True
A-G1.045-C2,55475,3,2941.7499999999,2,27.25,middle50,True
A-G1.045-C2,55475,3,2955.2499999999,2,13.5,middle50,True
A-G1.045-C2,55475,3,2991.4999999999,2,36.25,middle50,True
A-G1.045-C2,55475,3,2995.9999999999,1,4.5,middle50,True
A-G1.045-C2,55475,3,3000.4999999999,2,4.5,middle50,True
A-G1.045-C2,55475,3,3006.9999999999,1,6.5,middle50,True
A-G1.045-C2,55475,3,3016.4999999999,1,9.5,middle50,True
A-G1.045-C2,55475,3,3025.2499999999,3,8.75,middle50,True
A-G1.045-C2,55475,3,3037.4999999999,1,12.25,middle50,True
A-G1.045-C2,55475,3,3044.2499999999,2,6.75,middle50,True
A-G1.045-C2,55475,3,3050.9999999999,1,6.75,middle50,True
A-G1.045-C2,55475,3,3092.4999999999,2,41.5,middle50,True
A-G1.045-C2,55475,3,3096.7499999999,1,4.25,middle50,True
A-G1.045-C2,55475,3,3101.2499999999,2,4.5,middle50,True
A-G1.045-C2,55475,3,3106.4999999999,1,5.25,middle50,True
A-G1.045-C2,55475,3,3111.9999999999,1,5.5,middle50,True
A-G1.045-C2,55475,3,3114.4999999999,1,2.5,middle50,True
A-G1.045-C2,55475,3,3119.9999999999,2,5.5,middle50,True
A-G1.045-C2,55475,3,3153.9999999999,1,34.0,middle50,True
A-G1.045-C2,55475,3,3159.2499999999,1,5.25,middle50,True
A-G1.045-C2,55475,3,3165.7499999999,1,6.5,middle50,True
A-G1.045-C2,55475,3,3172.2499999999,1,6.5,middle50,True
A-G1.045-C2,55475,3,3209.4999999999,1,37.25,middle50,True
A-G1.045-C2,55475,3,3218.2499999999,1,8.75,middle50,True
A-G1.045-C2,55475,3,3226.4999999999,1,8.25,middle50,True
A-G1.045-C2,55475,3,3235.2499999999,2,8.75,middle50,True
A-G1.045-C2,55475,3,3263.2499999999,1,28.0,middle50,True
A-G1.045-C2,55475,3,3269.9999999999,1,6.75,middle50,True
A-G1.045-C2,55475,3,3273.4999999999,1,3.5,middle50,True
A-G1.045-C2,55475,3,3280.2499999999,1,6.75,middle50,True
A-G1.045-C2,55475,3,3284.2499999999,1,4.0,middle50,True
A-G1.045-C2,55475,3,3313.7499999999,6,29.5,middle50,True
A-G1.045-C2,55475,3,3337.4999999999,1,23.75,middle50,True
A-G1.045-C2,55475,3,3343.4999999999,1,6.0,middle50,True
A-G1.045-C2,55475,3,3357.9999999999,4,14.5,middle50,True
A-G1.045-C2,55475,3,3371.2499999999,1,13.25,middle50,True
A-G1.045-C2,55475,3,3383.2499999999,1,12.0,late25,True
A-G1.045-C2,55475,3,3390.9999999999,1,7.75,late25,True
A-G1.045-C2,55475,3,3398.9999999999,1,8.0,late25,True
A-G1.045-C2,55475,3,3426.7499999999,1,27.75,late25,True
A-G1.045-C2,55475,3,3437.7499999999,1,11.0,late25,True
A-G1.045-C2,55475,3,3445.7499999999,1,8.0,late25,True
A-G1.045-C2,55475,3,3451.2499999999,1,5.5,late25,True
A-G1.045-C2,55475,3,3456.7499999999,1,5.5,late25,True
A-G1.045-C2,55475,3,3462.7499999999,1,6.0,late25,True
A-G1.045-C2,55475,3,3473.7499999999,1,11.0,late25,True
A-G1.045-C2,55475,3,3487.9999999999,1,14.25,late25,True
A-G1.045-C2,55475,3,3531.9999999999,1,44.0,late25,True
A-G1.045-C2,55475,3,3536.7499999999,1,4.75,late25,True
A-G1.045-C2,55475,3,3541.7499999999,1,5.0,late25,True
A-G1.045-C2,55475,3,3549.7499999999,1,8.0,late25,True
A-G1.045-C2,55475,3,3563.4999999999,1,13.75,late25,True
A-G1.045-C2,55475,3,3581.2499999999,1,17.75,late25,True
A-G1.045-C2,55475,3,3589.9999999999,1,8.75,late25,True
A-G1.045-C2,55475,3,3597.4999999999,1,7.5,late25,True
A-G1.045-C2,63394,0,0.25,3,,early25,False
A-G1.045-C2,63394,0,8.25,1,8.0,early25,False
A-G1.045-C2,63394,0,33.75,1,25.5,early25,False
A-G1.045-C2,63394,0,38.75,1,5.0,early25,False
A-G1.045-C2,63394,0,46.25,1,7.5,early25,False
A-G1.045-C2,63394,0,90.5,1,44.25,early25,False
A-G1.045-C2,63394,0,105.75,1,15.25,early25,False
A-G1.045-C2,63394,0,108.75,1,3.0,early25,False
A-G1.045-C2,63394,0,112.75,1,4.0,early25,False
A-G1.045-C2,63394,0,167.5,1,54.75,early25,False
A-G1.045-C2,63394,0,177.0,1,9.5,early25,False
A-G1.045-C2,63394,0,184.0,1,7.0,early25,False
A-G1.045-C2,63394,0,216.25,2,32.25,middle50,False
A-G1.045-C2,63394,0,224.5,1,8.25,middle50,False
A-G1.045-C2,63394,0,228.75,1,4.25,middle50,False
A-G1.045-C2,63394,0,235.0,1,6.25,middle50,False
A-G1.045-C2,63394,0,241.75,14,6.75,middle50,False
A-G1.045-C2,63394,0,450.25,1,208.5,middle50,False
A-G1.045-C2,63394,0,458.25,1,8.0,middle50,False
A-G1.045-C2,63394,0,464.25,1,6.0,middle50,False
A-G1.045-C2,63394,0,466.5,1,2.25,middle50,False
A-G1.045-C2,63394,0,475.75,1,9.25,middle50,False
A-G1.045-C2,63394,0,480.0,1,4.25,middle50,False
A-G1.045-C2,63394,0,633.5,1,153.5,late25,False
A-G1.045-C2,63394,0,643.0,1,9.5,late25,False
A-G1.045-C2,63394,0,648.25,1,5.25,late25,False
A-G1.045-C2,63394,0,653.25,1,5.0,late25,False
A-G1.045-C2,63394,0,682.25,1,29.0,late25,False
A-G1.045-C2,63394,0,685.25,1,3.0,late25,False
A-G1.045-C2,63394,0,692.75,1,7.5,late25,False
A-G1.045-C2,63394,0,699.75,1,7.0,late25,False
A-G1.045-C2,63394,0,704.75,1,5.0,late25,False
A-G1.045-C2,63394,0,709.5,1,4.75,late25,False
A-G1.045-C2,63394,1,846.25,1,136.75,early25,False
A-G1.045-C2,63394,1,852.5,1,6.25,early25,False
A-G1.045-C2,63394,1,854.5,1,2.0,early25,False
A-G1.045-C2,63394,1,857.0,1,2.5,early25,False
A-G1.045-C2,63394,1,862.0,2,5.0,early25,False
A-G1.045-C2,63394,1,867.5,1,5.5,early25,False
A-G1.045-C2,63394,1,872.5,2,5.0,early25,False
A-G1.045-C2,63394,1,879.5,2,7.0,early25,False
A-G1.045-C2,63394,1,903.75,1,24.25,early25,False
A-G1.045-C2,63394,1,907.25,2,3.5,early25,False
A-G1.045-C2,63394,1,912.0,1,4.75,early25,False
A-G1.045-C2,63394,1,916.5,22,4.5,early25,False
A-G1.045-C2,63394,1,926.75,1,10.25,early25,False
A-G1.045-C2,63394,1,930.0,1,3.25,early25,False
A-G1.045-C2,63394,1,930.5,1,0.5,early25,False
A-G1.045-C2,63394,1,942.0,6,11.5,early25,False
A-G1.045-C2,63394,1,955.5,1,13.5,early25,False
A-G1.045-C2,63394,1,958.75,1,3.25,early25,False
A-G1.045-C2,63394,1,964.5,1,5.75,early25,False
A-G1.045-C2,63394,1,968.25,1,3.75,early25,False
A-G1.045-C2,63394,1,973.0,1,4.75,early25,False
A-G1.045-C2,63394,1,977.0,1,4.0,early25,False
A-G1.045-C2,63394,1,979.5,1,2.5,early25,False
A-G1.045-C2,63394,1,1020.5,1,41.0,middle50,False
A-G1.045-C2,63394,1,1023.75,1,3.25,middle50,False
A-G1.045-C2,63394,1,1030.25,1,6.5,middle50,False
A-G1.045-C2,63394,1,1034.25,2,4.0,middle50,False
A-G1.045-C2,63394,1,1039.25,1,5.0,middle50,False
A-G1.045-C2,63394,1,1047.75,1,8.5,middle50,False
A-G1.045-C2,63394,1,1186.25,1,138.5,middle50,False
A-G1.045-C2,63394,1,1191.5,1,5.25,middle50,False
A-G1.045-C2,63394,1,1193.5,1,2.0,middle50,False
A-G1.045-C2,63394,1,1196.75,1,3.25,middle50,False
A-G1.045-C2,63394,1,1201.5,1,4.75,middle50,False
A-G1.045-C2,63394,1,1208.0,1,6.5,middle50,False
A-G1.045-C2,63394,1,1214.0,1,6.0,middle50,False
A-G1.045-C2,63394,1,1242.75,2,28.75,middle50,False
A-G1.045-C2,63394,1,1245.75,1,3.0,middle50,False
A-G1.045-C2,63394,1,1247.5,1,1.75,middle50,False
A-G1.045-C2,63394,1,1250.5,1,3.0,middle50,False
A-G1.045-C2,63394,1,1252.0,1,1.5,middle50,False
A-G1.045-C2,63394,1,1255.25,1,3.25,middle50,False
A-G1.045-C2,63394,1,1259.0,1,3.75,middle50,False
A-G1.045-C2,63394,1,1263.75,1,4.75,middle50,False
A-G1.045-C2,63394,1,1270.0,1,6.25,middle50,False
A-G1.045-C2,63394,1,1272.5,1,2.5,middle50,False
A-G1.045-C2,63394,1,1284.5,4,12.0,middle50,False
A-G1.045-C2,63394,1,1408.0,1,123.5,middle50,False
A-G1.045-C2,63394,1,1411.25,1,3.25,late25,False
A-G1.045-C2,63394,1,1415.0,1,3.75,late25,False
A-G1.045-C2,63394,1,1418.75,1,3.75,late25,False
A-G1.045-C2,63394,1,1422.0,1,3.25,late25,False
A-G1.045-C2,63394,1,1425.75,1,3.75,late25,False
A-G1.045-C2,63394,1,1429.5,1,3.75,late25,False
A-G1.045-C2,63394,1,1434.25,1,4.75,late25,False
A-G1.045-C2,63394,1,1438.5,1,4.25,late25,False
A-G1.045-C2,63394,1,1467.0,1,28.5,late25,False
A-G1.045-C2,63394,1,1469.75,12,2.75,late25,False
A-G1.045-C2,63394,1,1475.25,1,5.5,late25,False
A-G1.045-C2,63394,1,1479.25,1,4.0,late25,False
A-G1.045-C2,63394,1,1484.75,1,5.5,late25,False
A-G1.045-C2,63394,1,1487.75,1,3.0,late25,False
A-G1.045-C2,63394,1,1490.5,1,2.75,late25,False
A-G1.045-C2,63394,1,1494.25,1,3.75,late25,False
A-G1.045-C2,63394,2,1622.0,1,127.75,early25,False
A-G1.045-C2,63394,2,1625.75,2,3.75,early25,False
A-G1.045-C2,63394,2,1628.5,1,2.75,early25,False
A-G1.045-C2,63394,2,1630.5,1,2.0,early25,False
A-G1.045-C2,63394,2,1632.25,1,1.75,early25,False
A-G1.045-C2,63394,2,1635.0,2,2.75,early25,False
A-G1.045-C2,63394,2,1644.75,4,9.75,early25,False
A-G1.045-C2,63394,2,1650.0,1,5.25,early25,False
A-G1.045-C2,63394,2,1681.75,2,31.75,early25,False
A-G1.045-C2,63394,2,1685.75,1,4.0,early25,False
A-G1.045-C2,63394,2,1691.75,2,6.0,early25,False
A-G1.045-C2,63394,2,1695.0,1,3.25,early25,False
A-G1.045-C2,63394,2,1702.5,3,7.5,early25,False
A-G1.045-C2,63394,2,1708.0,3,5.5,early25,False
A-G1.045-C2,63394,2,1715.75,1,7.75,early25,False
A-G1.045-C2,63394,2,1736.5,2,20.75,early25,False
A-G1.045-C2,63394,2,1742.25,3,5.75,early25,False
A-G1.045-C2,63394,2,1788.5,2,46.25,early25,False
A-G1.045-C2,63394,2,1801.5,4,13.0,early25,False
A-G1.045-C2,63394,2,1806.75,3,5.25,early25,False
A-G1.045-C2,63394,2,1838.0,2,31.25,early25,False
A-G1.045-C2,63394,2,1850.0,2,12.0,early25,False
A-G1.045-C2,63394,2,1854.0,1,4.0,early25,False
A-G1.045-C2,63394,2,1858.5,1,4.5,early25,False
A-G1.045-C2,63394,2,1898.75,2,40.25,early25,False
A-G1.045-C2,63394,2,1903.5,3,4.75,early25,False
A-G1.045-C2,63394,2,1908.5,3,5.0,early25,False
A-G1.045-C2,63394,2,1913.5,2,5.0,early25,False
A-G1.045-C2,63394,2,1920.0,2,6.5,early25,False
A-G1.045-C2,63394,2,1927.75,1,7.75,early25,False
A-G1.045-C2,63394,2,1933.75,5,6.0,early25,False
A-G1.045-C2,63394,2,2072.5,1,138.75,middle50,False
A-G1.045-C2,63394,2,2078.5,1,6.0,middle50,False
A-G1.045-C2,63394,2,2084.75,2,6.25,middle50,False
A-G1.045-C2,63394,2,2091.0,2,6.25,middle50,False
A-G1.045-C2,63394,2,2092.25,2,1.25,middle50,False
A-G1.045-C2,63394,2,2097.0,2,4.75,middle50,False
A-G1.045-C2,63394,2,2134.0,2,37.0,middle50,False
A-G1.045-C2,63394,2,2138.0,1,4.0,middle50,False
A-G1.045-C2,63394,2,2141.5,1,3.5,middle50,False
A-G1.045-C2,63394,2,2146.0,2,4.5,middle50,False
A-G1.045-C2,63394,2,2149.0,1,3.0,middle50,False
A-G1.045-C2,63394,2,2154.75,1,5.75,middle50,False
A-G1.045-C2,63394,2,2163.25,2,8.5,middle50,False
A-G1.045-C2,63394,2,2297.5,2,134.25,middle50,False
A-G1.045-C2,63394,2,2301.0,2,3.5,middle50,False
A-G1.045-C2,63394,2,2304.5,1,3.5,middle50,False
A-G1.045-C2,63394,2,2309.75,2,5.25,middle50,False
A-G1.045-C2,63394,2,2315.0,2,5.25,middle50,False
A-G1.045-C2,63394,2,2320.25,1,5.25,middle50,False
A-G1.045-C2,63394,2,2323.75,1,3.5,middle50,False
A-G1.045-C2,63394,2,2327.0,1,3.25,middle50,False
A-G1.045-C2,63394,2,2353.5,1,26.5,middle50,False
A-G1.045-C2,63394,2,2357.5,1,4.0,middle50,False
A-G1.045-C2,63394,2,2361.25,2,3.75,middle50,False
A-G1.045-C2,63394,2,2366.25,1,5.0,middle50,False
A-G1.045-C2,63394,2,2369.75,9,3.5,middle50,False
A-G1.045-C2,63394,2,2375.5,1,5.75,middle50,False
A-G1.045-C2,63394,2,2377.25,1,1.75,middle50,False
A-G1.045-C2,63394,2,2380.5,2,3.25,middle50,False
A-G1.045-C2,63394,2,2532.25,1,151.75,middle50,False
A-G1.045-C2,63394,2,2535.0,1,2.75,middle50,False
A-G1.045-C2,63394,2,2544.75,1,9.75,middle50,False
A-G1.045-C2,63394,2,2547.5,1,2.75,middle50,False
A-G1.045-C2,63394,2,2551.5,1,4.0,middle50,False
A-G1.045-C2,63394,2,2575.75,1,24.25,middle50,False
A-G1.045-C2,63394,2,2579.75,1,4.0,middle50,False
A-G1.045-C2,63394,2,2582.0,8,2.25,middle50,False
A-G1.045-C2,63394,2,2583.5,1,1.5,middle50,False
A-G1.045-C2,63394,2,2587.75,2,4.25,middle50,False
A-G1.045-C2,63394,2,2592.5,1,4.75,middle50,False
A-G1.045-C2,63394,2,2595.25,1,2.75,middle50,False
A-G1.045-C2,63394,2,2598.0,1,2.75,middle50,False
A-G1.045-C2,63394,2,2604.0,1,6.0,late25,False
A-G1.045-C2,63394,2,2614.75,3,10.75,late25,False
A-G1.045-C2,63394,2,2739.0,1,124.25,late25,False
A-G1.045-C2,63394,2,2743.0,1,4.0,late25,False
A-G1.045-C2,63394,2,2752.0,1,9.0,late25,False
A-G1.045-C2,63394,2,2757.25,2,5.25,late25,False
A-G1.045-C2,63394,2,2794.5,1,37.25,late25,False
A-G1.045-C2,63394,2,2801.5,1,7.0,late25,False
A-G1.045-C2,63394,2,2803.0,1,1.5,late25,False
A-G1.045-C2,63394,2,2806.25,1,3.25,late25,False
A-G1.045-C2,63394,2,2809.5,1,3.25,late25,False
A-G1.045-C2,63394,2,2814.75,1,5.25,late25,False
A-G1.045-C2,63394,2,2816.5,1,1.75,late25,False
A-G1.045-C2,63394,2,2819.75,1,3.25,late25,False
A-G1.045-C2,63394,3,2937.5,1,117.75,early25,True
A-G1.045-C2,63394,3,2947.75,1,10.25,early25,True
A-G1.045-C2,63394,3,2954.25,2,6.5,early25,True
A-G1.045-C2,63394,3,2958.25,1,4.0,early25,True
A-G1.045-C2,63394,3,2962.75,2,4.5,early25,True
A-G1.045-C2,63394,3,2967.25,1,4.5,early25,True
A-G1.045-C2,63394,3,2972.75,2,5.5,early25,True
A-G1.045-C2,63394,3,2977.5,1,4.75,early25,True
A-G1.045-C2,63394,3,3004.0,2,26.5,early25,True
A-G1.045-C2,63394,3,3007.0,1,3.0,early25,True
A-G1.045-C2,63394,3,3010.5,1,3.5,early25,True
A-G1.045-C2,63394,3,3014.5,15,4.0,early25,True
A-G1.045-C2,63394,3,3022.75,1,8.25,early25,True
A-G1.045-C2,63394,3,3028.5,1,5.75,early25,True
A-G1.045-C2,63394,3,3030.75,1,2.25,early25,True
A-G1.045-C2,63394,3,3042.5,3,11.75,early25,True
A-G1.045-C2,63394,3,3061.5,2,19.0,early25,True
A-G1.045-C2,63394,3,3071.0,2,9.5,early25,True
A-G1.045-C2,63394,3,3080.75,2,9.75,early25,True
A-G1.045-C2,63394,3,3111.5,2,30.75,middle50,True
A-G1.045-C2,63394,3,3117.25,2,5.75,middle50,True
A-G1.045-C2,63394,3,3123.0,1,5.75,middle50,True
A-G1.045-C2,63394,3,3128.5,1,5.5,middle50,True
A-G1.045-C2,63394,3,3134.0,2,5.5,middle50,True
A-G1.045-C2,63394,3,3164.5,1,30.5,middle50,True
A-G1.045-C2,63394,3,3168.25,1,3.75,middle50,True
A-G1.045-C2,63394,3,3175.5,1,7.25,middle50,True
A-G1.045-C2,63394,3,3179.25,1,3.75,middle50,True
A-G1.045-C2,63394,3,3183.5,1,4.25,middle50,True
A-G1.045-C2,63394,3,3186.75,1,3.25,middle50,True
A-G1.045-C2,63394,3,3190.5,8,3.75,middle50,True
A-G1.045-C2,63394,3,3221.5,1,31.0,middle50,True
A-G1.045-C2,63394,3,3224.25,1,2.75,middle50,True
A-G1.045-C2,63394,3,3231.25,2,7.0,middle50,True
A-G1.045-C2,63394,3,3240.5,1,9.25,middle50,True
A-G1.045-C2,63394,3,3247.5,1,7.0,middle50,True
A-G1.045-C2,63394,3,3251.0,1,3.5,middle50,True
A-G1.045-C2,63394,3,3259.0,2,8.0,middle50,True
A-G1.045-C2,63394,3,3273.0,2,14.0,middle50,True
A-G1.045-C2,63394,3,3287.25,1,14.25,middle50,True
A-G1.045-C2,63394,3,3291.0,1,3.75,middle50,True
A-G1.045-C2,63394,3,3295.0,1,4.0,middle50,True
A-G1.045-C2,63394,3,3299.75,1,4.75,middle50,True
A-G1.045-C2,63394,3,3328.5,1,28.75,middle50,True
A-G1.045-C2,63394,3,3331.25,1,2.75,middle50,True
A-G1.045-C2,63394,3,3338.25,8,7.0,middle50,True
A-G1.045-C2,63394,3,3343.5,1,5.25,middle50,True
A-G1.045-C2,63394,3,3346.25,1,2.75,middle50,True
A-G1.045-C2,63394,3,3347.0,1,0.75,middle50,True
A-G1.045-C2,63394,3,3350.25,1,3.25,middle50,True
A-G1.045-C2,63394,3,3355.25,1,5.0,middle50,True
A-G1.045-C2,63394,3,3363.5,2,8.25,middle50,True
A-G1.045-C2,63394,3,3373.0,1,9.5,middle50,True
A-G1.045-C2,63394,3,3383.0,1,10.0,middle50,True
A-G1.045-C2,63394,3,3386.5,1,3.5,middle50,True
A-G1.045-C2,63394,3,3393.25,1,6.75,middle50,True
A-G1.045-C2,63394,3,3396.75,5,3.5,middle50,True
A-G1.045-C2,63394,3,3401.5,2,4.75,middle50,True
A-G1.045-C2,63394,3,3430.5,1,29.0,middle50,True
A-G1.045-C2,63394,3,3437.25,1,6.75,late25,True
A-G1.045-C2,63394,3,3441.25,1,4.0,late25,True
A-G1.045-C2,63394,3,3448.5,1,7.25,late25,True
A-G1.045-C2,63394,3,3455.0,1,6.5,late25,True
A-G1.045-C2,63394,3,3466.0,1,11.0,late25,True
A-G1.045-C2,63394,3,3477.25,1,11.25,late25,True
A-G1.045-C2,63394,3,3483.75,1,6.5,late25,True
A-G1.045-C2,63394,3,3491.5,1,7.75,late25,True
A-G1.045-C2,63394,3,3498.0,1,6.5,late25,True
A-G1.045-C2,63394,3,3505.0,5,7.0,late25,True
A-G1.045-C2,63394,3,3538.0,1,33.0,late25,True
A-G1.045-C2,63394,3,3551.75,1,13.75,late25,True
A-G1.045-C2,63394,3,3556.5,1,4.75,late25,True
A-G1.045-C2,63394,3,3572.0,1,15.5,late25,True
A-G1.045-C2,71313,0,0.25,3,,early25,False
A-G1.045-C2,71313,0,8.5,1,8.25,early25,False
A-G1.045-C2,71313,0,18.5,1,10.0,early25,False
A-G1.045-C2,71313,0,37.25,1,18.75,early25,False
A-G1.045-C2,71313,0,46.75,1,9.5,early25,False
A-G1.045-C2,71313,0,92.75,1,46.0,early25,False
A-G1.045-C2,71313,0,106.5,1,13.75,early25,False
A-G1.045-C2,71313,0,157.5,1,51.0,early25,False
A-G1.045-C2,71313,0,170.5,1,13.0,early25,False
A-G1.045-C2,71313,0,174.0,1,3.5,early25,False
A-G1.045-C2,71313,0,184.25,1,10.25,early25,False
A-G1.045-C2,71313,0,216.5,1,32.25,early25,False
A-G1.045-C2,71313,0,222.75,1,6.25,early25,False
A-G1.045-C2,71313,0,227.25,1,4.5,early25,False
A-G1.045-C2,71313,0,230.25,1,3.0,early25,False
A-G1.045-C2,71313,0,237.25,1,7.0,early25,False
A-G1.045-C2,71313,0,248.0,1,10.75,middle50,False
A-G1.045-C2,71313,0,287.25,1,39.25,middle50,False
A-G1.045-C2,71313,0,294.5,1,7.25,middle50,False
A-G1.045-C2,71313,0,298.0,1,3.5,middle50,False
A-G1.045-C2,71313,0,307.5,1,9.5,middle50,False
A-G1.045-C2,71313,0,344.75,1,37.25,middle50,False
A-G1.045-C2,71313,0,352.25,1,7.5,middle50,False
A-G1.045-C2,71313,0,355.5,1,3.25,middle50,False
A-G1.045-C2,71313,0,359.5,1,4.0,middle50,False
A-G1.045-C2,71313,0,365.75,1,6.25,middle50,False
A-G1.045-C2,71313,0,375.25,1,9.5,middle50,False
A-G1.045-C2,71313,0,540.0,1,164.75,middle50,False
A-G1.045-C2,71313,0,581.25,1,41.25,middle50,False
A-G1.045-C2,71313,0,586.0,1,4.75,middle50,False
A-G1.045-C2,71313,0,590.25,1,4.25,middle50,False
A-G1.045-C2,71313,0,599.5,1,9.25,middle50,False
A-G1.045-C2,71313,0,602.75,1,3.25,middle50,False
A-G1.045-C2,71313,0,608.5,1,5.75,middle50,False
A-G1.045-C2,71313,0,616.75,1,8.25,middle50,False
A-G1.045-C2,71313,0,760.25,1,143.5,late25,False
A-G1.045-C2,71313,0,765.0,1,4.75,late25,False
A-G1.045-C2,71313,0,771.75,1,6.75,late25,False
A-G1.045-C2,71313,0,777.75,1,6.0,late25,False
A-G1.045-C2,71313,0,784.5,1,6.75,late25,False
A-G1.045-C2,71313,0,817.75,2,33.25,late25,False
A-G1.045-C2,71313,0,824.0,1,6.25,late25,False
A-G1.045-C2,71313,0,832.0,1,8.0,late25,False
A-G1.045-C2,71313,0,837.5,11,5.5,late25,False
A-G1.045-C2,71313,0,841.0,1,3.5,late25,False
A-G1.045-C2,71313,0,846.75,1,5.75,late25,False
A-G1.045-C2,71313,1,977.25,1,130.5,early25,False
A-G1.045-C2,71313,1,981.0,1,3.75,early25,False
A-G1.045-C2,71313,1,985.25,1,4.25,early25,False
A-G1.045-C2,71313,1,992.25,2,7.0,early25,False
A-G1.045-C2,71313,1,994.75,1,2.5,early25,False
A-G1.045-C2,71313,1,998.0,1,3.25,early25,False
A-G1.045-C2,71313,1,1001.0,1,3.0,early25,False
A-G1.045-C2,71313,1,1031.5,1,30.5,early25,False
A-G1.045-C2,71313,1,1035.75,2,4.25,early25,False
A-G1.045-C2,71313,1,1041.5,2,5.75,early25,False
A-G1.045-C2,71313,1,1045.5,1,4.0,early25,False
A-G1.045-C2,71313,1,1050.75,1,5.25,early25,False
A-G1.045-C2,71313,1,1053.75,1,3.0,early25,False
A-G1.045-C2,71313,1,1056.75,1,3.0,early25,False
A-G1.045-C2,71313,1,1068.25,1,11.5,early25,False
A-G1.045-C2,71313,1,1075.25,6,7.0,early25,False
A-G1.045-C2,71313,1,1090.0,1,14.75,early25,False
A-G1.045-C2,71313,1,1092.25,1,2.25,early25,False
A-G1.045-C2,71313,1,1096.5,1,4.25,early25,False
A-G1.045-C2,71313,1,1100.25,1,3.75,early25,False
A-G1.045-C2,71313,1,1106.75,4,6.5,early25,False
A-G1.045-C2,71313,1,1110.75,1,4.0,early25,False
A-G1.045-C2,71313,1,1147.5,1,36.75,early25,False
A-G1.045-C2,71313,1,1150.75,2,3.25,early25,False
A-G1.045-C2,71313,1,1159.0,1,8.25,middle50,False
A-G1.045-C2,71313,1,1161.75,1,2.75,middle50,False
A-G1.045-C2,71313,1,1166.0,2,4.25,middle50,False
A-G1.045-C2,71313,1,1170.25,1,4.25,middle50,False
A-G1.045-C2,71313,1,1171.25,4,1.0,middle50,False
A-G1.045-C2,71313,1,1174.25,1,3.0,middle50,False
A-G1.045-C2,71313,1,1327.0,1,152.75,middle50,False
A-G1.045-C2,71313,1,1330.0,1,3.0,middle50,False
A-G1.045-C2,71313,1,1333.75,1,3.75,middle50,False
A-G1.045-C2,71313,1,1337.25,1,3.5,middle50,False
A-G1.045-C2,71313,1,1341.5,1,4.25,middle50,False
A-G1.045-C2,71313,1,1347.5,1,6.0,middle50,False
A-G1.045-C2,71313,1,1351.75,1,4.25,middle50,False
A-G1.045-C2,71313,1,1378.25,1,26.5,middle50,False
A-G1.045-C2,71313,1,1383.75,1,5.5,middle50,False
A-G1.045-C2,71313,1,1387.0,2,3.25,middle50,False
A-G1.045-C2,71313,1,1389.75,1,2.75,middle50,False
A-G1.045-C2,71313,1,1393.25,1,3.5,middle50,False
A-G1.045-C2,71313,1,1396.75,1,3.5,middle50,False
A-G1.045-C2,71313,1,1398.5,1,1.75,middle50,False
A-G1.045-C2,71313,1,1403.25,1,4.75,middle50,False
A-G1.045-C2,71313,1,1409.25,1,6.0,middle50,False
A-G1.045-C2,71313,1,1415.75,2,6.5,middle50,False
A-G1.045-C2,71313,1,1554.75,1,139.0,late25,False
A-G1.045-C2,71313,1,1561.0,1,6.25,late25,False
A-G1.045-C2,71313,1,1564.0,1,3.0,late25,False
A-G1.045-C2,71313,1,1567.75,1,3.75,late25,False
A-G1.045-C2,71313,1,1571.0,1,3.25,late25,False
A-G1.045-C2,71313,1,1575.75,1,4.75,late25,False
A-G1.045-C2,71313,1,1579.5,1,3.75,late25,False
A-G1.045-C2,71313,1,1591.25,1,11.75,late25,False
A-G1.045-C2,71313,1,1608.25,1,17.0,late25,False
A-G1.045-C2,71313,1,1611.0,13,2.75,late25,False
A-G1.045-C2,71313,1,1615.25,1,4.25,late25,False
A-G1.045-C2,71313,1,1620.0,1,4.75,late25,False
A-G1.045-C2,71313,1,1626.0,1,6.0,late25,False
A-G1.045-C2,71313,1,1630.75,1,4.75,late25,False
A-G1.045-C2,71313,1,1635.75,1,5.0,late25,False
A-G1.045-C2,71313,1,1641.25,1,5.5,late25,False
A-G1.045-C2,71313,1,1745.25,1,104.0,late25,False
A-G1.045-C2,71313,2,1762.5,2,17.25,early25,False
A-G1.045-C2,71313,2,1765.25,2,2.75,early25,False
A-G1.045-C2,71313,2,1769.25,2,4.0,early25,False
A-G1.045-C2,71313,2,1774.0,2,4.75,early25,False
A-G1.045-C2,71313,2,1779.25,2,5.25,early25,False
A-G1.045-C2,71313,2,1784.5,2,5.25,early25,False
A-G1.045-C2,71313,2,1788.5,2,4.0,early25,False
A-G1.045-C2,71313,2,1794.25,2,5.75,early25,False
A-G1.045-C2,71313,2,1819.75,3,25.5,early25,False
A-G1.045-C2,71313,2,1823.25,1,3.5,early25,False
A-G1.045-C2,71313,2,1827.5,23,4.25,early25,False
A-G1.045-C2,71313,2,1830.25,1,2.75,early25,False
A-G1.045-C2,71313,2,1838.0,2,7.75,early25,False
A-G1.045-C2,71313,2,1842.75,2,4.75,early25,False
A-G1.045-C2,71313,2,1848.75,2,6.0,early25,False
A-G1.045-C2,71313,2,1858.25,3,9.5,early25,False
A-G1.045-C2,71313,2,1864.5,5,6.25,early25,False
A-G1.045-C2,71313,2,1875.5,1,11.0,early25,False
A-G1.045-C2,71313,2,1881.0,1,5.5,early25,False
A-G1.045-C2,71313,2,1886.5,1,5.5,early25,False
A-G1.045-C2,71313,2,1900.5,1,14.0,early25,False
A-G1.045-C2,71313,2,1931.25,1,30.75,early25,False
A-G1.045-C2,71313,2,1938.5,1,7.25,early25,False
A-G1.045-C2,71313,2,1942.25,1,3.75,early25,False
A-G1.045-C2,71313,2,1951.0,1,8.75,early25,False
A-G1.045-C2,71313,2,1956.5,2,5.5,early25,False
A-G1.045-C2,71313,2,1960.75,1,4.25,early25,False
A-G1.045-C2,71313,2,2108.5,2,147.75,middle50,False
A-G1.045-C2,71313,2,2111.25,1,2.75,middle50,False
A-G1.045-C2,71313,2,2119.25,2,8.0,middle50,False
A-G1.045-C2,71313,2,2127.5,1,8.25,middle50,False
A-G1.045-C2,71313,2,2165.25,2,37.75,middle50,False
A-G1.045-C2,71313,2,2171.5,2,6.25,middle50,False
A-G1.045-C2,71313,2,2176.0,2,4.5,middle50,False
A-G1.045-C2,71313,2,2179.0,1,3.0,middle50,False
A-G1.045-C2,71313,2,2180.5,1,1.5,middle50,False
A-G1.045-C2,71313,2,2188.25,1,7.75,middle50,False
A-G1.045-C2,71313,2,2191.25,1,3.0,middle50,False
A-G1.045-C2,71313,2,2205.0,5,13.75,middle50,False
A-G1.045-C2,71313,2,2344.75,1,139.75,middle50,False
A-G1.045-C2,71313,2,2352.25,2,7.5,middle50,False
A-G1.045-C2,71313,2,2358.5,1,6.25,middle50,False
A-G1.045-C2,71313,2,2362.75,1,4.25,middle50,False
A-G1.045-C2,71313,2,2364.75,1,2.0,middle50,False
A-G1.045-C2,71313,2,2371.25,2,6.5,middle50,False
A-G1.045-C2,71313,2,2403.5,1,32.25,middle50,False
A-G1.045-C2,71313,2,2408.5,1,5.0,middle50,False
A-G1.045-C2,71313,2,2411.25,1,2.75,middle50,False
A-G1.045-C2,71313,2,2415.25,2,4.0,middle50,False
A-G1.045-C2,71313,2,2418.0,1,2.75,middle50,False
A-G1.045-C2,71313,2,2424.0,1,6.0,middle50,False
A-G1.045-C2,71313,2,2426.0,1,2.0,middle50,False
A-G1.045-C2,71313,2,2427.75,1,1.75,middle50,False
A-G1.045-C2,71313,2,2572.5,1,144.75,late25,False
A-G1.045-C2,71313,2,2576.25,1,3.75,late25,False
A-G1.045-C2,71313,2,2578.5,1,2.25,late25,False
A-G1.045-C2,71313,2,2583.5,1,5.0,late25,False
A-G1.045-C2,71313,2,2586.0,1,2.5,late25,False
A-G1.045-C2,71313,2,2591.75,1,5.75,late25,False
A-G1.045-C2,71313,2,2595.5,1,3.75,late25,False
A-G1.045-C2,71313,2,2598.5,1,3.0,late25,False
A-G1.045-C2,71313,2,2600.75,1,2.25,late25,False
A-G1.045-C2,71313,2,2628.5,1,27.75,late25,False
A-G1.045-C2,71313,2,2631.0,1,2.5,late25,False
A-G1.045-C2,71313,2,2636.25,1,5.25,late25,False
A-G1.045-C2,71313,2,2639.0,1,2.75,late25,False
A-G1.045-C2,71313,2,2640.75,1,1.75,late25,False
A-G1.045-C2,71313,2,2645.25,9,4.5,late25,False
A-G1.045-C2,71313,2,2647.5,8,2.25,late25,False
A-G1.045-C2,71313,2,2648.75,1,1.25,late25,False
A-G1.045-C2,71313,2,2654.75,1,6.0,late25,False
A-G1.045-C2,71313,2,2658.5,1,3.75,late25,False
A-G1.045-C2,71313,2,2673.5,6,15.0,late25,False
A-G1.045-C2,71313,3,2790.0,1,116.5,early25,True
A-G1.045-C2,71313,3,2791.75,1,1.75,early25,True
A-G1.045-C2,71313,3,2793.25,1,1.5,early25,True
A-G1.045-C2,71313,3,2796.25,1,3.0,early25,True
A-G1.045-C2,71313,3,2798.0,1,1.75,early25,True
A-G1.045-C2,71313,3,2799.5,1,1.5,early25,True
A-G1.045-C2,71313,3,2801.75,1,2.25,early25,True
A-G1.045-C2,71313,3,2806.25,3,4.5,early25,True
A-G1.045-C2,71313,3,2810.75,2,4.5,early25,True
A-G1.045-C2,71313,3,2814.75,2,4.0,early25,True
A-G1.045-C2,71313,3,2819.0,1,4.25,early25,True
A-G1.045-C2,71313,3,2845.25,2,26.25,early25,True
A-G1.045-C2,71313,3,2849.25,1,4.0,early25,True
A-G1.045-C2,71313,3,2852.75,2,3.5,early25,True
A-G1.045-C2,71313,3,2856.25,1,3.5,early25,True
A-G1.045-C2,71313,3,2859.25,1,3.0,early25,True
A-G1.045-C2,71313,3,2863.25,16,4.0,early25,True
A-G1.045-C2,71313,3,2867.5,7,4.25,early25,True
A-G1.045-C2,71313,3,2869.0,1,1.5,early25,True
A-G1.045-C2,71313,3,2870.75,1,1.75,early25,True
A-G1.045-C2,71313,3,2875.75,1,5.0,early25,True
A-G1.045-C2,71313,3,2891.0,2,15.25,early25,True
A-G1.045-C2,71313,3,2896.0,1,5.0,early25,True
A-G1.045-C2,71313,3,2901.5,6,5.5,early25,True
A-G1.045-C2,71313,3,2910.75,1,9.25,early25,True
A-G1.045-C2,71313,3,2914.0,1,3.25,early25,True
A-G1.045-C2,71313,3,2917.25,1,3.25,early25,True
A-G1.045-C2,71313,3,2945.5,5,28.25,early25,True
A-G1.045-C2,71313,3,2951.25,1,5.75,early25,True
A-G1.045-C2,71313,3,2954.0,1,2.75,early25,True
A-G1.045-C2,71313,3,2955.25,1,1.25,early25,True
A-G1.045-C2,71313,3,2956.75,1,1.5,early25,True
A-G1.045-C2,71313,3,2971.75,1,15.0,early25,True
A-G1.045-C2,71313,3,2977.75,2,6.0,early25,True
A-G1.045-C2,71313,3,3001.75,1,24.0,middle50,True
A-G1.045-C2,71313,3,3006.5,1,4.75,middle50,True
A-G1.045-C2,71313,3,3013.0,2,6.5,middle50,True
A-G1.045-C2,71313,3,3019.75,1,6.75,middle50,True
A-G1.045-C2,71313,3,3052.25,1,32.5,middle50,True
A-G1.045-C2,71313,3,3057.5,2,5.25,middle50,True
A-G1.045-C2,71313,3,3066.0,1,8.5,middle50,True
A-G1.045-C2,71313,3,3074.75,1,8.75,middle50,True
A-G1.045-C2,71313,3,3078.25,1,3.5,middle50,True
A-G1.045-C2,71313,3,3098.25,1,20.0,middle50,True
A-G1.045-C2,71313,3,3108.5,2,10.25,middle50,True
A-G1.045-C2,71313,3,3113.25,1,4.75,middle50,True
A-G1.045-C2,71313,3,3117.75,1,4.5,middle50,True
A-G1.045-C2,71313,3,3125.0,1,7.25,middle50,True
A-G1.045-C2,71313,3,3156.75,2,31.75,middle50,True
A-G1.045-C2,71313,3,3162.0,1,5.25,middle50,True
A-G1.045-C2,71313,3,3174.5,1,12.5,middle50,True
A-G1.045-C2,71313,3,3180.5,1,6.0,middle50,True
A-G1.045-C2,71313,3,3200.0,1,19.5,middle50,True
A-G1.045-C2,71313,3,3207.5,1,7.5,middle50,True
A-G1.045-C2,71313,3,3212.5,1,5.0,middle50,True
A-G1.045-C2,71313,3,3221.5,1,9.0,middle50,True
A-G1.045-C2,71313,3,3225.25,1,3.75,middle50,True
A-G1.045-C2,71313,3,3229.5,5,4.25,middle50,True
A-G1.045-C2,71313,3,3263.75,1,34.25,middle50,True
A-G1.045-C2,71313,3,3266.0,1,2.25,middle50,True
A-G1.045-C2,71313,3,3273.25,1,7.25,middle50,True
A-G1.045-C2,71313,3,3278.25,1,5.0,middle50,True
A-G1.045-C2,71313,3,3282.0,1,3.75,middle50,True
A-G1.045-C2,71313,3,3287.0,1,5.0,middle50,True
A-G1.045-C2,71313,3,3313.0,1,26.0,middle50,True
A-G1.045-C2,71313,3,3318.25,1,5.25,middle50,True
A-G1.045-C2,71313,3,3327.75,1,9.5,middle50,True
A-G1.045-C2,71313,3,3363.0,1,35.25,middle50,True
A-G1.045-C2,71313,3,3369.0,1,6.0,middle50,True
A-G1.045-C2,71313,3,3374.75,1,5.75,middle50,True
A-G1.045-C2,71313,3,3384.5,1,9.75,middle50,True
A-G1.045-C2,71313,3,3394.5,1,10.0,late25,True
A-G1.045-C2,71313,3,3411.25,1,16.75,late25,True
A-G1.045-C2,71313,3,3417.5,1,6.25,late25,True
A-G1.045-C2,71313,3,3427.25,1,9.75,late25,True
A-G1.045-C2,71313,3,3431.0,1,3.75,late25,True
A-G1.045-C2,71313,3,3438.5,4,7.5,late25,True
A-G1.045-C2,71313,3,3465.75,1,27.25,late25,True
A-G1.045-C2,71313,3,3477.0,1,11.25,late25,True
A-G1.045-C2,71313,3,3480.75,1,3.75,late25,True
A-G1.045-C2,71313,3,3503.5,2,22.75,late25,True
A-G1.045-C3,42,0,0.25,3,,early25,False
A-G1.045-C3,42,0,8.25,1,8.0,early25,False
A-G1.045-C3,42,0,21.5,1,13.25,early25,False
A-G1.045-C3,42,0,46.25,1,24.75,early25,False
A-G1.045-C3,42,0,57.25,1,11.0,early25,False
A-G1.045-C3,42,0,99.75,1,42.5,early25,False
A-G1.045-C3,42,0,105.0,1,5.25,early25,False
A-G1.045-C3,42,0,119.0,1,14.0,early25,False
A-G1.045-C3,42,0,162.75,1,43.75,early25,False
A-G1.045-C3,42,0,172.5,1,9.75,early25,False
A-G1.045-C3,42,0,210.5,1,38.0,middle50,False
A-G1.045-C3,42,0,222.75,1,12.25,middle50,False
A-G1.045-C3,42,0,230.75,1,8.0,middle50,False
A-G1.045-C3,42,0,237.5,1,6.75,middle50,False
A-G1.045-C3,42,0,278.0,1,40.5,middle50,False
A-G1.045-C3,42,0,292.5,1,14.5,middle50,False
A-G1.045-C3,42,0,332.25,1,39.75,middle50,False
A-G1.045-C3,42,0,335.75,1,3.5,middle50,False
A-G1.045-C3,42,0,343.75,1,8.0,middle50,False
A-G1.045-C3,42,0,349.75,1,6.0,middle50,False
A-G1.045-C3,42,0,355.0,1,5.25,middle50,False
A-G1.045-C3,42,0,359.25,1,4.25,middle50,False
A-G1.045-C3,42,0,515.25,1,156.0,middle50,False
A-G1.045-C3,42,0,522.75,1,7.5,middle50,False
A-G1.045-C3,42,0,529.0,1,6.25,middle50,False
A-G1.045-C3,42,0,535.5,1,6.5,middle50,False
A-G1.045-C3,42,0,541.0,1,5.5,middle50,False
A-G1.045-C3,42,0,572.25,1,31.25,middle50,False
A-G1.045-C3,42,0,578.75,1,6.5,middle50,False
A-G1.045-C3,42,0,582.5,1,3.75,middle50,False
A-G1.045-C3,42,0,593.0,1,10.5,middle50,False
A-G1.045-C3,42,0,599.5,1,6.5,middle50,False
A-G1.045-C3,42,0,616.5,4,17.0,middle50,False
A-G1.045-C3,42,0,639.5,1,23.0,late25,False
A-G1.045-C3,42,0,647.75,1,8.25,late25,False
A-G1.045-C3,42,0,657.0,1,9.25,late25,False
A-G1.045-C3,42,0,691.5,1,34.5,late25,False
A-G1.045-C3,42,0,695.75,1,4.25,late25,False
A-G1.045-C3,42,0,704.25,1,8.5,late25,False
A-G1.045-C3,42,0,711.5,1,7.25,late25,False
A-G1.045-C3,42,0,715.5,1,4.0,late25,False
A-G1.045-C3,42,0,719.0,1,3.5,late25,False
A-G1.045-C3,42,0,726.25,1,7.25,late25,False
A-G1.045-C3,42,1,858.25,1,132.0,early25,False
A-G1.045-C3,42,1,862.25,1,4.0,early25,False
A-G1.045-C3,42,1,864.5,1,2.25,early25,False
A-G1.045-C3,42,1,868.0,1,3.5,early25,False
A-G1.045-C3,42,1,872.5,1,4.5,early25,False
A-G1.045-C3,42,1,874.25,1,1.75,early25,False
A-G1.045-C3,42,1,877.5,1,3.25,early25,False
A-G1.045-C3,42,1,882.25,1,4.75,early25,False
A-G1.045-C3,42,1,912.5,1,30.25,early25,False
A-G1.045-C3,42,1,915.5,1,3.0,early25,False
A-G1.045-C3,42,1,919.25,2,3.75,early25,False
A-G1.045-C3,42,1,922.75,1,3.5,early25,False
A-G1.045-C3,42,1,926.75,1,4.0,early25,False
A-G1.045-C3,42,1,929.5,1,2.75,early25,False
A-G1.045-C3,42,1,936.75,1,7.25,early25,False
A-G1.045-C3,42,1,943.25,2,6.5,early25,False
A-G1.045-C3,42,1,975.75,1,32.5,early25,False
A-G1.045-C3,42,1,988.5,2,12.75,early25,False
A-G1.045-C3,42,1,993.25,1,4.75,early25,False
A-G1.045-C3,42,1,1028.5,2,35.25,early25,False
A-G1.045-C3,42,1,1036.5,1,8.0,early25,False
A-G1.045-C3,42,1,1040.0,1,3.5,early25,False
A-G1.045-C3,42,1,1047.75,2,7.75,early25,False
A-G1.045-C3,42,1,1054.5,1,6.75,early25,False
A-G1.045-C3,42,1,1086.25,1,31.75,early25,False
A-G1.045-C3,42,1,1093.75,2,7.5,early25,False
A-G1.045-C3,42,1,1097.75,1,4.0,early25,False
A-G1.045-C3,42,1,1102.25,1,4.5,early25,False
A-G1.045-C3,42,1,1106.0,1,3.75,early25,False
A-G1.045-C3,42,1,1133.0,1,27.0,early25,False
A-G1.045-C3,42,1,1136.0,1,3.0,early25,False
A-G1.045-C3,42,1,1140.0,1,4.0,early25,False
A-G1.045-C3,42,1,1143.0,1,3.0,middle50,False
A-G1.045-C3,42,1,1147.25,1,4.25,middle50,False
A-G1.045-C3,42,1,1150.5,2,3.25,middle50,False
A-G1.045-C3,42,1,1153.5,1,3.0,middle50,False
A-G1.045-C3,42,1,1157.5,1,4.0,middle50,False
A-G1.045-C3,42,1,1161.25,1,3.75,middle50,False
A-G1.045-C3,42,1,1188.75,1,27.5,middle50,False
A-G1.045-C3,42,1,1194.75,1,6.0,middle50,False
A-G1.045-C3,42,1,1202.75,1,8.0,middle50,False
A-G1.045-C3,42,1,1205.25,1,2.5,middle50,False
A-G1.045-C3,42,1,1210.5,1,5.25,middle50,False
A-G1.045-C3,42,1,1215.25,1,4.75,middle50,False
A-G1.045-C3,42,1,1245.25,1,30.0,middle50,False
A-G1.045-C3,42,1,1248.75,1,3.5,middle50,False
A-G1.045-C3,42,1,1250.0,1,1.25,middle50,False
A-G1.045-C3,42,1,1253.75,1,3.75,middle50,False
A-G1.045-C3,42,1,1258.75,1,5.0,middle50,False
A-G1.045-C3,42,1,1263.5,1,4.75,middle50,False
A-G1.045-C3,42,1,1270.75,1,7.25,middle50,False
A-G1.045-C3,42,1,1278.75,2,8.0,middle50,False
A-G1.045-C3,42,1,1423.75,1,145.0,middle50,False
A-G1.045-C3,42,1,1429.0,1,5.25,middle50,False
A-G1.045-C3,42,1,1433.75,1,4.75,middle50,False
A-G1.045-C3,42,1,1436.5,1,2.75,middle50,False
A-G1.045-C3,42,1,1441.5,1,5.0,middle50,False
A-G1.045-C3,42,1,1444.5,1,3.0,middle50,False
A-G1.045-C3,42,1,1447.25,1,2.75,middle50,False
A-G1.045-C3,42,1,1450.25,1,3.0,middle50,False
A-G1.045-C3,42,1,1479.5,2,29.25,middle50,False
A-G1.045-C3,42,1,1486.5,1,7.0,middle50,False
A-G1.045-C3,42,1,1490.75,2,4.25,middle50,False
A-G1.045-C3,42,1,1496.25,1,5.5,middle50,False
A-G1.045-C3,42,1,1498.75,1,2.5,middle50,False
A-G1.045-C3,42,1,1501.25,1,2.5,middle50,False
A-G1.045-C3,42,1,1502.25,1,1.0,middle50,False
A-G1.045-C3,42,1,1507.0,1,4.75,middle50,False
A-G1.045-C3,42,1,1530.5,1,23.5,middle50,False
A-G1.045-C3,42,1,1533.0,1,2.5,middle50,False
A-G1.045-C3,42,1,1537.25,1,4.25,middle50,False
A-G1.045-C3,42,1,1544.5,1,7.25,middle50,False
A-G1.045-C3,42,1,1551.75,1,7.25,middle50,False
A-G1.045-C3,42,1,1553.5,1,1.75,middle50,False
A-G1.045-C3,42,1,1586.25,1,32.75,middle50,False
A-G1.045-C3,42,1,1589.0,1,2.75,middle50,False
A-G1.045-C3,42,1,1594.0,1,5.0,middle50,False
A-G1.045-C3,42,1,1595.25,1,1.25,middle50,False
A-G1.045-C3,42,1,1598.5,1,3.25,middle50,False
A-G1.045-C3,42,1,1600.75,1,2.25,middle50,False
A-G1.045-C3,42,1,1604.5,1,3.75,middle50,False
A-G1.045-C3,42,1,1610.75,1,6.25,middle50,False
A-G1.045-C3,42,1,1614.25,1,3.5,middle50,False
A-G1.045-C3,42,1,1751.0,1,136.75,middle50,False
A-G1.045-C3,42,1,1753.75,1,2.75,middle50,False
A-G1.045-C3,42,1,1757.75,1,4.0,late25,False
A-G1.045-C3,42,1,1762.25,1,4.5,late25,False
A-G1.045-C3,42,1,1765.75,1,3.5,late25,False
A-G1.045-C3,42,1,1768.25,1,2.5,late25,False
A-G1.045-C3,42,1,1776.25,1,8.0,late25,False
A-G1.045-C3,42,1,1806.25,1,30.0,late25,False
A-G1.045-C3,42,1,1808.5,1,2.25,late25,False
A-G1.045-C3,42,1,1812.5,1,4.0,late25,False
A-G1.045-C3,42,1,1817.5,1,5.0,late25,False
A-G1.045-C3,42,1,1820.25,1,2.75,late25,False
A-G1.045-C3,42,1,1822.5,1,2.25,late25,False
A-G1.045-C3,42,1,1825.75,1,3.25,late25,False
A-G1.045-C3,42,1,1831.5,1,5.75,late25,False
A-G1.045-C3,42,1,1833.75,1,2.25,late25,False
A-G1.045-C3,42,1,1837.25,1,3.5,late25,False
A-G1.045-C3,42,1,1860.25,1,23.0,late25,False
A-G1.045-C3,42,1,1864.5,1,4.25,late25,False
A-G1.045-C3,42,1,1867.25,1,2.75,late25,False
A-G1.045-C3,42,1,1877.25,1,10.0,late25,False
A-G1.045-C3,42,1,1886.25,1,9.0,late25,False
A-G1.045-C3,42,1,1914.25,1,28.0,late25,False
A-G1.045-C3,42,1,1917.25,1,3.0,late25,False
A-G1.045-C3,42,1,1921.0,1,3.75,late25,False
A-G1.045-C3,42,1,1924.25,1,3.25,late25,False
A-G1.045-C3,42,1,1929.0,1,4.75,late25,False
A-G1.045-C3,42,1,1932.5,1,3.5,late25,False
A-G1.045-C3,42,1,1945.5,1,13.0,late25,False
A-G1.045-C3,42,1,2056.75,1,111.25,late25,False
A-G1.045-C3,42,1,2060.5,1,3.75,late25,False
A-G1.045-C3,42,2,2078.0,1,17.5,early25,False
A-G1.045-C3,42,2,2079.75,1,1.75,early25,False
A-G1.045-C3,42,2,2083.0,2,3.25,early25,False
A-G1.045-C3,42,2,2085.75,1,2.75,early25,False
A-G1.045-C3,42,2,2090.5,2,4.75,early25,False
A-G1.045-C3,42,2,2096.25,2,5.75,early25,False
A-G1.045-C3,42,2,2100.25,1,4.0,early25,False
A-G1.045-C3,42,2,2105.5,2,5.25,early25,False
A-G1.045-C3,42,2,2111.75,2,6.25,early25,False
A-G1.045-C3,42,2,2137.25,2,25.5,early25,False
A-G1.045-C3,42,2,2140.75,2,3.5,early25,False
A-G1.045-C3,42,2,2144.75,20,4.0,early25,False
A-G1.045-C3,42,2,2147.25,1,2.5,early25,False
A-G1.045-C3,42,2,2148.0,1,0.75,early25,False
A-G1.045-C3,42,2,2151.25,1,3.25,early25,False
A-G1.045-C3,42,2,2156.0,2,4.75,early25,False
A-G1.045-C3,42,2,2160.75,2,4.75,early25,False
A-G1.045-C3,42,2,2167.25,3,6.5,early25,False
A-G1.045-C3,42,2,2183.0,1,15.75,early25,False
A-G1.045-C3,42,2,2185.75,1,2.75,early25,False
A-G1.045-C3,42,2,2188.75,1,3.0,early25,False
A-G1.045-C3,42,2,2192.5,1,3.75,early25,False
A-G1.045-C3,42,2,2196.5,1,4.0,early25,False
A-G1.045-C3,42,2,2201.75,2,5.25,early25,False
A-G1.045-C3,42,2,2206.25,1,4.5,early25,False
A-G1.045-C3,42,2,2209.25,1,3.0,early25,False
A-G1.045-C3,42,2,2213.25,1,4.0,early25,False
A-G1.045-C3,42,2,2239.0,12,25.75,early25,False
A-G1.045-C3,42,2,2240.25,1,1.25,early25,False
A-G1.045-C3,42,2,2243.5,1,3.25,early25,False
A-G1.045-C3,42,2,2247.75,2,4.25,early25,False
A-G1.045-C3,42,2,2250.25,1,2.5,early25,False
A-G1.045-C3,42,2,2255.75,1,5.5,early25,False
A-G1.045-C3,42,2,2262.75,2,7.0,early25,False
A-G1.045-C3,42,2,2269.25,2,6.5,early25,False
A-G1.045-C3,42,2,2409.25,1,140.0,middle50,False
A-G1.045-C3,42,2,2418.5,1,9.25,middle50,False
A-G1.045-C3,42,2,2425.0,1,6.5,middle50,False
A-G1.045-C3,42,2,2428.25,1,3.25,middle50,False
A-G1.045-C3,42,2,2433.25,1,5.0,middle50,False
A-G1.045-C3,42,2,2461.75,1,28.5,middle50,False
A-G1.045-C3,42,2,2466.0,1,4.25,middle50,False
A-G1.045-C3,42,2,2470.5,1,4.5,middle50,False
A-G1.045-C3,42,2,2474.75,2,4.25,middle50,False
A-G1.045-C3,42,2,2478.75,2,4.0,middle50,False
A-G1.045-C3,42,2,2488.25,1,9.5,middle50,False
A-G1.045-C3,42,2,2492.25,2,4.0,middle50,False
A-G1.045-C3,42,2,2498.25,1,6.0,middle50,False
A-G1.045-C3,42,2,2513.0,1,14.75,middle50,False
A-G1.045-C3,42,2,2521.75,2,8.75,middle50,False
A-G1.045-C3,42,2,2528.25,1,6.5,middle50,False
A-G1.045-C3,42,2,2536.25,1,8.0,middle50,False
A-G1.045-C3,42,2,2570.5,1,34.25,middle50,False
A-G1.045-C3,42,2,2573.0,1,2.5,middle50,False
A-G1.045-C3,42,2,2575.25,1,2.25,middle50,False
A-G1.045-C3,42,2,2578.25,1,3.0,middle50,False
A-G1.045-C3,42,2,2584.25,1,6.0,middle50,False
A-G1.045-C3,42,2,2588.25,2,4.0,middle50,False
A-G1.045-C3,42,2,2592.25,1,4.0,middle50,False
A-G1.045-C3,42,2,2605.0,1,12.75,middle50,False
A-G1.045-C3,42,2,2742.5,1,137.5,middle50,False
A-G1.045-C3,42,2,2746.25,1,3.75,middle50,False
A-G1.045-C3,42,2,2754.0,2,7.75,middle50,False
A-G1.045-C3,42,2,2763.25,1,9.25,middle50,False
A-G1.045-C3,42,2,2792.75,1,29.5,middle50,False
A-G1.045-C3,42,2,2796.0,1,3.25,late25,False
A-G1.045-C3,42,2,2799.25,1,3.25,late25,False
A-G1.045-C3,42,2,2803.75,1,4.5,late25,False
A-G1.045-C3,42,2,2807.75,1,4.0,late25,False
A-G1.045-C3,42,2,2810.75,1,3.0,late25,False
A-G1.045-C3,42,2,2821.5,1,10.75,late25,False
A-G1.045-C3,42,2,2840.25,1,18.75,late25,False
A-G1.045-C3,42,2,2849.75,1,9.5,late25,False
A-G1.045-C3,42,2,2852.75,1,3.0,late25,False
A-G1.045-C3,42,2,2857.0,1,4.25,late25,False
A-G1.045-C3,42,2,2862.5,1,5.5,late25,False
A-G1.045-C3,42,2,2865.5,1,3.0,late25,False
A-G1.045-C3,42,2,2872.75,2,7.25,late25,False
A-G1.045-C3,42,2,2900.75,1,28.0,late25,False
A-G1.045-C3,42,2,2905.75,1,5.0,late25,False
A-G1.045-C3,42,2,2908.5,1,2.75,late25,False
A-G1.045-C3,42,2,2916.5,1,8.0,late25,False
A-G1.045-C3,42,2,2918.25,1,1.75,late25,False
A-G1.045-C3,42,2,2922.25,1,4.0,late25,False
A-G1.045-C3,42,2,2925.0,1,2.75,late25,False
A-G1.045-C3,42,2,2929.0,1,4.0,late25,False
A-G1.045-C3,42,3,3057.75,2,128.75,early25,True
A-G1.045-C3,42,3,3062.0,2,4.25,early25,True
A-G1.045-C3,42,3,3065.25,2,3.25,early25,True
A-G1.045-C3,42,3,3069.5,2,4.25,early25,True
A-G1.045-C3,42,3,3072.75,1,3.25,early25,True
A-G1.045-C3,42,3,3075.75,1,3.0,early25,True
A-G1.045-C3,42,3,3080.0,2,4.25,early25,True
A-G1.045-C3,42,3,3084.25,1,4.25,early25,True
A-G1.045-C3,42,3,3108.25,1,24.0,early25,True
A-G1.045-C3,42,3,3111.75,2,3.5,early25,True
A-G1.045-C3,42,3,3115.25,1,3.5,early25,True
A-G1.045-C3,42,3,3117.75,1,2.5,early25,True
A-G1.045-C3,42,3,3120.5,7,2.75,early25,True
A-G1.045-C3,42,3,3122.75,1,2.25,early25,True
A-G1.045-C3,42,3,3129.5,2,6.75,early25,True
A-G1.045-C3,42,3,3132.5,1,3.0,early25,True
A-G1.045-C3,42,3,3135.75,1,3.25,early25,True
A-G1.045-C3,42,3,3138.75,2,3.0,early25,True
A-G1.045-C3,42,3,3148.0,4,9.25,early25,True
A-G1.045-C3,42,3,3161.25,1,13.25,early25,True
A-G1.045-C3,42,3,3165.0,1,3.75,early25,True
A-G1.045-C3,42,3,3169.0,1,4.0,early25,True
A-G1.045-C3,42,3,3172.0,1,3.0,early25,True
A-G1.045-C3,42,3,3176.5,1,4.5,early25,True
A-G1.045-C3,42,3,3180.75,1,4.25,middle50,True
A-G1.045-C3,42,3,3184.25,1,3.5,middle50,True
A-G1.045-C3,42,3,3188.0,9,3.75,middle50,True
A-G1.045-C3,42,3,3214.75,1,26.75,middle50,True
A-G1.045-C3,42,3,3222.25,1,7.5,middle50,True
A-G1.045-C3,42,3,3227.75,1,5.5,middle50,True
A-G1.045-C3,42,3,3237.0,2,9.25,middle50,True
A-G1.045-C3,42,3,3242.75,2,5.75,middle50,True
A-G1.045-C3,42,3,3267.75,1,25.0,middle50,True
A-G1.045-C3,42,3,3275.25,2,7.5,middle50,True
A-G1.045-C3,42,3,3281.0,1,5.75,middle50,True
A-G1.045-C3,42,3,3288.5,1,7.5,middle50,True
A-G1.045-C3,42,3,3292.0,1,3.5,middle50,True
A-G1.045-C3,42,3,3320.25,1,28.25,middle50,True
A-G1.045-C3,42,3,3322.75,6,2.5,middle50,True
A-G1.045-C3,42,3,3327.0,1,4.25,middle50,True
A-G1.045-C3,42,3,3334.25,1,7.25,middle50,True
A-G1.045-C3,42,3,3338.5,1,4.25,middle50,True
A-G1.045-C3,42,3,3342.0,1,3.5,middle50,True
A-G1.045-C3,42,3,3349.5,1,7.5,middle50,True
A-G1.045-C3,42,3,3391.25,1,41.75,middle50,True
A-G1.045-C3,42,3,3403.75,1,12.5,middle50,True
A-G1.045-C3,42,3,3438.5,1,34.75,middle50,True
A-G1.045-C3,42,3,3444.5,1,6.0,middle50,True
A-G1.045-C3,42,3,3450.75,1,6.25,middle50,True
A-G1.045-C3,42,3,3456.75,2,6.0,middle50,True
A-G1.045-C3,42,3,3463.0,1,6.25,late25,True
A-G1.045-C3,42,3,3495.25,1,32.25,late25,True
A-G1.045-C3,42,3,3500.25,1,5.0,late25,True
A-G1.045-C3,42,3,3508.0,1,7.75,late25,True
A-G1.045-C3,42,3,3536.5,1,28.5,late25,True
A-G1.045-C3,42,3,3544.0,1,7.5,late25,True
A-G1.045-C3,42,3,3550.0,1,6.0,late25,True
A-G1.045-C3,42,3,3556.0,2,6.0,late25,True
A-G1.045-C3,42,3,3562.0,1,6.0,late25,True
A-G1.045-C3,42,3,3572.5,1,10.5,late25,True
A-G1.045-C3,42,3,3580.75,4,8.25,late25,True
A-G1.045-C3,42,3,3595.5,1,14.75,late25,True
A-G1.045-C3,42,3,3598.25,3,2.75,late25,True
A-G1.045-C3,7961,0,0.25,3,,early25,False
A-G1.045-C3,7961,0,8.25,1,8.0,early25,False
A-G1.045-C3,7961,0,18.75,1,10.5,early25,False
A-G1.045-C3,7961,0,53.5,1,34.75,early25,False
A-G1.045-C3,7961,0,93.75,1,40.25,early25,False
A-G1.045-C3,7961,0,103.0,1,9.25,early25,False
A-G1.045-C3,7961,0,119.4999999999,1,16.499999999899998,early25,False
A-G1.045-C3,7961,0,159.2499999999,1,39.750000000000014,early25,False
A-G1.045-C3,7961,0,212.9999999999,1,53.75,early25,False
A-G1.045-C3,7961,0,217.7499999999,1,4.75,early25,False
A-G1.045-C3,7961,0,224.4999999999,1,6.75,early25,False
A-G1.045-C3,7961,0,236.7499999999,1,12.25,early25,False
A-G1.045-C3,7961,0,242.2499999999,1,5.5,early25,False
A-G1.045-C3,7961,0,281.9999999999,1,39.75,early25,False
A-G1.045-C3,7961,0,289.7499999999,1,7.75,early25,False
A-G1.045-C3,7961,0,300.9999999999,1,11.25,middle50,False
A-G1.045-C3,7961,0,337.4999999999,1,36.5,middle50,False
A-G1.045-C3,7961,0,344.7499999999,1,7.25,middle50,False
A-G1.045-C3,7961,0,349.7499999999,1,5.0,middle50,False
A-G1.045-C3,7961,0,356.4999999999,1,6.75,middle50,False
A-G1.045-C3,7961,0,360.9999999999,1,4.5,middle50,False
A-G1.045-C3,7961,0,529.4999999999,1,168.49999999999994,middle50,False
A-G1.045-C3,7961,0,547.2499999999,1,17.75,middle50,False
A-G1.045-C3,7961,0,553.7499999999,1,6.5,middle50,False
A-G1.045-C3,7961,0,562.2499999999,1,8.5,middle50,False
A-G1.045-C3,7961,0,586.7499999999,2,24.5,middle50,False
A-G1.045-C3,7961,0,594.2499999999,1,7.5,middle50,False
A-G1.045-C3,7961,0,603.7499999999,1,9.5,middle50,False
A-G1.045-C3,7961,0,610.2499999999,13,6.5,middle50,False
A-G1.045-C3,7961,0,641.7499999999,1,31.5,middle50,False
A-G1.045-C3,7961,0,658.2499999999,1,16.5,middle50,False
A-G1.045-C3,7961,0,694.2499999999,1,36.0,middle50,False
A-G1.045-C3,7961,0,698.7499999999,1,4.5,middle50,False
A-G1.045-C3,7961,0,703.9999999999,1,5.25,middle50,False
A-G1.045-C3,7961,0,709.9999999999,1,6.0,middle50,False
A-G1.045-C3,7961,0,713.9999999999,1,4.0,middle50,False
A-G1.045-C3,7961,0,719.4999999999,1,5.5,middle50,False
A-G1.045-C3,7961,0,722.9999999999,1,3.5,middle50,False
A-G1.045-C3,7961,0,864.7499999999,1,141.75,middle50,False
A-G1.045-C3,7961,0,867.4999999999,1,2.75,middle50,False
A-G1.045-C3,7961,0,872.9999999999,1,5.5,middle50,False
A-G1.045-C3,7961,0,881.2499999999,1,8.25,late25,False
A-G1.045-C3,7961,0,885.7499999999,1,4.5,late25,False
A-G1.045-C3,7961,0,914.9999999999,1,29.25,late25,False
A-G1.045-C3,7961,0,920.2499999999,1,5.25,late25,False
A-G1.045-C3,7961,0,925.9999999999,1,5.75,late25,False
A-G1.045-C3,7961,0,928.2499999999,1,2.25,late25,False
A-G1.045-C3,7961,0,934.4999999999,1,6.25,late25,False
A-G1.045-C3,7961,0,938.4999999999,1,4.0,late25,False
A-G1.045-C3,7961,0,946.4999999999,1,8.0,late25,False
A-G1.045-C3,7961,0,970.4999999999,1,24.0,late25,False
A-G1.045-C3,7961,0,973.9999999999,1,3.5,late25,False
A-G1.045-C3,7961,0,980.2499999999,1,6.25,late25,False
A-G1.045-C3,7961,0,984.7499999999,1,4.5,late25,False
A-G1.045-C3,7961,0,987.2499999999,1,2.5,late25,False
A-G1.045-C3,7961,0,991.2499999999,1,4.0,late25,False
A-G1.045-C3,7961,0,996.9999999999,1,5.75,late25,False
A-G1.045-C3,7961,0,1027.4999999999,1,30.5,late25,False
A-G1.045-C3,7961,0,1032.9999999999,1,5.5,late25,False
A-G1.045-C3,7961,0,1035.7499999999,1,2.75,late25,False
A-G1.045-C3,7961,0,1038.9999999999,1,3.25,late25,False
A-G1.045-C3,7961,0,1042.2499999999,1,3.25,late25,False
A-G1.045-C3,7961,0,1046.9999999999,1,4.75,late25,False
A-G1.045-C3,7961,0,1051.2499999999,1,4.25,late25,False
A-G1.045-C3,7961,0,1057.7499999999,1,6.5,late25,False
A-G1.045-C3,7961,0,1153.4999999999,1,95.75,late25,False
A-G1.045-C3,7961,0,1161.2499999999,1,7.75,late25,False
A-G1.045-C3,7961,0,1164.9999999999,1,3.75,late25,False
A-G1.045-C3,7961,1,1187.7499999999,1,22.75,early25,False
A-G1.045-C3,7961,1,1189.7499999999,1,2.0,early25,False
A-G1.045-C3,7961,1,1192.9999999999,1,3.25,early25,False
A-G1.045-C3,7961,1,1195.9999999999,1,3.0,early25,False
A-G1.045-C3,7961,1,1198.2499999999,1,2.25,early25,False
A-G1.045-C3,7961,1,1203.9999999999,1,5.75,early25,False
A-G1.045-C3,7961,1,1207.4999999999,1,3.5,early25,False
A-G1.045-C3,7961,1,1212.7499999999,1,5.25,early25,False
A-G1.045-C3,7961,1,1244.7499999999,1,32.0,early25,False
A-G1.045-C3,7961,1,1247.2499999999,1,2.5,early25,False
A-G1.045-C3,7961,1,1248.7499999999,1,1.5,early25,False
A-G1.045-C3,7961,1,1256.7499999999,2,8.0,early25,False
A-G1.045-C3,7961,1,1263.7499999999,1,7.0,early25,False
A-G1.045-C3,7961,1,1267.9999999999,1,4.25,early25,False
A-G1.045-C3,7961,1,1270.7499999999,1,2.75,early25,False
A-G1.045-C3,7961,1,1274.7499999999,1,4.0,early25,False
A-G1.045-C3,7961,1,1420.9999999999,1,146.25,middle50,False
A-G1.045-C3,7961,1,1428.2499999999,1,7.25,middle50,False
A-G1.045-C3,7961,1,1431.2499999999,1,3.0,middle50,False
A-G1.045-C3,7961,1,1435.9999999999,1,4.75,middle50,False
A-G1.045-C3,7961,1,1438.4999999999,1,2.5,middle50,False
A-G1.045-C3,7961,1,1441.7499999999,1,3.25,middle50,False
A-G1.045-C3,7961,1,1446.2499999999,1,4.5,middle50,False
A-G1.045-C3,7961,1,1449.7499999999,2,3.5,middle50,False
A-G1.045-C3,7961,1,1479.9999999999,1,30.25,middle50,False
A-G1.045-C3,7961,1,1482.7499999999,1,2.75,middle50,False
A-G1.045-C3,7961,1,1485.4999999999,1,2.75,middle50,False
A-G1.045-C3,7961,1,1488.4999999999,1,3.0,middle50,False
A-G1.045-C3,7961,1,1491.7499999999,1,3.25,middle50,False
A-G1.045-C3,7961,1,1495.7499999999,2,4.0,middle50,False
A-G1.045-C3,7961,1,1499.2499999999,1,3.5,middle50,False
A-G1.045-C3,7961,1,1504.7499999999,1,5.5,middle50,False
A-G1.045-C3,7961,1,1507.4999999999,15,2.75,middle50,False
A-G1.045-C3,7961,1,1528.9999999999,1,21.5,middle50,False
A-G1.045-C3,7961,1,1544.7499999999,1,15.75,middle50,False
A-G1.045-C3,7961,1,1550.2499999999,1,5.5,middle50,False
A-G1.045-C3,7961,1,1555.2499999999,1,5.0,middle50,False
A-G1.045-C3,7961,1,1557.7499999999,1,2.5,middle50,False
A-G1.045-C3,7961,1,1583.9999999999,1,26.25,middle50,False
A-G1.045-C3,7961,1,1587.7499999999,1,3.75,late25,False
A-G1.045-C3,7961,1,1590.4999999999,1,2.75,late25,False
A-G1.045-C3,7961,1,1592.9999999999,1,2.5,late25,False
A-G1.045-C3,7961,1,1594.9999999999,1,2.0,late25,False
A-G1.045-C3,7961,1,1598.4999999999,1,3.5,late25,False
A-G1.045-C3,7961,1,1599.9999999999,1,1.5,late25,False
A-G1.045-C3,7961,1,1603.2499999999,1,3.25,late25,False
A-G1.045-C3,7961,1,1605.9999999999,1,2.75,late25,False
A-G1.045-C3,7961,1,1608.7499999999,1,2.75,late25,False
A-G1.045-C3,7961,1,1614.4999999999,1,5.75,late25,False
A-G1.045-C3,7961,1,1621.4999999999,1,7.0,late25,False
A-G1.045-C3,7961,2,1742.4999999999,2,121.0,early25,False
A-G1.045-C3,7961,2,1750.7499999999,3,8.25,early25,False
A-G1.045-C3,7961,2,1758.9999999999,3,8.25,early25,False
A-G1.045-C3,7961,2,1809.25,2,50.250000000100044,early25,False
A-G1.045-C3,7961,2,1815.25,3,6.0,early25,False
A-G1.045-C3,7961,2,1819.0,2,3.75,early25,False
A-G1.045-C3,7961,2,1822.75,1,3.75,early25,False
A-G1.045-C3,7961,2,1824.5,1,1.75,early25,False
A-G1.045-C3,7961,2,1825.5,1,1.0,early25,False
A-G1.045-C3,7961,2,1834.75,1,9.25,early25,False
A-G1.045-C3,7961,2,1847.75,1,13.0,early25,False
A-G1.045-C3,7961,2,1861.5,2,13.75,early25,False
A-G1.045-C3,7961,2,1874.0,2,12.5,early25,False
A-G1.045-C3,7961,2,1882.25,3,8.25,early25,False
A-G1.045-C3,7961,2,1917.25,2,35.0,early25,False
A-G1.045-C3,7961,2,1928.75,3,11.5,early25,False
A-G1.045-C3,7961,2,1937.75,3,9.0,early25,False
A-G1.045-C3,7961,2,1942.75,1,5.0,early25,False
A-G1.045-C3,7961,2,1945.75,1,3.0,early25,False
A-G1.045-C3,7961,2,1967.5,1,21.75,middle50,False
A-G1.045-C3,7961,2,1972.25,2,4.75,middle50,False
A-G1.045-C3,7961,2,1975.5,1,3.25,middle50,False
A-G1.045-C3,7961,2,1978.75,1,3.25,middle50,False
A-G1.045-C3,7961,2,1983.25,2,4.5,middle50,False
A-G1.045-C3,7961,2,1987.75,2,4.5,middle50,False
A-G1.045-C3,7961,2,2023.0,1,35.25,middle50,False
A-G1.045-C3,7961,2,2030.0,3,7.0,middle50,False
A-G1.045-C3,7961,2,2033.75,1,3.75,middle50,False
A-G1.045-C3,7961,2,2036.0,2,2.25,middle50,False
A-G1.045-C3,7961,2,2039.5,1,3.5,middle50,False
A-G1.045-C3,7961,2,2041.25,1,1.75,middle50,False
A-G1.045-C3,7961,2,2045.0,1,3.75,middle50,False
A-G1.045-C3,7961,2,2047.0,1,2.0,middle50,False
A-G1.045-C3,7961,2,2053.75,1,6.75,middle50,False
A-G1.045-C3,7961,2,2059.5,1,5.75,middle50,False
A-G1.045-C3,7961,2,2065.75,5,6.25,middle50,False
A-G1.045-C3,7961,2,2083.5,1,17.75,middle50,False
A-G1.045-C3,7961,2,2087.75,2,4.25,middle50,False
A-G1.045-C3,7961,2,2091.0,1,3.25,middle50,False
A-G1.045-C3,7961,2,2095.75,2,4.75,middle50,False
A-G1.045-C3,7961,2,2100.25,1,4.5,middle50,False
A-G1.045-C3,7961,2,2105.0,2,4.75,middle50,False
A-G1.045-C3,7961,2,2108.75,1,3.75,middle50,False
A-G1.045-C3,7961,2,2133.0,15,24.25,middle50,False
A-G1.045-C3,7961,2,2134.5,1,1.5,middle50,False
A-G1.045-C3,7961,2,2135.5,3,1.0,middle50,False
A-G1.045-C3,7961,2,2138.25,1,2.75,middle50,False
A-G1.045-C3,7961,2,2146.25,1,8.0,middle50,False
A-G1.045-C3,7961,2,2150.0,1,3.75,middle50,False
A-G1.045-C3,7961,2,2156.5,1,6.5,middle50,False
A-G1.045-C3,7961,2,2158.0,3,1.5,middle50,False
A-G1.045-C3,7961,2,2160.75,1,2.75,middle50,False
A-G1.045-C3,7961,2,2165.25,1,4.5,middle50,False
A-G1.045-C3,7961,2,2171.5,3,6.25,middle50,False
A-G1.045-C3,7961,2,2311.0,1,139.5,middle50,False
A-G1.045-C3,7961,2,2312.25,1,1.25,middle50,False
A-G1.045-C3,7961,2,2319.0,1,6.75,middle50,False
A-G1.045-C3,7961,2,2325.5,1,6.5,middle50,False
A-G1.045-C3,7961,2,2329.0,1,3.5,middle50,False
A-G1.045-C3,7961,2,2332.25,1,3.25,middle50,False
A-G1.045-C3,7961,2,2337.0,1,4.75,middle50,False
A-G1.045-C3,7961,2,2366.25,1,29.25,middle50,False
A-G1.045-C3,7961,2,2371.0,1,4.75,middle50,False
A-G1.045-C3,7961,2,2373.75,1,2.75,middle50,False
A-G1.045-C3,7961,2,2376.0,1,2.25,middle50,False
A-G1.045-C3,7961,2,2382.0,1,6.0,middle50,False
A-G1.045-C3,7961,2,2384.0,1,2.0,middle50,False
A-G1.045-C3,7961,2,2387.25,1,3.25,late25,False
A-G1.045-C3,7961,2,2391.25,1,4.0,late25,False
A-G1.045-C3,7961,2,2395.5,2,4.25,late25,False
A-G1.045-C3,7961,2,2418.0,1,22.5,late25,False
A-G1.045-C3,7961,2,2422.5,1,4.5,late25,False
A-G1.045-C3,7961,2,2428.5,2,6.0,late25,False
A-G1.045-C3,7961,2,2467.5,1,39.0,late25,False
A-G1.045-C3,7961,2,2473.25,1,5.75,late25,False
A-G1.045-C3,7961,2,2477.0,2,3.75,late25,False
A-G1.045-C3,7961,2,2482.25,1,5.25,late25,False
A-G1.045-C3,7961,2,2486.25,1,4.0,late25,False
A-G1.045-C3,7961,2,2490.25,1,4.0,late25,False
A-G1.045-C3,7961,2,2492.75,1,2.5,late25,False
A-G1.045-C3,7961,2,2495.75,1,3.0,late25,False
A-G1.045-C3,7961,2,2503.75,1,8.0,late25,False
A-G1.045-C3,7961,3,2625.5,1,121.75,early25,True
A-G1.045-C3,7961,3,2628.0,1,2.5,early25,True
A-G1.045-C3,7961,3,2632.0,2,4.0,early25,True
A-G1.045-C3,7961,3,2635.0,1,3.0,early25,True
A-G1.045-C3,7961,3,2640.75,3,5.75,early25,True
A-G1.045-C3,7961,3,2645.5,2,4.75,early25,True
A-G1.045-C3,7961,3,2651.75,2,6.25,early25,True
A-G1.045-C3,7961,3,2680.75,1,29.0,early25,True
A-G1.045-C3,7961,3,2682.0,1,1.25,early25,True
A-G1.045-C3,7961,3,2684.75,1,2.75,early25,True
A-G1.045-C3,7961,3,2688.25,2,3.5,early25,True
A-G1.045-C3,7961,3,2691.75,2,3.5,early25,True
A-G1.045-C3,7961,3,2695.25,3,3.5,early25,True
A-G1.045-C3,7961,3,2698.25,1,3.0,early25,True
A-G1.045-C3,7961,3,2705.75,2,7.5,early25,True
A-G1.045-C3,7961,3,2717.0,1,11.25,early25,True
A-G1.045-C3,7961,3,2731.75,2,14.75,early25,True
A-G1.045-C3,7961,3,2735.0,1,3.25,early25,True
A-G1.045-C3,7961,3,2739.25,1,4.25,early25,True
A-G1.045-C3,7961,3,2743.5,2,4.25,early25,True
A-G1.045-C3,7961,3,2748.25,1,4.75,early25,True
A-G1.045-C3,7961,3,2753.0,2,4.75,early25,True
A-G1.045-C3,7961,3,2756.75,1,3.75,early25,True
A-G1.045-C3,7961,3,2761.0,14,4.25,early25,True
A-G1.045-C3,7961,3,2786.25,1,25.25,early25,True
A-G1.045-C3,7961,3,2792.75,1,6.5,early25,True
A-G1.045-C3,7961,3,2797.5,1,4.75,early25,True
A-G1.045-C3,7961,3,2803.25,1,5.75,early25,True
A-G1.045-C3,7961,3,2806.5,1,3.25,early25,True
A-G1.045-C3,7961,3,2808.5,1,2.0,early25,True
A-G1.045-C3,7961,3,2814.5,2,6.0,early25,True
A-G1.045-C3,7961,3,2823.0,1,8.5,early25,True
A-G1.045-C3,7961,3,2836.75,1,13.75,early25,True
A-G1.045-C3,7961,3,2843.5,1,6.75,early25,True
A-G1.045-C3,7961,3,2848.0,1,4.5,early25,True
A-G1.045-C3,7961,3,2851.75,1,3.75,early25,True
A-G1.045-C3,7961,3,2854.25,1,2.5,early25,True
A-G1.045-C3,7961,3,2857.75,1,3.5,middle50,True
A-G1.045-C3,7961,3,2861.0,8,3.25,middle50,True
A-G1.045-C3,7961,3,2896.25,1,35.25,middle50,True
A-G1.045-C3,7961,3,2904.75,2,8.5,middle50,True
A-G1.045-C3,7961,3,2910.75,1,6.0,middle50,True
A-G1.045-C3,7961,3,2912.75,1,2.0,middle50,True
A-G1.045-C3,7961,3,2920.0,2,7.25,middle50,True
A-G1.045-C3,7961,3,2947.25,2,27.25,middle50,True
A-G1.045-C3,7961,3,2950.5,1,3.25,middle50,True
A-G1.045-C3,7961,3,2957.0,1,6.5,middle50,True
A-G1.045-C3,7961,3,2960.75,1,3.75,middle50,True
A-G1.045-C3,7961,3,2965.0,1,4.25,middle50,True
A-G1.045-C3,7961,3,2969.25,1,4.25,middle50,True
A-G1.045-C3,7961,3,2972.5,1,3.25,middle50,True
A-G1.045-C3,7961,3,2976.25,7,3.75,middle50,True
A-G1.045-C3,7961,3,3000.75,1,24.5,middle50,True
A-G1.045-C3,7961,3,3008.25,1,7.5,middle50,True
A-G1.045-C3,7961,3,3014.5,2,6.25,middle50,True
A-G1.045-C3,7961,3,3020.25,1,5.75,middle50,True
A-G1.045-C3,7961,3,3030.0,1,9.75,middle50,True
A-G1.045-C3,7961,3,3049.75,1,19.75,middle50,True
A-G1.045-C3,7961,3,3056.0,1,6.25,middle50,True
A-G1.045-C3,7961,3,3073.5,1,17.5,middle50,True
A-G1.045-C3,7961,3,3106.75,1,33.25,middle50,True
A-G1.045-C3,7961,3,3112.0,1,5.25,middle50,True
A-G1.045-C3,7961,3,3117.0,1,5.0,middle50,True
A-G1.045-C3,7961,3,3122.25,1,5.25,middle50,True
A-G1.045-C3,7961,3,3127.5,2,5.25,middle50,True
A-G1.045-C3,7961,3,3139.5,1,12.0,middle50,True
A-G1.045-C3,7961,3,3147.0,4,7.5,middle50,True
A-G1.045-C3,7961,3,3156.75,1,9.75,middle50,True
A-G1.045-C3,7961,3,3164.75,1,8.0,middle50,True
A-G1.045-C3,7961,3,3169.25,1,4.5,middle50,True
A-G1.045-C3,7961,3,3176.75,1,7.5,middle50,True
A-G1.045-C3,7961,3,3185.5,7,8.75,middle50,True
A-G1.045-C3,7961,3,3221.25,1,35.75,middle50,True
A-G1.045-C3,7961,3,3233.25,1,12.0,middle50,True
A-G1.045-C3,7961,3,3249.0,1,15.75,middle50,True
A-G1.045-C3,7961,3,3280.75,1,31.75,middle50,True
A-G1.045-C3,7961,3,3284.0,1,3.25,middle50,True
A-G1.045-C3,7961,3,3291.25,1,7.25,middle50,True
A-G1.045-C3,7961,3,3318.25,1,27.0,middle50,True
A-G1.045-C3,7961,3,3323.5,1,5.25,middle50,True
A-G1.045-C3,7961,3,3326.75,5,3.25,middle50,True
A-G1.045-C3,7961,3,3337.25,1,10.5,middle50,True
A-G1.045-C3,7961,3,3351.0,1,13.75,middle50,True
A-G1.045-C3,7961,3,3502.0,1,151.0,late25,True
A-G1.045-C3,7961,3,3508.0,1,6.0,late25,True
A-G1.045-C3,7961,3,3518.75,1,10.75,late25,True
A-G1.045-C3,7961,3,3524.25,1,5.5,late25,True
A-G1.045-C3,7961,3,3555.5,1,31.25,late25,True
A-G1.045-C3,7961,3,3564.0,1,8.5,late25,True
A-G1.045-C3,7961,3,3579.5,1,15.5,late25,True
A-G1.045-C3,7961,3,3592.5,1,13.0,late25,True
A-G1.045-C3,7961,3,3599.75,3,7.25,late25,True
A-G1.045-C3,15880,0,0.25,3,,early25,False
A-G1.045-C3,15880,0,9.5,1,9.25,early25,False
A-G1.045-C3,15880,0,26.75,1,17.25,early25,False
A-G1.045-C3,15880,0,28.75,1,2.0,early25,False
A-G1.045-C3,15880,0,41.0,1,12.25,early25,False
A-G1.045-C3,15880,0,51.0,1,10.0,early25,False
A-G1.045-C3,15880,0,94.0,1,43.0,early25,False
A-G1.045-C3,15880,0,111.25,1,17.25,early25,False
A-G1.045-C3,15880,0,156.75,1,45.5,early25,False
A-G1.045-C3,15880,0,173.75,1,17.0,early25,False
A-G1.045-C3,15880,0,206.5,1,32.75,middle50,False
A-G1.045-C3,15880,0,212.5,1,6.0,middle50,False
A-G1.045-C3,15880,0,218.0,1,5.5,middle50,False
A-G1.045-C3,15880,0,226.0,1,8.0,middle50,False
A-G1.045-C3,15880,0,228.75,1,2.75,middle50,False
A-G1.045-C3,15880,0,238.5,1,9.75,middle50,False
A-G1.045-C3,15880,0,273.0,1,34.5,middle50,False
A-G1.045-C3,15880,0,276.75,1,3.75,middle50,False
A-G1.045-C3,15880,0,283.0,1,6.25,middle50,False
A-G1.045-C3,15880,0,286.75,1,3.75,middle50,False
A-G1.045-C3,15880,0,293.0,1,6.25,middle50,False
A-G1.045-C3,15880,0,296.5,1,3.5,middle50,False
A-G1.045-C3,15880,0,329.0,1,32.5,middle50,False
A-G1.045-C3,15880,0,335.25,1,6.25,middle50,False
A-G1.045-C3,15880,0,340.5,1,5.25,middle50,False
A-G1.045-C3,15880,0,346.0,1,5.5,middle50,False
A-G1.045-C3,15880,0,352.75,1,6.75,middle50,False
A-G1.045-C3,15880,0,357.0,1,4.25,middle50,False
A-G1.045-C3,15880,0,510.0,1,153.0,middle50,False
A-G1.045-C3,15880,0,513.25,1,3.25,middle50,False
A-G1.045-C3,15880,0,520.5,1,7.25,middle50,False
A-G1.045-C3,15880,0,527.25,1,6.75,middle50,False
A-G1.045-C3,15880,0,535.5,1,8.25,middle50,False
A-G1.045-C3,15880,0,539.5,1,4.0,middle50,False
A-G1.045-C3,15880,0,569.5,1,30.0,middle50,False
A-G1.045-C3,15880,0,574.75,1,5.25,middle50,False
A-G1.045-C3,15880,0,581.25,1,6.5,middle50,False
A-G1.045-C3,15880,0,589.0,1,7.75,middle50,False
A-G1.045-C3,15880,0,594.0,1,5.0,middle50,False
A-G1.045-C3,15880,0,603.75,1,9.75,middle50,False
A-G1.045-C3,15880,0,633.25,1,29.5,late25,False
A-G1.045-C3,15880,0,640.0,1,6.75,late25,False
A-G1.045-C3,15880,0,648.25,1,8.25,late25,False
A-G1.045-C3,15880,0,655.5,1,7.25,late25,False
A-G1.045-C3,15880,0,681.5,1,26.0,late25,False
A-G1.045-C3,15880,0,686.0,1,4.5,late25,False
A-G1.045-C3,15880,0,691.25,11,5.25,late25,False
A-G1.045-C3,15880,0,710.5,1,19.25,late25,False
A-G1.045-C3,15880,1,851.0,1,140.5,early25,False
A-G1.045-C3,15880,1,855.25,1,4.25,early25,False
A-G1.045-C3,15880,1,863.5,2,8.25,early25,False
A-G1.045-C3,15880,1,868.75,1,5.25,early25,False
A-G1.045-C3,15880,1,876.0,2,7.25,early25,False
A-G1.045-C3,15880,1,884.5,2,8.5,early25,False
A-G1.045-C3,15880,1,908.0,2,23.5,early25,False
A-G1.045-C3,15880,1,911.75,1,3.75,early25,False
A-G1.045-C3,15880,1,917.0,2,5.25,early25,False
A-G1.045-C3,15880,1,923.0,18,6.0,early25,False
A-G1.045-C3,15880,1,932.5,2,9.5,early25,False
A-G1.045-C3,15880,1,955.25,1,22.75,early25,False
A-G1.045-C3,15880,1,961.5,1,6.25,early25,False
A-G1.045-C3,15880,1,967.0,1,5.5,early25,False
A-G1.045-C3,15880,1,971.5,2,4.5,early25,False
A-G1.045-C3,15880,1,975.75,1,4.25,early25,False
A-G1.045-C3,15880,1,982.75,2,7.0,early25,False
A-G1.045-C3,15880,1,1013.75,1,31.0,early25,False
A-G1.045-C3,15880,1,1018.5,1,4.75,early25,False
A-G1.045-C3,15880,1,1024.75,2,6.25,early25,False
A-G1.045-C3,15880,1,1030.75,1,6.0,early25,False
A-G1.045-C3,15880,1,1033.75,1,3.0,early25,False
A-G1.045-C3,15880,1,1038.75,1,5.0,early25,False
A-G1.045-C3,15880,1,1041.75,1,3.0,early25,False
A-G1.045-C3,15880,1,1191.2499999999,1,149.49999999989996,middle50,False
A-G1.045-C3,15880,1,1195.4999999999,1,4.25,middle50,False
A-G1.045-C3,15880,1,1198.4999999999,1,3.0,middle50,False
A-G1.045-C3,15880,1,1203.4999999999,1,5.0,middle50,False
A-G1.045-C3,15880,1,1205.9999999999,1,2.5,middle50,False
A-G1.045-C3,15880,1,1215.9999999999,1,10.0,middle50,False
A-G1.045-C3,15880,1,1248.4999999999,1,32.5,middle50,False
A-G1.045-C3,15880,1,1251.4999999999,2,3.0,middle50,False
A-G1.045-C3,15880,1,1257.4999999999,1,6.0,middle50,False
A-G1.045-C3,15880,1,1261.2499999999,1,3.75,middle50,False
A-G1.045-C3,15880,1,1262.7499999999,1,1.5,middle50,False
A-G1.045-C3,15880,1,1267.2499999999,2,4.5,middle50,False
A-G1.045-C3,15880,1,1272.7499999999,1,5.5,middle50,False
A-G1.045-C3,15880,1,1275.2499999999,1,2.5,middle50,False
A-G1.045-C3,15880,1,1300.7499999999,1,25.5,middle50,False
A-G1.045-C3,15880,1,1303.7499999999,1,3.0,middle50,False
A-G1.045-C3,15880,1,1306.9999999999,1,3.25,middle50,False
A-G1.045-C3,15880,1,1313.2499999999,1,6.25,middle50,False
A-G1.045-C3,15880,1,1316.9999999999,2,3.75,middle50,False
A-G1.045-C3,15880,1,1324.4999999999,1,7.5,middle50,False
A-G1.045-C3,15880,1,1327.9999999999,1,3.5,middle50,False
A-G1.045-C3,15880,1,1361.7499999999,1,33.75,middle50,False
A-G1.045-C3,15880,1,1364.7499999999,1,3.0,middle50,False
A-G1.045-C3,15880,1,1366.2499999999,1,1.5,middle50,False
A-G1.045-C3,15880,1,1369.2499999999,1,3.0,middle50,False
A-G1.045-C3,15880,1,1373.9999999999,1,4.75,middle50,False
A-G1.045-C3,15880,1,1379.7499999999,2,5.75,middle50,False
A-G1.045-C3,15880,1,1385.4999999999,1,5.75,middle50,False
A-G1.045-C3,15880,1,1392.4999999999,1,7.0,middle50,False
A-G1.045-C3,15880,1,1398.7499999999,4,6.25,middle50,False
A-G1.045-C3,15880,1,1518.9999999999,1,120.25,middle50,False
A-G1.045-C3,15880,1,1525.2499999999,1,6.25,middle50,False
A-G1.045-C3,15880,1,1533.2499999999,1,8.0,middle50,False
A-G1.045-C3,15880,1,1535.4999999999,1,2.25,middle50,False
A-G1.045-C3,15880,1,1541.7499999999,4,6.25,middle50,False
A-G1.045-C3,15880,1,1548.2499999999,1,6.5,middle50,False
A-G1.045-C3,15880,1,1573.4999999999,1,25.25,middle50,False
A-G1.045-C3,15880,1,1578.7499999999,2,5.25,late25,False
A-G1.045-C3,15880,1,1581.9999999999,1,3.25,late25,False
A-G1.045-C3,15880,1,1586.9999999999,1,5.0,late25,False
A-G1.045-C3,15880,1,1589.9999999999,1,3.0,late25,False
A-G1.045-C3,15880,1,1599.7499999999,1,9.75,late25,False
A-G1.045-C3,15880,1,1602.2499999999,1,2.5,late25,False
A-G1.045-C3,15880,1,1605.7499999999,1,3.5,late25,False
A-G1.045-C3,15880,1,1618.2499999999,3,12.5,late25,False
A-G1.045-C3,15880,1,1629.4999999999,1,11.25,late25,False
A-G1.045-C3,15880,1,1637.4999999999,1,8.0,late25,False
A-G1.045-C3,15880,1,1641.4999999999,1,4.0,late25,False
A-G1.045-C3,15880,1,1647.7499999999,1,6.25,late25,False
A-G1.045-C3,15880,1,1653.7499999999,1,6.0,late25,False
A-G1.045-C3,15880,1,1658.4999999999,1,4.75,late25,False
A-G1.045-C3,15880,1,1684.4999999999,1,26.0,late25,False
A-G1.045-C3,15880,1,1690.2499999999,1,5.75,late25,False
A-G1.045-C3,15880,1,1692.2499999999,1,2.0,late25,False
A-G1.045-C3,15880,1,1696.9999999999,1,4.75,late25,False
A-G1.045-C3,15880,1,1702.9999999999,1,6.0,late25,False
A-G1.045-C3,15880,1,1707.4999999999,1,4.5,late25,False
A-G1.045-C3,15880,1,1710.7499999999,1,3.25,late25,False
A-G1.045-C3,15880,1,1713.7499999999,1,3.0,late25,False
A-G1.045-C3,15880,1,1812.0,1,98.25000000010004,late25,False
A-G1.045-C3,15880,1,1816.25,1,4.25,late25,False
A-G1.045-C3,15880,1,1820.5,1,4.25,late25,False
A-G1.045-C3,15880,2,1840.0,2,19.5,early25,False
A-G1.045-C3,15880,2,1841.25,1,1.25,early25,False
A-G1.045-C3,15880,2,1843.75,1,2.5,early25,False
A-G1.045-C3,15880,2,1846.5,2,2.75,early25,False
A-G1.045-C3,15880,2,1852.5,2,6.0,early25,False
A-G1.045-C3,15880,2,1857.25,1,4.75,early25,False
A-G1.045-C3,15880,2,1862.0,2,4.75,early25,False
A-G1.045-C3,15880,2,1865.5,1,3.5,early25,False
A-G1.045-C3,15880,2,1870.75,2,5.25,early25,False
A-G1.045-C3,15880,2,1898.0,2,27.25,early25,False
A-G1.045-C3,15880,2,1901.25,2,3.25,early25,False
A-G1.045-C3,15880,2,1905.0,18,3.75,early25,False
A-G1.045-C3,15880,2,1906.75,1,1.75,early25,False
A-G1.045-C3,15880,2,1914.0,1,7.25,early25,False
A-G1.045-C3,15880,2,1920.75,1,6.75,early25,False
A-G1.045-C3,15880,2,1923.25,1,2.5,early25,False
A-G1.045-C3,15880,2,1924.75,1,1.5,early25,False
A-G1.045-C3,15880,2,1928.25,1,3.5,early25,False
A-G1.045-C3,15880,2,2071.25,1,143.0,middle50,False
A-G1.045-C3,15880,2,2077.75,2,6.5,middle50,False
A-G1.045-C3,15880,2,2081.0,1,3.25,middle50,False
A-G1.045-C3,15880,2,2088.0,1,7.0,middle50,False
A-G1.045-C3,15880,2,2091.25,1,3.25,middle50,False
A-G1.045-C3,15880,2,2094.5,1,3.25,middle50,False
A-G1.045-C3,15880,2,2099.5,1,5.0,middle50,False
A-G1.045-C3,15880,2,2137.25,2,37.75,middle50,False
A-G1.045-C3,15880,2,2141.75,2,4.5,middle50,False
A-G1.045-C3,15880,2,2146.25,2,4.5,middle50,False
A-G1.045-C3,15880,2,2150.5,2,4.25,middle50,False
A-G1.045-C3,15880,2,2157.0,1,6.5,middle50,False
A-G1.045-C3,15880,2,2181.25,1,24.25,middle50,False
A-G1.045-C3,15880,2,2185.25,1,4.0,middle50,False
A-G1.045-C3,15880,2,2189.0,2,3.75,middle50,False
A-G1.045-C3,15880,2,2192.0,1,3.0,middle50,False
A-G1.045-C3,15880,2,2196.5,1,4.5,middle50,False
A-G1.045-C3,15880,2,2201.0,1,4.5,middle50,False
A-G1.045-C3,15880,2,2204.25,1,3.25,middle50,False
A-G1.045-C3,15880,2,2208.0,12,3.75,middle50,False
A-G1.045-C3,15880,2,2246.25,1,38.25,middle50,False
A-G1.045-C3,15880,2,2249.0,1,2.75,middle50,False
A-G1.045-C3,15880,2,2253.0,2,4.0,middle50,False
A-G1.045-C3,15880,2,2258.0,1,5.0,middle50,False
A-G1.045-C3,15880,2,2262.0,2,4.0,middle50,False
A-G1.045-C3,15880,2,2398.25,1,136.25,middle50,False
A-G1.045-C3,15880,2,2403.75,1,5.5,middle50,False
A-G1.045-C3,15880,2,2406.25,1,2.5,middle50,False
A-G1.045-C3,15880,2,2411.75,1,5.5,middle50,False
A-G1.045-C3,15880,2,2415.5,1,3.75,middle50,False
A-G1.045-C3,15880,2,2418.5,1,3.0,middle50,False
A-G1.045-C3,15880,2,2423.5,1,5.0,middle50,False
A-G1.045-C3,15880,2,2426.25,8,2.75,middle50,False
A-G1.045-C3,15880,2,2454.25,2,28.0,middle50,False
A-G1.045-C3,15880,2,2458.75,1,4.5,middle50,False
A-G1.045-C3,15880,2,2460.75,1,2.0,middle50,False
A-G1.045-C3,15880,2,2463.75,1,3.0,middle50,False
A-G1.045-C3,15880,2,2466.0,1,2.25,middle50,False
A-G1.045-C3,15880,2,2472.25,2,6.25,middle50,False
A-G1.045-C3,15880,2,2475.0,1,2.75,middle50,False
A-G1.045-C3,15880,2,2477.75,1,2.75,middle50,False
A-G1.045-C3,15880,2,2484.0,1,6.25,late25,False
A-G1.045-C3,15880,2,2504.5,1,20.5,late25,False
A-G1.045-C3,15880,2,2508.25,1,3.75,late25,False
A-G1.045-C3,15880,2,2512.0,2,3.75,late25,False
A-G1.045-C3,15880,2,2515.5,1,3.5,late25,False
A-G1.045-C3,15880,2,2518.0,1,2.5,late25,False
A-G1.045-C3,15880,2,2525.0,1,7.0,late25,False
A-G1.045-C3,15880,2,2528.0,1,3.0,late25,False
A-G1.045-C3,15880,2,2532.5,1,4.5,late25,False
A-G1.045-C3,15880,2,2560.0,1,27.5,late25,False
A-G1.045-C3,15880,2,2565.5,1,5.5,late25,False
A-G1.045-C3,15880,2,2569.25,1,3.75,late25,False
A-G1.045-C3,15880,2,2575.0,1,5.75,late25,False
A-G1.045-C3,15880,2,2579.5,1,4.5,late25,False
A-G1.045-C3,15880,2,2584.5,1,5.0,late25,False
A-G1.045-C3,15880,2,2596.5,1,12.0,late25,False
A-G1.045-C3,15880,2,2602.25,2,5.75,late25,False
A-G1.045-C3,15880,3,2720.75,1,118.5,early25,True
A-G1.045-C3,15880,3,2723.0,2,2.25,early25,True
A-G1.045-C3,15880,3,2725.5,1,2.5,early25,True
A-G1.045-C3,15880,3,2727.25,1,1.75,early25,True
A-G1.045-C3,15880,3,2731.75,2,4.5,early25,True
A-G1.045-C3,15880,3,2735.25,1,3.5,early25,True
A-G1.045-C3,15880,3,2738.0,1,2.75,early25,True
A-G1.045-C3,15880,3,2745.25,1,7.25,early25,True
A-G1.045-C3,15880,3,2747.75,1,2.5,early25,True
A-G1.045-C3,15880,3,2778.0,2,30.25,early25,True
A-G1.045-C3,15880,3,2782.5,1,4.5,early25,True
A-G1.045-C3,15880,3,2790.0,3,7.5,early25,True
A-G1.045-C3,15880,3,2794.75,1,4.75,early25,True
A-G1.045-C3,15880,3,2797.25,1,2.5,early25,True
A-G1.045-C3,15880,3,2799.75,1,2.5,early25,True
A-G1.045-C3,15880,3,2802.25,1,2.5,early25,True
A-G1.045-C3,15880,3,2808.75,3,6.5,early25,True
A-G1.045-C3,15880,3,2828.0,1,19.25,early25,True
A-G1.045-C3,15880,3,2830.0,1,2.0,early25,True
A-G1.045-C3,15880,3,2836.5,1,6.5,early25,True
A-G1.045-C3,15880,3,2840.75,1,4.25,early25,True
A-G1.045-C3,15880,3,2845.0,1,4.25,early25,True
A-G1.045-C3,15880,3,2846.75,1,1.75,early25,True
A-G1.045-C3,15880,3,2883.25,1,36.5,early25,True
A-G1.045-C3,15880,3,2889.0,2,5.75,early25,True
A-G1.045-C3,15880,3,2892.0,1,3.0,early25,True
A-G1.045-C3,15880,3,2895.75,1,3.75,early25,True
A-G1.045-C3,15880,3,2905.25,2,9.5,early25,True
A-G1.045-C3,15880,3,2917.5,1,12.25,early25,True
A-G1.045-C3,15880,3,2934.0,1,16.5,middle50,True
A-G1.045-C3,15880,3,2939.75,1,5.75,middle50,True
A-G1.045-C3,15880,3,2943.75,1,4.0,middle50,True
A-G1.045-C3,15880,3,2947.0,1,3.25,middle50,True
A-G1.045-C3,15880,3,2949.5,1,2.5,middle50,True
A-G1.045-C3,15880,3,2955.25,8,5.75,middle50,True
A-G1.045-C3,15880,3,2959.75,1,4.5,middle50,True
A-G1.045-C3,15880,3,2995.25,1,35.5,middle50,True
A-G1.045-C3,15880,3,2998.5,1,3.25,middle50,True
A-G1.045-C3,15880,3,3005.0,1,6.5,middle50,True
A-G1.045-C3,15880,3,3017.0,2,12.0,middle50,True
A-G1.045-C3,15880,3,3037.5,1,20.5,middle50,True
A-G1.045-C3,15880,3,3044.0,1,6.5,middle50,True
A-G1.045-C3,15880,3,3054.5,1,10.5,middle50,True
A-G1.045-C3,15880,3,3061.0,1,6.5,middle50,True
A-G1.045-C3,15880,3,3094.75,2,33.75,middle50,True
A-G1.045-C3,15880,3,3099.0,1,4.25,middle50,True
A-G1.045-C3,15880,3,3103.25,2,4.25,middle50,True
A-G1.045-C3,15880,3,3110.25,1,7.0,middle50,True
A-G1.045-C3,15880,3,3117.25,1,7.0,middle50,True
A-G1.045-C3,15880,3,3126.75,2,9.5,middle50,True
A-G1.045-C3,15880,3,3134.5,4,7.75,middle50,True
A-G1.045-C3,15880,3,3147.25,1,12.75,middle50,True
A-G1.045-C3,15880,3,3152.75,3,5.5,middle50,True
A-G1.045-C3,15880,3,3159.25,1,6.5,middle50,True
A-G1.045-C3,15880,3,3165.5,1,6.25,middle50,True
A-G1.045-C3,15880,3,3171.75,1,6.25,middle50,True
A-G1.045-C3,15880,3,3198.25,2,26.5,middle50,True
A-G1.045-C3,15880,3,3203.25,2,5.0,middle50,True
A-G1.045-C3,15880,3,3208.5,1,5.25,middle50,True
A-G1.045-C3,15880,3,3213.5,1,5.0,middle50,True
A-G1.045-C3,15880,3,3222.0,1,8.5,middle50,True
A-G1.045-C3,15880,3,3227.0,1,5.0,middle50,True
A-G1.045-C3,15880,3,3238.75,2,11.75,middle50,True
A-G1.045-C3,15880,3,3249.5,1,10.75,middle50,True
A-G1.045-C3,15880,3,3255.25,1,5.75,middle50,True
A-G1.045-C3,15880,3,3260.25,1,5.0,middle50,True
A-G1.045-C3,15880,3,3269.0,1,8.75,middle50,True
A-G1.045-C3,15880,3,3308.0,1,39.0,middle50,True
A-G1.045-C3,15880,3,3315.5,1,7.5,middle50,True
A-G1.045-C3,15880,3,3320.5,1,5.0,middle50,True
A-G1.045-C3,15880,3,3325.5,1,5.0,middle50,True
A-G1.045-C3,15880,3,3333.25,1,7.75,middle50,True
A-G1.045-C3,15880,3,3354.75,1,21.5,middle50,True
A-G1.045-C3,15880,3,3359.5,1,4.75,middle50,True
A-G1.045-C3,15880,3,3370.0,1,10.5,middle50,True
A-G1.045-C3,15880,3,3409.0,1,39.0,late25,True
A-G1.045-C3,15880,3,3411.5,1,2.5,late25,True
A-G1.045-C3,15880,3,3419.25,1,7.75,late25,True
A-G1.045-C3,15880,3,3424.25,1,5.0,late25,True
A-G1.045-C3,15880,3,3429.25,1,5.0,late25,True
A-G1.045-C3,15880,3,3434.0,1,4.75,late25,True
A-G1.045-C3,15880,3,3443.0,1,9.0,late25,True
A-G1.045-C3,15880,3,3465.5,1,22.5,late25,True
A-G1.045-C3,15880,3,3474.5,1,9.0,late25,True
A-G1.045-C3,15880,3,3480.5,1,6.0,late25,True
A-G1.045-C3,15880,3,3521.0,1,40.5,late25,True
A-G1.045-C3,15880,3,3525.25,1,4.25,late25,True
A-G1.045-C3,15880,3,3533.25,1,8.0,late25,True
A-G1.045-C3,15880,3,3555.75,3,22.5,late25,True
A-G1.045-C3,23799,0,0.25,3,,early25,False
A-G1.045-C3,23799,0,8.25,1,8.0,early25,False
A-G1.045-C3,23799,0,17.25,1,9.0,early25,False
A-G1.045-C3,23799,0,46.25,1,29.0,early25,False
A-G1.045-C3,23799,0,62.5,1,16.25,early25,False
A-G1.045-C3,23799,0,89.0,1,26.5,early25,False
A-G1.045-C3,23799,0,113.75,1,24.75,early25,False
A-G1.045-C3,23799,0,166.25,1,52.5,early25,False
A-G1.045-C3,23799,0,170.25,1,4.0,early25,False
A-G1.045-C3,23799,0,217.5,1,47.25,middle50,False
A-G1.045-C3,23799,0,224.25,1,6.75,middle50,False
A-G1.045-C3,23799,0,237.25,1,13.0,middle50,False
A-G1.045-C3,23799,0,240.25,1,3.0,middle50,False
A-G1.045-C3,23799,0,279.25,1,39.0,middle50,False
A-G1.045-C3,23799,0,288.75,1,9.5,middle50,False
A-G1.045-C3,23799,0,293.0,1,4.25,middle50,False
A-G1.045-C3,23799,0,300.0,1,7.0,middle50,False
A-G1.045-C3,23799,0,332.5,1,32.5,middle50,False
A-G1.045-C3,23799,0,342.0,1,9.5,middle50,False
A-G1.045-C3,23799,0,346.5,1,4.5,middle50,False
A-G1.045-C3,23799,0,350.5,1,4.0,middle50,False
A-G1.045-C3,23799,0,357.75,1,7.25,middle50,False
A-G1.045-C3,23799,0,363.0,1,5.25,middle50,False
A-G1.045-C3,23799,0,521.25,1,158.25,middle50,False
A-G1.045-C3,23799,0,527.0,1,5.75,middle50,False
A-G1.045-C3,23799,0,533.25,1,6.25,middle50,False
A-G1.045-C3,23799,0,543.0,1,9.75,middle50,False
A-G1.045-C3,23799,0,576.5,1,33.5,middle50,False
A-G1.045-C3,23799,0,589.25,1,12.75,middle50,False
A-G1.045-C3,23799,0,590.5,1,1.25,middle50,False
A-G1.045-C3,23799,0,597.25,1,6.75,middle50,False
A-G1.045-C3,23799,0,598.5,1,1.25,middle50,False
A-G1.045-C3,23799,0,603.5,1,5.0,middle50,False
A-G1.045-C3,23799,0,636.5,1,33.0,late25,False
A-G1.045-C3,23799,0,642.5,1,6.0,late25,False
A-G1.045-C3,23799,0,650.25,1,7.75,late25,False
A-G1.045-C3,23799,0,659.75,1,9.5,late25,False
A-G1.045-C3,23799,0,668.5,1,8.75,late25,False
A-G1.045-C3,23799,0,689.75,1,21.25,late25,False
A-G1.045-C3,23799,0,701.0,12,11.25,late25,False
A-G1.045-C3,23799,0,703.75,1,2.75,late25,False
A-G1.045-C3,23799,0,715.0,1,11.25,late25,False
A-G1.045-C3,23799,0,721.0,1,6.0,late25,False
A-G1.045-C3,23799,1,835.25,1,114.25,early25,False
A-G1.045-C3,23799,1,850.5,1,15.25,early25,False
A-G1.045-C3,23799,1,854.5,1,4.0,early25,False
A-G1.045-C3,23799,1,859.25,2,4.75,early25,False
A-G1.045-C3,23799,1,862.75,1,3.5,early25,False
A-G1.045-C3,23799,1,878.0,2,15.25,early25,False
A-G1.045-C3,23799,1,915.0,2,37.0,early25,False
A-G1.045-C3,23799,1,919.0,1,4.0,early25,False
A-G1.045-C3,23799,1,921.0,1,2.0,early25,False
A-G1.045-C3,23799,1,926.75,1,5.75,early25,False
A-G1.045-C3,23799,1,934.0,2,7.25,early25,False
A-G1.045-C3,23799,1,963.0,1,29.0,early25,False
A-G1.045-C3,23799,1,966.0,1,3.0,early25,False
A-G1.045-C3,23799,1,968.0,1,2.0,early25,False
A-G1.045-C3,23799,1,980.0,1,12.0,early25,False
A-G1.045-C3,23799,1,1017.0,2,37.0,early25,False
A-G1.045-C3,23799,1,1023.0,1,6.0,early25,False
A-G1.045-C3,23799,1,1027.5,2,4.5,middle50,False
A-G1.045-C3,23799,1,1031.0,1,3.5,middle50,False
A-G1.045-C3,23799,1,1036.0,2,5.0,middle50,False
A-G1.045-C3,23799,1,1043.25,1,7.25,middle50,False
A-G1.045-C3,23799,1,1071.0,2,27.75,middle50,False
A-G1.045-C3,23799,1,1077.0,1,6.0,middle50,False
A-G1.045-C3,23799,1,1080.5,1,3.5,middle50,False
A-G1.045-C3,23799,1,1086.75,1,6.25,middle50,False
A-G1.045-C3,23799,1,1125.25,2,38.5,middle50,False
A-G1.045-C3,23799,1,1131.0,1,5.75,middle50,False
A-G1.045-C3,23799,1,1135.75,2,4.75,middle50,False
A-G1.045-C3,23799,1,1141.0,1,5.25,middle50,False
A-G1.045-C3,23799,1,1143.5,1,2.5,middle50,False
A-G1.045-C3,23799,1,1150.5,1,7.0,middle50,False
A-G1.045-C3,23799,1,1159.0,1,8.5,middle50,False
A-G1.045-C3,23799,1,1307.25,1,148.25,middle50,False
A-G1.045-C3,23799,1,1309.75,1,2.5,middle50,False
A-G1.045-C3,23799,1,1314.25,1,4.5,middle50,False
A-G1.045-C3,23799,1,1319.5,1,5.25,middle50,False
A-G1.045-C3,23799,1,1325.0,1,5.5,middle50,False
A-G1.045-C3,23799,1,1331.5,1,6.5,middle50,False
A-G1.045-C3,23799,1,1363.5,1,32.0,middle50,False
A-G1.045-C3,23799,1,1369.0,1,5.5,middle50,False
A-G1.045-C3,23799,1,1371.75,1,2.75,middle50,False
A-G1.045-C3,23799,1,1375.25,1,3.5,middle50,False
A-G1.045-C3,23799,1,1378.25,1,3.0,middle50,False
A-G1.045-C3,23799,1,1382.25,2,4.0,middle50,False
A-G1.045-C3,23799,1,1388.25,1,6.0,middle50,False
A-G1.045-C3,23799,1,1394.0,1,5.75,middle50,False
A-G1.045-C3,23799,1,1402.75,4,8.75,middle50,False
A-G1.045-C3,23799,1,1414.75,1,12.0,middle50,False
A-G1.045-C3,23799,1,1417.75,2,3.0,late25,False
A-G1.045-C3,23799,1,1421.25,1,3.5,late25,False
A-G1.045-C3,23799,1,1424.0,1,2.75,late25,False
A-G1.045-C3,23799,1,1427.5,1,3.5,late25,False
A-G1.045-C3,23799,1,1434.75,2,7.25,late25,False
A-G1.045-C3,23799,1,1438.0,1,3.25,late25,False
A-G1.045-C3,23799,1,1442.0,1,4.0,late25,False
A-G1.045-C3,23799,1,1472.5,1,30.5,late25,False
A-G1.045-C3,23799,1,1474.75,1,2.25,late25,False
A-G1.045-C3,23799,1,1481.25,1,6.5,late25,False
A-G1.045-C3,23799,1,1482.5,1,1.25,late25,False
A-G1.045-C3,23799,1,1485.5,1,3.0,late25,False
A-G1.045-C3,23799,1,1489.5,1,4.0,late25,False
A-G1.045-C3,23799,1,1493.5,1,4.0,late25,False
A-G1.045-C3,23799,1,1497.0,1,3.5,late25,False
A-G1.045-C3,23799,1,1500.0,1,3.0,late25,False
A-G1.045-C3,23799,2,1627.5,1,127.5,early25,False
A-G1.045-C3,23799,2,1629.25,2,1.75,early25,False
A-G1.045-C3,23799,2,1631.25,1,2.0,early25,False
A-G1.045-C3,23799,2,1633.25,2,2.0,early25,False
A-G1.045-C3,23799,2,1637.75,2,4.5,early25,False
A-G1.045-C3,23799,2,1640.0,1,2.25,early25,False
A-G1.045-C3,23799,2,1643.5,2,3.5,early25,False
A-G1.045-C3,23799,2,1645.75,2,2.25,early25,False
A-G1.045-C3,23799,2,1649.25,1,3.5,early25,False
A-G1.045-C3,23799,2,1651.5,2,2.25,early25,False
A-G1.045-C3,23799,2,1653.75,2,2.25,early25,False
A-G1.045-C3,23799,2,1655.75,1,2.0,early25,False
A-G1.045-C3,23799,2,1688.0,2,32.25,early25,False
A-G1.045-C3,23799,2,1689.5,1,1.5,early25,False
A-G1.045-C3,23799,2,1695.5,4,6.0,early25,False
A-G1.045-C3,23799,2,1699.25,1,3.75,early25,False
A-G1.045-C3,23799,2,1703.0,2,3.75,early25,False
A-G1.045-C3,23799,2,1708.75,3,5.75,early25,False
A-G1.045-C3,23799,2,1711.75,1,3.0,early25,False
A-G1.045-C3,23799,2,1712.75,2,1.0,early25,False
A-G1.045-C3,23799,2,1716.5,1,3.75,early25,False
A-G1.045-C3,23799,2,1725.0,7,8.5,early25,False
A-G1.045-C3,23799,2,1737.5,1,12.5,early25,False
A-G1.045-C3,23799,2,1741.25,2,3.75,early25,False
A-G1.045-C3,23799,2,1746.0,2,4.75,early25,False
A-G1.045-C3,23799,2,1751.0,2,5.0,early25,False
A-G1.045-C3,23799,2,1756.5,2,5.5,early25,False
A-G1.045-C3,23799,2,1762.0,2,5.5,early25,False
A-G1.045-C3,23799,2,1766.0,1,4.0,early25,False
A-G1.045-C3,23799,2,1793.0,20,27.0,early25,False
A-G1.045-C3,23799,2,1795.0,1,2.0,early25,False
A-G1.045-C3,23799,2,1799.0,1,4.0,early25,False
A-G1.045-C3,23799,2,1801.5,1,2.5,early25,False
A-G1.045-C3,23799,2,1804.0,1,2.5,early25,False
A-G1.045-C3,23799,2,1806.25,1,2.25,early25,False
A-G1.045-C3,23799,2,1808.25,1,2.0,early25,False
A-G1.045-C3,23799,2,1810.25,1,2.0,early25,False
A-G1.045-C3,23799,2,1815.25,1,5.0,early25,False
A-G1.045-C3,23799,2,1820.0,2,4.75,early25,False
A-G1.045-C3,23799,2,1828.75,2,8.75,early25,False
A-G1.045-C3,23799,2,1982.25,1,153.5,middle50,False
A-G1.045-C3,23799,2,1985.5,1,3.25,middle50,False
A-G1.045-C3,23799,2,1986.75,1,1.25,middle50,False
A-G1.045-C3,23799,2,1991.5,1,4.75,middle50,False
A-G1.045-C3,23799,2,1996.0,2,4.5,middle50,False
A-G1.045-C3,23799,2,2000.5,2,4.5,middle50,False
A-G1.045-C3,23799,2,2005.75,1,5.25,middle50,False
A-G1.045-C3,23799,2,2009.25,1,3.5,middle50,False
A-G1.045-C3,23799,2,2038.0,1,28.75,middle50,False
A-G1.045-C3,23799,2,2042.75,2,4.75,middle50,False
A-G1.045-C3,23799,2,2049.75,2,7.0,middle50,False
A-G1.045-C3,23799,2,2054.25,2,4.5,middle50,False
A-G1.045-C3,23799,2,2061.5,2,7.25,middle50,False
A-G1.045-C3,23799,2,2065.75,2,4.25,middle50,False
A-G1.045-C3,23799,2,2072.5,1,6.75,middle50,False
A-G1.045-C3,23799,2,2087.75,1,15.25,middle50,False
A-G1.045-C3,23799,2,2095.25,2,7.5,middle50,False
A-G1.045-C3,23799,2,2099.75,1,4.5,middle50,False
A-G1.045-C3,23799,2,2104.5,1,4.75,middle50,False
A-G1.045-C3,23799,2,2109.5,1,5.0,middle50,False
A-G1.045-C3,23799,2,2113.25,1,3.75,middle50,False
A-G1.045-C3,23799,2,2117.5,12,4.25,middle50,False
A-G1.045-C3,23799,2,2142.75,2,25.25,middle50,False
A-G1.045-C3,23799,2,2158.0,1,15.25,middle50,False
A-G1.045-C3,23799,2,2159.75,1,1.75,middle50,False
A-G1.045-C3,23799,2,2161.75,1,2.0,middle50,False
A-G1.045-C3,23799,2,2166.0,1,4.25,middle50,False
A-G1.045-C3,23799,2,2170.0,2,4.0,middle50,False
A-G1.045-C3,23799,2,2173.0,1,3.0,middle50,False
A-G1.045-C3,23799,2,2299.75,1,126.75,middle50,False
A-G1.045-C3,23799,2,2306.25,1,6.5,middle50,False
A-G1.045-C3,23799,2,2310.0,1,3.75,middle50,False
A-G1.045-C3,23799,2,2317.0,1,7.0,middle50,False
A-G1.045-C3,23799,2,2322.5,1,5.5,middle50,False
A-G1.045-C3,23799,2,2325.5,1,3.0,middle50,False
A-G1.045-C3,23799,2,2328.75,1,3.25,middle50,False
A-G1.045-C3,23799,2,2331.25,1,2.5,middle50,False
A-G1.045-C3,23799,2,2358.25,1,27.0,middle50,False
A-G1.045-C3,23799,2,2361.75,1,3.5,middle50,False
A-G1.045-C3,23799,2,2364.5,1,2.75,late25,False
A-G1.045-C3,23799,2,2367.75,1,3.25,late25,False
A-G1.045-C3,23799,2,2370.75,1,3.0,late25,False
A-G1.045-C3,23799,2,2373.25,1,2.5,late25,False
A-G1.045-C3,23799,2,2376.25,1,3.0,late25,False
A-G1.045-C3,23799,2,2382.75,1,6.5,late25,False
A-G1.045-C3,23799,2,2385.25,1,2.5,late25,False
A-G1.045-C3,23799,2,2388.0,9,2.75,late25,False
A-G1.045-C3,23799,2,2395.25,8,7.25,late25,False
A-G1.045-C3,23799,2,2420.0,1,24.75,late25,False
A-G1.045-C3,23799,2,2438.25,1,18.25,late25,False
A-G1.045-C3,23799,2,2439.75,1,1.5,late25,False
A-G1.045-C3,23799,2,2442.5,1,2.75,late25,False
A-G1.045-C3,23799,2,2448.25,1,5.75,late25,False
A-G1.045-C3,23799,2,2477.75,1,29.5,late25,False
A-G1.045-C3,23799,2,2481.0,1,3.25,late25,False
A-G1.045-C3,23799,2,2485.25,1,4.25,late25,False
A-G1.045-C3,23799,2,2488.25,5,3.0,late25,False
A-G1.045-C3,23799,2,2490.5,1,2.25,late25,False
A-G1.045-C3,23799,2,2495.25,1,4.75,late25,False
A-G1.045-C3,23799,2,2499.75,1,4.5,late25,False
A-G1.045-C3,23799,2,2504.5,1,4.75,late25,False
A-G1.045-C3,23799,2,2510.5,1,6.0,late25,False
A-G1.045-C3,23799,2,2516.25,2,5.75,late25,False
A-G1.045-C3,23799,3,2620.75,1,104.5,early25,True
A-G1.045-C3,23799,3,2629.75,1,9.0,early25,True
A-G1.045-C3,23799,3,2632.0,1,2.25,early25,True
A-G1.045-C3,23799,3,2634.25,3,2.25,early25,True
A-G1.045-C3,23799,3,2640.0,2,5.75,early25,True
A-G1.045-C3,23799,3,2641.5,4,1.5,early25,True
A-G1.045-C3,23799,3,2651.5,2,10.0,early25,True
A-G1.045-C3,23799,3,2657.25,1,5.75,early25,True
A-G1.045-C3,23799,3,2686.25,1,29.0,early25,True
A-G1.045-C3,23799,3,2693.0,1,6.75,early25,True
A-G1.045-C3,23799,3,2698.0,1,5.0,early25,True
A-G1.045-C3,23799,3,2703.0,1,5.0,early25,True
A-G1.045-C3,23799,3,2703.75,3,0.75,early25,True
A-G1.045-C3,23799,3,2709.0,1,5.25,early25,True
A-G1.045-C3,23799,3,2715.75,2,6.75,early25,True
A-G1.045-C3,23799,3,2741.25,1,25.5,early25,True
A-G1.045-C3,23799,3,2752.75,2,11.5,early25,True
A-G1.045-C3,23799,3,2759.25,1,6.5,early25,True
A-G1.045-C3,23799,3,2766.0,1,6.75,early25,True
A-G1.045-C3,23799,3,2796.25,1,30.25,early25,True
A-G1.045-C3,23799,3,2801.75,2,5.5,early25,True
A-G1.045-C3,23799,3,2807.5,1,5.75,early25,True
A-G1.045-C3,23799,3,2813.0,2,5.5,early25,True
A-G1.045-C3,23799,3,2818.5,1,5.5,early25,True
A-G1.045-C3,23799,3,2822.25,1,3.75,early25,True
A-G1.045-C3,23799,3,2834.75,6,12.5,early25,True
A-G1.045-C3,23799,3,2846.0,1,11.25,early25,True
A-G1.045-C3,23799,3,2849.5,1,3.5,early25,True
A-G1.045-C3,23799,3,2853.0,1,3.5,early25,True
A-G1.045-C3,23799,3,2857.5,1,4.5,early25,True
A-G1.045-C3,23799,3,2865.5,1,8.0,middle50,True
A-G1.045-C3,23799,3,2868.75,1,3.25,middle50,True
A-G1.045-C3,23799,3,2872.25,1,3.5,middle50,True
A-G1.045-C3,23799,3,2876.75,8,4.5,middle50,True
A-G1.045-C3,23799,3,2902.75,1,26.0,middle50,True
A-G1.045-C3,23799,3,2919.5,1,16.75,middle50,True
A-G1.045-C3,23799,3,2924.25,1,4.75,middle50,True
A-G1.045-C3,23799,3,2929.5,1,5.25,middle50,True
A-G1.045-C3,23799,3,2939.75,2,10.25,middle50,True
A-G1.045-C3,23799,3,2962.75,4,23.0,middle50,True
A-G1.045-C3,23799,3,2974.0,1,11.25,middle50,True
A-G1.045-C3,23799,3,2981.0,1,7.0,middle50,True
A-G1.045-C3,23799,3,3009.0,1,28.0,middle50,True
A-G1.045-C3,23799,3,3012.5,1,3.5,middle50,True
A-G1.045-C3,23799,3,3019.5,1,7.0,middle50,True
A-G1.045-C3,23799,3,3028.75,1,9.25,middle50,True
A-G1.045-C3,23799,3,3034.0,1,5.25,middle50,True
A-G1.045-C3,23799,3,3037.5,4,3.5,middle50,True
A-G1.045-C3,23799,3,3056.5,1,19.0,middle50,True
A-G1.045-C3,23799,3,3071.5,1,15.0,middle50,True
A-G1.045-C3,23799,3,3077.25,1,5.75,middle50,True
A-G1.045-C3,23799,3,3113.25,1,36.0,middle50,True
A-G1.045-C3,23799,3,3121.5,1,8.25,middle50,True
A-G1.045-C3,23799,3,3126.5,1,5.0,middle50,True
A-G1.045-C3,23799,3,3131.5,1,5.0,middle50,True
A-G1.045-C3,23799,3,3133.5,1,2.0,middle50,True
A-G1.045-C3,23799,3,3154.75,1,21.25,middle50,True
A-G1.045-C3,23799,3,3161.5,1,6.75,middle50,True
A-G1.045-C3,23799,3,3167.75,1,6.25,middle50,True
A-G1.045-C3,23799,3,3174.5,1,6.75,middle50,True
A-G1.045-C3,23799,3,3178.0,4,3.5,middle50,True
A-G1.045-C3,23799,3,3181.75,1,3.75,middle50,True
A-G1.045-C3,23799,3,3215.5,1,33.75,middle50,True
A-G1.045-C3,23799,3,3221.25,1,5.75,middle50,True
A-G1.045-C3,23799,3,3227.0,1,5.75,middle50,True
A-G1.045-C3,23799,3,3235.25,1,8.25,middle50,True
A-G1.045-C3,23799,3,3390.75,1,155.5,late25,True
A-G1.045-C3,23799,3,3404.0,1,13.25,late25,True
A-G1.045-C3,23799,3,3407.5,1,3.5,late25,True
A-G1.045-C3,23799,3,3414.0,1,6.5,late25,True
A-G1.045-C3,23799,3,3455.0,1,41.0,late25,True
A-G1.045-C3,23799,3,3458.25,1,3.25,late25,True
A-G1.045-C3,23799,3,3461.75,1,3.5,late25,True
A-G1.045-C3,23799,3,3471.75,1,10.0,late25,True
A-G1.045-C3,23799,3,3503.0,1,31.25,late25,True
A-G1.045-C3,23799,3,3514.5,1,11.5,late25,True
A-G1.045-C3,23799,3,3555.25,1,40.75,late25,True
A-G1.045-C3,23799,3,3564.5,1,9.25,late25,True
A-G1.045-C3,23799,3,3583.25,1,18.75,late25,True
A-G1.045-C3,23799,3,3590.75,2,7.5,late25,True
A-G1.045-C3,31718,0,0.25,3,,early25,False
A-G1.045-C3,31718,0,8.5,1,8.25,early25,False
A-G1.045-C3,31718,0,18.0,1,9.5,early25,False
A-G1.045-C3,31718,0,33.75,1,15.75,early25,False
A-G1.045-C3,31718,0,53.25,1,19.5,early25,False
A-G1.045-C3,31718,0,93.75,1,40.5,early25,False
A-G1.045-C3,31718,0,103.75,1,10.0,early25,False
A-G1.045-C3,31718,0,116.0,1,12.25,early25,False
A-G1.045-C3,31718,0,155.25,1,39.25,early25,False
A-G1.045-C3,31718,0,161.75,1,6.5,early25,False
A-G1.045-C3,31718,0,165.0,1,3.25,early25,False
A-G1.045-C3,31718,0,172.5,1,7.5,early25,False
A-G1.045-C3,31718,0,176.5,1,4.0,early25,False
A-G1.045-C3,31718,0,215.25,1,38.75,middle50,False
A-G1.045-C3,31718,0,221.25,1,6.0,middle50,False
A-G1.045-C3,31718,0,230.25,1,9.0,middle50,False
A-G1.045-C3,31718,0,234.25,1,4.0,middle50,False
A-G1.045-C3,31718,0,238.75,1,4.5,middle50,False
A-G1.045-C3,31718,0,280.0,1,41.25,middle50,False
A-G1.045-C3,31718,0,294.25,1,14.25,middle50,False
A-G1.045-C3,31718,0,301.25,1,7.0,middle50,False
A-G1.045-C3,31718,0,332.0,1,30.75,middle50,False
A-G1.045-C3,31718,0,335.0,1,3.0,middle50,False
A-G1.045-C3,31718,0,343.5,1,8.5,middle50,False
A-G1.045-C3,31718,0,346.25,1,2.75,middle50,False
A-G1.045-C3,31718,0,353.25,1,7.0,middle50,False
A-G1.045-C3,31718,0,358.75,1,5.5,middle50,False
A-G1.045-C3,31718,0,519.75,1,161.0,middle50,False
A-G1.045-C3,31718,0,522.25,1,2.5,middle50,False
A-G1.045-C3,31718,0,533.0,1,10.75,middle50,False
A-G1.045-C3,31718,0,545.75,1,12.75,middle50,False
A-G1.045-C3,31718,0,555.0,2,9.25,middle50,False
A-G1.045-C3,31718,0,578.75,1,23.75,middle50,False
A-G1.045-C3,31718,0,582.25,1,3.5,middle50,False
A-G1.045-C3,31718,0,593.25,12,11.0,middle50,False
A-G1.045-C3,31718,0,605.5,1,12.25,middle50,False
A-G1.045-C3,31718,0,683.25,1,77.75,late25,False
A-G1.045-C3,31718,0,691.0,1,7.75,late25,False
A-G1.045-C3,31718,0,695.5,1,4.5,late25,False
A-G1.045-C3,31718,0,702.5,1,7.0,late25,False
A-G1.045-C3,31718,0,709.75,1,7.25,late25,False
A-G1.045-C3,31718,0,714.5,1,4.75,late25,False
A-G1.045-C3,31718,0,828.5,1,114.0,late25,False
A-G1.045-C3,31718,1,838.25,2,9.75,early25,False
A-G1.045-C3,31718,1,858.0,1,19.75,early25,False
A-G1.045-C3,31718,1,860.5,2,2.5,early25,False
A-G1.045-C3,31718,1,866.75,2,6.25,early25,False
A-G1.045-C3,31718,1,873.75,2,7.0,early25,False
A-G1.045-C3,31718,1,880.0,2,6.25,early25,False
A-G1.045-C3,31718,1,883.5,1,3.5,early25,False
A-G1.045-C3,31718,1,910.5,2,27.0,early25,False
A-G1.045-C3,31718,1,914.75,10,4.25,early25,False
A-G1.045-C3,31718,1,926.5,1,11.75,early25,False
A-G1.045-C3,31718,1,932.75,1,6.25,early25,False
A-G1.045-C3,31718,1,935.25,1,2.5,early25,False
A-G1.045-C3,31718,1,938.25,1,3.0,early25,False
A-G1.045-C3,31718,1,946.0,1,7.75,early25,False
A-G1.045-C3,31718,1,964.75,2,18.75,early25,False
A-G1.045-C3,31718,1,966.0,1,1.25,early25,False
A-G1.045-C3,31718,1,969.5,1,3.5,early25,False
A-G1.045-C3,31718,1,972.5,1,3.0,early25,False
A-G1.045-C3,31718,1,975.75,1,3.25,early25,False
A-G1.045-C3,31718,1,980.0,1,4.25,early25,False
A-G1.045-C3,31718,1,986.0,2,6.0,early25,False
A-G1.045-C3,31718,1,1019.75,1,33.75,middle50,False
A-G1.045-C3,31718,1,1024.0,1,4.25,middle50,False
A-G1.045-C3,31718,1,1028.25,2,4.25,middle50,False
A-G1.045-C3,31718,1,1031.25,1,3.0,middle50,False
A-G1.045-C3,31718,1,1035.75,1,4.5,middle50,False
A-G1.045-C3,31718,1,1039.25,1,3.5,middle50,False
A-G1.045-C3,31718,1,1042.0,1,2.75,middle50,False
A-G1.045-C3,31718,1,1044.5,1,2.5,middle50,False
A-G1.045-C3,31718,1,1047.25,1,2.75,middle50,False
A-G1.045-C3,31718,1,1056.5,1,9.25,middle50,False
A-G1.045-C3,31718,1,1069.5,1,13.0,middle50,False
A-G1.045-C3,31718,1,1208.75,1,139.25,middle50,False
A-G1.045-C3,31718,1,1214.5,1,5.75,middle50,False
A-G1.045-C3,31718,1,1217.25,1,2.75,middle50,False
A-G1.045-C3,31718,1,1220.5,2,3.25,middle50,False
A-G1.045-C3,31718,1,1223.75,1,3.25,middle50,False
A-G1.045-C3,31718,1,1228.0,1,4.25,middle50,False
A-G1.045-C3,31718,1,1232.5,1,4.5,middle50,False
A-G1.045-C3,31718,1,1236.25,1,3.75,middle50,False
A-G1.045-C3,31718,1,1241.5,1,5.25,middle50,False
A-G1.045-C3,31718,1,1267.25,2,25.75,middle50,False
A-G1.045-C3,31718,1,1272.5,1,5.25,middle50,False
A-G1.045-C3,31718,1,1275.25,1,2.75,middle50,False
A-G1.045-C3,31718,1,1279.25,1,4.0,middle50,False
A-G1.045-C3,31718,1,1284.0,12,4.75,middle50,False
A-G1.045-C3,31718,1,1287.75,1,3.75,middle50,False
A-G1.045-C3,31718,1,1290.75,1,3.0,middle50,False
A-G1.045-C3,31718,1,1292.75,1,2.0,middle50,False
A-G1.045-C3,31718,1,1297.5,1,4.75,middle50,False
A-G1.045-C3,31718,1,1304.5,3,7.0,middle50,False
A-G1.045-C3,31718,1,1315.5,1,11.0,middle50,False
A-G1.045-C3,31718,1,1331.25,1,15.75,middle50,False
A-G1.045-C3,31718,1,1334.75,1,3.5,middle50,False
A-G1.045-C3,31718,1,1338.5,1,3.75,middle50,False
A-G1.045-C3,31718,1,1339.5,1,1.0,middle50,False
A-G1.045-C3,31718,1,1341.75,1,2.25,middle50,False
A-G1.045-C3,31718,1,1372.75,1,31.0,late25,False
A-G1.045-C3,31718,1,1374.75,1,2.0,late25,False
A-G1.045-C3,31718,1,1378.0,1,3.25,late25,False
A-G1.045-C3,31718,1,1383.0,1,5.0,late25,False
A-G1.045-C3,31718,1,1387.0,1,4.0,late25,False
A-G1.045-C3,31718,1,1392.0,2,5.0,late25,False
A-G1.045-C3,31718,1,1398.5,1,6.5,late25,False
A-G1.045-C3,31718,1,1402.5,1,4.0,late25,False
A-G1.045-C3,31718,1,1409.5,1,7.0,late25,False
A-G1.045-C3,31718,1,1511.75,1,102.25,late25,False
A-G1.045-C3,31718,2,1529.0,2,17.25,early25,False
A-G1.045-C3,31718,2,1531.5,2,2.5,early25,False
A-G1.045-C3,31718,2,1534.0,1,2.5,early25,False
A-G1.045-C3,31718,2,1536.0,2,2.0,early25,False
A-G1.045-C3,31718,2,1538.0,1,2.0,early25,False
A-G1.045-C3,31718,2,1539.5,1,1.5,early25,False
A-G1.045-C3,31718,2,1541.5,1,2.0,early25,False
A-G1.045-C3,31718,2,1544.5,1,3.0,early25,False
A-G1.045-C3,31718,2,1547.5,2,3.0,early25,False
A-G1.045-C3,31718,2,1549.75,2,2.25,early25,False
A-G1.045-C3,31718,2,1552.0,1,2.25,early25,False
A-G1.045-C3,31718,2,1555.0,2,3.0,early25,False
A-G1.045-C3,31718,2,1557.25,1,2.25,early25,False
A-G1.045-C3,31718,2,1584.75,1,27.5,early25,False
A-G1.045-C3,31718,2,1586.0,1,1.25,early25,False
A-G1.045-C3,31718,2,1587.5,1,1.5,early25,False
A-G1.045-C3,31718,2,1589.0,1,1.5,early25,False
A-G1.045-C3,31718,2,1590.0,1,1.0,early25,False
A-G1.045-C3,31718,2,1595.5,3,5.5,early25,False
A-G1.045-C3,31718,2,1607.25,1,11.75,early25,False
A-G1.045-C3,31718,2,1612.5,2,5.25,early25,False
A-G1.045-C3,31718,2,1635.25,2,22.75,early25,False
A-G1.045-C3,31718,2,1639.25,1,4.0,early25,False
A-G1.045-C3,31718,2,1644.5,2,5.25,early25,False
A-G1.045-C3,31718,2,1650.5,2,6.0,early25,False
A-G1.045-C3,31718,2,1655.75,1,5.25,early25,False
A-G1.045-C3,31718,2,1661.0,2,5.25,early25,False
A-G1.045-C3,31718,2,1665.0,2,4.0,early25,False
A-G1.045-C3,31718,2,1691.25,18,26.25,early25,False
A-G1.045-C3,31718,2,1695.75,2,4.5,early25,False
A-G1.045-C3,31718,2,1711.0,1,15.25,early25,False
A-G1.045-C3,31718,2,1713.5,1,2.5,early25,False
A-G1.045-C3,31718,2,1720.75,2,7.25,early25,False
A-G1.045-C3,31718,2,1729.25,4,8.5,early25,False
A-G1.045-C3,31718,2,1868.25,1,139.0,middle50,False
A-G1.045-C3,31718,2,1872.5,1,4.25,middle50,False
A-G1.045-C3,31718,2,1878.75,1,6.25,middle50,False
A-G1.045-C3,31718,2,1880.25,4,1.5,middle50,False
A-G1.045-C3,31718,2,1881.75,3,1.5,middle50,False
A-G1.045-C3,31718,2,1886.25,1,4.5,middle50,False
A-G1.045-C3,31718,2,1889.0,1,2.75,middle50,False
A-G1.045-C3,31718,2,1892.0,2,3.0,middle50,False
A-G1.045-C3,31718,2,1898.0,3,6.0,middle50,False
A-G1.045-C3,31718,2,1933.5,1,35.5,middle50,False
A-G1.045-C3,31718,2,1938.25,1,4.75,middle50,False
A-G1.045-C3,31718,2,1942.5,1,4.25,middle50,False
A-G1.045-C3,31718,2,1943.25,3,0.75,middle50,False
A-G1.045-C3,31718,2,1944.0,2,0.75,middle50,False
A-G1.045-C3,31718,2,1948.75,2,4.75,middle50,False
A-G1.045-C3,31718,2,1953.25,1,4.5,middle50,False
A-G1.045-C3,31718,2,1971.75,1,18.5,middle50,False
A-G1.045-C3,31718,2,1975.5,2,3.75,middle50,False
A-G1.045-C3,31718,2,1980.0,1,4.5,middle50,False
A-G1.045-C3,31718,2,1992.5,1,12.5,middle50,False
A-G1.045-C3,31718,2,1996.25,1,3.75,middle50,False
A-G1.045-C3,31718,2,1998.0,1,1.75,middle50,False
A-G1.045-C3,31718,2,2028.75,1,30.75,middle50,False
A-G1.045-C3,31718,2,2032.0,1,3.25,middle50,False
A-G1.045-C3,31718,2,2033.75,1,1.75,middle50,False
A-G1.045-C3,31718,2,2039.75,1,6.0,middle50,False
A-G1.045-C3,31718,2,2043.5,1,3.75,middle50,False
A-G1.045-C3,31718,2,2047.25,1,3.75,middle50,False
A-G1.045-C3,31718,2,2052.0,1,4.75,middle50,False
A-G1.045-C3,31718,2,2055.75,1,3.75,middle50,False
A-G1.045-C3,31718,2,2062.5,1,6.75,middle50,False
A-G1.045-C3,31718,2,2068.75,3,6.25,middle50,False
A-G1.045-C3,31718,2,2193.5,1,124.75,middle50,False
A-G1.045-C3,31718,2,2197.5,1,4.0,middle50,False
A-G1.045-C3,31718,2,2202.25,1,4.75,middle50,False
A-G1.045-C3,31718,2,2207.25,2,5.0,middle50,False
A-G1.045-C3,31718,2,2212.75,1,5.5,middle50,False
A-G1.045-C3,31718,2,2216.25,1,3.5,middle50,False
A-G1.045-C3,31718,2,2219.75,1,3.5,middle50,False
A-G1.045-C3,31718,2,2244.5,1,24.75,middle50,False
A-G1.045-C3,31718,2,2249.0,1,4.5,late25,False
A-G1.045-C3,31718,2,2252.0,1,3.0,late25,False
A-G1.045-C3,31718,2,2257.75,1,5.75,late25,False
A-G1.045-C3,31718,2,2261.0,1,3.25,late25,False
A-G1.045-C3,31718,2,2263.5,1,2.5,late25,False
A-G1.045-C3,31718,2,2266.5,9,3.0,late25,False
A-G1.045-C3,31718,2,2270.25,1,3.75,late25,False
A-G1.045-C3,31718,2,2272.5,7,2.25,late25,False
A-G1.045-C3,31718,2,2275.75,1,3.25,late25,False
A-G1.045-C3,31718,2,2287.5,3,11.75,late25,False
A-G1.045-C3,31718,2,2302.5,1,15.0,late25,False
A-G1.045-C3,31718,2,2312.25,1,9.75,late25,False
A-G1.045-C3,31718,2,2316.5,1,4.25,late25,False
A-G1.045-C3,31718,2,2319.75,2,3.25,late25,False
A-G1.045-C3,31718,2,2322.25,1,2.5,late25,False
A-G1.045-C3,31718,2,2352.75,1,30.5,late25,False
A-G1.045-C3,31718,2,2354.75,2,2.0,late25,False
A-G1.045-C3,31718,2,2364.0,1,9.25,late25,False
A-G1.045-C3,31718,2,2369.25,1,5.25,late25,False
A-G1.045-C3,31718,2,2373.0,1,3.75,late25,False
A-G1.045-C3,31718,2,2375.25,1,2.25,late25,False
A-G1.045-C3,31718,2,2378.75,1,3.5,late25,False
A-G1.045-C3,31718,2,2389.0,1,10.25,late25,False
A-G1.045-C3,31718,3,2507.75,2,118.75,early25,True
A-G1.045-C3,31718,3,2512.0,2,4.25,early25,True
A-G1.045-C3,31718,3,2514.75,1,2.75,early25,True
A-G1.045-C3,31718,3,2518.75,1,4.0,early25,True
A-G1.045-C3,31718,3,2522.75,1,4.0,early25,True
A-G1.045-C3,31718,3,2526.5,1,3.75,early25,True
A-G1.045-C3,31718,3,2530.0,1,3.5,early25,True
A-G1.045-C3,31718,3,2534.75,1,4.75,early25,True
A-G1.045-C3,31718,3,2539.0,2,4.25,early25,True
A-G1.045-C3,31718,3,2565.5,1,26.5,early25,True
A-G1.045-C3,31718,3,2569.0,1,3.5,early25,True
A-G1.045-C3,31718,3,2572.5,2,3.5,early25,True
A-G1.045-C3,31718,3,2576.25,1,3.75,early25,True
A-G1.045-C3,31718,3,2579.25,1,3.0,early25,True
A-G1.045-C3,31718,3,2581.25,1,2.0,early25,True
A-G1.045-C3,31718,3,2584.75,1,3.5,early25,True
A-G1.045-C3,31718,3,2588.5,12,3.75,early25,True
A-G1.045-C3,31718,3,2591.5,1,3.0,early25,True
A-G1.045-C3,31718,3,2594.75,7,3.25,early25,True
A-G1.045-C3,31718,3,2615.0,2,20.25,early25,True
A-G1.045-C3,31718,3,2617.5,1,2.5,early25,True
A-G1.045-C3,31718,3,2622.0,1,4.5,early25,True
A-G1.045-C3,31718,3,2626.5,1,4.5,early25,True
A-G1.045-C3,31718,3,2628.75,1,2.25,early25,True
A-G1.045-C3,31718,3,2635.25,1,6.5,early25,True
A-G1.045-C3,31718,3,2636.5,1,1.25,early25,True
A-G1.045-C3,31718,3,2666.75,1,30.25,early25,True
A-G1.045-C3,31718,3,2669.75,1,3.0,early25,True
A-G1.045-C3,31718,3,2672.25,1,2.5,early25,True
A-G1.045-C3,31718,3,2678.75,1,6.5,early25,True
A-G1.045-C3,31718,3,2684.0,2,5.25,early25,True
A-G1.045-C3,31718,3,2689.5,1,5.5,early25,True
A-G1.045-C3,31718,3,2694.75,1,5.25,early25,True
A-G1.045-C3,31718,3,2715.25,1,20.5,early25,True
A-G1.045-C3,31718,3,2719.75,1,4.5,early25,True
A-G1.045-C3,31718,3,2727.75,1,8.0,early25,True
A-G1.045-C3,31718,3,2733.25,1,5.5,early25,True
A-G1.045-C3,31718,3,2741.0,1,7.75,early25,True
A-G1.045-C3,31718,3,2774.0,2,33.0,middle50,True
A-G1.045-C3,31718,3,2779.25,1,5.25,middle50,True
A-G1.045-C3,31718,3,2786.75,2,7.5,middle50,True
A-G1.045-C3,31718,3,2792.0,1,5.25,middle50,True
A-G1.045-C3,31718,3,2795.75,1,3.75,middle50,True
A-G1.045-C3,31718,3,2805.75,1,10.0,middle50,True
A-G1.045-C3,31718,3,2813.75,4,8.0,middle50,True
A-G1.045-C3,31718,3,2826.0,1,12.25,middle50,True
A-G1.045-C3,31718,3,2833.25,1,7.25,middle50,True
A-G1.045-C3,31718,3,2836.75,1,3.5,middle50,True
A-G1.045-C3,31718,3,2844.75,5,8.0,middle50,True
A-G1.045-C3,31718,3,2849.75,3,5.0,middle50,True
A-G1.045-C3,31718,3,2852.0,3,2.25,middle50,True
A-G1.045-C3,31718,3,2878.0,1,26.0,middle50,True
A-G1.045-C3,31718,3,2887.0,1,9.0,middle50,True
A-G1.045-C3,31718,3,2892.5,1,5.5,middle50,True
A-G1.045-C3,31718,3,2901.5,1,9.0,middle50,True
A-G1.045-C3,31718,3,2916.25,1,14.75,middle50,True
A-G1.045-C3,31718,3,2921.75,2,5.5,middle50,True
A-G1.045-C3,31718,3,2934.5,1,12.75,middle50,True
A-G1.045-C3,31718,3,2938.25,1,3.75,middle50,True
A-G1.045-C3,31718,3,2939.75,1,1.5,middle50,True
A-G1.045-C3,31718,3,2945.5,1,5.75,middle50,True
A-G1.045-C3,31718,3,2947.0,1,1.5,middle50,True
A-G1.045-C3,31718,3,2949.0,1,2.0,middle50,True
A-G1.045-C3,31718,3,2950.25,1,1.25,middle50,True
A-G1.045-C3,31718,3,2954.0,1,3.75,middle50,True
A-G1.045-C3,31718,3,2989.5,1,35.5,middle50,True
A-G1.045-C3,31718,3,3002.5,1,13.0,middle50,True
A-G1.045-C3,31718,3,3007.5,1,5.0,middle50,True
A-G1.045-C3,31718,3,3012.25,1,4.75,middle50,True
A-G1.045-C3,31718,3,3023.25,1,11.0,middle50,True
A-G1.045-C3,31718,3,3180.0,1,156.75,middle50,True
A-G1.045-C3,31718,3,3189.75,1,9.75,middle50,True
A-G1.045-C3,31718,3,3196.0,1,6.25,middle50,True
A-G1.045-C3,31718,3,3203.75,1,7.75,middle50,True
A-G1.045-C3,31718,3,3231.0,1,27.25,middle50,True
A-G1.045-C3,31718,3,3236.75,4,5.75,middle50,True
A-G1.045-C3,31718,3,3239.5,1,2.75,middle50,True
A-G1.045-C3,31718,3,3247.0,1,7.5,middle50,True
A-G1.045-C3,31718,3,3259.75,1,12.75,middle50,True
A-G1.045-C3,31718,3,3291.5,1,31.75,middle50,True
A-G1.045-C3,31718,3,3306.25,1,14.75,middle50,True
A-G1.045-C3,31718,3,3337.75,1,31.5,late25,True
A-G1.045-C3,31718,3,3354.5,1,16.75,late25,True
A-G1.045-C3,31718,3,3359.0,1,4.5,late25,True
A-G1.045-C3,31718,3,3373.25,1,14.25,late25,True
A-G1.045-C3,31718,3,3521.5,1,148.25,late25,True
A-G1.045-C3,31718,3,3534.25,1,12.75,late25,True
A-G1.045-C3,31718,3,3571.75,1,37.5,late25,True
A-G1.045-C3,31718,3,3575.75,1,4.0,late25,True
A-G1.045-C3,39637,0,0.25,3,,early25,False
A-G1.045-C3,39637,0,9.5,1,9.25,early25,False
A-G1.045-C3,39637,0,20.25,1,10.75,early25,False
A-G1.045-C3,39637,0,45.0,1,24.75,early25,False
A-G1.045-C3,39637,0,87.5,1,42.5,early25,False
A-G1.045-C3,39637,0,91.0,1,3.5,early25,False
A-G1.045-C3,39637,0,109.0,1,18.0,early25,False
A-G1.045-C3,39637,0,110.5,1,1.5,early25,False
A-G1.045-C3,39637,0,133.5,5,23.0,early25,False
A-G1.045-C3,39637,0,166.75,1,33.25,early25,False
A-G1.045-C3,39637,0,185.75,1,19.0,middle50,False
A-G1.045-C3,39637,0,198.5,2,12.75,middle50,False
A-G1.045-C3,39637,0,221.25,1,22.75,middle50,False
A-G1.045-C3,39637,0,227.0,1,5.75,middle50,False
A-G1.045-C3,39637,0,234.75,1,7.75,middle50,False
A-G1.045-C3,39637,0,243.25,13,8.5,middle50,False
A-G1.045-C3,39637,0,245.25,1,2.0,middle50,False
A-G1.045-C3,39637,0,413.5,1,168.25,middle50,False
A-G1.045-C3,39637,0,455.25,1,41.75,middle50,False
A-G1.045-C3,39637,0,460.5,1,5.25,middle50,False
A-G1.045-C3,39637,0,466.25,1,5.75,middle50,False
A-G1.045-C3,39637,0,470.5,1,4.25,middle50,False
A-G1.045-C3,39637,0,477.5,1,7.0,middle50,False
A-G1.045-C3,39637,0,483.5,1,6.0,middle50,False
A-G1.045-C3,39637,0,491.5,1,8.0,middle50,False
A-G1.045-C3,39637,0,536.5,12,45.0,late25,False
A-G1.045-C3,39637,0,572.0,1,35.5,late25,False
A-G1.045-C3,39637,0,582.0,1,10.0,late25,False
A-G1.045-C3,39637,0,587.5,1,5.5,late25,False
A-G1.045-C3,39637,0,592.0,1,4.5,late25,False
A-G1.045-C3,39637,0,596.25,1,4.25,late25,False
A-G1.045-C3,39637,0,707.5,1,111.25,late25,False
A-G1.045-C3,39637,1,721.5,2,14.0,early25,False
A-G1.045-C3,39637,1,734.5,1,13.0,early25,False
A-G1.045-C3,39637,1,737.0,1,2.5,early25,False
A-G1.045-C3,39637,1,739.0,1,2.0,early25,False
A-G1.045-C3,39637,1,741.0,1,2.0,early25,False
A-G1.045-C3,39637,1,747.75,2,6.75,early25,False
A-G1.045-C3,39637,1,754.0,2,6.25,early25,False
A-G1.045-C3,39637,1,757.5,1,3.5,early25,False
A-G1.045-C3,39637,1,762.75,2,5.25,early25,False
A-G1.045-C3,39637,1,769.25,9,6.5,early25,False
A-G1.045-C3,39637,1,792.25,1,23.0,early25,False
A-G1.045-C3,39637,1,792.75,1,0.5,early25,False
A-G1.045-C3,39637,1,806.0,2,13.25,early25,False
A-G1.045-C3,39637,1,812.25,1,6.25,early25,False
A-G1.045-C3,39637,1,816.0,1,3.75,early25,False
A-G1.045-C3,39637,1,820.0,1,4.0,early25,False
A-G1.045-C3,39637,1,824.75,2,4.75,early25,False
A-G1.045-C3,39637,1,832.5,5,7.75,early25,False
A-G1.045-C3,39637,1,984.75,1,152.25,middle50,False
A-G1.045-C3,39637,1,988.5,2,3.75,middle50,False
A-G1.045-C3,39637,1,995.25,1,6.75,middle50,False
A-G1.045-C3,39637,1,999.25,1,4.0,middle50,False
A-G1.045-C3,39637,1,1003.25,2,4.0,middle50,False
A-G1.045-C3,39637,1,1008.5,1,5.25,middle50,False
A-G1.045-C3,39637,1,1031.25,1,22.75,middle50,False
A-G1.045-C3,39637,1,1033.75,1,2.5,middle50,False
A-G1.045-C3,39637,1,1037.25,1,3.5,middle50,False
A-G1.045-C3,39637,1,1040.25,16,3.0,middle50,False
A-G1.045-C3,39637,1,1049.5,1,9.25,middle50,False
A-G1.045-C3,39637,1,1055.0,1,5.5,middle50,False
A-G1.045-C3,39637,1,1058.5,1,3.5,middle50,False
A-G1.045-C3,39637,1,1062.0,1,3.5,middle50,False
A-G1.045-C3,39637,1,1079.0,1,17.0,middle50,False
A-G1.045-C3,39637,1,1087.75,1,8.75,middle50,False
A-G1.045-C3,39637,1,1109.25,1,21.5,middle50,False
A-G1.045-C3,39637,1,1138.25,1,29.0,middle50,False
A-G1.045-C3,39637,1,1140.0,1,1.75,middle50,False
A-G1.045-C3,39637,1,1146.0,1,6.0,late25,False
A-G1.045-C3,39637,1,1147.5,1,1.5,late25,False
A-G1.045-C3,39637,1,1150.0,1,2.5,late25,False
A-G1.045-C3,39637,1,1151.5,1,1.5,late25,False
A-G1.045-C3,39637,1,1154.25,1,2.75,late25,False
A-G1.045-C3,39637,1,1157.0,1,2.75,late25,False
A-G1.045-C3,39637,1,1162.75,1,5.75,late25,False
A-G1.045-C3,39637,1,1166.25,1,3.5,late25,False
A-G1.045-C3,39637,1,1172.5,1,6.25,late25,False
A-G1.045-C3,39637,2,1304.0,2,131.5,early25,False
A-G1.045-C3,39637,2,1307.5,1,3.5,early25,False
A-G1.045-C3,39637,2,1310.0,1,2.5,early25,False
A-G1.045-C3,39637,2,1318.5,4,8.5,early25,False
A-G1.045-C3,39637,2,1360.75,3,42.25,early25,False
A-G1.045-C3,39637,2,1362.5,2,1.75,early25,False
A-G1.045-C3,39637,2,1364.0,1,1.5,early25,False
A-G1.045-C3,39637,2,1370.75,3,6.75,early25,False
A-G1.045-C3,39637,2,1377.75,1,7.0,early25,False
A-G1.045-C3,39637,2,1384.0,2,6.25,early25,False
A-G1.045-C3,39637,2,1395.5,3,11.5,early25,False
A-G1.045-C3,39637,2,1411.0,1,15.5,early25,False
A-G1.045-C3,39637,2,1420.0,3,9.0,early25,False
A-G1.045-C3,39637,2,1425.75,3,5.75,early25,False
A-G1.045-C3,39637,2,1432.0,2,6.25,early25,False
A-G1.045-C3,39637,2,1445.75,4,13.75,early25,False
A-G1.045-C3,39637,2,1474.5,3,28.75,early25,False
A-G1.045-C3,39637,2,1480.75,2,6.25,early25,False
A-G1.045-C3,39637,2,1486.75,2,6.0,early25,False
A-G1.045-C3,39637,2,1489.75,2,3.0,early25,False
A-G1.045-C3,39637,2,1495.5,3,5.75,early25,False
A-G1.045-C3,39637,2,1499.0,1,3.5,early25,False
A-G1.045-C3,39637,2,1518.75,2,19.75,middle50,False
A-G1.045-C3,39637,2,1526.75,2,8.0,middle50,False
A-G1.045-C3,39637,2,1534.5,2,7.75,middle50,False
A-G1.045-C3,39637,2,1540.75,2,6.25,middle50,False
A-G1.045-C3,39637,2,1571.0,1,30.25,middle50,False
A-G1.045-C3,39637,2,1574.0,1,3.0,middle50,False
A-G1.045-C3,39637,2,1575.75,1,1.75,middle50,False
A-G1.045-C3,39637,2,1579.25,1,3.5,middle50,False
A-G1.045-C3,39637,2,1585.25,3,6.0,middle50,False
A-G1.045-C3,39637,2,1597.25,2,12.0,middle50,False
A-G1.045-C3,39637,2,1607.25,2,10.0,middle50,False
A-G1.045-C3,39637,2,1614.0,5,6.75,middle50,False
A-G1.045-C3,39637,2,1627.25,1,13.25,middle50,False
A-G1.045-C3,39637,2,1633.5,2,6.25,middle50,False
A-G1.045-C3,39637,2,1638.5,1,5.0,middle50,False
A-G1.045-C3,39637,2,1644.75,2,6.25,middle50,False
A-G1.045-C3,39637,2,1650.25,1,5.5,middle50,False
A-G1.045-C3,39637,2,1653.0,1,2.75,middle50,False
A-G1.045-C3,39637,2,1657.0,1,4.0,middle50,False
A-G1.045-C3,39637,2,1681.25,12,24.25,middle50,False
A-G1.045-C3,39637,2,1690.0,1,8.75,middle50,False
A-G1.045-C3,39637,2,1692.75,1,2.75,middle50,False
A-G1.045-C3,39637,2,1694.75,1,2.0,middle50,False
A-G1.045-C3,39637,2,1705.25,1,10.5,middle50,False
A-G1.045-C3,39637,2,1709.75,2,4.5,middle50,False
A-G1.045-C3,39637,2,1719.5,4,9.75,middle50,False
A-G1.045-C3,39637,2,1848.5,1,129.0,middle50,False
A-G1.045-C3,39637,2,1854.75,1,6.25,middle50,False
A-G1.045-C3,39637,2,1857.75,1,3.0,middle50,False
A-G1.045-C3,39637,2,1861.25,1,3.5,middle50,False
A-G1.045-C3,39637,2,1870.25,1,9.0,middle50,False
A-G1.045-C3,39637,2,1871.5,2,1.25,middle50,False
A-G1.045-C3,39637,2,1873.5,1,2.0,middle50,False
A-G1.045-C3,39637,2,1907.5,2,34.0,middle50,False
A-G1.045-C3,39637,2,1914.25,1,6.75,middle50,False
A-G1.045-C3,39637,2,1919.25,1,5.0,middle50,False
A-G1.045-C3,39637,2,1922.25,1,3.0,middle50,False
A-G1.045-C3,39637,2,1928.75,1,6.5,middle50,False
A-G1.045-C3,39637,2,1947.5,2,18.75,late25,False
A-G1.045-C3,39637,2,1956.0,7,8.5,late25,False
A-G1.045-C3,39637,2,1967.0,1,11.0,late25,False
A-G1.045-C3,39637,2,1971.25,1,4.25,late25,False
A-G1.045-C3,39637,2,1980.0,2,8.75,late25,False
A-G1.045-C3,39637,2,1984.75,1,4.75,late25,False
A-G1.045-C3,39637,2,1991.0,1,6.25,late25,False
A-G1.045-C3,39637,2,1995.0,8,4.0,late25,False
A-G1.045-C3,39637,2,2025.75,1,30.75,late25,False
A-G1.045-C3,39637,2,2029.25,1,3.5,late25,False
A-G1.045-C3,39637,2,2033.75,1,4.5,late25,False
A-G1.045-C3,39637,2,2037.0,1,3.25,late25,False
A-G1.045-C3,39637,2,2038.5,1,1.5,late25,False
A-G1.045-C3,39637,2,2043.5,2,5.0,late25,False
A-G1.045-C3,39637,2,2050.0,1,6.5,late25,False
A-G1.045-C3,39637,2,2063.25,3,13.25,late25,False
A-G1.045-C3,39637,3,2181.5,2,118.25,early25,True
A-G1.045-C3,39637,3,2184.25,1,2.75,early25,True
A-G1.045-C3,39637,3,2189.25,2,5.0,early25,True
A-G1.045-C3,39637,3,2192.0,4,2.75,early25,True
A-G1.045-C3,39637,3,2194.5,2,2.5,early25,True
A-G1.045-C3,39637,3,2195.5,1,1.0,early25,True
A-G1.045-C3,39637,3,2198.0,2,2.5,early25,True
A-G1.045-C3,39637,3,2199.75,1,1.75,early25,True
A-G1.045-C3,39637,3,2207.5,2,7.75,early25,True
A-G1.045-C3,39637,3,2233.5,1,26.0,early25,True
A-G1.045-C3,39637,3,2237.0,1,3.5,early25,True
A-G1.045-C3,39637,3,2241.25,2,4.25,early25,True
A-G1.045-C3,39637,3,2245.25,1,4.0,early25,True
A-G1.045-C3,39637,3,2249.5,2,4.25,early25,True
A-G1.045-C3,39637,3,2252.75,1,3.25,early25,True
A-G1.045-C3,39637,3,2256.5,14,3.75,early25,True
A-G1.045-C3,39637,3,2262.25,1,5.75,early25,True
A-G1.045-C3,39637,3,2264.75,1,2.5,early25,True
A-G1.045-C3,39637,3,2265.5,3,0.75,early25,True
A-G1.045-C3,39637,3,2279.75,7,14.25,early25,True
A-G1.045-C3,39637,3,2291.25,2,11.5,early25,True
A-G1.045-C3,39637,3,2296.75,1,5.5,early25,True
A-G1.045-C3,39637,3,2302.0,6,5.25,early25,True
A-G1.045-C3,39637,3,2306.0,1,4.0,early25,True
A-G1.045-C3,39637,3,2308.75,5,2.75,early25,True
A-G1.045-C3,39637,3,2313.5,1,4.75,early25,True
A-G1.045-C3,39637,3,2316.25,5,2.75,early25,True
A-G1.045-C3,39637,3,2345.5,1,29.25,early25,True
A-G1.045-C3,39637,3,2351.5,1,6.0,early25,True
A-G1.045-C3,39637,3,2355.75,1,4.25,early25,True
A-G1.045-C3,39637,3,2362.75,2,7.0,early25,True
A-G1.045-C3,39637,3,2368.5,1,5.75,early25,True
A-G1.045-C3,39637,3,2373.75,2,5.25,early25,True
A-G1.045-C3,39637,3,2393.5,1,19.75,early25,True
A-G1.045-C3,39637,3,2397.75,1,4.25,early25,True
A-G1.045-C3,39637,3,2408.5,2,10.75,early25,True
A-G1.045-C3,39637,3,2415.25,1,6.75,early25,True
A-G1.045-C3,39637,3,2419.75,1,4.5,early25,True
A-G1.045-C3,39637,3,2450.0,1,30.25,early25,True
A-G1.045-C3,39637,3,2456.75,1,6.75,early25,True
A-G1.045-C3,39637,3,2461.5,2,4.75,early25,True
A-G1.045-C3,39637,3,2467.25,1,5.75,early25,True
A-G1.045-C3,39637,3,2473.0,1,5.75,early25,True
A-G1.045-C3,39637,3,2476.75,1,3.75,early25,True
A-G1.045-C3,39637,3,2484.75,1,8.0,early25,True
A-G1.045-C3,39637,3,2501.75,1,17.0,early25,True
A-G1.045-C3,39637,3,2508.25,1,6.5,early25,True
A-G1.045-C3,39637,3,2514.5,1,6.25,early25,True
A-G1.045-C3,39637,3,2521.0,1,6.5,early25,True
A-G1.045-C3,39637,3,2527.25,1,6.25,middle50,True
A-G1.045-C3,39637,3,2562.75,1,35.5,middle50,True
A-G1.045-C3,39637,3,2571.25,1,8.5,middle50,True
A-G1.045-C3,39637,3,2573.25,1,2.0,middle50,True
A-G1.045-C3,39637,3,2590.25,1,17.0,middle50,True
A-G1.045-C3,39637,3,2597.75,4,7.5,middle50,True
A-G1.045-C3,39637,3,2611.75,1,14.0,middle50,True
A-G1.045-C3,39637,3,2624.75,1,13.0,middle50,True
A-G1.045-C3,39637,3,2626.0,1,1.25,middle50,True
A-G1.045-C3,39637,3,2665.5,2,39.5,middle50,True
A-G1.045-C3,39637,3,2674.5,1,9.0,middle50,True
A-G1.045-C3,39637,3,2679.0,1,4.5,middle50,True
A-G1.045-C3,39637,3,2681.5,1,2.5,middle50,True
A-G1.045-C3,39637,3,2689.0,1,7.5,middle50,True
A-G1.045-C3,39637,3,2711.0,1,22.0,middle50,True
A-G1.045-C3,39637,3,2721.25,1,10.25,middle50,True
A-G1.045-C3,39637,3,2725.25,1,4.0,middle50,True
A-G1.045-C3,39637,3,2732.5,1,7.25,middle50,True
A-G1.045-C3,39637,3,2769.0,1,36.5,middle50,True
A-G1.045-C3,39637,3,2774.75,1,5.75,middle50,True
A-G1.045-C3,39637,3,2784.25,1,9.5,middle50,True
A-G1.045-C3,39637,3,2790.0,1,5.75,middle50,True
A-G1.045-C3,39637,3,2798.75,1,8.75,middle50,True
A-G1.045-C3,39637,3,2807.25,4,8.5,middle50,True
A-G1.045-C3,39637,3,2825.75,1,18.5,middle50,True
A-G1.045-C3,39637,3,2834.25,1,8.5,middle50,True
A-G1.045-C3,39637,3,2841.75,1,7.5,middle50,True
A-G1.045-C3,39637,3,2844.25,3,2.5,middle50,True
A-G1.045-C3,39637,3,2873.75,1,29.5,middle50,True
A-G1.045-C3,39637,3,2878.75,1,5.0,middle50,True
A-G1.045-C3,39637,3,2882.25,3,3.5,middle50,True
A-G1.045-C3,39637,3,2888.25,3,6.0,middle50,True
A-G1.045-C3,39637,3,2908.75,1,20.5,middle50,True
A-G1.045-C3,39637,3,3057.75,1,149.0,middle50,True
A-G1.045-C3,39637,3,3073.75,1,16.0,middle50,True
A-G1.045-C3,39637,3,3107.75,1,34.0,middle50,True
A-G1.045-C3,39637,3,3122.5,1,14.75,middle50,True
A-G1.045-C3,39637,3,3130.75,1,8.25,middle50,True
A-G1.045-C3,39637,3,3135.5,1,4.75,middle50,True
A-G1.045-C3,39637,3,3147.5,1,12.0,middle50,True
A-G1.045-C3,39637,3,3160.75,1,13.25,middle50,True
A-G1.045-C3,39637,3,3167.75,1,7.0,middle50,True
A-G1.045-C3,39637,3,3171.0,1,3.25,middle50,True
A-G1.045-C3,39637,3,3177.25,1,6.25,middle50,True
A-G1.045-C3,39637,3,3215.0,1,37.75,middle50,True
A-G1.045-C3,39637,3,3229.5,1,14.5,middle50,True
A-G1.045-C3,39637,3,3240.25,1,10.75,middle50,True
A-G1.045-C3,39637,3,3399.75,1,159.5,late25,True
A-G1.045-C3,39637,3,3407.0,1,7.25,late25,True
A-G1.045-C3,39637,3,3415.75,1,8.75,late25,True
A-G1.045-C3,39637,3,3447.75,1,32.0,late25,True
A-G1.045-C3,39637,3,3457.5,3,9.75,late25,True
A-G1.045-C3,39637,3,3486.25,2,28.75,late25,True
A-G1.045-C3,39637,3,3495.5,1,9.25,late25,True
A-G1.045-C3,39637,3,3506.0,1,10.5,late25,True
A-G1.045-C3,39637,3,3514.75,1,8.75,late25,True
A-G1.045-C3,39637,3,3518.5,3,3.75,late25,True
A-G1.045-C3,39637,3,3553.75,1,35.25,late25,True
A-G1.045-C3,39637,3,3566.0,1,12.25,late25,True
A-G1.045-C3,39637,3,3576.5,1,10.5,late25,True
A-G1.045-C3,39637,3,3582.75,1,6.25,late25,True
A-G1.045-C3,39637,3,3590.25,1,7.5,late25,True
A-G1.045-C3,47556,0,0.25,3,,early25,False
A-G1.045-C3,47556,0,9.5,1,9.25,early25,False
A-G1.045-C3,47556,0,25.0,1,15.5,early25,False
A-G1.045-C3,47556,0,37.5,1,12.5,early25,False
A-G1.045-C3,47556,0,43.25,1,5.75,early25,False
A-G1.045-C3,47556,0,49.5,1,6.25,early25,False
A-G1.045-C3,47556,0,87.5,1,38.0,early25,False
A-G1.045-C3,47556,0,90.25,1,2.75,early25,False
A-G1.045-C3,47556,0,93.5,1,3.25,early25,False
A-G1.045-C3,47556,0,99.75,1,6.25,early25,False
A-G1.045-C3,47556,0,102.75,1,3.0,early25,False
A-G1.045-C3,47556,0,107.25,1,4.5,early25,False
A-G1.045-C3,47556,0,153.0,1,45.75,early25,False
A-G1.045-C3,47556,0,167.25,1,14.25,early25,False
A-G1.045-C3,47556,0,175.75,1,8.5,early25,False
A-G1.045-C3,47556,0,211.75,1,36.0,middle50,False
A-G1.045-C3,47556,0,218.25,1,6.5,middle50,False
A-G1.045-C3,47556,0,221.25,1,3.0,middle50,False
A-G1.045-C3,47556,0,225.5,1,4.25,middle50,False
A-G1.045-C3,47556,0,232.75,1,7.25,middle50,False
A-G1.045-C3,47556,0,240.0,1,7.25,middle50,False
A-G1.045-C3,47556,0,405.75,1,165.75,middle50,False
A-G1.045-C3,47556,0,411.75,1,6.0,middle50,False
A-G1.045-C3,47556,0,420.5,1,8.75,middle50,False
A-G1.045-C3,47556,0,457.75,1,37.25,middle50,False
A-G1.045-C3,47556,0,464.25,1,6.5,middle50,False
A-G1.045-C3,47556,0,471.25,1,7.0,middle50,False
A-G1.045-C3,47556,0,473.0,1,1.75,middle50,False
A-G1.045-C3,47556,0,477.5,1,4.5,middle50,False
A-G1.045-C3,47556,0,516.75,1,39.25,middle50,False
A-G1.045-C3,47556,0,522.25,1,5.5,middle50,False
A-G1.045-C3,47556,0,529.5,1,7.25,middle50,False
A-G1.045-C3,47556,0,538.5,1,9.0,late25,False
A-G1.045-C3,47556,0,546.5,1,8.0,late25,False
A-G1.045-C3,47556,0,570.0,1,23.5,late25,False
A-G1.045-C3,47556,0,575.0,1,5.0,late25,False
A-G1.045-C3,47556,0,580.75,12,5.75,late25,False
A-G1.045-C3,47556,0,586.25,1,5.5,late25,False
A-G1.045-C3,47556,0,597.5,1,11.25,late25,False
A-G1.045-C3,47556,1,731.5,1,134.0,early25,False
A-G1.045-C3,47556,1,733.75,1,2.25,early25,False
A-G1.045-C3,47556,1,741.75,2,8.0,early25,False
A-G1.045-C3,47556,1,747.25,2,5.5,early25,False
A-G1.045-C3,47556,1,756.25,2,9.0,early25,False
A-G1.045-C3,47556,1,793.0,2,36.75,early25,False
A-G1.045-C3,47556,1,797.75,1,4.75,early25,False
A-G1.045-C3,47556,1,802.0,1,4.25,early25,False
A-G1.045-C3,47556,1,809.75,2,7.75,early25,False
A-G1.045-C3,47556,1,814.75,2,5.0,early25,False
A-G1.045-C3,47556,1,850.25,1,35.5,early25,False
A-G1.045-C3,47556,1,864.25,2,14.0,early25,False
A-G1.045-C3,47556,1,872.0,1,7.75,early25,False
A-G1.045-C3,47556,1,903.0,2,31.0,early25,False
A-G1.045-C3,47556,1,910.25,1,7.25,middle50,False
A-G1.045-C3,47556,1,915.0,2,4.75,middle50,False
A-G1.045-C3,47556,1,926.0,2,11.0,middle50,False
A-G1.045-C3,47556,1,953.0,1,27.0,middle50,False
A-G1.045-C3,47556,1,960.0,1,7.0,middle50,False
A-G1.045-C3,47556,1,963.25,1,3.25,middle50,False
A-G1.045-C3,47556,1,969.0,2,5.75,middle50,False
A-G1.045-C3,47556,1,973.5,1,4.5,middle50,False
A-G1.045-C3,47556,1,978.25,2,4.75,middle50,False
A-G1.045-C3,47556,1,1016.75,1,38.5,middle50,False
A-G1.045-C3,47556,1,1020.5,2,3.75,middle50,False
A-G1.045-C3,47556,1,1023.0,1,2.5,middle50,False
A-G1.045-C3,47556,1,1031.5,1,8.5,middle50,False
A-G1.045-C3,47556,1,1034.25,1,2.75,middle50,False
A-G1.045-C3,47556,1,1046.0,2,11.75,middle50,False
A-G1.045-C3,47556,1,1052.75,5,6.75,middle50,False
A-G1.045-C3,47556,1,1196.0,1,143.25,middle50,False
A-G1.045-C3,47556,1,1213.0,2,17.0,middle50,False
A-G1.045-C3,47556,1,1220.5,1,7.5,middle50,False
A-G1.045-C3,47556,1,1222.0,3,1.5,middle50,False
A-G1.045-C3,47556,1,1256.5,1,34.5,middle50,False
A-G1.045-C3,47556,1,1261.0,1,4.5,middle50,False
A-G1.045-C3,47556,1,1262.75,1,1.75,middle50,False
A-G1.045-C3,47556,1,1271.5,1,8.75,middle50,False
A-G1.045-C3,47556,1,1277.0,2,5.5,middle50,False
A-G1.045-C3,47556,1,1280.75,1,3.75,middle50,False
A-G1.045-C3,47556,1,1295.25,5,14.5,middle50,False
A-G1.045-C3,47556,1,1306.75,1,11.5,late25,False
A-G1.045-C3,47556,1,1312.25,4,5.5,late25,False
A-G1.045-C3,47556,1,1314.0,3,1.75,late25,False
A-G1.045-C3,47556,1,1316.0,4,2.0,late25,False
A-G1.045-C3,47556,1,1319.0,1,3.0,late25,False
A-G1.045-C3,47556,1,1320.5,1,1.5,late25,False
A-G1.045-C3,47556,1,1324.5,1,4.0,late25,False
A-G1.045-C3,47556,1,1330.5,1,6.0,late25,False
A-G1.045-C3,47556,1,1334.0,1,3.5,late25,False
A-G1.045-C3,47556,1,1361.75,3,27.75,late25,False
A-G1.045-C3,47556,1,1363.0,3,1.25,late25,False
A-G1.045-C3,47556,1,1364.0,3,1.0,late25,False
A-G1.045-C3,47556,1,1367.25,1,3.25,late25,False
A-G1.045-C3,47556,1,1369.75,1,2.5,late25,False
A-G1.045-C3,47556,1,1372.75,1,3.0,late25,False
A-G1.045-C3,47556,1,1377.5,1,4.75,late25,False
A-G1.045-C3,47556,1,1382.5,1,5.0,late25,False
A-G1.045-C3,47556,1,1384.5,1,2.0,late25,False
A-G1.045-C3,47556,1,1388.75,1,4.25,late25,False
A-G1.045-C3,47556,1,1391.0,1,2.25,late25,False
A-G1.045-C3,47556,1,1393.5,1,2.5,late25,False
A-G1.045-C3,47556,1,1400.5,1,7.0,late25,False
A-G1.045-C3,47556,1,1504.75,1,104.25,late25,False
A-G1.045-C3,47556,2,1520.75,2,16.0,early25,False
A-G1.045-C3,47556,2,1522.5,1,1.75,early25,False
A-G1.045-C3,47556,2,1525.75,2,3.25,early25,False
A-G1.045-C3,47556,2,1527.5,1,1.75,early25,False
A-G1.045-C3,47556,2,1529.75,1,2.25,early25,False
A-G1.045-C3,47556,2,1531.25,1,1.5,early25,False
A-G1.045-C3,47556,2,1532.25,1,1.0,early25,False
A-G1.045-C3,47556,2,1533.25,1,1.0,early25,False
A-G1.045-C3,47556,2,1534.25,1,1.0,early25,False
A-G1.045-C3,47556,2,1549.5,2,15.25,early25,False
A-G1.045-C3,47556,2,1576.5,1,27.0,early25,False
A-G1.045-C3,47556,2,1578.0,1,1.5,early25,False
A-G1.045-C3,47556,2,1579.5,2,1.5,early25,False
A-G1.045-C3,47556,2,1580.75,1,1.25,early25,False
A-G1.045-C3,47556,2,1582.0,1,1.25,early25,False
A-G1.045-C3,47556,2,1583.25,1,1.25,early25,False
A-G1.045-C3,47556,2,1590.25,3,7.0,early25,False
A-G1.045-C3,47556,2,1591.75,1,1.5,early25,False
A-G1.045-C3,47556,2,1596.0,2,4.25,early25,False
A-G1.045-C3,47556,2,1600.75,1,4.75,early25,False
A-G1.045-C3,47556,2,1607.0,3,6.25,early25,False
A-G1.045-C3,47556,2,1636.75,1,29.75,early25,False
A-G1.045-C3,47556,2,1644.0,2,7.25,early25,False
A-G1.045-C3,47556,2,1649.0,2,5.0,early25,False
A-G1.045-C3,47556,2,1659.0,3,10.0,early25,False
A-G1.045-C3,47556,2,1665.5,3,6.5,early25,False
A-G1.045-C3,47556,2,1703.25,2,37.75,early25,False
A-G1.045-C3,47556,2,1706.0,1,2.75,early25,False
A-G1.045-C3,47556,2,1711.0,3,5.0,early25,False
A-G1.045-C3,47556,2,1713.5,2,2.5,early25,False
A-G1.045-C3,47556,2,1717.0,1,3.5,early25,False
A-G1.045-C3,47556,2,1722.0,2,5.0,early25,False
A-G1.045-C3,47556,2,1730.0,1,8.0,early25,False
A-G1.045-C3,47556,2,1736.75,5,6.75,early25,False
A-G1.045-C3,47556,2,1751.0,1,14.25,early25,False
A-G1.045-C3,47556,2,1756.25,2,5.25,early25,False
A-G1.045-C3,47556,2,1761.5,1,5.25,early25,False
A-G1.045-C3,47556,2,1765.5,1,4.0,early25,False
A-G1.045-C3,47556,2,1771.5,2,6.0,early25,False
A-G1.045-C3,47556,2,1777.25,2,5.75,early25,False
A-G1.045-C3,47556,2,1803.5,1,26.25,middle50,False
A-G1.045-C3,47556,2,1807.0,15,3.5,middle50,False
A-G1.045-C3,47556,2,1814.5,2,7.5,middle50,False
A-G1.045-C3,47556,2,1816.5,1,2.0,middle50,False
A-G1.045-C3,47556,2,1820.75,1,4.25,middle50,False
A-G1.045-C3,47556,2,1825.5,1,4.75,middle50,False
A-G1.045-C3,47556,2,1834.0,1,8.5,middle50,False
A-G1.045-C3,47556,2,1840.5,1,6.5,middle50,False
A-G1.045-C3,47556,2,1846.5,4,6.0,middle50,False
A-G1.045-C3,47556,2,1985.5,1,139.0,middle50,False
A-G1.045-C3,47556,2,1992.75,1,7.25,middle50,False
A-G1.045-C3,47556,2,1998.0,2,5.25,middle50,False
A-G1.045-C3,47556,2,2000.75,1,2.75,middle50,False
A-G1.045-C3,47556,2,2005.0,1,4.25,middle50,False
A-G1.045-C3,47556,2,2010.0,2,5.0,middle50,False
A-G1.045-C3,47556,2,2039.5,1,29.5,middle50,False
A-G1.045-C3,47556,2,2045.5,2,6.0,middle50,False
A-G1.045-C3,47556,2,2048.75,1,3.25,middle50,False
A-G1.045-C3,47556,2,2052.75,2,4.0,middle50,False
A-G1.045-C3,47556,2,2056.0,1,3.25,middle50,False
A-G1.045-C3,47556,2,2063.75,2,7.75,middle50,False
A-G1.045-C3,47556,2,2076.0,2,12.25,middle50,False
A-G1.045-C3,47556,2,2082.0,3,6.0,middle50,False
A-G1.045-C3,47556,2,2094.75,1,12.75,middle50,False
A-G1.045-C3,47556,2,2097.75,2,3.0,middle50,False
A-G1.045-C3,47556,2,2103.25,1,5.5,middle50,False
A-G1.045-C3,47556,2,2106.75,1,3.5,middle50,False
A-G1.045-C3,47556,2,2111.5,1,4.75,middle50,False
A-G1.045-C3,47556,2,2116.0,1,4.5,middle50,False
A-G1.045-C3,47556,2,2120.75,2,4.75,middle50,False
A-G1.045-C3,47556,2,2125.5,1,4.75,middle50,False
A-G1.045-C3,47556,2,2148.0,1,22.5,middle50,False
A-G1.045-C3,47556,2,2152.0,1,4.0,middle50,False
A-G1.045-C3,47556,2,2155.0,1,3.0,middle50,False
A-G1.045-C3,47556,2,2159.0,1,4.0,middle50,False
A-G1.045-C3,47556,2,2164.75,1,5.75,middle50,False
A-G1.045-C3,47556,2,2168.5,1,3.75,middle50,False
A-G1.045-C3,47556,2,2171.5,1,3.0,middle50,False
A-G1.045-C3,47556,2,2175.25,1,3.75,middle50,False
A-G1.045-C3,47556,2,2178.25,1,3.0,middle50,False
A-G1.045-C3,47556,2,2315.25,1,137.0,middle50,False
A-G1.045-C3,47556,2,2322.25,1,7.0,middle50,False
A-G1.045-C3,47556,2,2327.5,1,5.25,middle50,False
A-G1.045-C3,47556,2,2330.75,1,3.25,middle50,False
A-G1.045-C3,47556,2,2337.5,1,6.75,middle50,False
A-G1.045-C3,47556,2,2342.75,1,5.25,late25,False
A-G1.045-C3,47556,2,2371.0,1,28.25,late25,False
A-G1.045-C3,47556,2,2376.25,1,5.25,late25,False
A-G1.045-C3,47556,2,2380.25,1,4.0,late25,False
A-G1.045-C3,47556,2,2387.0,1,6.75,late25,False
A-G1.045-C3,47556,2,2390.0,1,3.0,late25,False
A-G1.045-C3,47556,2,2392.75,1,2.75,late25,False
A-G1.045-C3,47556,2,2396.5,1,3.75,late25,False
A-G1.045-C3,47556,2,2400.25,1,3.75,late25,False
A-G1.045-C3,47556,2,2411.75,3,11.5,late25,False
A-G1.045-C3,47556,2,2424.5,1,12.75,late25,False
A-G1.045-C3,47556,2,2426.5,1,2.0,late25,False
A-G1.045-C3,47556,2,2430.5,1,4.0,late25,False
A-G1.045-C3,47556,2,2432.25,1,1.75,late25,False
A-G1.045-C3,47556,2,2436.0,1,3.75,late25,False
A-G1.045-C3,47556,2,2440.5,1,4.5,late25,False
A-G1.045-C3,47556,2,2448.25,1,7.75,late25,False
A-G1.045-C3,47556,2,2476.75,1,28.5,late25,False
A-G1.045-C3,47556,2,2480.5,1,3.75,late25,False
A-G1.045-C3,47556,2,2484.25,1,3.75,late25,False
A-G1.045-C3,47556,2,2487.75,1,3.5,late25,False
A-G1.045-C3,47556,2,2491.5,1,3.75,late25,False
A-G1.045-C3,47556,2,2495.0,1,3.5,late25,False
A-G1.045-C3,47556,2,2496.75,1,1.75,late25,False
A-G1.045-C3,47556,2,2504.0,1,7.25,late25,False
A-G1.045-C3,47556,2,2505.0,1,1.0,late25,False
A-G1.045-C3,47556,2,2614.25,1,109.25,late25,False
A-G1.045-C3,47556,3,2629.75,1,15.5,early25,True
A-G1.045-C3,47556,3,2632.75,1,3.0,early25,True
A-G1.045-C3,47556,3,2637.25,2,4.5,early25,True
A-G1.045-C3,47556,3,2638.75,1,1.5,early25,True
A-G1.045-C3,47556,3,2640.5,1,1.75,early25,True
A-G1.045-C3,47556,3,2642.25,1,1.75,early25,True
A-G1.045-C3,47556,3,2650.75,2,8.5,early25,True
A-G1.045-C3,47556,3,2684.5,1,33.75,early25,True
A-G1.045-C3,47556,3,2686.5,1,2.0,early25,True
A-G1.045-C3,47556,3,2694.25,1,7.75,early25,True
A-G1.045-C3,47556,3,2701.75,2,7.5,early25,True
A-G1.045-C3,47556,3,2711.0,2,9.25,early25,True
A-G1.045-C3,47556,3,2715.0,1,4.0,early25,True
A-G1.045-C3,47556,3,2727.5,4,12.5,early25,True
A-G1.045-C3,47556,3,2737.75,1,10.25,early25,True
A-G1.045-C3,47556,3,2741.75,1,4.0,early25,True
A-G1.045-C3,47556,3,2744.5,1,2.75,early25,True
A-G1.045-C3,47556,3,2748.5,1,4.0,early25,True
A-G1.045-C3,47556,3,2753.0,1,4.5,early25,True
A-G1.045-C3,47556,3,2757.25,1,4.25,early25,True
A-G1.045-C3,47556,3,2760.75,1,3.5,early25,True
A-G1.045-C3,47556,3,2764.5,10,3.75,early25,True
A-G1.045-C3,47556,3,2765.5,1,1.0,early25,True
A-G1.045-C3,47556,3,2797.25,1,31.75,early25,True
A-G1.045-C3,47556,3,2798.75,1,1.5,early25,True
A-G1.045-C3,47556,3,2801.25,1,2.5,early25,True
A-G1.045-C3,47556,3,2808.75,1,7.5,early25,True
A-G1.045-C3,47556,3,2817.5,2,8.75,early25,True
A-G1.045-C3,47556,3,2819.75,1,2.25,early25,True
A-G1.045-C3,47556,3,2830.5,1,10.75,early25,True
A-G1.045-C3,47556,3,2838.25,6,7.75,early25,True
A-G1.045-C3,47556,3,2853.25,1,15.0,early25,True
A-G1.045-C3,47556,3,2857.5,1,4.25,early25,True
A-G1.045-C3,47556,3,2861.75,1,4.25,early25,True
A-G1.045-C3,47556,3,2865.5,1,3.75,middle50,True
A-G1.045-C3,47556,3,2872.25,1,6.75,middle50,True
A-G1.045-C3,47556,3,2876.5,8,4.25,middle50,True
A-G1.045-C3,47556,3,2910.75,1,34.25,middle50,True
A-G1.045-C3,47556,3,2914.25,1,3.5,middle50,True
A-G1.045-C3,47556,3,2920.0,1,5.75,middle50,True
A-G1.045-C3,47556,3,2925.25,1,5.25,middle50,True
A-G1.045-C3,47556,3,2930.0,1,4.75,middle50,True
A-G1.045-C3,47556,3,2940.0,1,10.0,middle50,True
A-G1.045-C3,47556,3,2955.5,1,15.5,middle50,True
A-G1.045-C3,47556,3,2962.25,1,6.75,middle50,True
A-G1.045-C3,47556,3,2971.75,1,9.5,middle50,True
A-G1.045-C3,47556,3,2976.5,1,4.75,middle50,True
A-G1.045-C3,47556,3,2985.75,5,9.25,middle50,True
A-G1.045-C3,47556,3,3010.0,1,24.25,middle50,True
A-G1.045-C3,47556,3,3014.5,1,4.5,middle50,True
A-G1.045-C3,47556,3,3021.5,1,7.0,middle50,True
A-G1.045-C3,47556,3,3034.25,1,12.75,middle50,True
A-G1.045-C3,47556,3,3042.5,1,8.25,middle50,True
A-G1.045-C3,47556,3,3050.0,4,7.5,middle50,True
A-G1.045-C3,47556,3,3064.75,1,14.75,middle50,True
A-G1.045-C3,47556,3,3070.75,1,6.0,middle50,True
A-G1.045-C3,47556,3,3079.5,1,8.75,middle50,True
A-G1.045-C3,47556,3,3086.75,1,7.25,middle50,True
A-G1.045-C3,47556,3,3090.5,1,3.75,middle50,True
A-G1.045-C3,47556,3,3117.75,4,27.25,middle50,True
A-G1.045-C3,47556,3,3121.0,1,3.25,middle50,True
A-G1.045-C3,47556,3,3125.75,1,4.75,middle50,True
A-G1.045-C3,47556,3,3134.0,1,8.25,middle50,True
A-G1.045-C3,47556,3,3146.25,1,12.25,middle50,True
A-G1.045-C3,47556,3,3154.25,1,8.0,middle50,True
A-G1.045-C3,47556,3,3291.75,1,137.5,middle50,True
A-G1.045-C3,47556,3,3301.25,1,9.5,middle50,True
A-G1.045-C3,47556,3,3311.75,1,10.5,middle50,True
A-G1.045-C3,47556,3,3318.75,1,7.0,middle50,True
A-G1.045-C3,47556,3,3346.5,1,27.75,middle50,True
A-G1.045-C3,47556,3,3349.75,4,3.25,middle50,True
A-G1.045-C3,47556,3,3362.25,1,12.5,late25,True
A-G1.045-C3,47556,3,3365.5,1,3.25,late25,True
A-G1.045-C3,47556,3,3370.0,1,4.5,late25,True
A-G1.045-C3,47556,3,3376.25,1,6.25,late25,True
A-G1.045-C3,47556,3,3387.0,2,10.75,late25,True
A-G1.045-C3,47556,3,3397.75,1,10.75,late25,True
A-G1.045-C3,47556,3,3415.0,1,17.25,late25,True
A-G1.045-C3,47556,3,3424.5,3,9.5,late25,True
A-G1.045-C3,47556,3,3452.0,1,27.5,late25,True
A-G1.045-C3,47556,3,3460.5,1,8.5,late25,True
A-G1.045-C3,47556,3,3464.25,2,3.75,late25,True
A-G1.045-C3,47556,3,3470.5,1,6.25,late25,True
A-G1.045-C3,47556,3,3472.25,1,1.75,late25,True
A-G1.045-C3,47556,3,3473.5,1,1.25,late25,True
A-G1.045-C3,47556,3,3493.25,2,19.75,late25,True
A-G1.045-C3,55475,0,0.25,3,,early25,False
A-G1.045-C3,55475,0,8.5,1,8.25,early25,False
A-G1.045-C3,55475,0,25.25,1,16.75,early25,False
A-G1.045-C3,55475,0,44.0,1,18.75,early25,False
A-G1.045-C3,55475,0,57.5,1,13.5,early25,False
A-G1.045-C3,55475,0,102.0,1,44.5,early25,False
A-G1.045-C3,55475,0,115.5,1,13.5,early25,False
A-G1.045-C3,55475,0,119.5,1,4.0,early25,False
A-G1.045-C3,55475,0,160.75,1,41.25,early25,False
A-G1.045-C3,55475,0,172.75,1,12.0,early25,False
A-G1.045-C3,55475,0,178.25,1,5.5,early25,False
A-G1.045-C3,55475,0,212.0,1,33.75,middle50,False
A-G1.045-C3,55475,0,217.75,1,5.75,middle50,False
A-G1.045-C3,55475,0,229.25,1,11.5,middle50,False
A-G1.045-C3,55475,0,269.5,1,40.25,middle50,False
A-G1.045-C3,55475,0,277.75,1,8.25,middle50,False
A-G1.045-C3,55475,0,287.0,1,9.25,middle50,False
A-G1.045-C3,55475,0,293.75,1,6.75,middle50,False
A-G1.045-C3,55475,0,304.25,2,10.5,middle50,False
A-G1.045-C3,55475,0,329.0,1,24.75,middle50,False
A-G1.045-C3,55475,0,342.25,1,13.25,middle50,False
A-G1.045-C3,55475,0,348.25,1,6.0,middle50,False
A-G1.045-C3,55475,0,355.0,13,6.75,middle50,False
A-G1.045-C3,55475,0,518.75,1,163.75,middle50,False
A-G1.045-C3,55475,0,562.5,1,43.75,middle50,False
A-G1.045-C3,55475,0,572.75,1,10.25,middle50,False
A-G1.045-C3,55475,0,580.75,1,8.0,middle50,False
A-G1.045-C3,55475,0,597.5,1,16.75,middle50,False
A-G1.045-C3,55475,0,621.25,1,23.75,late25,False
A-G1.045-C3,55475,0,634.5,1,13.25,late25,False
A-G1.045-C3,55475,0,641.75,1,7.25,late25,False
A-G1.045-C3,55475,0,645.75,1,4.0,late25,False
A-G1.045-C3,55475,0,677.0,11,31.25,late25,False
A-G1.045-C3,55475,0,682.0,1,5.0,late25,False
A-G1.045-C3,55475,0,694.5,1,12.5,late25,False
A-G1.045-C3,55475,0,698.75,1,4.25,late25,False
A-G1.045-C3,55475,0,704.0,1,5.25,late25,False
A-G1.045-C3,55475,0,814.25,1,110.25,late25,False
A-G1.045-C3,55475,1,833.5,1,19.25,early25,False
A-G1.045-C3,55475,1,836.0,1,2.5,early25,False
A-G1.045-C3,55475,1,837.25,1,1.25,early25,False
A-G1.045-C3,55475,1,839.0,1,1.75,early25,False
A-G1.045-C3,55475,1,841.5,1,2.5,early25,False
A-G1.045-C3,55475,1,844.0,1,2.5,early25,False
A-G1.045-C3,55475,1,845.75,1,1.75,early25,False
A-G1.045-C3,55475,1,847.0,1,1.25,early25,False
A-G1.045-C3,55475,1,849.75,1,2.75,early25,False
A-G1.045-C3,55475,1,853.5,1,3.75,early25,False
A-G1.045-C3,55475,1,861.25,2,7.75,early25,False
A-G1.045-C3,55475,1,894.25,2,33.0,early25,False
A-G1.045-C3,55475,1,898.25,1,4.0,early25,False
A-G1.045-C3,55475,1,901.5,2,3.25,early25,False
A-G1.045-C3,55475,1,904.75,1,3.25,early25,False
A-G1.045-C3,55475,1,909.5,2,4.75,early25,False
A-G1.045-C3,55475,1,911.75,1,2.25,early25,False
A-G1.045-C3,55475,1,915.5,1,3.75,early25,False
A-G1.045-C3,55475,1,919.25,1,3.75,early25,False
A-G1.045-C3,55475,1,942.75,1,23.5,early25,False
A-G1.045-C3,55475,1,947.25,1,4.5,early25,False
A-G1.045-C3,55475,1,951.5,2,4.25,early25,False
A-G1.045-C3,55475,1,957.25,1,5.75,early25,False
A-G1.045-C3,55475,1,962.0,2,4.75,early25,False
A-G1.045-C3,55475,1,969.75,2,7.75,early25,False
A-G1.045-C3,55475,1,973.75,17,4.0,early25,False
A-G1.045-C3,55475,1,1002.5,1,28.75,middle50,False
A-G1.045-C3,55475,1,1006.0,1,3.5,middle50,False
A-G1.045-C3,55475,1,1010.0,1,4.0,middle50,False
A-G1.045-C3,55475,1,1015.25,1,5.25,middle50,False
A-G1.045-C3,55475,1,1018.0,1,2.75,middle50,False
A-G1.045-C3,55475,1,1020.75,1,2.75,middle50,False
A-G1.045-C3,55475,1,1025.5,1,4.75,middle50,False
A-G1.045-C3,55475,1,1027.0,1,1.5,middle50,False
A-G1.045-C3,55475,1,1029.75,1,2.75,middle50,False
A-G1.045-C3,55475,1,1037.25,4,7.5,middle50,False
A-G1.045-C3,55475,1,1165.25,1,128.0,middle50,False
A-G1.045-C3,55475,1,1167.75,1,2.5,middle50,False
A-G1.045-C3,55475,1,1170.5,1,2.75,middle50,False
A-G1.045-C3,55475,1,1174.25,1,3.75,middle50,False
A-G1.045-C3,55475,1,1178.0,1,3.75,middle50,False
A-G1.045-C3,55475,1,1182.0,3,4.0,middle50,False
A-G1.045-C3,55475,1,1187.0,2,5.0,middle50,False
A-G1.045-C3,55475,1,1190.5,1,3.5,middle50,False
A-G1.045-C3,55475,1,1221.75,1,31.25,middle50,False
A-G1.045-C3,55475,1,1224.75,1,3.0,middle50,False
A-G1.045-C3,55475,1,1229.25,1,4.5,middle50,False
A-G1.045-C3,55475,1,1232.0,1,2.75,middle50,False
A-G1.045-C3,55475,1,1233.25,1,1.25,middle50,False
A-G1.045-C3,55475,1,1237.0,1,3.75,middle50,False
A-G1.045-C3,55475,1,1239.75,1,2.75,middle50,False
A-G1.045-C3,55475,1,1244.25,1,4.5,middle50,False
A-G1.045-C3,55475,1,1248.25,1,4.0,middle50,False
A-G1.045-C3,55475,1,1250.25,1,2.0,middle50,False
A-G1.045-C3,55475,1,1263.0,3,12.75,middle50,False
A-G1.045-C3,55475,1,1273.75,1,10.75,middle50,False
A-G1.045-C3,55475,1,1280.5,1,6.75,middle50,False
A-G1.045-C3,55475,1,1283.25,1,2.75,middle50,False
A-G1.045-C3,55475,1,1288.25,1,5.0,middle50,False
A-G1.045-C3,55475,1,1291.25,3,3.0,middle50,False
A-G1.045-C3,55475,1,1296.75,1,5.5,middle50,False
A-G1.045-C3,55475,1,1301.75,1,5.0,middle50,False
A-G1.045-C3,55475,1,1332.0,1,30.25,late25,False
A-G1.045-C3,55475,1,1337.0,1,5.0,late25,False
A-G1.045-C3,55475,1,1339.75,1,2.75,late25,False
A-G1.045-C3,55475,1,1343.0,1,3.25,late25,False
A-G1.045-C3,55475,1,1347.5,1,4.5,late25,False
A-G1.045-C3,55475,1,1349.75,1,2.25,late25,False
A-G1.045-C3,55475,1,1353.25,2,3.5,late25,False
A-G1.045-C3,55475,1,1353.75,2,0.5,late25,False
A-G1.045-C3,55475,1,1357.0,1,3.25,late25,False
A-G1.045-C3,55475,1,1359.5,1,2.5,late25,False
A-G1.045-C3,55475,1,1366.75,1,7.25,late25,False
A-G1.045-C3,55475,1,1465.5,1,98.75,late25,False
A-G1.045-C3,55475,1,1468.25,1,2.75,late25,False
A-G1.045-C3,55475,2,1486.5,1,18.25,early25,False
A-G1.045-C3,55475,2,1490.0,2,3.5,early25,False
A-G1.045-C3,55475,2,1495.25,2,5.25,early25,False
A-G1.045-C3,55475,2,1501.5,1,6.25,early25,False
A-G1.045-C3,55475,2,1507.5,2,6.0,early25,False
A-G1.045-C3,55475,2,1512.0,2,4.5,early25,False
A-G1.045-C3,55475,2,1518.5,2,6.5,early25,False
A-G1.045-C3,55475,2,1544.0,2,25.5,early25,False
A-G1.045-C3,55475,2,1547.25,1,3.25,early25,False
A-G1.045-C3,55475,2,1551.25,21,4.0,early25,False
A-G1.045-C3,55475,2,1553.0,1,1.75,early25,False
A-G1.045-C3,55475,2,1554.75,1,1.75,early25,False
A-G1.045-C3,55475,2,1563.25,2,8.5,early25,False
A-G1.045-C3,55475,2,1571.75,1,8.5,early25,False
A-G1.045-C3,55475,2,1580.75,2,9.0,early25,False
A-G1.045-C3,55475,2,1599.0,2,18.25,early25,False
A-G1.045-C3,55475,2,1603.25,3,4.25,early25,False
A-G1.045-C3,55475,2,1606.25,1,3.0,early25,False
A-G1.045-C3,55475,2,1610.5,1,4.25,early25,False
A-G1.045-C3,55475,2,1619.0,1,8.5,early25,False
A-G1.045-C3,55475,2,1623.5,1,4.5,early25,False
A-G1.045-C3,55475,2,1651.25,2,27.75,early25,False
A-G1.045-C3,55475,2,1653.75,2,2.5,early25,False
A-G1.045-C3,55475,2,1660.75,2,7.0,early25,False
A-G1.045-C3,55475,2,1663.5,1,2.75,early25,False
A-G1.045-C3,55475,2,1670.25,2,6.75,early25,False
A-G1.045-C3,55475,2,1673.75,1,3.5,early25,False
A-G1.045-C3,55475,2,1675.25,1,1.5,early25,False
A-G1.045-C3,55475,2,1680.75,2,5.5,early25,False
A-G1.045-C3,55475,2,1693.5,4,12.75,early25,False
A-G1.045-C3,55475,2,1831.75,3,138.25,middle50,False
A-G1.045-C3,55475,2,1836.0,1,4.25,middle50,False
A-G1.045-C3,55475,2,1837.25,4,1.25,middle50,False
A-G1.045-C3,55475,2,1840.5,1,3.25,middle50,False
A-G1.045-C3,55475,2,1845.75,1,5.25,middle50,False
A-G1.045-C3,55475,2,1847.25,1,1.5,middle50,False
A-G1.045-C3,55475,2,1850.25,1,3.0,middle50,False
A-G1.045-C3,55475,2,1851.75,3,1.5,middle50,False
A-G1.045-C3,55475,2,1856.0,1,4.25,middle50,False
A-G1.045-C3,55475,2,1856.75,1,0.75,middle50,False
A-G1.045-C3,55475,2,1864.75,1,8.0,middle50,False
A-G1.045-C3,55475,2,1885.5,1,20.75,middle50,False
A-G1.045-C3,55475,2,1889.25,1,3.75,middle50,False
A-G1.045-C3,55475,2,1894.5,2,5.25,middle50,False
A-G1.045-C3,55475,2,1895.25,2,0.75,middle50,False
A-G1.045-C3,55475,2,1896.0,2,0.75,middle50,False
A-G1.045-C3,55475,2,1898.75,1,2.75,middle50,False
A-G1.045-C3,55475,2,1901.5,1,2.75,middle50,False
A-G1.045-C3,55475,2,1907.75,2,6.25,middle50,False
A-G1.045-C3,55475,2,1910.25,1,2.5,middle50,False
A-G1.045-C3,55475,2,1913.0,1,2.75,middle50,False
A-G1.045-C3,55475,2,1916.0,1,3.0,middle50,False
A-G1.045-C3,55475,2,1920.0,1,4.0,middle50,False
A-G1.045-C3,55475,2,1934.75,1,14.75,middle50,False
A-G1.045-C3,55475,2,1935.75,1,1.0,middle50,False
A-G1.045-C3,55475,2,1937.25,1,1.5,middle50,False
A-G1.045-C3,55475,2,1942.0,1,4.75,middle50,False
A-G1.045-C3,55475,2,1949.25,1,7.25,middle50,False
A-G1.045-C3,55475,2,1958.25,2,9.0,middle50,False
A-G1.045-C3,55475,2,1963.0,1,4.75,middle50,False
A-G1.045-C3,55475,2,1990.5,1,27.5,middle50,False
A-G1.045-C3,55475,2,1993.0,1,2.5,middle50,False
A-G1.045-C3,55475,2,1996.75,1,3.75,middle50,False
A-G1.045-C3,55475,2,2004.75,1,8.0,middle50,False
A-G1.045-C3,55475,2,2012.75,2,8.0,middle50,False
A-G1.045-C3,55475,2,2016.5,1,3.75,middle50,False
A-G1.045-C3,55475,2,2020.25,1,3.75,middle50,False
A-G1.045-C3,55475,2,2166.5,1,146.25,middle50,False
A-G1.045-C3,55475,2,2169.5,1,3.0,middle50,False
A-G1.045-C3,55475,2,2172.5,1,3.0,middle50,False
A-G1.045-C3,55475,2,2179.0,1,6.5,middle50,False
A-G1.045-C3,55475,2,2182.25,1,3.25,middle50,False
A-G1.045-C3,55475,2,2188.5,1,6.25,middle50,False
A-G1.045-C3,55475,2,2212.5,1,24.0,late25,False
A-G1.045-C3,55475,2,2218.0,1,5.5,late25,False
A-G1.045-C3,55475,2,2221.25,1,3.25,late25,False
A-G1.045-C3,55475,2,2224.5,1,3.25,late25,False
A-G1.045-C3,55475,2,2227.0,1,2.5,late25,False
A-G1.045-C3,55475,2,2229.75,7,2.75,late25,False
A-G1.045-C3,55475,2,2232.75,2,3.0,late25,False
A-G1.045-C3,55475,2,2236.5,1,3.75,late25,False
A-G1.045-C3,55475,2,2241.5,1,5.0,late25,False
A-G1.045-C3,55475,2,2243.0,1,1.5,late25,False
A-G1.045-C3,55475,2,2252.0,2,9.0,late25,False
A-G1.045-C3,55475,2,2263.75,1,11.75,late25,False
A-G1.045-C3,55475,2,2268.75,1,5.0,late25,False
A-G1.045-C3,55475,2,2276.25,1,7.5,late25,False
A-G1.045-C3,55475,2,2282.75,1,6.5,late25,False
A-G1.045-C3,55475,2,2288.0,1,5.25,late25,False
A-G1.045-C3,55475,2,2317.0,1,29.0,late25,False
A-G1.045-C3,55475,2,2321.75,1,4.75,late25,False
A-G1.045-C3,55475,2,2326.0,1,4.25,late25,False
A-G1.045-C3,55475,2,2330.75,1,4.75,late25,False
A-G1.045-C3,55475,2,2338.0,1,7.25,late25,False
A-G1.045-C3,55475,2,2342.5,1,4.5,late25,False
A-G1.045-C3,55475,2,2347.75,1,5.25,late25,False
A-G1.045-C3,55475,2,2360.75,2,13.0,late25,False
A-G1.045-C3,55475,2,2456.75,2,96.0,late25,False
A-G1.045-C3,55475,3,2473.75,1,17.0,early25,True
A-G1.045-C3,55475,3,2477.75,1,4.0,early25,True
A-G1.045-C3,55475,3,2480.75,1,3.0,early25,True
A-G1.045-C3,55475,3,2484.75,1,4.0,early25,True
A-G1.045-C3,55475,3,2488.5,1,3.75,early25,True
A-G1.045-C3,55475,3,2493.25,1,4.75,early25,True
A-G1.045-C3,55475,3,2497.5,1,4.25,early25,True
A-G1.045-C3,55475,3,2500.5,1,3.0,early25,True
A-G1.045-C3,55475,3,2504.5,1,4.0,early25,True
A-G1.045-C3,55475,3,2529.5,9,25.0,early25,True
A-G1.045-C3,55475,3,2531.75,1,2.25,early25,True
A-G1.045-C3,55475,3,2536.25,1,4.5,early25,True
A-G1.045-C3,55475,3,2541.75,1,5.5,early25,True
A-G1.045-C3,55475,3,2548.25,1,6.5,early25,True
A-G1.045-C3,55475,3,2567.25,1,19.0,early25,True
A-G1.045-C3,55475,3,2581.25,1,14.0,early25,True
A-G1.045-C3,55475,3,2590.25,2,9.0,early25,True
A-G1.045-C3,55475,3,2601.5,2,11.25,early25,True
A-G1.045-C3,55475,3,2608.25,1,6.75,early25,True
A-G1.045-C3,55475,3,2638.5,1,30.25,early25,True
A-G1.045-C3,55475,3,2646.5,2,8.0,early25,True
A-G1.045-C3,55475,3,2654.5,1,8.0,early25,True
A-G1.045-C3,55475,3,2659.0,2,4.5,early25,True
A-G1.045-C3,55475,3,2666.0,1,7.0,early25,True
A-G1.045-C3,55475,3,2676.0,3,10.0,early25,True
A-G1.045-C3,55475,3,2690.75,1,14.75,early25,True
A-G1.045-C3,55475,3,2695.5,1,4.75,early25,True
A-G1.045-C3,55475,3,2700.25,1,4.75,early25,True
A-G1.045-C3,55475,3,2704.5,1,4.25,early25,True
A-G1.045-C3,55475,3,2712.5,1,8.0,early25,True
A-G1.045-C3,55475,3,2718.25,9,5.75,early25,True
A-G1.045-C3,55475,3,2744.0,1,25.75,early25,True
A-G1.045-C3,55475,3,2749.75,1,5.75,middle50,True
A-G1.045-C3,55475,3,2753.5,1,3.75,middle50,True
A-G1.045-C3,55475,3,2756.0,1,2.5,middle50,True
A-G1.045-C3,55475,3,2762.0,1,6.0,middle50,True
A-G1.045-C3,55475,3,2765.75,1,3.75,middle50,True
A-G1.045-C3,55475,3,2772.75,1,7.0,middle50,True
A-G1.045-C3,55475,3,2805.75,1,33.0,middle50,True
A-G1.045-C3,55475,3,2813.0,1,7.25,middle50,True
A-G1.045-C3,55475,3,2855.5,2,42.5,middle50,True
A-G1.045-C3,55475,3,2861.0,1,5.5,middle50,True
A-G1.045-C3,55475,3,2866.75,1,5.75,middle50,True
A-G1.045-C3,55475,3,2870.5,1,3.75,middle50,True
A-G1.045-C3,55475,3,2881.75,1,11.25,middle50,True
A-G1.045-C3,55475,3,2895.75,2,14.0,middle50,True
A-G1.045-C3,55475,3,2906.75,1,11.0,middle50,True
A-G1.045-C3,55475,3,2910.75,1,4.0,middle50,True
A-G1.045-C3,55475,3,2915.25,1,4.5,middle50,True
A-G1.045-C3,55475,3,2924.0,1,8.75,middle50,True
A-G1.045-C3,55475,3,2931.75,1,7.75,middle50,True
A-G1.045-C3,55475,3,2964.0,1,32.25,middle50,True
A-G1.045-C3,55475,3,2969.0,1,5.0,middle50,True
A-G1.045-C3,55475,3,2976.25,1,7.25,middle50,True
A-G1.045-C3,55475,3,2984.5,1,8.25,middle50,True
A-G1.045-C3,55475,3,2989.5,1,5.0,middle50,True
A-G1.045-C3,55475,3,3013.5,1,24.0,middle50,True
A-G1.045-C3,55475,3,3022.25,1,8.75,middle50,True
A-G1.045-C3,55475,3,3026.25,1,4.0,middle50,True
A-G1.045-C3,55475,3,3034.0,1,7.75,middle50,True
A-G1.045-C3,55475,3,3072.25,1,38.25,middle50,True
A-G1.045-C3,55475,3,3081.0,1,8.75,middle50,True
A-G1.045-C3,55475,3,3094.25,1,13.25,middle50,True
A-G1.045-C3,55475,3,3103.25,1,9.0,middle50,True
A-G1.045-C3,55475,3,3109.25,1,6.0,middle50,True
A-G1.045-C3,55475,3,3124.75,1,15.5,middle50,True
A-G1.045-C3,55475,3,3133.0,1,8.25,middle50,True
A-G1.045-C3,55475,3,3143.75,1,10.75,middle50,True
A-G1.045-C3,55475,3,3147.25,3,3.5,middle50,True
A-G1.045-C3,55475,3,3174.5,1,27.25,middle50,True
A-G1.045-C3,55475,3,3181.25,1,6.75,middle50,True
A-G1.045-C3,55475,3,3197.25,1,16.0,middle50,True
A-G1.045-C3,55475,3,3202.75,1,5.5,middle50,True
A-G1.045-C3,55475,3,3350.75,1,148.0,late25,True
A-G1.045-C3,55475,3,3359.25,1,8.5,late25,True
A-G1.045-C3,55475,3,3369.0,1,9.75,late25,True
A-G1.045-C3,55475,3,3417.5,1,48.5,late25,True
A-G1.045-C3,55475,3,3425.5,1,8.0,late25,True
A-G1.045-C3,55475,3,3453.25,1,27.75,late25,True
A-G1.045-C3,55475,3,3460.5,1,7.25,late25,True
A-G1.045-C3,55475,3,3467.25,1,6.75,late25,True
A-G1.045-C3,55475,3,3477.25,5,10.0,late25,True
A-G1.045-C3,55475,3,3510.5,1,33.25,late25,True
A-G1.045-C3,55475,3,3525.5,1,15.0,late25,True
A-G1.045-C3,55475,3,3533.25,1,7.75,late25,True
A-G1.045-C3,63394,0,0.25,3,,early25,False
A-G1.045-C3,63394,0,8.25,1,8.0,early25,False
A-G1.045-C3,63394,0,33.75,1,25.5,early25,False
A-G1.045-C3,63394,0,38.75,1,5.0,early25,False
A-G1.045-C3,63394,0,46.25,1,7.5,early25,False
A-G1.045-C3,63394,0,90.5,1,44.25,early25,False
A-G1.045-C3,63394,0,105.75,1,15.25,early25,False
A-G1.045-C3,63394,0,108.75,1,3.0,early25,False
A-G1.045-C3,63394,0,112.75,1,4.0,early25,False
A-G1.045-C3,63394,0,167.5,1,54.75,early25,False
A-G1.045-C3,63394,0,177.0,1,9.5,early25,False
A-G1.045-C3,63394,0,184.0,1,7.0,middle50,False
A-G1.045-C3,63394,0,216.25,2,32.25,middle50,False
A-G1.045-C3,63394,0,224.5,1,8.25,middle50,False
A-G1.045-C3,63394,0,228.75,1,4.25,middle50,False
A-G1.045-C3,63394,0,235.0,1,6.25,middle50,False
A-G1.045-C3,63394,0,241.75,14,6.75,middle50,False
A-G1.045-C3,63394,0,450.25,1,208.5,middle50,False
A-G1.045-C3,63394,0,458.25,1,8.0,middle50,False
A-G1.045-C3,63394,0,464.25,1,6.0,middle50,False
A-G1.045-C3,63394,0,466.5,1,2.25,middle50,False
A-G1.045-C3,63394,0,475.75,1,9.25,middle50,False
A-G1.045-C3,63394,0,480.0,1,4.25,middle50,False
A-G1.045-C3,63394,0,517.25,1,37.25,middle50,False
A-G1.045-C3,63394,0,526.0,1,8.75,middle50,False
A-G1.045-C3,63394,0,533.5,1,7.5,late25,False
A-G1.045-C3,63394,0,563.0,1,29.5,late25,False
A-G1.045-C3,63394,0,569.0,1,6.0,late25,False
A-G1.045-C3,63394,0,573.75,1,4.75,late25,False
A-G1.045-C3,63394,0,578.0,1,4.25,late25,False
A-G1.045-C3,63394,0,582.0,1,4.0,late25,False
A-G1.045-C3,63394,0,585.75,1,3.75,late25,False
A-G1.045-C3,63394,0,591.75,1,6.0,late25,False
A-G1.045-C3,63394,0,605.5,3,13.75,late25,False
A-G1.045-C3,63394,1,730.0,1,124.5,early25,False
A-G1.045-C3,63394,1,735.75,2,5.75,early25,False
A-G1.045-C3,63394,1,739.75,5,4.0,early25,False
A-G1.045-C3,63394,1,743.0,1,3.25,early25,False
A-G1.045-C3,63394,1,744.5,1,1.5,early25,False
A-G1.045-C3,63394,1,750.25,2,5.75,early25,False
A-G1.045-C3,63394,1,752.75,1,2.5,early25,False
A-G1.045-C3,63394,1,755.75,1,3.0,early25,False
A-G1.045-C3,63394,1,790.75,1,35.0,early25,False
A-G1.045-C3,63394,1,794.25,2,3.5,early25,False
A-G1.045-C3,63394,1,798.5,1,4.25,early25,False
A-G1.045-C3,63394,1,805.5,1,7.0,early25,False
A-G1.045-C3,63394,1,806.75,1,1.25,early25,False
A-G1.045-C3,63394,1,810.25,1,3.5,early25,False
A-G1.045-C3,63394,1,813.75,2,3.5,early25,False
A-G1.045-C3,63394,1,823.75,1,10.0,early25,False
A-G1.045-C3,63394,1,830.75,6,7.0,early25,False
A-G1.045-C3,63394,1,846.75,4,16.0,early25,False
A-G1.045-C3,63394,1,849.75,2,3.0,early25,False
A-G1.045-C3,63394,1,855.25,4,5.5,early25,False
A-G1.045-C3,63394,1,858.25,1,3.0,early25,False
A-G1.045-C3,63394,1,861.75,1,3.5,early25,False
A-G1.045-C3,63394,1,864.75,1,3.0,early25,False
A-G1.045-C3,63394,1,867.5,1,2.75,early25,False
A-G1.045-C3,63394,1,871.5,2,4.0,early25,False
A-G1.045-C3,63394,1,901.0,1,29.5,middle50,False
A-G1.045-C3,63394,1,904.5,1,3.5,middle50,False
A-G1.045-C3,63394,1,912.5,1,8.0,middle50,False
A-G1.045-C3,63394,1,916.0,2,3.5,middle50,False
A-G1.045-C3,63394,1,919.5,1,3.5,middle50,False
A-G1.045-C3,63394,1,923.5,1,4.0,middle50,False
A-G1.045-C3,63394,1,926.0,1,2.5,middle50,False
A-G1.045-C3,63394,1,930.25,1,4.25,middle50,False
A-G1.045-C3,63394,1,937.25,1,7.0,middle50,False
A-G1.045-C3,63394,1,1081.0,2,143.75,middle50,False
A-G1.045-C3,63394,1,1085.25,1,4.25,middle50,False
A-G1.045-C3,63394,1,1090.0,1,4.75,middle50,False
A-G1.045-C3,63394,1,1093.75,1,3.75,middle50,False
A-G1.045-C3,63394,1,1097.0,1,3.25,middle50,False
A-G1.045-C3,63394,1,1100.75,1,3.75,middle50,False
A-G1.045-C3,63394,1,1104.5,1,3.75,middle50,False
A-G1.045-C3,63394,1,1109.25,1,4.75,middle50,False
A-G1.045-C3,63394,1,1133.0,2,23.75,middle50,False
A-G1.045-C3,63394,1,1138.5,1,5.5,middle50,False
A-G1.045-C3,63394,1,1141.5,14,3.0,middle50,False
A-G1.045-C3,63394,1,1144.0,1,2.5,middle50,False
A-G1.045-C3,63394,1,1145.75,1,1.75,middle50,False
A-G1.045-C3,63394,1,1148.5,1,2.75,middle50,False
A-G1.045-C3,63394,1,1157.0,1,8.5,middle50,False
A-G1.045-C3,63394,1,1165.0,1,8.0,middle50,False
A-G1.045-C3,63394,1,1185.0,1,20.0,middle50,False
A-G1.045-C3,63394,1,1188.25,1,3.25,middle50,False
A-G1.045-C3,63394,1,1195.75,2,7.5,middle50,False
A-G1.045-C3,63394,1,1199.5,1,3.75,middle50,False
A-G1.045-C3,63394,1,1205.5,1,6.0,middle50,False
A-G1.045-C3,63394,1,1208.5,12,3.0,middle50,False
A-G1.045-C3,63394,1,1248.75,1,40.25,late25,False
A-G1.045-C3,63394,1,1251.75,1,3.0,late25,False
A-G1.045-C3,63394,1,1254.75,1,3.0,late25,False
A-G1.045-C3,63394,1,1261.0,1,6.25,late25,False
A-G1.045-C3,63394,1,1263.75,1,2.75,late25,False
A-G1.045-C3,63394,1,1266.5,1,2.75,late25,False
A-G1.045-C3,63394,1,1272.75,1,6.25,late25,False
A-G1.045-C3,63394,1,1373.0,1,100.25,late25,False
A-G1.045-C3,63394,2,1392.5,2,19.5,early25,False
A-G1.045-C3,63394,2,1394.0,1,1.5,early25,False
A-G1.045-C3,63394,2,1395.25,1,1.25,early25,False
A-G1.045-C3,63394,2,1401.0,2,5.75,early25,False
A-G1.045-C3,63394,2,1403.75,2,2.75,early25,False
A-G1.045-C3,63394,2,1413.25,3,9.5,early25,False
A-G1.045-C3,63394,2,1417.0,2,3.75,early25,False
A-G1.045-C3,63394,2,1419.25,1,2.25,early25,False
A-G1.045-C3,63394,2,1447.25,1,28.0,early25,False
A-G1.045-C3,63394,2,1450.0,2,2.75,early25,False
A-G1.045-C3,63394,2,1451.75,1,1.75,early25,False
A-G1.045-C3,63394,2,1455.0,1,3.25,early25,False
A-G1.045-C3,63394,2,1456.5,2,1.5,early25,False
A-G1.045-C3,63394,2,1458.0,1,1.5,early25,False
A-G1.045-C3,63394,2,1460.5,1,2.5,early25,False
A-G1.045-C3,63394,2,1464.75,1,4.25,early25,False
A-G1.045-C3,63394,2,1470.0,3,5.25,early25,False
A-G1.045-C3,63394,2,1474.75,1,4.75,early25,False
A-G1.045-C3,63394,2,1485.25,3,10.5,early25,False
A-G1.045-C3,63394,2,1492.25,6,7.0,early25,False
A-G1.045-C3,63394,2,1504.5,1,12.25,early25,False
A-G1.045-C3,63394,2,1506.25,1,1.75,early25,False
A-G1.045-C3,63394,2,1513.75,3,7.5,early25,False
A-G1.045-C3,63394,2,1522.25,2,8.5,early25,False
A-G1.045-C3,63394,2,1530.25,1,8.0,early25,False
A-G1.045-C3,63394,2,1560.75,2,30.5,early25,False
A-G1.045-C3,63394,2,1563.5,1,2.75,early25,False
A-G1.045-C3,63394,2,1566.5,2,3.0,early25,False
A-G1.045-C3,63394,2,1569.25,1,2.75,early25,False
A-G1.045-C3,63394,2,1574.25,2,5.0,early25,False
A-G1.045-C3,63394,2,1579.0,2,4.75,early25,False
A-G1.045-C3,63394,2,1583.75,3,4.75,early25,False
A-G1.045-C3,63394,2,1588.25,1,4.5,early25,False
A-G1.045-C3,63394,2,1598.25,5,10.0,early25,False
A-G1.045-C3,63394,2,1742.0,1,143.75,middle50,False
A-G1.045-C3,63394,2,1743.5,4,1.5,middle50,False
A-G1.045-C3,63394,2,1747.0,1,3.5,middle50,False
A-G1.045-C3,63394,2,1750.75,1,3.75,middle50,False
A-G1.045-C3,63394,2,1754.75,1,4.0,middle50,False
A-G1.045-C3,63394,2,1760.25,2,5.5,middle50,False
A-G1.045-C3,63394,2,1766.25,1,6.0,middle50,False
A-G1.045-C3,63394,2,1769.25,1,3.0,middle50,False
A-G1.045-C3,63394,2,1795.0,1,25.75,middle50,False
A-G1.045-C3,63394,2,1797.75,1,2.75,middle50,False
A-G1.045-C3,63394,2,1801.5,1,3.75,middle50,False
A-G1.045-C3,63394,2,1804.5,1,3.0,middle50,False
A-G1.045-C3,63394,2,1806.75,1,2.25,middle50,False
A-G1.045-C3,63394,2,1809.75,1,3.0,middle50,False
A-G1.045-C3,63394,2,1812.25,11,2.5,middle50,False
A-G1.045-C3,63394,2,1814.25,2,2.0,middle50,False
A-G1.045-C3,63394,2,1816.75,2,2.5,middle50,False
A-G1.045-C3,63394,2,1819.75,1,3.0,middle50,False
A-G1.045-C3,63394,2,1822.25,1,2.5,middle50,False
A-G1.045-C3,63394,2,1823.75,1,1.5,middle50,False
A-G1.045-C3,63394,2,1831.5,1,7.75,middle50,False
A-G1.045-C3,63394,2,1851.25,1,19.75,middle50,False
A-G1.045-C3,63394,2,1854.5,1,3.25,middle50,False
A-G1.045-C3,63394,2,1857.0,1,2.5,middle50,False
A-G1.045-C3,63394,2,1860.25,1,3.25,middle50,False
A-G1.045-C3,63394,2,1864.25,1,4.0,middle50,False
A-G1.045-C3,63394,2,1869.5,1,5.25,middle50,False
A-G1.045-C3,63394,2,1872.25,1,2.75,middle50,False
A-G1.045-C3,63394,2,1880.0,2,7.75,middle50,False
A-G1.045-C3,63394,2,1903.25,2,23.25,middle50,False
A-G1.045-C3,63394,2,1917.75,1,14.5,middle50,False
A-G1.045-C3,63394,2,1924.75,1,7.0,middle50,False
A-G1.045-C3,63394,2,1932.75,1,8.0,middle50,False
A-G1.045-C3,63394,2,2087.0,1,154.25,middle50,False
A-G1.045-C3,63394,2,2091.5,1,4.5,middle50,False
A-G1.045-C3,63394,2,2096.5,1,5.0,middle50,False
A-G1.045-C3,63394,2,2101.25,2,4.75,middle50,False
A-G1.045-C3,63394,2,2106.0,1,4.75,middle50,False
A-G1.045-C3,63394,2,2112.5,2,6.5,middle50,False
A-G1.045-C3,63394,2,2141.5,1,29.0,late25,False
A-G1.045-C3,63394,2,2144.5,2,3.0,late25,False
A-G1.045-C3,63394,2,2147.5,1,3.0,late25,False
A-G1.045-C3,63394,2,2150.75,1,3.25,late25,False
A-G1.045-C3,63394,2,2152.5,1,1.75,late25,False
A-G1.045-C3,63394,2,2155.5,1,3.0,late25,False
A-G1.045-C3,63394,2,2161.75,1,6.25,late25,False
A-G1.045-C3,63394,2,2165.5,1,3.75,late25,False
A-G1.045-C3,63394,2,2169.25,1,3.75,late25,False
A-G1.045-C3,63394,2,2190.0,1,20.75,late25,False
A-G1.045-C3,63394,2,2195.25,1,5.25,late25,False
A-G1.045-C3,63394,2,2201.5,1,6.25,late25,False
A-G1.045-C3,63394,2,2210.25,1,8.75,late25,False
A-G1.045-C3,63394,2,2219.0,1,8.75,late25,False
A-G1.045-C3,63394,2,2249.5,1,30.5,late25,False
A-G1.045-C3,63394,2,2258.25,1,8.75,late25,False
A-G1.045-C3,63394,2,2262.75,1,4.5,late25,False
A-G1.045-C3,63394,2,2265.5,1,2.75,late25,False
A-G1.045-C3,63394,2,2272.25,1,6.75,late25,False
A-G1.045-C3,63394,2,2276.5,1,4.25,late25,False
A-G1.045-C3,63394,3,2400.75,1,124.25,early25,True
A-G1.045-C3,63394,3,2408.0,1,7.25,early25,True
A-G1.045-C3,63394,3,2411.25,2,3.25,early25,True
A-G1.045-C3,63394,3,2413.0,1,1.75,early25,True
A-G1.045-C3,63394,3,2417.5,1,4.5,early25,True
A-G1.045-C3,63394,3,2422.5,3,5.0,early25,True
A-G1.045-C3,63394,3,2427.0,1,4.5,early25,True
A-G1.045-C3,63394,3,2431.5,2,4.5,early25,True
A-G1.045-C3,63394,3,2458.5,1,27.0,early25,True
A-G1.045-C3,63394,3,2462.75,2,4.25,early25,True
A-G1.045-C3,63394,3,2466.75,1,4.0,early25,True
A-G1.045-C3,63394,3,2470.25,2,3.5,early25,True
A-G1.045-C3,63394,3,2473.0,1,2.75,early25,True
A-G1.045-C3,63394,3,2476.5,1,3.5,early25,True
A-G1.045-C3,63394,3,2480.5,14,4.0,early25,True
A-G1.045-C3,63394,3,2482.0,1,1.5,early25,True
A-G1.045-C3,63394,3,2484.5,1,2.5,early25,True
A-G1.045-C3,63394,3,2486.75,1,2.25,early25,True
A-G1.045-C3,63394,3,2509.5,1,22.75,early25,True
A-G1.045-C3,63394,3,2515.75,1,6.25,early25,True
A-G1.045-C3,63394,3,2519.5,1,3.75,early25,True
A-G1.045-C3,63394,3,2524.25,1,4.75,early25,True
A-G1.045-C3,63394,3,2528.75,1,4.5,early25,True
A-G1.045-C3,63394,3,2532.75,1,4.0,early25,True
A-G1.045-C3,63394,3,2536.0,1,3.25,early25,True
A-G1.045-C3,63394,3,2540.0,1,4.0,early25,True
A-G1.045-C3,63394,3,2564.75,11,24.75,early25,True
A-G1.045-C3,63394,3,2567.0,1,2.25,early25,True
A-G1.045-C3,63394,3,2575.75,1,8.75,early25,True
A-G1.045-C3,63394,3,2584.5,1,8.75,early25,True
A-G1.045-C3,63394,3,2590.5,1,6.0,early25,True
A-G1.045-C3,63394,3,2596.5,1,6.0,early25,True
A-G1.045-C3,63394,3,2603.0,3,6.5,early25,True
A-G1.045-C3,63394,3,2612.25,1,9.25,early25,True
A-G1.045-C3,63394,3,2614.75,1,2.5,early25,True
A-G1.045-C3,63394,3,2622.0,1,7.25,early25,True
A-G1.045-C3,63394,3,2626.25,1,4.25,early25,True
A-G1.045-C3,63394,3,2630.5,1,4.25,early25,True
A-G1.045-C3,63394,3,2634.25,1,3.75,early25,True
A-G1.045-C3,63394,3,2641.0,1,6.75,early25,True
A-G1.045-C3,63394,3,2645.5,8,4.5,early25,True
A-G1.045-C3,63394,3,2674.75,1,29.25,early25,True
A-G1.045-C3,63394,3,2680.75,1,6.0,early25,True
A-G1.045-C3,63394,3,2686.0,1,5.25,early25,True
A-G1.045-C3,63394,3,2691.25,1,5.25,middle50,True
A-G1.045-C3,63394,3,2697.0,1,5.75,middle50,True
A-G1.045-C3,63394,3,2709.5,5,12.5,middle50,True
A-G1.045-C3,63394,3,2723.0,1,13.5,middle50,True
A-G1.045-C3,63394,3,2731.0,1,8.0,middle50,True
A-G1.045-C3,63394,3,2734.5,1,3.5,middle50,True
A-G1.045-C3,63394,3,2741.25,1,6.75,middle50,True
A-G1.045-C3,63394,3,2745.25,6,4.0,middle50,True
A-G1.045-C3,63394,3,2747.0,1,1.75,middle50,True
A-G1.045-C3,63394,3,2776.25,1,29.25,middle50,True
A-G1.045-C3,63394,3,2783.5,1,7.25,middle50,True
A-G1.045-C3,63394,3,2787.0,1,3.5,middle50,True
A-G1.045-C3,63394,3,2792.0,1,5.0,middle50,True
A-G1.045-C3,63394,3,2797.0,1,5.0,middle50,True
A-G1.045-C3,63394,3,2802.0,1,5.0,middle50,True
A-G1.045-C3,63394,3,2824.75,1,22.75,middle50,True
A-G1.045-C3,63394,3,2841.0,1,16.25,middle50,True
A-G1.045-C3,63394,3,2846.0,1,5.0,middle50,True
A-G1.045-C3,63394,3,2879.75,1,33.75,middle50,True
A-G1.045-C3,63394,3,2891.0,1,11.25,middle50,True
A-G1.045-C3,63394,3,2896.0,1,5.0,middle50,True
A-G1.045-C3,63394,3,2900.75,1,4.75,middle50,True
A-G1.045-C3,63394,3,2915.0,1,14.25,middle50,True
A-G1.045-C3,63394,3,2922.25,4,7.25,middle50,True
A-G1.045-C3,63394,3,3058.25,2,136.0,middle50,True
A-G1.045-C3,63394,3,3062.5,1,4.25,middle50,True
A-G1.045-C3,63394,3,3078.0,1,15.5,middle50,True
A-G1.045-C3,63394,3,3082.25,1,4.25,middle50,True
A-G1.045-C3,63394,3,3093.0,1,10.75,middle50,True
A-G1.045-C3,63394,3,3117.25,1,24.25,middle50,True
A-G1.045-C3,63394,3,3122.0,1,4.75,middle50,True
A-G1.045-C3,63394,3,3127.25,1,5.25,middle50,True
A-G1.045-C3,63394,3,3133.5,1,6.25,middle50,True
A-G1.045-C3,63394,3,3141.0,1,7.5,middle50,True
A-G1.045-C3,63394,3,3144.25,4,3.25,middle50,True
A-G1.045-C3,63394,3,3174.5,1,30.25,middle50,True
A-G1.045-C3,63394,3,3187.75,1,13.25,middle50,True
A-G1.045-C3,63394,3,3220.25,1,32.5,middle50,True
A-G1.045-C3,63394,3,3226.0,1,5.75,middle50,True
A-G1.045-C3,63394,3,3234.0,4,8.0,middle50,True
A-G1.045-C3,63394,3,3244.5,1,10.5,middle50,True
A-G1.045-C3,63394,3,3254.5,1,10.0,middle50,True
A-G1.045-C3,63394,3,3408.0,1,153.5,late25,True
A-G1.045-C3,63394,3,3419.0,1,11.0,late25,True
A-G1.045-C3,63394,3,3453.0,1,34.0,late25,True
A-G1.045-C3,63394,3,3461.25,1,8.25,late25,True
A-G1.045-C3,63394,3,3466.75,1,5.5,late25,True
A-G1.045-C3,63394,3,3474.75,4,8.0,late25,True
A-G1.045-C3,63394,3,3505.5,1,30.75,late25,True
A-G1.045-C3,63394,3,3517.75,1,12.25,late25,True
A-G1.045-C3,63394,3,3559.25,1,41.5,late25,True
A-G1.045-C3,63394,3,3569.0,1,9.75,late25,True
A-G1.045-C3,63394,3,3582.0,1,13.0,late25,True
A-G1.045-C3,63394,3,3593.75,2,11.75,late25,True
A-G1.045-C3,71313,0,0.25,3,,early25,False
A-G1.045-C3,71313,0,8.5,1,8.25,early25,False
A-G1.045-C3,71313,0,18.5,1,10.0,early25,False
A-G1.045-C3,71313,0,37.25,1,18.75,early25,False
A-G1.045-C3,71313,0,46.75,1,9.5,early25,False
A-G1.045-C3,71313,0,92.75,1,46.0,early25,False
A-G1.045-C3,71313,0,106.5,1,13.75,early25,False
A-G1.045-C3,71313,0,157.5,1,51.0,early25,False
A-G1.045-C3,71313,0,170.5,1,13.0,early25,False
A-G1.045-C3,71313,0,174.0,1,3.5,early25,False
A-G1.045-C3,71313,0,184.25,1,10.25,early25,False
A-G1.045-C3,71313,0,216.5,1,32.25,middle50,False
A-G1.045-C3,71313,0,222.75,1,6.25,middle50,False
A-G1.045-C3,71313,0,227.25,1,4.5,middle50,False
A-G1.045-C3,71313,0,230.25,1,3.0,middle50,False
A-G1.045-C3,71313,0,237.25,1,7.0,middle50,False
A-G1.045-C3,71313,0,248.0,1,10.75,middle50,False
A-G1.045-C3,71313,0,287.25,1,39.25,middle50,False
A-G1.045-C3,71313,0,294.5,1,7.25,middle50,False
A-G1.045-C3,71313,0,298.0,1,3.5,middle50,False
A-G1.045-C3,71313,0,307.5,1,9.5,middle50,False
A-G1.045-C3,71313,0,344.75,1,37.25,middle50,False
A-G1.045-C3,71313,0,352.25,1,7.5,middle50,False
A-G1.045-C3,71313,0,355.5,1,3.25,middle50,False
A-G1.045-C3,71313,0,359.5,1,4.0,middle50,False
A-G1.045-C3,71313,0,365.75,1,6.25,middle50,False
A-G1.045-C3,71313,0,375.25,1,9.5,middle50,False
A-G1.045-C3,71313,0,540.0,1,164.75,middle50,False
A-G1.045-C3,71313,0,581.25,1,41.25,middle50,False
A-G1.045-C3,71313,0,586.0,1,4.75,middle50,False
A-G1.045-C3,71313,0,590.25,1,4.25,middle50,False
A-G1.045-C3,71313,0,599.5,1,9.25,middle50,False
A-G1.045-C3,71313,0,602.75,1,3.25,middle50,False
A-G1.045-C3,71313,0,608.5,1,5.75,middle50,False
A-G1.045-C3,71313,0,616.75,1,8.25,middle50,False
A-G1.045-C3,71313,0,642.0,1,25.25,late25,False
A-G1.045-C3,71313,0,654.0,1,12.0,late25,False
A-G1.045-C3,71313,0,662.75,2,8.75,late25,False
A-G1.045-C3,71313,0,670.25,1,7.5,late25,False
A-G1.045-C3,71313,0,700.0,1,29.75,late25,False
A-G1.045-C3,71313,0,705.5,11,5.5,late25,False
A-G1.045-C3,71313,0,707.5,1,2.0,late25,False
A-G1.045-C3,71313,0,710.5,1,3.0,late25,False
A-G1.045-C3,71313,0,717.5,1,7.0,late25,False
A-G1.045-C3,71313,0,831.25,1,113.75,late25,False
A-G1.045-C3,71313,1,863.75,1,32.5,early25,False
A-G1.045-C3,71313,1,868.5,1,4.75,early25,False
A-G1.045-C3,71313,1,869.5,1,1.0,early25,False
A-G1.045-C3,71313,1,871.0,1,1.5,early25,False
A-G1.045-C3,71313,1,876.0,1,5.0,early25,False
A-G1.045-C3,71313,1,880.5,1,4.5,early25,False
A-G1.045-C3,71313,1,886.0,2,5.5,early25,False
A-G1.045-C3,71313,1,893.0,3,7.0,early25,False
A-G1.045-C3,71313,1,917.25,2,24.25,early25,False
A-G1.045-C3,71313,1,920.0,1,2.75,early25,False
A-G1.045-C3,71313,1,923.75,1,3.75,early25,False
A-G1.045-C3,71313,1,928.25,10,4.5,early25,False
A-G1.045-C3,71313,1,934.0,1,5.75,early25,False
A-G1.045-C3,71313,1,937.0,1,3.0,early25,False
A-G1.045-C3,71313,1,939.75,1,2.75,early25,False
A-G1.045-C3,71313,1,968.75,1,29.0,early25,False
A-G1.045-C3,71313,1,973.75,1,5.0,early25,False
A-G1.045-C3,71313,1,980.5,2,6.75,early25,False
A-G1.045-C3,71313,1,989.0,2,8.5,early25,False
A-G1.045-C3,71313,1,995.5,2,6.5,early25,False
A-G1.045-C3,71313,1,1022.0,1,26.5,middle50,False
A-G1.045-C3,71313,1,1026.0,1,4.0,middle50,False
A-G1.045-C3,71313,1,1030.75,15,4.75,middle50,False
A-G1.045-C3,71313,1,1038.25,1,7.5,middle50,False
A-G1.045-C3,71313,1,1042.5,1,4.25,middle50,False
A-G1.045-C3,71313,1,1049.5,1,7.0,middle50,False
A-G1.045-C3,71313,1,1058.0,2,8.5,middle50,False
A-G1.045-C3,71313,1,1064.5,4,6.5,middle50,False
A-G1.045-C3,71313,1,1200.0,1,135.5,middle50,False
A-G1.045-C3,71313,1,1205.0,1,5.0,middle50,False
A-G1.045-C3,71313,1,1213.25,1,8.25,middle50,False
A-G1.045-C3,71313,1,1215.25,3,2.0,middle50,False
A-G1.045-C3,71313,1,1217.25,4,2.0,middle50,False
A-G1.045-C3,71313,1,1249.25,4,32.0,middle50,False
A-G1.045-C3,71313,1,1257.0,1,7.75,middle50,False
A-G1.045-C3,71313,1,1261.25,1,4.25,middle50,False
A-G1.045-C3,71313,1,1264.5,1,3.25,middle50,False
A-G1.045-C3,71313,1,1267.75,1,3.25,middle50,False
A-G1.045-C3,71313,1,1274.5,1,6.75,middle50,False
A-G1.045-C3,71313,1,1277.25,1,2.75,middle50,False
A-G1.045-C3,71313,1,1279.75,1,2.5,middle50,False
A-G1.045-C3,71313,1,1305.5,1,25.75,middle50,False
A-G1.045-C3,71313,1,1310.5,1,5.0,middle50,False
A-G1.045-C3,71313,1,1322.0,1,11.5,middle50,False
A-G1.045-C3,71313,1,1325.5,1,3.5,middle50,False
A-G1.045-C3,71313,1,1329.25,1,3.75,middle50,False
A-G1.045-C3,71313,1,1358.25,1,29.0,late25,False
A-G1.045-C3,71313,1,1361.25,1,3.0,late25,False
A-G1.045-C3,71313,1,1364.25,1,3.0,late25,False
A-G1.045-C3,71313,1,1367.0,1,2.75,late25,False
A-G1.045-C3,71313,1,1371.25,1,4.25,late25,False
A-G1.045-C3,71313,1,1375.75,1,4.5,late25,False
A-G1.045-C3,71313,1,1380.25,1,4.5,late25,False
A-G1.045-C3,71313,1,1385.25,1,5.0,late25,False
A-G1.045-C3,71313,1,1496.25,1,111.0,late25,False
A-G1.045-C3,71313,2,1510.5,1,14.25,early25,False
A-G1.045-C3,71313,2,1513.75,2,3.25,early25,False
A-G1.045-C3,71313,2,1523.75,3,10.0,early25,False
A-G1.045-C3,71313,2,1533.0,2,9.25,early25,False
A-G1.045-C3,71313,2,1540.0,2,7.0,early25,False
A-G1.045-C3,71313,2,1574.0,3,34.0,early25,False
A-G1.045-C3,71313,2,1587.25,3,13.25,early25,False
A-G1.045-C3,71313,2,1590.0,2,2.75,early25,False
A-G1.045-C3,71313,2,1593.75,2,3.75,early25,False
A-G1.045-C3,71313,2,1609.5,7,15.75,early25,False
A-G1.045-C3,71313,2,1620.75,1,11.25,early25,False
A-G1.045-C3,71313,2,1632.5,3,11.75,early25,False
A-G1.045-C3,71313,2,1682.25,2,49.75,early25,False
A-G1.045-C3,71313,2,1684.0,1,1.75,early25,False
A-G1.045-C3,71313,2,1685.75,1,1.75,early25,False
A-G1.045-C3,71313,2,1691.0,3,5.25,early25,False
A-G1.045-C3,71313,2,1697.5,1,6.5,early25,False
A-G1.045-C3,71313,2,1700.5,1,3.0,early25,False
A-G1.045-C3,71313,2,1705.75,2,5.25,early25,False
A-G1.045-C3,71313,2,1714.0,2,8.25,early25,False
A-G1.045-C3,71313,2,1741.0,2,27.0,early25,False
A-G1.045-C3,71313,2,1743.25,1,2.25,early25,False
A-G1.045-C3,71313,2,1751.25,1,8.0,early25,False
A-G1.045-C3,71313,2,1753.5,1,2.25,early25,False
A-G1.045-C3,71313,2,1755.75,1,2.25,early25,False
A-G1.045-C3,71313,2,1759.75,2,4.0,early25,False
A-G1.045-C3,71313,2,1763.75,1,4.0,early25,False
A-G1.045-C3,71313,2,1765.75,1,2.0,early25,False
A-G1.045-C3,71313,2,1766.75,1,1.0,early25,False
A-G1.045-C3,71313,2,1797.5,2,30.75,middle50,False
A-G1.045-C3,71313,2,1800.0,1,2.5,middle50,False
A-G1.045-C3,71313,2,1802.5,2,2.5,middle50,False
A-G1.045-C3,71313,2,1807.25,3,4.75,middle50,False
A-G1.045-C3,71313,2,1816.75,2,9.5,middle50,False
A-G1.045-C3,71313,2,1821.5,2,4.75,middle50,False
A-G1.045-C3,71313,2,1976.25,1,154.75,middle50,False
A-G1.045-C3,71313,2,1984.5,1,8.25,middle50,False
A-G1.045-C3,71313,2,1991.75,1,7.25,middle50,False
A-G1.045-C3,71313,2,1999.25,1,7.5,middle50,False
A-G1.045-C3,71313,2,2029.75,2,30.5,middle50,False
A-G1.045-C3,71313,2,2031.5,1,1.75,middle50,False
A-G1.045-C3,71313,2,2038.0,2,6.5,middle50,False
A-G1.045-C3,71313,2,2041.25,1,3.25,middle50,False
A-G1.045-C3,71313,2,2043.75,1,2.5,middle50,False
A-G1.045-C3,71313,2,2046.75,1,3.0,middle50,False
A-G1.045-C3,71313,2,2050.5,2,3.75,middle50,False
A-G1.045-C3,71313,2,2053.5,1,3.0,middle50,False
A-G1.045-C3,71313,2,2064.75,2,11.25,middle50,False
A-G1.045-C3,71313,2,2071.25,4,6.5,middle50,False
A-G1.045-C3,71313,2,2080.5,4,9.25,middle50,False
A-G1.045-C3,71313,2,2084.0,3,3.5,middle50,False
A-G1.045-C3,71313,2,2087.75,1,3.75,middle50,False
A-G1.045-C3,71313,2,2092.5,1,4.75,middle50,False
A-G1.045-C3,71313,2,2101.0,1,8.5,middle50,False
A-G1.045-C3,71313,2,2106.75,1,5.75,middle50,False
A-G1.045-C3,71313,2,2141.0,2,34.25,middle50,False
A-G1.045-C3,71313,2,2147.0,1,6.0,middle50,False
A-G1.045-C3,71313,2,2147.75,3,0.75,middle50,False
A-G1.045-C3,71313,2,2148.5,2,0.75,middle50,False
A-G1.045-C3,71313,2,2153.25,2,4.75,middle50,False
A-G1.045-C3,71313,2,2157.5,1,4.25,middle50,False
A-G1.045-C3,71313,2,2160.75,1,3.25,middle50,False
A-G1.045-C3,71313,2,2165.25,2,4.5,middle50,False
A-G1.045-C3,71313,2,2174.25,1,9.0,middle50,False
A-G1.045-C3,71313,2,2300.0,1,125.75,middle50,False
A-G1.045-C3,71313,2,2306.5,2,6.5,middle50,False
A-G1.045-C3,71313,2,2312.5,1,6.0,middle50,False
A-G1.045-C3,71313,2,2315.25,1,2.75,middle50,False
A-G1.045-C3,71313,2,2321.75,1,6.5,middle50,False
A-G1.045-C3,71313,2,2324.0,1,2.25,middle50,False
A-G1.045-C3,71313,2,2326.75,1,2.75,middle50,False
A-G1.045-C3,71313,2,2355.75,1,29.0,late25,False
A-G1.045-C3,71313,2,2358.25,1,2.5,late25,False
A-G1.045-C3,71313,2,2360.0,1,1.75,late25,False
A-G1.045-C3,71313,2,2365.0,1,5.0,late25,False
A-G1.045-C3,71313,2,2366.75,1,1.75,late25,False
A-G1.045-C3,71313,2,2371.25,8,4.5,late25,False
A-G1.045-C3,71313,2,2373.25,8,2.0,late25,False
A-G1.045-C3,71313,2,2384.75,1,11.5,late25,False
A-G1.045-C3,71313,2,2398.0,2,13.25,late25,False
A-G1.045-C3,71313,2,2407.75,1,9.75,late25,False
A-G1.045-C3,71313,2,2414.0,1,6.25,late25,False
A-G1.045-C3,71313,2,2417.25,1,3.25,late25,False
A-G1.045-C3,71313,2,2419.5,1,2.25,late25,False
A-G1.045-C3,71313,2,2424.75,1,5.25,late25,False
A-G1.045-C3,71313,2,2429.0,1,4.25,late25,False
A-G1.045-C3,71313,2,2435.75,1,6.75,late25,False
A-G1.045-C3,71313,2,2465.25,1,29.5,late25,False
A-G1.045-C3,71313,2,2469.0,1,3.75,late25,False
A-G1.045-C3,71313,2,2476.5,1,7.5,late25,False
A-G1.045-C3,71313,2,2479.0,1,2.5,late25,False
A-G1.045-C3,71313,2,2482.5,1,3.5,late25,False
A-G1.045-C3,71313,2,2486.0,1,3.5,late25,False
A-G1.045-C3,71313,2,2489.75,1,3.75,late25,False
A-G1.045-C3,71313,2,2500.25,1,10.5,late25,False
A-G1.045-C3,71313,2,2506.0,3,5.75,late25,False
A-G1.045-C3,71313,3,2620.5,1,114.5,early25,True
A-G1.045-C3,71313,3,2623.75,2,3.25,early25,True
A-G1.045-C3,71313,3,2627.0,2,3.25,early25,True
A-G1.045-C3,71313,3,2631.75,1,4.75,early25,True
A-G1.045-C3,71313,3,2632.75,1,1.0,early25,True
A-G1.045-C3,71313,3,2636.75,1,4.0,early25,True
A-G1.045-C3,71313,3,2641.5,1,4.75,early25,True
A-G1.045-C3,71313,3,2644.5,1,3.0,early25,True
A-G1.045-C3,71313,3,2648.75,2,4.25,early25,True
A-G1.045-C3,71313,3,2652.75,1,4.0,early25,True
A-G1.045-C3,71313,3,2676.75,2,24.0,early25,True
A-G1.045-C3,71313,3,2680.75,1,4.0,early25,True
A-G1.045-C3,71313,3,2684.5,1,3.75,early25,True
A-G1.045-C3,71313,3,2687.75,2,3.25,early25,True
A-G1.045-C3,71313,3,2691.25,1,3.5,early25,True
A-G1.045-C3,71313,3,2694.0,1,2.75,early25,True
A-G1.045-C3,71313,3,2698.0,13,4.0,early25,True
A-G1.045-C3,71313,3,2703.75,1,5.75,early25,True
A-G1.045-C3,71313,3,2706.25,1,2.5,early25,True
A-G1.045-C3,71313,3,2709.0,1,2.75,early25,True
A-G1.045-C3,71313,3,2722.25,1,13.25,early25,True
A-G1.045-C3,71313,3,2733.25,1,11.0,early25,True
A-G1.045-C3,71313,3,2736.25,1,3.0,early25,True
A-G1.045-C3,71313,3,2738.75,1,2.5,early25,True
A-G1.045-C3,71313,3,2744.25,1,5.5,early25,True
A-G1.045-C3,71313,3,2751.0,2,6.75,early25,True
A-G1.045-C3,71313,3,2782.25,1,31.25,early25,True
A-G1.045-C3,71313,3,2789.25,1,7.0,early25,True
A-G1.045-C3,71313,3,2799.75,2,10.5,early25,True
A-G1.045-C3,71313,3,2805.25,2,5.5,early25,True
A-G1.045-C3,71313,3,2815.0,1,9.75,early25,True
A-G1.045-C3,71313,3,2829.5,1,14.5,early25,True
A-G1.045-C3,71313,3,2833.75,1,4.25,early25,True
A-G1.045-C3,71313,3,2840.0,1,6.25,early25,True
A-G1.045-C3,71313,3,2845.75,1,5.75,early25,True
A-G1.045-C3,71313,3,2851.0,1,5.25,early25,True
A-G1.045-C3,71313,3,2860.5,1,9.5,middle50,True
A-G1.045-C3,71313,3,2886.0,9,25.5,middle50,True
A-G1.045-C3,71313,3,2893.25,1,7.25,middle50,True
A-G1.045-C3,71313,3,2910.25,1,17.0,middle50,True
A-G1.045-C3,71313,3,2916.25,1,6.0,middle50,True
A-G1.045-C3,71313,3,2941.75,1,25.5,middle50,True
A-G1.045-C3,71313,3,2946.5,1,4.75,middle50,True
A-G1.045-C3,71313,3,2965.25,1,18.75,middle50,True
A-G1.045-C3,71313,3,2998.5,1,33.25,middle50,True
A-G1.045-C3,71313,3,3003.75,1,5.25,middle50,True
A-G1.045-C3,71313,3,3013.5,2,9.75,middle50,True
A-G1.045-C3,71313,3,3018.75,1,5.25,middle50,True
A-G1.045-C3,71313,3,3026.75,1,8.0,middle50,True
A-G1.045-C3,71313,3,3035.0,2,8.25,middle50,True
A-G1.045-C3,71313,3,3043.25,2,8.25,middle50,True
A-G1.045-C3,71313,3,3045.0,2,1.75,middle50,True
A-G1.045-C3,71313,3,3045.75,1,0.75,middle50,True
A-G1.045-C3,71313,3,3047.25,2,1.5,middle50,True
A-G1.045-C3,71313,3,3054.0,1,6.75,middle50,True
A-G1.045-C3,71313,3,3071.75,1,17.75,middle50,True
A-G1.045-C3,71313,3,3106.5,1,34.75,middle50,True
A-G1.045-C3,71313,3,3107.25,2,0.75,middle50,True
A-G1.045-C3,71313,3,3117.5,1,10.25,middle50,True
A-G1.045-C3,71313,3,3120.75,1,3.25,middle50,True
A-G1.045-C3,71313,3,3142.0,4,21.25,middle50,True
A-G1.045-C3,71313,3,3157.5,1,15.5,middle50,True
A-G1.045-C3,71313,3,3168.5,1,11.0,middle50,True
A-G1.045-C3,71313,3,3173.25,1,4.75,middle50,True
A-G1.045-C3,71313,3,3207.75,6,34.5,middle50,True
A-G1.045-C3,71313,3,3216.0,1,8.25,middle50,True
A-G1.045-C3,71313,3,3229.5,1,13.5,middle50,True
A-G1.045-C3,71313,3,3236.75,1,7.25,middle50,True
A-G1.045-C3,71313,3,3393.0,1,156.25,late25,True
A-G1.045-C3,71313,3,3405.25,1,12.25,late25,True
A-G1.045-C3,71313,3,3414.75,1,9.5,late25,True
A-G1.045-C3,71313,3,3421.25,1,6.5,late25,True
A-G1.045-C3,71313,3,3459.5,1,38.25,late25,True
A-G1.045-C3,71313,3,3468.5,1,9.0,late25,True
A-G1.045-C3,71313,3,3492.5,1,24.0,late25,True
A-G1.045-C3,71313,3,3500.25,1,7.75,late25,True
A-G1.045-C3,71313,3,3512.75,1,12.5,late25,True
A-G1.045-C3,71313,3,3520.75,4,8.0,late25,True
A-G1.045-C3,71313,3,3547.5,1,26.75,late25,True
A-G1.045-C3,71313,3,3559.5,1,12.0,late25,True
A-G1.045-C3,71313,3,3570.75,1,11.25,late25,True
A-G1.045-C3,79232,0,0.25,3,,early25,False
A-G1.045-C3,79232,0,9.5,1,9.25,early25,False
A-G1.045-C3,79232,0,20.25,1,10.75,early25,False
A-G1.045-C3,79232,0,25.25,1,5.0,early25,False
A-G1.045-C3,79232,0,46.2499999999,1,20.999999999899998,early25,False
A-G1.045-C3,79232,0,91.2499999999,1,45.0,early25,False
A-G1.045-C3,79232,0,98.2499999999,1,7.0,early25,False
A-G1.045-C3,79232,0,111.4999999999,1,13.25,early25,False
A-G1.045-C3,79232,0,116.4999999999,1,5.0,early25,False
A-G1.045-C3,79232,0,151.4999999999,1,35.000000000000014,early25,False
A-G1.045-C3,79232,0,161.2499999999,1,9.75,early25,False
A-G1.045-C3,79232,0,164.9999999999,1,3.75,early25,False
A-G1.045-C3,79232,0,175.7499999998,1,10.749999999899984,early25,False
A-G1.045-C3,79232,0,178.4999999998,1,2.75,early25,False
A-G1.045-C3,79232,0,210.7499999998,1,32.25,middle50,False
A-G1.045-C3,79232,0,222.7499999998,1,12.0,middle50,False
A-G1.045-C3,79232,0,229.9999999998,1,7.25,middle50,False
A-G1.045-C3,79232,0,237.7499999998,1,7.75,middle50,False
A-G1.045-C3,79232,0,269.2499999998,1,31.50000000000003,middle50,False
A-G1.045-C3,79232,0,273.9999999998,1,4.75,middle50,False
A-G1.045-C3,79232,0,284.7499999998,1,10.75,middle50,False
A-G1.045-C3,79232,0,290.9999999998,1,6.25,middle50,False
A-G1.045-C3,79232,0,297.7499999998,1,6.75,middle50,False
A-G1.045-C3,79232,0,328.7499999998,1,31.0,middle50,False
A-G1.045-C3,79232,0,332.2499999998,1,3.5,middle50,False
A-G1.045-C3,79232,0,337.7499999998,1,5.5,middle50,False
A-G1.045-C3,79232,0,341.7499999998,1,4.0,middle50,False
A-G1.045-C3,79232,0,348.9999999998,1,7.25,middle50,False
A-G1.045-C3,79232,0,507.9999999998,1,159.0,middle50,False
A-G1.045-C3,79232,0,514.7499999998,1,6.75,middle50,False
A-G1.045-C3,79232,0,519.4999999998,1,4.75,middle50,False
A-G1.045-C3,79232,0,525.9999999998,1,6.5,middle50,False
A-G1.045-C3,79232,0,538.7499999998,1,12.75,middle50,False
A-G1.045-C3,79232,0,568.4999999998,2,29.75,middle50,False
A-G1.045-C3,79232,0,574.9999999998,1,6.5,middle50,False
A-G1.045-C3,79232,0,578.4999999998,1,3.5,middle50,False
A-G1.045-C3,79232,0,589.2499999998,12,10.75,middle50,False
A-G1.045-C3,79232,0,678.2499999998,1,89.0,late25,False
A-G1.045-C3,79232,0,682.7499999998,1,4.5,late25,False
A-G1.045-C3,79232,0,684.9999999998,1,2.25,late25,False
A-G1.045-C3,79232,0,691.4999999998,1,6.5,late25,False
A-G1.045-C3,79232,0,695.4999999998,1,4.0,late25,False
A-G1.045-C3,79232,0,699.7499999998,1,4.25,late25,False
A-G1.045-C3,79232,0,706.2499999998,1,6.5,late25,False
A-G1.045-C3,79232,1,822.4999999998,2,116.25,early25,False
A-G1.045-C3,79232,1,838.2499999998,1,15.75,early25,False
A-G1.045-C3,79232,1,839.4999999998,1,1.25,early25,False
A-G1.045-C3,79232,1,840.7499999998,1,1.25,early25,False
A-G1.045-C3,79232,1,845.4999999998,1,4.75,early25,False
A-G1.045-C3,79232,1,847.4999999998,1,2.0,early25,False
A-G1.045-C3,79232,1,851.7499999998,1,4.25,early25,False
A-G1.045-C3,79232,1,857.2499999998,2,5.5,early25,False
A-G1.045-C3,79232,1,864.2499999998,2,7.0,early25,False
A-G1.045-C3,79232,1,870.4999999998,2,6.25,early25,False
A-G1.045-C3,79232,1,893.4999999998,1,23.0,early25,False
A-G1.045-C3,79232,1,897.2499999998,2,3.75,early25,False
A-G1.045-C3,79232,1,901.9999999998,9,4.75,early25,False
A-G1.045-C3,79232,1,906.4999999998,1,4.5,early25,False
A-G1.045-C3,79232,1,910.7499999998,1,4.25,early25,False
A-G1.045-C3,79232,1,915.2499999998,1,4.5,early25,False
A-G1.045-C3,79232,1,919.4999999998,2,4.25,early25,False
A-G1.045-C3,79232,1,920.4999999998,1,1.0,early25,False
A-G1.045-C3,79232,1,921.4999999998,1,1.0,early25,False
A-G1.045-C3,79232,1,925.4999999998,1,4.0,early25,False
A-G1.045-C3,79232,1,942.4999999998,1,17.0,early25,False
A-G1.045-C3,79232,1,943.2499999998,1,0.75,early25,False
A-G1.045-C3,79232,1,954.4999999998,1,11.25,early25,False
A-G1.045-C3,79232,1,957.2499999998,1,2.75,early25,False
A-G1.045-C3,79232,1,959.7499999998,1,2.5,early25,False
A-G1.045-C3,79232,1,964.7499999998,1,5.0,early25,False
A-G1.045-C3,79232,1,965.7499999998,1,1.0,early25,False
A-G1.045-C3,79232,1,970.9999999998,1,5.25,early25,False
A-G1.045-C3,79232,1,1000.9999999998,1,30.0,early25,False
A-G1.045-C3,79232,1,1003.2499999998,1,2.25,early25,False
A-G1.045-C3,79232,1,1007.2499999998,2,4.0,early25,False
A-G1.045-C3,79232,1,1011.9999999998,1,4.75,early25,False
A-G1.045-C3,79232,1,1015.2499999998,1,3.25,early25,False
A-G1.045-C3,79232,1,1021.2499999998,1,6.0,early25,False
A-G1.045-C3,79232,1,1023.9999999998,2,2.75,early25,False
A-G1.045-C3,79232,1,1029.4999999998,1,5.499999999999886,early25,False
A-G1.045-C3,79232,1,1181.4999999998,2,152.0,middle50,False
A-G1.045-C3,79232,1,1188.9999999998,1,7.5,middle50,False
A-G1.045-C3,79232,1,1192.9999999998,1,4.0,middle50,False
A-G1.045-C3,79232,1,1198.2499999998,1,5.25,middle50,False
A-G1.045-C3,79232,1,1204.7499999998,2,6.5,middle50,False
A-G1.045-C3,79232,1,1210.4999999998,2,5.75,middle50,False
A-G1.045-C3,79232,1,1234.9999999998,1,24.5,middle50,False
A-G1.045-C3,79232,1,1239.2499999998,13,4.25,middle50,False
A-G1.045-C3,79232,1,1241.4999999998,1,2.25,middle50,False
A-G1.045-C3,79232,1,1244.4999999998,1,3.0,middle50,False
A-G1.045-C3,79232,1,1248.9999999998,1,4.5,middle50,False
A-G1.045-C3,79232,1,1255.9999999998,1,7.0,middle50,False
A-G1.045-C3,79232,1,1261.4999999998,1,5.5,middle50,False
A-G1.045-C3,79232,1,1293.7499999998,1,32.25,middle50,False
A-G1.045-C3,79232,1,1303.7499999998,1,10.0,middle50,False
A-G1.045-C3,79232,1,1308.4999999998,1,4.75,middle50,False
A-G1.045-C3,79232,1,1312.2499999998,1,3.75,middle50,False
A-G1.045-C3,79232,1,1315.4999999998,1,3.25,middle50,False
A-G1.045-C3,79232,1,1345.7499999998,1,30.25,middle50,False
A-G1.045-C3,79232,1,1353.2499999998,1,7.5,middle50,False
A-G1.045-C3,79232,1,1356.4999999998,1,3.25,middle50,False
A-G1.045-C3,79232,1,1359.2499999998,1,2.75,middle50,False
A-G1.045-C3,79232,1,1361.9999999998,1,2.75,middle50,False
A-G1.045-C3,79232,1,1364.9999999998,1,3.0,middle50,False
A-G1.045-C3,79232,1,1368.2499999998,1,3.25,middle50,False
A-G1.045-C3,79232,1,1370.9999999998,1,2.75,middle50,False
A-G1.045-C3,79232,1,1374.4999999998,1,3.5,middle50,False
A-G1.045-C3,79232,1,1380.7499999998,1,6.25,middle50,False
A-G1.045-C3,79232,1,1514.2499999998,1,133.5,middle50,False
A-G1.045-C3,79232,1,1522.7499999998,1,8.5,middle50,False
A-G1.045-C3,79232,1,1526.7499999998,1,4.0,middle50,False
A-G1.045-C3,79232,1,1529.9999999998,1,3.25,middle50,False
A-G1.045-C3,79232,1,1538.9999999998,1,9.0,middle50,False
A-G1.045-C3,79232,1,1541.4999999998,1,2.5,middle50,False
A-G1.045-C3,79232,1,1568.9999999998,1,27.5,late25,False
A-G1.045-C3,79232,1,1572.9999999998,1,4.0,late25,False
A-G1.045-C3,79232,1,1577.4999999998,1,4.5,late25,False
A-G1.045-C3,79232,1,1582.2499999998,1,4.75,late25,False
A-G1.045-C3,79232,1,1583.9999999998,1,1.75,late25,False
A-G1.045-C3,79232,1,1591.7499999998,1,7.75,late25,False
A-G1.045-C3,79232,1,1593.7499999998,1,2.0,late25,False
A-G1.045-C3,79232,1,1599.7499999998,1,6.0,late25,False
A-G1.045-C3,79232,1,1606.7499999998,1,7.0,late25,False
A-G1.045-C3,79232,1,1612.7499999998,3,6.0,late25,False
A-G1.045-C3,79232,1,1627.4999999998,1,14.75,late25,False
A-G1.045-C3,79232,1,1630.4999999998,1,3.0,late25,False
A-G1.045-C3,79232,1,1634.7499999998,1,4.25,late25,False
A-G1.045-C3,79232,1,1640.7499999998,1,6.0,late25,False
A-G1.045-C3,79232,1,1644.2499999998,1,3.5,late25,False
A-G1.045-C3,79232,1,1647.2499999998,9,3.0,late25,False
A-G1.045-C3,79232,1,1681.2499999998,1,34.0,late25,False
A-G1.045-C3,79232,1,1683.2499999998,1,2.0,late25,False
A-G1.045-C3,79232,1,1686.7499999998,3,3.5,late25,False
A-G1.045-C3,79232,1,1687.7499999998,2,1.0,late25,False
A-G1.045-C3,79232,1,1691.7499999998,1,4.0,late25,False
A-G1.045-C3,79232,1,1696.4999999998,1,4.75,late25,False
A-G1.045-C3,79232,1,1699.7499999998,1,3.25,late25,False
A-G1.045-C3,79232,1,1705.4999999998,1,5.75,late25,False
A-G1.045-C3,79232,1,1707.7499999998,1,2.25,late25,False
A-G1.045-C3,79232,1,1715.2499999998,1,7.5,late25,False
A-G1.045-C3,79232,1,1812.75,1,97.50000000020009,late25,False
A-G1.045-C3,79232,1,1817.5,1,4.75,late25,False
A-G1.045-C3,79232,2,1833.75,1,16.25,early25,False
A-G1.045-C3,79232,2,1837.75,2,4.0,early25,False
A-G1.045-C3,79232,2,1842.75,1,5.0,early25,False
A-G1.045-C3,79232,2,1846.25,1,3.5,early25,False
A-G1.045-C3,79232,2,1851.5,2,5.25,early25,False
A-G1.045-C3,79232,2,1857.0,2,5.5,early25,False
A-G1.045-C3,79232,2,1862.75,2,5.75,early25,False
A-G1.045-C3,79232,2,1867.0,1,4.25,early25,False
A-G1.045-C3,79232,2,1891.0,17,24.0,early25,False
A-G1.045-C3,79232,2,1892.5,1,1.5,early25,False
A-G1.045-C3,79232,2,1895.0,1,2.5,early25,False
A-G1.045-C3,79232,2,1897.75,1,2.75,early25,False
A-G1.045-C3,79232,2,1900.25,1,2.5,early25,False
A-G1.045-C3,79232,2,1906.25,1,6.0,early25,False
A-G1.045-C3,79232,2,1908.75,1,2.5,early25,False
A-G1.045-C3,79232,2,1911.0,1,2.25,early25,False
A-G1.045-C3,79232,2,1916.0,2,5.0,early25,False
A-G1.045-C3,79232,2,1919.75,1,3.75,early25,False
A-G1.045-C3,79232,2,1922.75,1,3.0,early25,False
A-G1.045-C3,79232,2,1929.25,4,6.5,early25,False
A-G1.045-C3,79232,2,2069.5,1,140.25,middle50,False
A-G1.045-C3,79232,2,2073.25,3,3.75,middle50,False
A-G1.045-C3,79232,2,2075.25,1,2.0,middle50,False
A-G1.045-C3,79232,2,2081.25,2,6.0,middle50,False
A-G1.045-C3,79232,2,2086.5,1,5.25,middle50,False
A-G1.045-C3,79232,2,2091.75,2,5.25,middle50,False
A-G1.045-C3,79232,2,2094.25,1,2.5,middle50,False
A-G1.045-C3,79232,2,2122.0,1,27.75,middle50,False
A-G1.045-C3,79232,2,2124.0,1,2.0,middle50,False
A-G1.045-C3,79232,2,2130.5,2,6.5,middle50,False
A-G1.045-C3,79232,2,2134.75,1,4.25,middle50,False
A-G1.045-C3,79232,2,2138.0,1,3.25,middle50,False
A-G1.045-C3,79232,2,2140.75,1,2.75,middle50,False
A-G1.045-C3,79232,2,2144.75,2,4.0,middle50,False
A-G1.045-C3,79232,2,2149.25,1,4.5,middle50,False
A-G1.045-C3,79232,2,2160.25,2,11.0,middle50,False
A-G1.045-C3,79232,2,2174.75,1,14.5,middle50,False
A-G1.045-C3,79232,2,2178.75,2,4.0,middle50,False
A-G1.045-C3,79232,2,2185.75,1,7.0,middle50,False
A-G1.045-C3,79232,2,2189.0,2,3.25,middle50,False
A-G1.045-C3,79232,2,2193.0,1,4.0,middle50,False
A-G1.045-C3,79232,2,2199.0,1,6.0,middle50,False
A-G1.045-C3,79232,2,2230.0,2,31.0,middle50,False
A-G1.045-C3,79232,2,2234.25,1,4.25,middle50,False
A-G1.045-C3,79232,2,2236.75,1,2.5,middle50,False
A-G1.045-C3,79232,2,2242.75,1,6.0,middle50,False
A-G1.045-C3,79232,2,2248.25,1,5.5,middle50,False
A-G1.045-C3,79232,2,2252.25,2,4.0,middle50,False
A-G1.045-C3,79232,2,2256.0,1,3.75,middle50,False
A-G1.045-C3,79232,2,2259.25,1,3.25,middle50,False
A-G1.045-C3,79232,2,2388.25,1,129.0,middle50,False
A-G1.045-C3,79232,2,2391.75,1,3.5,middle50,False
A-G1.045-C3,79232,2,2394.5,1,2.75,middle50,False
A-G1.045-C3,79232,2,2399.75,1,5.25,middle50,False
A-G1.045-C3,79232,2,2405.0,1,5.25,middle50,False
A-G1.045-C3,79232,2,2408.75,1,3.75,middle50,False
A-G1.045-C3,79232,2,2416.0,1,7.25,middle50,False
A-G1.045-C3,79232,2,2420.0,1,4.0,middle50,False
A-G1.045-C3,79232,2,2443.0,1,23.0,middle50,False
A-G1.045-C3,79232,2,2446.5,1,3.5,middle50,False
A-G1.045-C3,79232,2,2449.75,1,3.25,middle50,False
A-G1.045-C3,79232,2,2455.0,8,5.25,middle50,False
A-G1.045-C3,79232,2,2456.75,1,1.75,middle50,False
A-G1.045-C3,79232,2,2462.0,1,5.25,middle50,False
A-G1.045-C3,79232,2,2466.0,1,4.0,middle50,False
A-G1.045-C3,79232,2,2467.75,1,1.75,middle50,False
A-G1.045-C3,79232,2,2471.5,1,3.75,middle50,False
A-G1.045-C3,79232,2,2475.25,1,3.75,middle50,False
A-G1.045-C3,79232,2,2476.75,1,1.5,late25,False
A-G1.045-C3,79232,2,2503.75,1,27.0,late25,False
A-G1.045-C3,79232,2,2509.0,1,5.25,late25,False
A-G1.045-C3,79232,2,2513.0,1,4.0,late25,False
A-G1.045-C3,79232,2,2517.5,1,4.5,late25,False
A-G1.045-C3,79232,2,2522.75,1,5.25,late25,False
A-G1.045-C3,79232,2,2556.25,1,33.5,late25,False
A-G1.045-C3,79232,2,2563.0,1,6.75,late25,False
A-G1.045-C3,79232,2,2567.0,1,4.0,late25,False
A-G1.045-C3,79232,2,2577.75,1,10.75,late25,False
A-G1.045-C3,79232,2,2584.5,1,6.75,late25,False
A-G1.045-C3,79232,2,2596.5,5,12.0,late25,False
A-G1.045-C3,79232,2,2695.0,1,98.5,late25,False
A-G1.045-C3,79232,3,2713.5,1,18.5,early25,True
A-G1.045-C3,79232,3,2717.0,1,3.5,early25,True
A-G1.045-C3,79232,3,2721.75,2,4.75,early25,True
A-G1.045-C3,79232,3,2725.75,1,4.0,early25,True
A-G1.045-C3,79232,3,2730.25,1,4.5,early25,True
A-G1.045-C3,79232,3,2733.5,1,3.25,early25,True
A-G1.045-C3,79232,3,2738.0,2,4.5,early25,True
A-G1.045-C3,79232,3,2743.25,1,5.25,early25,True
A-G1.045-C3,79232,3,2766.5,1,23.25,early25,True
A-G1.045-C3,79232,3,2769.5,1,3.0,early25,True
A-G1.045-C3,79232,3,2772.75,11,3.25,early25,True
A-G1.045-C3,79232,3,2775.5,2,2.75,early25,True
A-G1.045-C3,79232,3,2777.75,1,2.25,early25,True
A-G1.045-C3,79232,3,2783.5,6,5.75,early25,True
A-G1.045-C3,79232,3,2785.25,6,1.75,early25,True
A-G1.045-C3,79232,3,2789.75,1,4.5,early25,True
A-G1.045-C3,79232,3,2797.75,1,8.0,early25,True
A-G1.045-C3,79232,3,2804.25,3,6.5,early25,True
A-G1.045-C3,79232,3,2813.5,5,9.25,early25,True
A-G1.045-C3,79232,3,2820.5,1,7.0,early25,True
A-G1.045-C3,79232,3,2824.75,1,4.25,early25,True
A-G1.045-C3,79232,3,2829.75,1,5.0,early25,True
A-G1.045-C3,79232,3,2838.75,1,9.0,early25,True
A-G1.045-C3,79232,3,2842.75,1,4.0,early25,True
A-G1.045-C3,79232,3,2846.5,1,3.75,early25,True
A-G1.045-C3,79232,3,2871.0,8,24.5,early25,True
A-G1.045-C3,79232,3,2874.25,1,3.25,early25,True
A-G1.045-C3,79232,3,2878.75,1,4.5,early25,True
A-G1.045-C3,79232,3,2885.0,4,6.25,early25,True
A-G1.045-C3,79232,3,2890.5,2,5.5,early25,True
A-G1.045-C3,79232,3,2901.25,1,10.75,early25,True
A-G1.045-C3,79232,3,2909.0,2,7.75,early25,True
A-G1.045-C3,79232,3,2916.75,1,7.75,early25,True
A-G1.045-C3,79232,3,2917.75,2,1.0,early25,True
A-G1.045-C3,79232,3,2928.75,1,11.0,middle50,True
A-G1.045-C3,79232,3,2935.0,1,6.25,middle50,True
A-G1.045-C3,79232,3,2976.75,1,41.75,middle50,True
A-G1.045-C3,79232,3,2978.75,1,2.0,middle50,True
A-G1.045-C3,79232,3,2983.75,1,5.0,middle50,True
A-G1.045-C3,79232,3,2988.75,1,5.0,middle50,True
A-G1.045-C3,79232,3,2993.75,1,5.0,middle50,True
A-G1.045-C3,79232,3,2998.75,1,5.0,middle50,True
A-G1.045-C3,79232,3,3028.25,1,29.5,middle50,True
A-G1.045-C3,79232,3,3034.75,1,6.5,middle50,True
A-G1.045-C3,79232,3,3048.0,1,13.25,middle50,True
A-G1.045-C3,79232,3,3079.5,1,31.5,middle50,True
A-G1.045-C3,79232,3,3083.5,1,4.0,middle50,True
A-G1.045-C3,79232,3,3088.25,1,4.75,middle50,True
A-G1.045-C3,79232,3,3093.25,1,5.0,middle50,True
A-G1.045-C3,79232,3,3098.25,1,5.0,middle50,True
A-G1.045-C3,79232,3,3106.25,1,8.0,middle50,True
A-G1.045-C3,79232,3,3129.5,1,23.25,middle50,True
A-G1.045-C3,79232,3,3139.75,1,10.25,middle50,True
A-G1.045-C3,79232,3,3151.75,1,12.0,middle50,True
A-G1.045-C3,79232,3,3181.0,1,29.25,middle50,True
A-G1.045-C3,79232,3,3186.75,1,5.75,middle50,True
A-G1.045-C3,79232,3,3198.0,1,11.25,middle50,True
A-G1.045-C3,79232,3,3203.25,1,5.25,middle50,True
A-G1.045-C3,79232,3,3217.75,1,14.5,middle50,True
A-G1.045-C3,79232,3,3362.5,1,144.75,middle50,True
A-G1.045-C3,79232,3,3372.25,1,9.75,middle50,True
A-G1.045-C3,79232,3,3378.0,1,5.75,late25,True
A-G1.045-C3,79232,3,3425.25,1,47.25,late25,True
A-G1.045-C3,79232,3,3430.0,1,4.75,late25,True
A-G1.045-C3,79232,3,3434.75,1,4.75,late25,True
A-G1.045-C3,79232,3,3442.0,1,7.25,late25,True
A-G1.045-C3,79232,3,3465.25,1,23.25,late25,True
A-G1.045-C3,79232,3,3475.0,1,9.75,late25,True
A-G1.045-C3,79232,3,3486.5,1,11.5,late25,True
A-G1.045-C3,79232,3,3521.25,1,34.75,late25,True
A-G1.045-C3,79232,3,3530.0,1,8.75,late25,True
A-G1.045-C3,79232,3,3534.75,1,4.75,late25,True
A-G1.045-C3,79232,3,3547.25,1,12.5,late25,True
A-G1.045-C3,79232,3,3563.25,3,16.0,late25,True
A-G1.045-C3,87151,0,0.25,3,,early25,False
A-G1.045-C3,87151,0,15.0,1,14.75,early25,False
A-G1.045-C3,87151,0,27.25,2,12.25,early25,False
A-G1.045-C3,87151,0,35.25,1,8.0,early25,False
A-G1.045-C3,87151,0,48.5,2,13.25,early25,False
A-G1.045-C3,87151,0,63.75,1,15.25,early25,False
A-G1.045-C3,87151,0,89.5,1,25.75,early25,False
A-G1.045-C3,87151,0,97.0,1,7.5,early25,False
A-G1.045-C3,87151,0,105.25,15,8.25,early25,False
A-G1.045-C3,87151,0,273.0,1,167.75,middle50,False
A-G1.045-C3,87151,0,295.75,1,22.75,middle50,False
A-G1.045-C3,87151,0,298.5,1,2.75,middle50,False
A-G1.045-C3,87151,0,326.25,1,27.75,middle50,False
A-G1.045-C3,87151,0,332.25,1,6.0,middle50,False
A-G1.045-C3,87151,0,339.5,1,7.25,middle50,False
A-G1.045-C3,87151,0,346.5,1,7.0,middle50,False
A-G1.045-C3,87151,0,356.75,1,10.25,middle50,False
A-G1.045-C3,87151,0,364.0,1,7.25,middle50,False
A-G1.045-C3,87151,0,392.5,1,28.5,middle50,False
A-G1.045-C3,87151,0,399.75,1,7.25,middle50,False
A-G1.045-C3,87151,0,405.5,1,5.75,middle50,False
A-G1.045-C3,87151,0,412.5,1,7.0,middle50,False
A-G1.045-C3,87151,0,442.0,1,29.5,middle50,False
A-G1.045-C3,87151,0,446.75,1,4.75,middle50,False
A-G1.045-C3,87151,0,449.0,1,2.25,late25,False
A-G1.045-C3,87151,0,452.75,1,3.75,late25,False
A-G1.045-C3,87151,0,460.5,1,7.75,late25,False
A-G1.045-C3,87151,0,464.75,1,4.25,late25,False
A-G1.045-C3,87151,0,473.0,1,8.25,late25,False
A-G1.045-C3,87151,1,618.0,1,145.0,early25,False
A-G1.045-C3,87151,1,620.25,1,2.25,early25,False
A-G1.045-C3,87151,1,622.75,1,2.5,early25,False
A-G1.045-C3,87151,1,630.5,2,7.75,early25,False
A-G1.045-C3,87151,1,636.5,1,6.0,early25,False
A-G1.045-C3,87151,1,642.75,2,6.25,early25,False
A-G1.045-C3,87151,1,649.5,2,6.75,early25,False
A-G1.045-C3,87151,1,675.75,2,26.25,early25,False
A-G1.045-C3,87151,1,679.25,1,3.5,early25,False
A-G1.045-C3,87151,1,683.75,1,4.5,early25,False
A-G1.045-C3,87151,1,687.75,23,4.0,early25,False
A-G1.045-C3,87151,1,689.0,1,1.25,early25,False
A-G1.045-C3,87151,1,692.0,1,3.0,early25,False
A-G1.045-C3,87151,1,693.25,1,1.25,early25,False
A-G1.045-C3,87151,1,697.25,1,4.0,early25,False
A-G1.045-C3,87151,1,698.25,1,1.0,early25,False
A-G1.045-C3,87151,1,701.0,1,2.75,early25,False
A-G1.045-C3,87151,1,705.0,1,4.0,early25,False
A-G1.045-C3,87151,1,730.0,1,25.0,early25,False
A-G1.045-C3,87151,1,731.75,1,1.75,early25,False
A-G1.045-C3,87151,1,738.75,1,7.0,early25,False
A-G1.045-C3,87151,1,743.25,1,4.5,early25,False
A-G1.045-C3,87151,1,749.5,1,6.25,early25,False
A-G1.045-C3,87151,1,781.25,1,31.75,middle50,False
A-G1.045-C3,87151,1,787.5,2,6.25,middle50,False
A-G1.045-C3,87151,1,791.0,1,3.5,middle50,False
A-G1.045-C3,87151,1,793.0,1,2.0,middle50,False
A-G1.045-C3,87151,1,795.5,1,2.5,middle50,False
A-G1.045-C3,87151,1,799.75,1,4.25,middle50,False
A-G1.045-C3,87151,1,806.75,2,7.0,middle50,False
A-G1.045-C3,87151,1,810.25,1,3.5,middle50,False
A-G1.045-C3,87151,1,956.0,1,145.75,middle50,False
A-G1.045-C3,87151,1,961.5,1,5.5,middle50,False
A-G1.045-C3,87151,1,966.5,2,5.0,middle50,False
A-G1.045-C3,87151,1,973.5,1,7.0,middle50,False
A-G1.045-C3,87151,1,977.5,2,4.0,middle50,False
A-G1.045-C3,87151,1,982.25,1,4.75,middle50,False
A-G1.045-C3,87151,1,986.75,1,4.5,middle50,False
A-G1.045-C3,87151,1,1010.75,1,24.0,middle50,False
A-G1.045-C3,87151,1,1014.0,1,3.25,middle50,False
A-G1.045-C3,87151,1,1016.75,14,2.75,middle50,False
A-G1.045-C3,87151,1,1022.75,1,6.0,middle50,False
A-G1.045-C3,87151,1,1027.75,1,5.0,middle50,False
A-G1.045-C3,87151,1,1033.0,1,5.25,middle50,False
A-G1.045-C3,87151,1,1037.75,1,4.75,middle50,False
A-G1.045-C3,87151,1,1040.75,1,3.0,middle50,False
A-G1.045-C3,87151,1,1061.0,1,20.25,middle50,False
A-G1.045-C3,87151,1,1065.0,1,4.0,middle50,False
A-G1.045-C3,87151,1,1069.25,1,4.25,middle50,False
A-G1.045-C3,87151,1,1074.5,1,5.25,middle50,False
A-G1.045-C3,87151,1,1079.0,1,4.5,middle50,False
A-G1.045-C3,87151,1,1082.25,1,3.25,middle50,False
A-G1.045-C3,87151,1,1090.25,12,8.0,middle50,False
A-G1.045-C3,87151,1,1117.5,1,27.25,late25,False
A-G1.045-C3,87151,1,1120.0,1,2.5,late25,False
A-G1.045-C3,87151,1,1129.0,1,9.0,late25,False
A-G1.045-C3,87151,1,1131.25,1,2.25,late25,False
A-G1.045-C3,87151,1,1136.5,1,5.25,late25,False
A-G1.045-C3,87151,1,1141.25,1,4.75,late25,False
A-G1.045-C3,87151,1,1144.0,1,2.75,late25,False
A-G1.045-C3,87151,1,1152.5,1,8.5,late25,False
A-G1.045-C3,87151,1,1262.0,1,109.5,late25,False
A-G1.045-C3,87151,2,1281.5,2,19.5,early25,False
A-G1.045-C3,87151,2,1285.25,1,3.75,early25,False
A-G1.045-C3,87151,2,1286.75,1,1.5,early25,False
A-G1.045-C3,87151,2,1289.75,1,3.0,early25,False
A-G1.045-C3,87151,2,1298.0,3,8.25,early25,False
A-G1.045-C3,87151,2,1339.0,2,41.0,early25,False
A-G1.045-C3,87151,2,1343.5,3,4.5,early25,False
A-G1.045-C3,87151,2,1347.25,1,3.75,early25,False
A-G1.045-C3,87151,2,1348.75,2,1.5,early25,False
A-G1.045-C3,87151,2,1354.75,3,6.0,early25,False
A-G1.045-C3,87151,2,1365.5,2,10.75,early25,False
A-G1.045-C3,87151,2,1380.0,7,14.5,early25,False
A-G1.045-C3,87151,2,1395.5,1,15.5,early25,False
A-G1.045-C3,87151,2,1399.75,1,4.25,early25,False
A-G1.045-C3,87151,2,1404.25,1,4.5,early25,False
A-G1.045-C3,87151,2,1410.0,2,5.75,early25,False
A-G1.045-C3,87151,2,1415.0,2,5.0,early25,False
A-G1.045-C3,87151,2,1422.75,2,7.75,early25,False
A-G1.045-C3,87151,2,1446.75,16,24.0,early25,False
A-G1.045-C3,87151,2,1449.0,1,2.25,early25,False
A-G1.045-C3,87151,2,1453.25,1,4.25,early25,False
A-G1.045-C3,87151,2,1456.25,4,3.0,early25,False
A-G1.045-C3,87151,2,1460.0,4,3.75,early25,False
A-G1.045-C3,87151,2,1460.5,2,0.5,early25,False
A-G1.045-C3,87151,2,1462.0,1,1.5,early25,False
A-G1.045-C3,87151,2,1465.25,1,3.25,early25,False
A-G1.045-C3,87151,2,1468.25,1,3.0,early25,False
A-G1.045-C3,87151,2,1470.0,1,1.75,early25,False
A-G1.045-C3,87151,2,1473.25,1,3.25,early25,False
A-G1.045-C3,87151,2,1475.5,1,2.25,early25,False
A-G1.045-C3,87151,2,1479.0,1,3.5,early25,False
A-G1.045-C3,87151,2,1486.0,4,7.0,early25,False
A-G1.045-C3,87151,2,1626.0,1,140.0,middle50,False
A-G1.045-C3,87151,2,1633.0,2,7.0,middle50,False
A-G1.045-C3,87151,2,1639.0,1,6.0,middle50,False
A-G1.045-C3,87151,2,1642.0,1,3.0,middle50,False
A-G1.045-C3,87151,2,1645.0,1,3.0,middle50,False
A-G1.045-C3,87151,2,1649.25,1,4.25,middle50,False
A-G1.045-C3,87151,2,1678.5,1,29.25,middle50,False
A-G1.045-C3,87151,2,1685.5,1,7.0,middle50,False
A-G1.045-C3,87151,2,1690.0,2,4.5,middle50,False
A-G1.045-C3,87151,2,1694.25,2,4.25,middle50,False
A-G1.045-C3,87151,2,1703.75,2,9.5,middle50,False
A-G1.045-C3,87151,2,1707.0,1,3.25,middle50,False
A-G1.045-C3,87151,2,1715.5,1,8.5,middle50,False
A-G1.045-C3,87151,2,1721.5,4,6.0,middle50,False
A-G1.045-C3,87151,2,1732.0,1,10.5,middle50,False
A-G1.045-C3,87151,2,1735.75,1,3.75,middle50,False
A-G1.045-C3,87151,2,1739.5,1,3.75,middle50,False
A-G1.045-C3,87151,2,1742.25,1,2.75,middle50,False
A-G1.045-C3,87151,2,1746.5,1,4.25,middle50,False
A-G1.045-C3,87151,2,1750.75,1,4.25,middle50,False
A-G1.045-C3,87151,2,1754.0,1,3.25,middle50,False
A-G1.045-C3,87151,2,1758.0,11,4.0,middle50,False
A-G1.045-C3,87151,2,1787.5,1,29.5,middle50,False
A-G1.045-C3,87151,2,1794.25,1,6.75,middle50,False
A-G1.045-C3,87151,2,1799.25,1,5.0,middle50,False
A-G1.045-C3,87151,2,1805.5,1,6.25,middle50,False
A-G1.045-C3,87151,2,1806.5,2,1.0,middle50,False
A-G1.045-C3,87151,2,1811.75,1,5.25,middle50,False
A-G1.045-C3,87151,2,1817.25,1,5.5,middle50,False
A-G1.045-C3,87151,2,1826.25,2,9.0,middle50,False
A-G1.045-C3,87151,2,1954.0,1,127.75,middle50,False
A-G1.045-C3,87151,2,1961.75,1,7.75,middle50,False
A-G1.045-C3,87151,2,1966.5,2,4.75,middle50,False
A-G1.045-C3,87151,2,1973.5,1,7.0,middle50,False
A-G1.045-C3,87151,2,1976.25,1,2.75,middle50,False
A-G1.045-C3,87151,2,1981.0,1,4.75,middle50,False
A-G1.045-C3,87151,2,1985.0,1,4.0,middle50,False
A-G1.045-C3,87151,2,2009.75,1,24.75,late25,False
A-G1.045-C3,87151,2,2012.75,6,3.0,late25,False
A-G1.045-C3,87151,2,2013.5,2,0.75,late25,False
A-G1.045-C3,87151,2,2018.75,2,5.25,late25,False
A-G1.045-C3,87151,2,2019.25,1,0.5,late25,False
A-G1.045-C3,87151,2,2029.25,1,10.0,late25,False
A-G1.045-C3,87151,2,2031.25,1,2.0,late25,False
A-G1.045-C3,87151,2,2033.5,1,2.25,late25,False
A-G1.045-C3,87151,2,2037.25,1,3.75,late25,False
A-G1.045-C3,87151,2,2047.0,3,9.75,late25,False
A-G1.045-C3,87151,2,2060.5,1,13.5,late25,False
A-G1.045-C3,87151,2,2069.25,1,8.75,late25,False
A-G1.045-C3,87151,2,2073.5,1,4.25,late25,False
A-G1.045-C3,87151,2,2079.5,1,6.0,late25,False
A-G1.045-C3,87151,2,2083.25,5,3.75,late25,False
A-G1.045-C3,87151,2,2114.25,1,31.0,late25,False
A-G1.045-C3,87151,2,2122.0,1,7.75,late25,False
A-G1.045-C3,87151,2,2128.0,1,6.0,late25,False
A-G1.045-C3,87151,2,2132.0,1,4.0,late25,False
A-G1.045-C3,87151,2,2136.25,1,4.25,late25,False
A-G1.045-C3,87151,2,2141.25,1,5.0,late25,False
A-G1.045-C3,87151,2,2149.75,1,8.5,late25,False
A-G1.045-C3,87151,2,2155.25,2,5.5,late25,False
A-G1.045-C3,87151,2,2252.5,1,97.25,late25,False
A-G1.045-C3,87151,3,2269.75,2,17.25,early25,True
A-G1.045-C3,87151,3,2274.5,2,4.75,early25,True
A-G1.045-C3,87151,3,2277.5,1,3.0,early25,True
A-G1.045-C3,87151,3,2281.0,1,3.5,early25,True
A-G1.045-C3,87151,3,2288.75,2,7.75,early25,True
A-G1.045-C3,87151,3,2292.75,1,4.0,early25,True
A-G1.045-C3,87151,3,2299.0,1,6.25,early25,True
A-G1.045-C3,87151,3,2323.75,9,24.75,early25,True
A-G1.045-C3,87151,3,2325.5,1,1.75,early25,True
A-G1.045-C3,87151,3,2327.5,1,2.0,early25,True
A-G1.045-C3,87151,3,2331.0,1,3.5,early25,True
A-G1.045-C3,87151,3,2338.0,2,7.0,early25,True
A-G1.045-C3,87151,3,2344.25,1,6.25,early25,True
A-G1.045-C3,87151,3,2355.5,1,11.25,early25,True
A-G1.045-C3,87151,3,2372.5,1,17.0,early25,True
A-G1.045-C3,87151,3,2373.75,1,1.25,early25,True
A-G1.045-C3,87151,3,2379.25,1,5.5,early25,True
A-G1.045-C3,87151,3,2386.0,1,6.75,early25,True
A-G1.045-C3,87151,3,2392.75,1,6.75,early25,True
A-G1.045-C3,87151,3,2397.75,1,5.0,early25,True
A-G1.045-C3,87151,3,2429.5,2,31.75,early25,True
A-G1.045-C3,87151,3,2437.0,1,7.5,early25,True
A-G1.045-C3,87151,3,2442.5,2,5.5,early25,True
A-G1.045-C3,87151,3,2448.0,1,5.5,early25,True
A-G1.045-C3,87151,3,2453.25,2,5.25,early25,True
A-G1.045-C3,87151,3,2475.0,1,21.75,early25,True
A-G1.045-C3,87151,3,2479.5,2,4.5,early25,True
A-G1.045-C3,87151,3,2483.75,1,4.25,early25,True
A-G1.045-C3,87151,3,2497.0,2,13.25,early25,True
A-G1.045-C3,87151,3,2534.5,1,37.5,early25,True
A-G1.045-C3,87151,3,2539.75,2,5.25,early25,True
A-G1.045-C3,87151,3,2548.25,1,8.5,early25,True
A-G1.045-C3,87151,3,2553.5,1,5.25,early25,True
A-G1.045-C3,87151,3,2560.5,1,7.0,early25,True
A-G1.045-C3,87151,3,2568.75,2,8.25,early25,True
A-G1.045-C3,87151,3,2578.5,1,9.75,early25,True
A-G1.045-C3,87151,3,2584.75,1,6.25,early25,True
A-G1.045-C3,87151,3,2588.75,1,4.0,early25,True
A-G1.045-C3,87151,3,2592.25,1,3.5,middle50,True
A-G1.045-C3,87151,3,2599.5,1,7.25,middle50,True
A-G1.045-C3,87151,3,2603.0,6,3.5,middle50,True
A-G1.045-C3,87151,3,2607.0,1,4.0,middle50,True
A-G1.045-C3,87151,3,2635.25,1,28.25,middle50,True
A-G1.045-C3,87151,3,2641.75,1,6.5,middle50,True
A-G1.045-C3,87151,3,2644.75,1,3.0,middle50,True
A-G1.045-C3,87151,3,2650.25,1,5.5,middle50,True
A-G1.045-C3,87151,3,2656.0,1,5.75,middle50,True
A-G1.045-C3,87151,3,2663.25,1,7.25,middle50,True
A-G1.045-C3,87151,3,2679.0,4,15.75,middle50,True
A-G1.045-C3,87151,3,2691.5,1,12.5,middle50,True
A-G1.045-C3,87151,3,2697.75,1,6.25,middle50,True
A-G1.045-C3,87151,3,2703.75,1,6.0,middle50,True
A-G1.045-C3,87151,3,2709.75,1,6.0,middle50,True
A-G1.045-C3,87151,3,2716.5,1,6.75,middle50,True
A-G1.045-C3,87151,3,2744.75,1,28.25,middle50,True
A-G1.045-C3,87151,3,2747.5,1,2.75,middle50,True
A-G1.045-C3,87151,3,2756.0,6,8.5,middle50,True
A-G1.045-C3,87151,3,2761.5,1,5.5,middle50,True
A-G1.045-C3,87151,3,2769.5,1,8.0,middle50,True
A-G1.045-C3,87151,3,2797.5,1,28.0,middle50,True
A-G1.045-C3,87151,3,2803.5,1,6.0,middle50,True
A-G1.045-C3,87151,3,2809.25,1,5.75,middle50,True
A-G1.045-C3,87151,3,2819.0,1,9.75,middle50,True
A-G1.045-C3,87151,3,2848.0,1,29.0,middle50,True
A-G1.045-C3,87151,3,2856.0,1,8.0,middle50,True
A-G1.045-C3,87151,3,2862.0,1,6.0,middle50,True
A-G1.045-C3,87151,3,2871.75,1,9.75,middle50,True
A-G1.045-C3,87151,3,2884.0,1,12.25,middle50,True
A-G1.045-C3,87151,3,2891.25,3,7.25,middle50,True
A-G1.045-C3,87151,3,3032.0,1,140.75,middle50,True
A-G1.045-C3,87151,3,3037.75,1,5.75,middle50,True
A-G1.045-C3,87151,3,3056.0,1,18.25,middle50,True
A-G1.045-C3,87151,3,3100.5,1,44.5,middle50,True
A-G1.045-C3,87151,3,3110.25,1,9.75,middle50,True
A-G1.045-C3,87151,3,3122.75,1,12.5,middle50,True
A-G1.045-C3,87151,3,3133.0,1,10.25,middle50,True
A-G1.045-C3,87151,3,3138.5,1,5.5,middle50,True
A-G1.045-C3,87151,3,3159.75,1,21.25,middle50,True
A-G1.045-C3,87151,3,3189.75,1,30.0,middle50,True
A-G1.045-C3,87151,3,3201.25,1,11.5,middle50,True
A-G1.045-C3,87151,3,3208.25,1,7.0,middle50,True
A-G1.045-C3,87151,3,3215.25,1,7.0,middle50,True
A-G1.045-C3,87151,3,3224.0,1,8.75,middle50,True
A-G1.045-C3,87151,3,3371.5,1,147.5,late25,True
A-G1.045-C3,87151,3,3382.0,1,10.5,late25,True
A-G1.045-C3,87151,3,3389.5,1,7.5,late25,True
A-G1.045-C3,87151,3,3422.25,1,32.75,late25,True
A-G1.045-C3,87151,3,3429.0,1,6.75,late25,True
A-G1.045-C3,87151,3,3430.75,2,1.75,late25,True
A-G1.045-C3,87151,3,3433.75,1,3.0,late25,True
A-G1.045-C3,87151,3,3444.0,4,10.25,late25,True
A-G1.045-C3,87151,3,3450.75,1,6.75,late25,True
A-G1.045-C3,87151,3,3486.5,1,35.75,late25,True
A-G1.045-C3,87151,3,3496.0,1,9.5,late25,True
A-G1.045-C3,87151,3,3506.75,1,10.75,late25,True
A-G1.045-C3,87151,3,3539.25,1,32.5,late25,True
A-G1.045-C3,87151,3,3551.25,1,12.0,late25,True
A-G1.045-C3,87151,3,3560.25,1,9.0,late25,True
A-G1.045-C3,87151,3,3576.0,2,15.75,late25,True
A-G1.045-C3,95070,0,0.25,3,,early25,False
A-G1.045-C3,95070,0,15.0,1,14.75,early25,False
A-G1.045-C3,95070,0,27.25,2,12.25,early25,False
A-G1.045-C3,95070,0,35.25,1,8.0,early25,False
A-G1.045-C3,95070,0,48.5,2,13.25,early25,False
A-G1.045-C3,95070,0,63.75,1,15.25,early25,False
A-G1.045-C3,95070,0,89.5,1,25.75,early25,False
A-G1.045-C3,95070,0,97.0,1,7.5,early25,False
A-G1.045-C3,95070,0,105.25,15,8.25,early25,False
A-G1.045-C3,95070,0,290.0,1,184.75,middle50,False
A-G1.045-C3,95070,0,295.0,1,5.0,middle50,False
A-G1.045-C3,95070,0,299.5,1,4.5,middle50,False
A-G1.045-C3,95070,0,334.5,1,35.0,middle50,False
A-G1.045-C3,95070,0,340.5,1,6.0,middle50,False
A-G1.045-C3,95070,0,344.5,1,4.0,middle50,False
A-G1.045-C3,95070,0,350.75,1,6.25,middle50,False
A-G1.045-C3,95070,0,352.5,1,1.75,middle50,False
A-G1.045-C3,95070,0,356.0,1,3.5,middle50,False
A-G1.045-C3,95070,0,398.25,1,42.25,middle50,False
A-G1.045-C3,95070,0,411.5,1,13.25,middle50,False
A-G1.045-C3,95070,0,440.25,1,28.75,middle50,False
A-G1.045-C3,95070,0,448.5,1,8.25,late25,False
A-G1.045-C3,95070,0,456.25,1,7.75,late25,False
A-G1.045-C3,95070,0,458.25,1,2.0,late25,False
A-G1.045-C3,95070,0,462.0,1,3.75,late25,False
A-G1.045-C3,95070,0,467.25,1,5.25,late25,False
A-G1.045-C3,95070,0,477.25,1,10.0,late25,False
A-G1.045-C3,95070,1,616.25,1,139.0,early25,False
A-G1.045-C3,95070,1,619.25,2,3.0,early25,False
A-G1.045-C3,95070,1,624.0,1,4.75,early25,False
A-G1.045-C3,95070,1,626.5,1,2.5,early25,False
A-G1.045-C3,95070,1,629.0,1,2.5,early25,False
A-G1.045-C3,95070,1,634.25,1,5.25,early25,False
A-G1.045-C3,95070,1,640.0,2,5.75,early25,False
A-G1.045-C3,95070,1,645.75,1,5.75,early25,False
A-G1.045-C3,95070,1,676.5,2,30.75,early25,False
A-G1.045-C3,95070,1,682.25,2,5.75,early25,False
A-G1.045-C3,95070,1,686.25,1,4.0,early25,False
A-G1.045-C3,95070,1,691.5,2,5.25,early25,False
A-G1.045-C3,95070,1,696.25,22,4.75,early25,False
A-G1.045-C3,95070,1,698.75,1,2.5,early25,False
A-G1.045-C3,95070,1,724.5,1,25.75,early25,False
A-G1.045-C3,95070,1,725.75,1,1.25,early25,False
A-G1.045-C3,95070,1,735.5,1,9.75,early25,False
A-G1.045-C3,95070,1,750.5,1,15.0,early25,False
A-G1.045-C3,95070,1,755.0,1,4.5,early25,False
A-G1.045-C3,95070,1,781.5,1,26.5,early25,False
A-G1.045-C3,95070,1,782.25,1,0.75,early25,False
A-G1.045-C3,95070,1,785.75,1,3.5,early25,False
A-G1.045-C3,95070,1,789.0,1,3.25,early25,False
A-G1.045-C3,95070,1,792.0,1,3.0,early25,False
A-G1.045-C3,95070,1,796.5,2,4.5,early25,False
A-G1.045-C3,95070,1,803.25,1,6.75,early25,False
A-G1.045-C3,95070,1,805.75,1,2.5,early25,False
A-G1.045-C3,95070,1,813.0,2,7.25,early25,False
A-G1.045-C3,95070,1,967.0,1,154.0,middle50,False
A-G1.045-C3,95070,1,972.25,1,5.25,middle50,False
A-G1.045-C3,95070,1,975.0,1,2.75,middle50,False
A-G1.045-C3,95070,1,979.0,1,4.0,middle50,False
A-G1.045-C3,95070,1,989.5,1,10.5,middle50,False
A-G1.045-C3,95070,1,1022.25,1,32.75,middle50,False
A-G1.045-C3,95070,1,1025.0,1,2.75,middle50,False
A-G1.045-C3,95070,1,1031.25,1,6.25,middle50,False
A-G1.045-C3,95070,1,1035.5,1,4.25,middle50,False
A-G1.045-C3,95070,1,1037.75,1,2.25,middle50,False
A-G1.045-C3,95070,1,1042.75,1,5.0,middle50,False
A-G1.045-C3,95070,1,1045.5,1,2.75,middle50,False
A-G1.045-C3,95070,1,1054.75,1,9.25,middle50,False
A-G1.045-C3,95070,1,1078.0,2,23.25,middle50,False
A-G1.045-C3,95070,1,1084.75,1,6.75,middle50,False
A-G1.045-C3,95070,1,1096.0,2,11.25,middle50,False
A-G1.045-C3,95070,1,1131.25,1,35.25,middle50,False
A-G1.045-C3,95070,1,1137.0,1,5.75,middle50,False
A-G1.045-C3,95070,1,1142.0,1,5.0,middle50,False
A-G1.045-C3,95070,1,1144.0,1,2.0,middle50,False
A-G1.045-C3,95070,1,1146.75,1,2.75,middle50,False
A-G1.045-C3,95070,1,1151.5,1,4.75,middle50,False
A-G1.045-C3,95070,1,1154.0,1,2.5,middle50,False
A-G1.045-C3,95070,1,1158.0,1,4.0,middle50,False
A-G1.045-C3,95070,1,1300.0,1,142.0,middle50,False
A-G1.045-C3,95070,1,1306.0,2,6.0,middle50,False
A-G1.045-C3,95070,1,1313.25,1,7.25,middle50,False
A-G1.045-C3,95070,1,1317.25,1,4.0,middle50,False
A-G1.045-C3,95070,1,1320.5,1,3.25,middle50,False
A-G1.045-C3,95070,1,1325.5,1,5.0,middle50,False
A-G1.045-C3,95070,1,1351.5,1,26.0,middle50,False
A-G1.045-C3,95070,1,1354.25,1,2.75,middle50,False
A-G1.045-C3,95070,1,1357.5,1,3.25,middle50,False
A-G1.045-C3,95070,1,1361.25,1,3.75,middle50,False
A-G1.045-C3,95070,1,1363.75,1,2.5,late25,False
A-G1.045-C3,95070,1,1366.75,1,3.0,late25,False
A-G1.045-C3,95070,1,1373.0,13,6.25,late25,False
A-G1.045-C3,95070,1,1377.75,1,4.75,late25,False
A-G1.045-C3,95070,1,1380.0,11,2.25,late25,False
A-G1.045-C3,95070,1,1422.0,1,42.0,late25,False
A-G1.045-C3,95070,1,1428.75,1,6.75,late25,False
A-G1.045-C3,95070,1,1432.5,1,3.75,late25,False
A-G1.045-C3,95070,1,1437.0,1,4.5,late25,False
A-G1.045-C3,95070,1,1439.25,1,2.25,late25,False
A-G1.045-C3,95070,1,1468.75,1,29.5,late25,False
A-G1.045-C3,95070,1,1472.5,1,3.75,late25,False
A-G1.045-C3,95070,1,1474.75,1,2.25,late25,False
A-G1.045-C3,95070,1,1480.25,1,5.5,late25,False
A-G1.045-C3,95070,1,1482.5,1,2.25,late25,False
A-G1.045-C3,95070,1,1484.75,1,2.25,late25,False
A-G1.045-C3,95070,1,1491.0,1,6.25,late25,False
A-G1.045-C3,95070,1,1494.25,1,3.25,late25,False
A-G1.045-C3,95070,1,1497.0,1,2.75,late25,False
A-G1.045-C3,95070,1,1504.0,1,7.0,late25,False
A-G1.045-C3,95070,2,1621.5,1,117.5,early25,False
A-G1.045-C3,95070,2,1631.75,1,10.25,early25,False
A-G1.045-C3,95070,2,1634.25,1,2.5,early25,False
A-G1.045-C3,95070,2,1636.75,2,2.5,early25,False
A-G1.045-C3,95070,2,1638.5,1,1.75,early25,False
A-G1.045-C3,95070,2,1641.0,2,2.5,early25,False
A-G1.045-C3,95070,2,1642.75,1,1.75,early25,False
A-G1.045-C3,95070,2,1646.25,1,3.5,early25,False
A-G1.045-C3,95070,2,1649.25,1,3.0,early25,False
A-G1.045-C3,95070,2,1652.0,2,2.75,early25,False
A-G1.045-C3,95070,2,1654.75,1,2.75,early25,False
A-G1.045-C3,95070,2,1658.75,1,4.0,early25,False
A-G1.045-C3,95070,2,1662.25,2,3.5,early25,False
A-G1.045-C3,95070,2,1690.25,1,28.0,early25,False
A-G1.045-C3,95070,2,1695.25,2,5.0,early25,False
A-G1.045-C3,95070,2,1699.75,2,4.5,early25,False
A-G1.045-C3,95070,2,1704.75,2,5.0,early25,False
A-G1.045-C3,95070,2,1708.5,1,3.75,early25,False
A-G1.045-C3,95070,2,1712.75,18,4.25,early25,False
A-G1.045-C3,95070,2,1731.25,5,18.5,early25,False
A-G1.045-C3,95070,2,1871.25,1,140.0,early25,False
A-G1.045-C3,95070,2,1888.75,1,17.5,early25,False
A-G1.045-C3,95070,2,1892.25,3,3.5,early25,False
A-G1.045-C3,95070,2,1893.75,1,1.5,early25,False
A-G1.045-C3,95070,2,1925.0,1,31.25,middle50,False
A-G1.045-C3,95070,2,1929.5,2,4.5,middle50,False
A-G1.045-C3,95070,2,1934.0,2,4.5,middle50,False
A-G1.045-C3,95070,2,1938.5,1,4.5,middle50,False
A-G1.045-C3,95070,2,1943.0,2,4.5,middle50,False
A-G1.045-C3,95070,2,1947.25,2,4.25,middle50,False
A-G1.045-C3,95070,2,1954.25,2,7.0,middle50,False
A-G1.045-C3,95070,2,1977.5,1,23.25,middle50,False
A-G1.045-C3,95070,2,1983.5,2,6.0,middle50,False
A-G1.045-C3,95070,2,2000.25,2,16.75,middle50,False
A-G1.045-C3,95070,2,2003.5,1,3.25,middle50,False
A-G1.045-C3,95070,2,2031.75,1,28.25,middle50,False
A-G1.045-C3,95070,2,2036.5,1,4.75,middle50,False
A-G1.045-C3,95070,2,2041.0,2,4.5,middle50,False
A-G1.045-C3,95070,2,2048.25,1,7.25,middle50,False
A-G1.045-C3,95070,2,2052.75,2,4.5,middle50,False
A-G1.045-C3,95070,2,2057.0,2,4.25,middle50,False
A-G1.045-C3,95070,2,2061.25,1,4.25,middle50,False
A-G1.045-C3,95070,2,2074.0,4,12.75,middle50,False
A-G1.045-C3,95070,2,2203.75,1,129.75,middle50,False
A-G1.045-C3,95070,2,2205.5,3,1.75,middle50,False
A-G1.045-C3,95070,2,2207.0,3,1.5,middle50,False
A-G1.045-C3,95070,2,2208.75,3,1.75,middle50,False
A-G1.045-C3,95070,2,2214.5,1,5.75,middle50,False
A-G1.045-C3,95070,2,2219.0,2,4.5,middle50,False
A-G1.045-C3,95070,2,2252.0,1,33.0,middle50,False
A-G1.045-C3,95070,2,2256.5,1,4.5,middle50,False
A-G1.045-C3,95070,2,2260.75,2,4.25,middle50,False
A-G1.045-C3,95070,2,2265.0,1,4.25,middle50,False
A-G1.045-C3,95070,2,2267.75,1,2.75,middle50,False
A-G1.045-C3,95070,2,2268.5,2,0.75,middle50,False
A-G1.045-C3,95070,2,2269.25,2,0.75,middle50,False
A-G1.045-C3,95070,2,2273.5,1,4.25,middle50,False
A-G1.045-C3,95070,2,2280.25,2,6.75,middle50,False
A-G1.045-C3,95070,2,2293.0,3,12.75,middle50,False
A-G1.045-C3,95070,2,2303.75,1,10.75,middle50,False
A-G1.045-C3,95070,2,2306.75,1,3.0,middle50,False
A-G1.045-C3,95070,2,2310.5,1,3.75,middle50,False
A-G1.045-C3,95070,2,2312.0,1,1.5,middle50,False
A-G1.045-C3,95070,2,2315.75,1,3.75,middle50,False
A-G1.045-C3,95070,2,2321.25,1,5.5,middle50,False
A-G1.045-C3,95070,2,2322.25,2,1.0,middle50,False
A-G1.045-C3,95070,2,2327.0,1,4.75,middle50,False
A-G1.045-C3,95070,2,2330.25,1,3.25,middle50,False
A-G1.045-C3,95070,2,2359.25,1,29.0,middle50,False
A-G1.045-C3,95070,2,2365.25,1,6.0,middle50,False
A-G1.045-C3,95070,2,2367.75,1,2.5,middle50,False
A-G1.045-C3,95070,2,2373.5,2,5.75,middle50,False
A-G1.045-C3,95070,2,2379.75,1,6.25,middle50,False
A-G1.045-C3,95070,2,2383.5,1,3.75,middle50,False
A-G1.045-C3,95070,2,2385.75,1,2.25,middle50,False
A-G1.045-C3,95070,2,2404.25,5,18.5,middle50,False
A-G1.045-C3,95070,2,2531.5,1,127.25,late25,False
A-G1.045-C3,95070,2,2537.5,1,6.0,late25,False
A-G1.045-C3,95070,2,2539.75,1,2.25,late25,False
A-G1.045-C3,95070,2,2548.25,1,8.5,late25,False
A-G1.045-C3,95070,2,2551.5,1,3.25,late25,False
A-G1.045-C3,95070,2,2579.5,1,28.0,late25,False
A-G1.045-C3,95070,2,2581.75,1,2.25,late25,False
A-G1.045-C3,95070,2,2587.5,6,5.75,late25,False
A-G1.045-C3,95070,2,2592.75,1,5.25,late25,False
A-G1.045-C3,95070,2,2595.25,5,2.5,late25,False
A-G1.045-C3,95070,2,2598.0,1,2.75,late25,False
A-G1.045-C3,95070,2,2602.0,1,4.0,late25,False
A-G1.045-C3,95070,2,2606.75,1,4.75,late25,False
A-G1.045-C3,95070,2,2616.25,1,9.5,late25,False
A-G1.045-C3,95070,2,2648.25,1,32.0,late25,False
A-G1.045-C3,95070,2,2655.25,1,7.0,late25,False
A-G1.045-C3,95070,2,2662.0,1,6.75,late25,False
A-G1.045-C3,95070,2,2695.5,1,33.5,late25,False
A-G1.045-C3,95070,2,2699.25,1,3.75,late25,False
A-G1.045-C3,95070,2,2704.75,1,5.5,late25,False
A-G1.045-C3,95070,2,2710.75,1,6.0,late25,False
A-G1.045-C3,95070,2,2714.5,1,3.75,late25,False
A-G1.045-C3,95070,2,2725.25,1,10.75,late25,False
A-G1.045-C3,95070,2,2733.5,2,8.25,late25,False
A-G1.045-C3,95070,3,2856.0,1,122.5,early25,True
A-G1.045-C3,95070,3,2861.75,1,5.75,early25,True
A-G1.045-C3,95070,3,2865.75,2,4.0,early25,True
A-G1.045-C3,95070,3,2869.75,1,4.0,early25,True
A-G1.045-C3,95070,3,2873.75,1,4.0,early25,True
A-G1.045-C3,95070,3,2877.5,1,3.75,early25,True
A-G1.045-C3,95070,3,2881.25,1,3.75,early25,True
A-G1.045-C3,95070,3,2907.75,1,26.5,early25,True
A-G1.045-C3,95070,3,2911.5,1,3.75,early25,True
A-G1.045-C3,95070,3,2915.0,1,3.5,early25,True
A-G1.045-C3,95070,3,2917.75,1,2.75,early25,True
A-G1.045-C3,95070,3,2921.25,1,3.5,early25,True
A-G1.045-C3,95070,3,2925.25,10,4.0,early25,True
A-G1.045-C3,95070,3,2957.0,1,31.75,early25,True
A-G1.045-C3,95070,3,2963.0,1,6.0,early25,True
A-G1.045-C3,95070,3,2970.0,1,7.0,early25,True
A-G1.045-C3,95070,3,2974.0,1,4.0,early25,True
A-G1.045-C3,95070,3,2979.0,1,5.0,early25,True
A-G1.045-C3,95070,3,2983.5,1,4.5,early25,True
A-G1.045-C3,95070,3,3013.25,1,29.75,early25,True
A-G1.045-C3,95070,3,3016.5,1,3.25,early25,True
A-G1.045-C3,95070,3,3020.25,8,3.75,early25,True
A-G1.045-C3,95070,3,3037.0,1,16.75,middle50,True
A-G1.045-C3,95070,3,3057.5,5,20.5,middle50,True
A-G1.045-C3,95070,3,3073.75,1,16.25,middle50,True
A-G1.045-C3,95070,3,3076.25,1,2.5,middle50,True
A-G1.045-C3,95070,3,3091.75,2,15.5,middle50,True
A-G1.045-C3,95070,3,3137.0,2,45.25,middle50,True
A-G1.045-C3,95070,3,3142.0,1,5.0,middle50,True
A-G1.045-C3,95070,3,3147.25,1,5.25,middle50,True
A-G1.045-C3,95070,3,3152.25,1,5.0,middle50,True
A-G1.045-C3,95070,3,3172.25,1,20.0,middle50,True
A-G1.045-C3,95070,3,3179.5,1,7.25,middle50,True
A-G1.045-C3,95070,3,3187.0,1,7.5,middle50,True
A-G1.045-C3,95070,3,3193.25,6,6.25,middle50,True
A-G1.045-C3,95070,3,3231.5,1,38.25,middle50,True
A-G1.045-C3,95070,3,3240.0,1,8.5,middle50,True
A-G1.045-C3,95070,3,3242.75,1,2.75,middle50,True
A-G1.045-C3,95070,3,3248.25,1,5.5,middle50,True
A-G1.045-C3,95070,3,3261.0,1,12.75,middle50,True
A-G1.045-C3,95070,3,3286.25,1,25.25,middle50,True
A-G1.045-C3,95070,3,3293.0,1,6.75,middle50,True
A-G1.045-C3,95070,3,3303.0,1,10.0,middle50,True
A-G1.045-C3,95070,3,3335.75,1,32.75,middle50,True
A-G1.045-C3,95070,3,3341.0,1,5.25,middle50,True
A-G1.045-C3,95070,3,3351.5,1,10.5,middle50,True
A-G1.045-C3,95070,3,3356.5,1,5.0,middle50,True
A-G1.045-C3,95070,3,3361.25,1,4.75,middle50,True
A-G1.045-C3,95070,3,3371.25,1,10.0,middle50,True
A-G1.045-C3,95070,3,3379.0,3,7.75,middle50,True
A-G1.045-C3,95070,3,3522.0,2,143.0,late25,True
A-G1.045-C3,95070,3,3526.5,2,4.5,late25,True
A-G1.045-C3,95070,3,3532.5,1,6.0,late25,True
A-G1.045-C3,95070,3,3538.75,1,6.25,late25,True
A-G1.045-C3,95070,3,3545.5,1,6.75,late25,True
A-G1.045-C3,95070,3,3554.75,1,9.25,late25,True
A-G1.045-C3,95070,3,3582.0,1,27.25,late25,True
A-G1.045-C3,95070,3,3587.25,4,5.25,late25,True
A-G1.045-C3,95070,3,3596.0,1,8.75,late25,True
A-G1.045-C3,102989,0,0.25,3,,early25,False
A-G1.045-C3,102989,0,15.0,1,14.75,early25,False
A-G1.045-C3,102989,0,27.25,2,12.25,early25,False
A-G1.045-C3,102989,0,35.25,1,8.0,early25,False
A-G1.045-C3,102989,0,48.5,2,13.25,early25,False
A-G1.045-C3,102989,0,63.75,1,15.25,early25,False
A-G1.045-C3,102989,0,89.5,1,25.75,early25,False
A-G1.045-C3,102989,0,97.0,1,7.5,early25,False
A-G1.045-C3,102989,0,105.25,15,8.25,early25,False
A-G1.045-C3,102989,0,292.0,1,186.75,middle50,False
A-G1.045-C3,102989,0,299.5,1,7.5,middle50,False
A-G1.045-C3,102989,0,328.25,1,28.75,middle50,False
A-G1.045-C3,102989,0,332.5,1,4.25,middle50,False
A-G1.045-C3,102989,0,335.0,1,2.5,middle50,False
A-G1.045-C3,102989,0,339.75,1,4.75,middle50,False
A-G1.045-C3,102989,0,346.5,1,6.75,middle50,False
A-G1.045-C3,102989,0,350.5,1,4.0,middle50,False
A-G1.045-C3,102989,0,363.25,1,12.75,middle50,False
A-G1.045-C3,102989,0,388.25,1,25.0,middle50,False
A-G1.045-C3,102989,0,397.0,1,8.75,middle50,False
A-G1.045-C3,102989,0,401.5,1,4.5,middle50,False
A-G1.045-C3,102989,0,408.75,1,7.25,middle50,False
A-G1.045-C3,102989,0,411.75,1,3.0,middle50,False
A-G1.045-C3,102989,0,442.0,1,30.25,late25,False
A-G1.045-C3,102989,0,444.25,1,2.25,late25,False
A-G1.045-C3,102989,0,448.25,1,4.0,late25,False
A-G1.045-C3,102989,0,454.25,1,6.0,late25,False
A-G1.045-C3,102989,0,458.0,1,3.75,late25,False
A-G1.045-C3,102989,0,464.75,1,6.75,late25,False
A-G1.045-C3,102989,0,468.25,1,3.5,late25,False
A-G1.045-C3,102989,1,607.0,2,138.75,early25,False
A-G1.045-C3,102989,1,609.75,1,2.75,early25,False
A-G1.045-C3,102989,1,612.5,1,2.75,early25,False
A-G1.045-C3,102989,1,613.75,1,1.25,early25,False
A-G1.045-C3,102989,1,617.5,1,3.75,early25,False
A-G1.045-C3,102989,1,619.0,1,1.5,early25,False
A-G1.045-C3,102989,1,620.5,1,1.5,early25,False
A-G1.045-C3,102989,1,622.75,1,2.25,early25,False
A-G1.045-C3,102989,1,627.25,1,4.5,early25,False
A-G1.045-C3,102989,1,632.75,2,5.5,early25,False
A-G1.045-C3,102989,1,638.0,1,5.25,early25,False
A-G1.045-C3,102989,1,665.75,2,27.75,early25,False
A-G1.045-C3,102989,1,670.5,2,4.75,early25,False
A-G1.045-C3,102989,1,673.75,1,3.25,early25,False
A-G1.045-C3,102989,1,678.0,1,4.25,early25,False
A-G1.045-C3,102989,1,682.0,22,4.0,early25,False
A-G1.045-C3,102989,1,683.75,1,1.75,early25,False
A-G1.045-C3,102989,1,685.75,1,2.0,early25,False
A-G1.045-C3,102989,1,688.0,1,2.25,early25,False
A-G1.045-C3,102989,1,694.5,1,6.5,early25,False
A-G1.045-C3,102989,1,706.75,5,12.25,early25,False
A-G1.045-C3,102989,1,852.75,1,146.0,middle50,False
A-G1.045-C3,102989,1,855.5,1,2.75,middle50,False
A-G1.045-C3,102989,1,860.0,2,4.5,middle50,False
A-G1.045-C3,102989,1,864.5,1,4.5,middle50,False
A-G1.045-C3,102989,1,868.5,1,4.0,middle50,False
A-G1.045-C3,102989,1,872.75,2,4.25,middle50,False
A-G1.045-C3,102989,1,878.0,1,5.25,middle50,False
A-G1.045-C3,102989,1,882.5,1,4.5,middle50,False
A-G1.045-C3,102989,1,906.25,1,23.75,middle50,False
A-G1.045-C3,102989,1,909.5,1,3.25,middle50,False
A-G1.045-C3,102989,1,912.75,15,3.25,middle50,False
A-G1.045-C3,102989,1,917.5,1,4.75,middle50,False
A-G1.045-C3,102989,1,920.25,1,2.75,middle50,False
A-G1.045-C3,102989,1,928.5,1,8.25,middle50,False
A-G1.045-C3,102989,1,931.0,1,2.5,middle50,False
A-G1.045-C3,102989,1,934.25,1,3.25,middle50,False
A-G1.045-C3,102989,1,936.25,1,2.0,middle50,False
A-G1.045-C3,102989,1,939.0,1,2.75,middle50,False
A-G1.045-C3,102989,1,957.25,1,18.25,middle50,False
A-G1.045-C3,102989,1,960.5,1,3.25,middle50,False
A-G1.045-C3,102989,1,970.75,2,10.25,middle50,False
A-G1.045-C3,102989,1,974.25,1,3.5,middle50,False
A-G1.045-C3,102989,1,980.75,1,6.5,middle50,False
A-G1.045-C3,102989,1,984.0,1,3.25,middle50,False
A-G1.045-C3,102989,1,1013.0,1,29.0,middle50,False
A-G1.045-C3,102989,1,1016.0,1,3.0,middle50,False
A-G1.045-C3,102989,1,1021.0,1,5.0,late25,False
A-G1.045-C3,102989,1,1023.0,1,2.0,late25,False
A-G1.045-C3,102989,1,1029.5,1,6.5,late25,False
A-G1.045-C3,102989,1,1032.25,1,2.75,late25,False
A-G1.045-C3,102989,1,1036.75,1,4.5,late25,False
A-G1.045-C3,102989,1,1038.75,1,2.0,late25,False
A-G1.045-C3,102989,1,1041.25,1,2.5,late25,False
A-G1.045-C3,102989,2,1175.5,1,134.25,early25,False
A-G1.045-C3,102989,2,1177.75,2,2.25,early25,False
A-G1.045-C3,102989,2,1180.5,2,2.75,early25,False
A-G1.045-C3,102989,2,1184.5,2,4.0,early25,False
A-G1.045-C3,102989,2,1189.25,2,4.75,early25,False
A-G1.045-C3,102989,2,1193.25,2,4.0,early25,False
A-G1.045-C3,102989,2,1198.75,2,5.5,early25,False
A-G1.045-C3,102989,2,1204.75,2,6.0,early25,False
A-G1.045-C3,102989,2,1210.0,3,5.25,early25,False
A-G1.045-C3,102989,2,1234.25,2,24.25,early25,False
A-G1.045-C3,102989,2,1238.25,2,4.0,early25,False
A-G1.045-C3,102989,2,1242.75,23,4.5,early25,False
A-G1.045-C3,102989,2,1245.75,2,3.0,early25,False
A-G1.045-C3,102989,2,1249.5,1,3.75,early25,False
A-G1.045-C3,102989,2,1250.75,1,1.25,early25,False
A-G1.045-C3,102989,2,1251.75,1,1.0,early25,False
A-G1.045-C3,102989,2,1259.25,1,7.5,early25,False
A-G1.045-C3,102989,2,1262.0,2,2.75,early25,False
A-G1.045-C3,102989,2,1280.5,2,18.5,early25,False
A-G1.045-C3,102989,2,1285.25,1,4.75,early25,False
A-G1.045-C3,102989,2,1292.25,1,7.0,early25,False
A-G1.045-C3,102989,2,1295.0,1,2.75,early25,False
A-G1.045-C3,102989,2,1296.5,1,1.5,early25,False
A-G1.045-C3,102989,2,1300.25,2,3.75,early25,False
A-G1.045-C3,102989,2,1301.25,1,1.0,early25,False
A-G1.045-C3,102989,2,1306.5,1,5.25,early25,False
A-G1.045-C3,102989,2,1337.5,1,31.0,early25,False
A-G1.045-C3,102989,2,1341.5,2,4.0,early25,False
A-G1.045-C3,102989,2,1343.0,1,1.5,early25,False
A-G1.045-C3,102989,2,1348.25,2,5.25,early25,False
A-G1.045-C3,102989,2,1355.0,1,6.75,early25,False
A-G1.045-C3,102989,2,1357.75,1,2.75,early25,False
A-G1.045-C3,102989,2,1362.5,2,4.75,early25,False
A-G1.045-C3,102989,2,1373.25,1,10.75,early25,False
A-G1.045-C3,102989,2,1379.5,5,6.25,early25,False
A-G1.045-C3,102989,2,1527.75,2,148.25,middle50,False
A-G1.045-C3,102989,2,1530.5,1,2.75,middle50,False
A-G1.045-C3,102989,2,1533.5,1,3.0,middle50,False
A-G1.045-C3,102989,2,1537.0,1,3.5,middle50,False
A-G1.045-C3,102989,2,1541.0,1,4.0,middle50,False
A-G1.045-C3,102989,2,1544.75,1,3.75,middle50,False
A-G1.045-C3,102989,2,1547.25,1,2.5,middle50,False
A-G1.045-C3,102989,2,1550.5,1,3.25,middle50,False
A-G1.045-C3,102989,2,1574.25,12,23.75,middle50,False
A-G1.045-C3,102989,2,1577.75,2,3.5,middle50,False
A-G1.045-C3,102989,2,1593.5,2,15.75,middle50,False
A-G1.045-C3,102989,2,1598.25,2,4.75,middle50,False
A-G1.045-C3,102989,2,1603.5,1,5.25,middle50,False
A-G1.045-C3,102989,2,1606.0,1,2.5,middle50,False
A-G1.045-C3,102989,2,1631.0,1,25.0,middle50,False
A-G1.045-C3,102989,2,1634.75,1,3.75,middle50,False
A-G1.045-C3,102989,2,1637.75,1,3.0,middle50,False
A-G1.045-C3,102989,2,1642.25,2,4.5,middle50,False
A-G1.045-C3,102989,2,1646.0,1,3.75,middle50,False
A-G1.045-C3,102989,2,1655.0,2,9.0,middle50,False
A-G1.045-C3,102989,2,1660.0,1,5.0,middle50,False
A-G1.045-C3,102989,2,1692.75,1,32.75,middle50,False
A-G1.045-C3,102989,2,1696.0,1,3.25,middle50,False
A-G1.045-C3,102989,2,1699.25,2,3.25,middle50,False
A-G1.045-C3,102989,2,1703.0,1,3.75,middle50,False
A-G1.045-C3,102989,2,1709.75,2,6.75,middle50,False
A-G1.045-C3,102989,2,1711.75,1,2.0,middle50,False
A-G1.045-C3,102989,2,1716.75,2,5.0,middle50,False
A-G1.045-C3,102989,2,1722.75,1,6.0,middle50,False
A-G1.045-C3,102989,2,1845.75,1,123.0,middle50,False
A-G1.045-C3,102989,2,1849.0,1,3.25,middle50,False
A-G1.045-C3,102989,2,1854.25,1,5.25,middle50,False
A-G1.045-C3,102989,2,1857.5,1,3.25,middle50,False
A-G1.045-C3,102989,2,1859.0,1,1.5,middle50,False
A-G1.045-C3,102989,2,1863.75,2,4.75,middle50,False
A-G1.045-C3,102989,2,1869.0,1,5.25,middle50,False
A-G1.045-C3,102989,2,1874.0,1,5.0,middle50,False
A-G1.045-C3,102989,2,1876.75,1,2.75,middle50,False
A-G1.045-C3,102989,2,1901.5,1,24.75,late25,False
A-G1.045-C3,102989,2,1905.5,1,4.0,late25,False
A-G1.045-C3,102989,2,1908.0,1,2.5,late25,False
A-G1.045-C3,102989,2,1913.25,1,5.25,late25,False
A-G1.045-C3,102989,2,1915.0,1,1.75,late25,False
A-G1.045-C3,102989,2,1919.75,1,4.75,late25,False
A-G1.045-C3,102989,2,1921.75,7,2.0,late25,False
A-G1.045-C3,102989,2,1923.5,1,1.75,late25,False
A-G1.045-C3,102989,2,1928.0,7,4.5,late25,False
A-G1.045-C3,102989,2,1940.25,3,12.25,late25,False
A-G1.045-C3,102989,2,1958.75,1,18.5,late25,False
A-G1.045-C3,102989,2,1961.25,1,2.5,late25,False
A-G1.045-C3,102989,2,1968.25,1,7.0,late25,False
A-G1.045-C3,102989,2,1971.5,1,3.25,late25,False
A-G1.045-C3,102989,2,1975.25,1,3.75,late25,False
A-G1.045-C3,102989,2,1981.5,7,6.25,late25,False
A-G1.045-C3,102989,2,2006.75,1,25.25,late25,False
A-G1.045-C3,102989,2,2010.75,1,4.0,late25,False
A-G1.045-C3,102989,2,2015.5,1,4.75,late25,False
A-G1.045-C3,102989,2,2021.75,1,6.25,late25,False
A-G1.045-C3,102989,2,2026.0,1,4.25,late25,False
A-G1.045-C3,102989,2,2032.75,1,6.75,late25,False
A-G1.045-C3,102989,2,2037.75,1,5.0,late25,False
A-G1.045-C3,102989,2,2141.0,1,103.25,late25,False
A-G1.045-C3,102989,3,2160.0,2,19.0,early25,True
A-G1.045-C3,102989,3,2164.25,1,4.25,early25,True
A-G1.045-C3,102989,3,2169.0,2,4.75,early25,True
A-G1.045-C3,102989,3,2174.5,1,5.5,early25,True
A-G1.045-C3,102989,3,2179.75,1,5.25,early25,True
A-G1.045-C3,102989,3,2184.25,2,4.5,early25,True
A-G1.045-C3,102989,3,2188.25,1,4.0,early25,True
A-G1.045-C3,102989,3,2213.0,1,24.75,early25,True
A-G1.045-C3,102989,3,2217.5,12,4.5,early25,True
A-G1.045-C3,102989,3,2220.0,1,2.5,early25,True
A-G1.045-C3,102989,3,2242.75,1,22.75,early25,True
A-G1.045-C3,102989,3,2251.5,3,8.75,early25,True
A-G1.045-C3,102989,3,2261.5,1,10.0,early25,True
A-G1.045-C3,102989,3,2271.25,2,9.75,early25,True
A-G1.045-C3,102989,3,2287.25,1,16.0,early25,True
A-G1.045-C3,102989,3,2321.25,2,34.0,early25,True
A-G1.045-C3,102989,3,2329.5,1,8.25,early25,True
A-G1.045-C3,102989,3,2336.0,2,6.5,early25,True
A-G1.045-C3,102989,3,2341.5,1,5.5,early25,True
A-G1.045-C3,102989,3,2371.75,1,30.25,early25,True
A-G1.045-C3,102989,3,2375.75,1,4.0,early25,True
A-G1.045-C3,102989,3,2380.25,1,4.5,early25,True
A-G1.045-C3,102989,3,2396.0,1,15.75,early25,True
A-G1.045-C3,102989,3,2430.0,2,34.0,early25,True
A-G1.045-C3,102989,3,2435.25,1,5.25,early25,True
A-G1.045-C3,102989,3,2446.5,2,11.25,early25,True
A-G1.045-C3,102989,3,2452.0,1,5.5,early25,True
A-G1.045-C3,102989,3,2466.75,3,14.75,early25,True
A-G1.045-C3,102989,3,2475.75,1,9.0,early25,True
A-G1.045-C3,102989,3,2481.25,1,5.5,early25,True
A-G1.045-C3,102989,3,2488.25,1,7.0,early25,True
A-G1.045-C3,102989,3,2493.25,1,5.0,early25,True
A-G1.045-C3,102989,3,2495.75,6,2.5,early25,True
A-G1.045-C3,102989,3,2500.0,1,4.25,early25,True
A-G1.045-C3,102989,3,2505.25,1,5.25,early25,True
A-G1.045-C3,102989,3,2536.5,1,31.25,middle50,True
A-G1.045-C3,102989,3,2546.75,1,10.25,middle50,True
A-G1.045-C3,102989,3,2552.75,1,6.0,middle50,True
A-G1.045-C3,102989,3,2558.75,1,6.0,middle50,True
A-G1.045-C3,102989,3,2577.0,4,18.25,middle50,True
A-G1.045-C3,102989,3,2592.25,1,15.25,middle50,True
A-G1.045-C3,102989,3,2596.75,1,4.5,middle50,True
A-G1.045-C3,102989,3,2606.0,1,9.25,middle50,True
A-G1.045-C3,102989,3,2610.25,1,4.25,middle50,True
A-G1.045-C3,102989,3,2617.25,1,7.0,middle50,True
A-G1.045-C3,102989,3,2645.25,6,28.0,middle50,True
A-G1.045-C3,102989,3,2646.25,1,1.0,middle50,True
A-G1.045-C3,102989,3,2648.5,3,2.25,middle50,True
A-G1.045-C3,102989,3,2655.0,3,6.5,middle50,True
A-G1.045-C3,102989,3,2657.25,3,2.25,middle50,True
A-G1.045-C3,102989,3,2659.75,1,2.5,middle50,True
A-G1.045-C3,102989,3,2669.5,1,9.75,middle50,True
A-G1.045-C3,102989,3,2674.0,1,4.5,middle50,True
A-G1.045-C3,102989,3,2699.0,1,25.0,middle50,True
A-G1.045-C3,102989,3,2705.75,2,6.75,middle50,True
A-G1.045-C3,102989,3,2709.75,1,4.0,middle50,True
A-G1.045-C3,102989,3,2715.0,3,5.25,middle50,True
A-G1.045-C3,102989,3,2755.5,1,40.5,middle50,True
A-G1.045-C3,102989,3,2762.25,1,6.75,middle50,True
A-G1.045-C3,102989,3,2779.5,1,17.25,middle50,True
A-G1.045-C3,102989,3,2789.25,2,9.75,middle50,True
A-G1.045-C3,102989,3,2927.25,3,138.0,middle50,True
A-G1.045-C3,102989,3,2940.25,1,13.0,middle50,True
A-G1.045-C3,102989,3,2943.0,1,2.75,middle50,True
A-G1.045-C3,102989,3,2982.5,1,39.5,middle50,True
A-G1.045-C3,102989,3,2986.25,1,3.75,middle50,True
A-G1.045-C3,102989,3,2987.75,1,1.5,middle50,True
A-G1.045-C3,102989,3,2991.5,1,3.75,middle50,True
A-G1.045-C3,102989,3,2997.5,1,6.0,middle50,True
A-G1.045-C3,102989,3,3006.25,1,8.75,middle50,True
A-G1.045-C3,102989,3,3034.25,1,28.0,middle50,True
A-G1.045-C3,102989,3,3043.25,1,9.0,middle50,True
A-G1.045-C3,102989,3,3053.0,4,9.75,middle50,True
A-G1.045-C3,102989,3,3095.25,1,42.25,middle50,True
A-G1.045-C3,102989,3,3104.0,1,8.75,middle50,True
A-G1.045-C3,102989,3,3112.75,1,8.75,middle50,True
A-G1.045-C3,102989,3,3270.0,1,157.25,late25,True
A-G1.045-C3,102989,3,3282.5,1,12.5,late25,True
A-G1.045-C3,102989,3,3315.25,1,32.75,late25,True
A-G1.045-C3,102989,3,3322.0,2,6.75,late25,True
A-G1.045-C3,102989,3,3326.75,1,4.75,late25,True
A-G1.045-C3,102989,3,3337.25,1,10.5,late25,True
A-G1.045-C3,102989,3,3365.25,1,28.0,late25,True
A-G1.045-C3,102989,3,3380.75,1,15.5,late25,True
A-G1.045-C3,102989,3,3425.5,1,44.75,late25,True
A-G1.045-C3,102989,3,3433.5,1,8.0,late25,True
A-G1.045-C3,102989,3,3442.5,1,9.0,late25,True
A-G1.045-C3,102989,3,3458.0,2,15.5,late25,True
A-G1.045-C3,102989,3,3592.25,1,134.25,late25,True
A-G1.045-C3,102989,3,3597.75,2,5.5,late25,True
A-G1.045-C3,110908,0,0.25,3,,early25,False
A-G1.045-C3,110908,0,8.25,1,8.0,early25,False
A-G1.045-C3,110908,0,17.25,1,9.0,early25,False
A-G1.045-C3,110908,0,27.5,1,10.25,early25,False
A-G1.045-C3,110908,0,31.25,1,3.75,early25,False
A-G1.045-C3,110908,0,51.25,1,20.0,early25,False
A-G1.045-C3,110908,0,91.0,1,39.75,early25,False
A-G1.045-C3,110908,0,108.75,1,17.75,early25,False
A-G1.045-C3,110908,0,124.0,1,15.25,early25,False
A-G1.045-C3,110908,0,177.75,1,53.75,early25,False
A-G1.045-C3,110908,0,220.25,1,42.5,middle50,False
A-G1.045-C3,110908,0,224.25,1,4.0,middle50,False
A-G1.045-C3,110908,0,231.25,1,7.0,middle50,False
A-G1.045-C3,110908,0,240.0,1,8.75,middle50,False
A-G1.045-C3,110908,0,290.25,1,50.25,middle50,False
A-G1.045-C3,110908,0,297.75,1,7.5,middle50,False
A-G1.045-C3,110908,0,333.25,1,35.5,middle50,False
A-G1.045-C3,110908,0,336.75,1,3.5,middle50,False
A-G1.045-C3,110908,0,343.75,1,7.0,middle50,False
A-G1.045-C3,110908,0,346.5,1,2.75,middle50,False
A-G1.045-C3,110908,0,351.25,1,4.75,middle50,False
A-G1.045-C3,110908,0,358.5,1,7.25,middle50,False
A-G1.045-C3,110908,0,519.75,1,161.25,middle50,False
A-G1.045-C3,110908,0,527.5,1,7.75,middle50,False
A-G1.045-C3,110908,0,537.75,1,10.25,middle50,False
A-G1.045-C3,110908,0,546.25,1,8.5,middle50,False
A-G1.045-C3,110908,0,552.5,1,6.25,middle50,False
A-G1.045-C3,110908,0,578.5,1,26.0,middle50,False
A-G1.045-C3,110908,0,585.25,2,6.75,middle50,False
A-G1.045-C3,110908,0,594.25,1,9.0,middle50,False
A-G1.045-C3,110908,0,600.25,12,6.0,middle50,False
A-G1.045-C3,110908,0,604.25,1,4.0,middle50,False
A-G1.045-C3,110908,0,633.5,1,29.25,late25,False
A-G1.045-C3,110908,0,653.25,1,19.75,late25,False
A-G1.045-C3,110908,0,683.25,1,30.0,late25,False
A-G1.045-C3,110908,0,686.25,1,3.0,late25,False
A-G1.045-C3,110908,0,692.75,1,6.5,late25,False
A-G1.045-C3,110908,0,696.75,1,4.0,late25,False
A-G1.045-C3,110908,0,703.75,1,7.0,late25,False
A-G1.045-C3,110908,0,707.75,1,4.0,late25,False
A-G1.045-C3,110908,0,719.25,1,11.5,late25,False
A-G1.045-C3,110908,1,837.0,2,117.75,early25,False
A-G1.045-C3,110908,1,851.5,1,14.5,early25,False
A-G1.045-C3,110908,1,853.75,1,2.25,early25,False
A-G1.045-C3,110908,1,859.5,1,5.75,early25,False
A-G1.045-C3,110908,1,865.5,1,6.0,early25,False
A-G1.045-C3,110908,1,869.75,2,4.25,early25,False
A-G1.045-C3,110908,1,877.0,2,7.25,early25,False
A-G1.045-C3,110908,1,883.5,2,6.5,early25,False
A-G1.045-C3,110908,1,908.5,1,25.0,early25,False
A-G1.045-C3,110908,1,912.5,2,4.0,early25,False
A-G1.045-C3,110908,1,918.0,10,5.5,early25,False
A-G1.045-C3,110908,1,927.25,1,9.25,early25,False
A-G1.045-C3,110908,1,933.25,2,6.0,early25,False
A-G1.045-C3,110908,1,934.5,1,1.25,early25,False
A-G1.045-C3,110908,1,941.5,2,7.0,early25,False
A-G1.045-C3,110908,1,949.25,5,7.75,early25,False
A-G1.045-C3,110908,1,967.25,2,18.0,early25,False
A-G1.045-C3,110908,1,976.75,2,9.5,early25,False
A-G1.045-C3,110908,1,984.75,1,8.0,early25,False
A-G1.045-C3,110908,1,989.25,1,4.5,early25,False
A-G1.045-C3,110908,1,994.75,1,5.5,middle50,False
A-G1.045-C3,110908,1,1022.5,2,27.75,middle50,False
A-G1.045-C3,110908,1,1028.75,2,6.25,middle50,False
A-G1.045-C3,110908,1,1032.0,1,3.25,middle50,False
A-G1.045-C3,110908,1,1036.75,1,4.75,middle50,False
A-G1.045-C3,110908,1,1042.0,14,5.25,middle50,False
A-G1.045-C3,110908,1,1049.25,1,7.25,middle50,False
A-G1.045-C3,110908,1,1051.25,3,2.0,middle50,False
A-G1.045-C3,110908,1,1183.25,1,132.0,middle50,False
A-G1.045-C3,110908,1,1189.25,3,6.0,middle50,False
A-G1.045-C3,110908,1,1191.25,4,2.0,middle50,False
A-G1.045-C3,110908,1,1193.25,3,2.0,middle50,False
A-G1.045-C3,110908,1,1196.0,1,2.75,middle50,False
A-G1.045-C3,110908,1,1209.25,1,13.25,middle50,False
A-G1.045-C3,110908,1,1240.5,1,31.25,middle50,False
A-G1.045-C3,110908,1,1246.0,1,5.5,middle50,False
A-G1.045-C3,110908,1,1249.75,1,3.75,middle50,False
A-G1.045-C3,110908,1,1251.75,1,2.0,middle50,False
A-G1.045-C3,110908,1,1255.5,1,3.75,middle50,False
A-G1.045-C3,110908,1,1257.25,1,1.75,middle50,False
A-G1.045-C3,110908,1,1261.0,1,3.75,middle50,False
A-G1.045-C3,110908,1,1266.25,1,5.25,middle50,False
A-G1.045-C3,110908,1,1290.0,1,23.75,middle50,False
A-G1.045-C3,110908,1,1295.75,1,5.75,middle50,False
A-G1.045-C3,110908,1,1300.0,1,4.25,middle50,False
A-G1.045-C3,110908,1,1304.0,1,4.0,middle50,False
A-G1.045-C3,110908,1,1309.5,1,5.5,middle50,False
A-G1.045-C3,110908,1,1315.0,1,5.5,middle50,False
A-G1.045-C3,110908,1,1317.75,1,2.75,middle50,False
A-G1.045-C3,110908,1,1347.5,1,29.75,late25,False
A-G1.045-C3,110908,1,1353.25,1,5.75,late25,False
A-G1.045-C3,110908,1,1357.5,1,4.25,late25,False
A-G1.045-C3,110908,1,1364.25,1,6.75,late25,False
A-G1.045-C3,110908,1,1367.5,1,3.25,late25,False
A-G1.045-C3,110908,1,1369.25,1,1.75,late25,False
A-G1.045-C3,110908,1,1373.0,1,3.75,late25,False
A-G1.045-C3,110908,1,1378.0,1,5.0,late25,False
A-G1.045-C3,110908,1,1486.75,1,108.75,late25,False
A-G1.045-C3,110908,2,1504.0,1,17.25,early25,False
A-G1.045-C3,110908,2,1506.5,2,2.5,early25,False
A-G1.045-C3,110908,2,1509.0,2,2.5,early25,False
A-G1.045-C3,110908,2,1512.0,2,3.0,early25,False
A-G1.045-C3,110908,2,1516.0,2,4.0,early25,False
A-G1.045-C3,110908,2,1519.25,1,3.25,early25,False
A-G1.045-C3,110908,2,1520.25,1,1.0,early25,False
A-G1.045-C3,110908,2,1530.25,2,10.0,early25,False
A-G1.045-C3,110908,2,1562.0,2,31.75,early25,False
A-G1.045-C3,110908,2,1568.25,2,6.25,early25,False
A-G1.045-C3,110908,2,1569.5,2,1.25,early25,False
A-G1.045-C3,110908,2,1574.25,1,4.75,early25,False
A-G1.045-C3,110908,2,1580.25,3,6.0,early25,False
A-G1.045-C3,110908,2,1581.75,1,1.5,early25,False
A-G1.045-C3,110908,2,1583.75,2,2.0,early25,False
A-G1.045-C3,110908,2,1585.25,1,1.5,early25,False
A-G1.045-C3,110908,2,1595.25,3,10.0,early25,False
A-G1.045-C3,110908,2,1601.75,6,6.5,early25,False
A-G1.045-C3,110908,2,1612.75,1,11.0,early25,False
A-G1.045-C3,110908,2,1616.25,1,3.5,early25,False
A-G1.045-C3,110908,2,1620.0,2,3.75,early25,False
A-G1.045-C3,110908,2,1624.5,1,4.5,early25,False
A-G1.045-C3,110908,2,1628.5,2,4.0,early25,False
A-G1.045-C3,110908,2,1631.25,1,2.75,early25,False
A-G1.045-C3,110908,2,1635.0,1,3.75,early25,False
A-G1.045-C3,110908,2,1638.25,15,3.25,early25,False
A-G1.045-C3,110908,2,1639.5,1,1.25,early25,False
A-G1.045-C3,110908,2,1673.0,1,33.5,middle50,False
A-G1.045-C3,110908,2,1674.25,1,1.25,middle50,False
A-G1.045-C3,110908,2,1677.0,1,2.75,middle50,False
A-G1.045-C3,110908,2,1678.25,1,1.25,middle50,False
A-G1.045-C3,110908,2,1683.25,1,5.0,middle50,False
A-G1.045-C3,110908,2,1688.0,1,4.75,middle50,False
A-G1.045-C3,110908,2,1689.75,1,1.75,middle50,False
A-G1.045-C3,110908,2,1696.5,1,6.75,middle50,False
A-G1.045-C3,110908,2,1698.25,1,1.75,middle50,False
A-G1.045-C3,110908,2,1699.5,1,1.25,middle50,False
A-G1.045-C3,110908,2,1706.0,1,6.5,middle50,False
A-G1.045-C3,110908,2,1850.25,1,144.25,middle50,False
A-G1.045-C3,110908,2,1854.25,1,4.0,middle50,False
A-G1.045-C3,110908,2,1859.75,1,5.5,middle50,False
A-G1.045-C3,110908,2,1860.75,1,1.0,middle50,False
A-G1.045-C3,110908,2,1865.75,1,5.0,middle50,False
A-G1.045-C3,110908,2,1869.25,1,3.5,middle50,False
A-G1.045-C3,110908,2,1873.25,1,4.0,middle50,False
A-G1.045-C3,110908,2,1877.25,2,4.0,middle50,False
A-G1.045-C3,110908,2,1903.25,1,26.0,middle50,False
A-G1.045-C3,110908,2,1905.75,1,2.5,middle50,False
A-G1.045-C3,110908,2,1909.0,1,3.25,middle50,False
A-G1.045-C3,110908,2,1911.75,1,2.75,middle50,False
A-G1.045-C3,110908,2,1916.25,1,4.5,middle50,False
A-G1.045-C3,110908,2,1918.75,11,2.5,middle50,False
A-G1.045-C3,110908,2,1921.0,1,2.25,middle50,False
A-G1.045-C3,110908,2,1924.5,1,3.5,middle50,False
A-G1.045-C3,110908,2,1928.0,2,3.5,middle50,False
A-G1.045-C3,110908,2,1930.75,1,2.75,middle50,False
A-G1.045-C3,110908,2,1933.75,11,3.0,middle50,False
A-G1.045-C3,110908,2,1945.75,3,12.0,middle50,False
A-G1.045-C3,110908,2,1969.75,1,24.0,middle50,False
A-G1.045-C3,110908,2,1972.5,1,2.75,middle50,False
A-G1.045-C3,110908,2,1978.75,1,6.25,middle50,False
A-G1.045-C3,110908,2,1981.75,1,3.0,middle50,False
A-G1.045-C3,110908,2,1984.0,1,2.25,late25,False
A-G1.045-C3,110908,2,2011.5,9,27.5,late25,False
A-G1.045-C3,110908,2,2016.5,1,5.0,late25,False
A-G1.045-C3,110908,2,2028.5,1,12.0,late25,False
A-G1.045-C3,110908,2,2032.75,1,4.25,late25,False
A-G1.045-C3,110908,2,2037.25,1,4.5,late25,False
A-G1.045-C3,110908,2,2038.25,2,1.0,late25,False
A-G1.045-C3,110908,2,2039.25,2,1.0,late25,False
A-G1.045-C3,110908,2,2041.5,2,2.25,late25,False
A-G1.045-C3,110908,3,2162.0,4,120.5,early25,True
A-G1.045-C3,110908,3,2163.25,1,1.25,early25,True
A-G1.045-C3,110908,3,2168.5,2,5.25,early25,True
A-G1.045-C3,110908,3,2173.5,3,5.0,early25,True
A-G1.045-C3,110908,3,2178.0,1,4.5,early25,True
A-G1.045-C3,110908,3,2183.0,2,5.0,early25,True
A-G1.045-C3,110908,3,2189.0,1,6.0,early25,True
A-G1.045-C3,110908,3,2194.5,2,5.5,early25,True
A-G1.045-C3,110908,3,2221.0,2,26.5,early25,True
A-G1.045-C3,110908,3,2225.0,1,4.0,early25,True
A-G1.045-C3,110908,3,2228.25,1,3.25,early25,True
A-G1.045-C3,110908,3,2232.75,16,4.5,early25,True
A-G1.045-C3,110908,3,2236.5,2,3.75,early25,True
A-G1.045-C3,110908,3,2239.75,1,3.25,early25,True
A-G1.045-C3,110908,3,2245.5,1,5.75,early25,True
A-G1.045-C3,110908,3,2249.5,1,4.0,early25,True
A-G1.045-C3,110908,3,2252.0,1,2.5,early25,True
A-G1.045-C3,110908,3,2274.75,1,22.75,early25,True
A-G1.045-C3,110908,3,2281.75,2,7.0,early25,True
A-G1.045-C3,110908,3,2332.75,2,51.0,early25,True
A-G1.045-C3,110908,3,2341.5,2,8.75,early25,True
A-G1.045-C3,110908,3,2347.25,2,5.75,early25,True
A-G1.045-C3,110908,3,2359.75,2,12.5,early25,True
A-G1.045-C3,110908,3,2377.5,1,17.75,early25,True
A-G1.045-C3,110908,3,2381.0,1,3.5,early25,True
A-G1.045-C3,110908,3,2385.75,1,4.75,early25,True
A-G1.045-C3,110908,3,2390.0,1,4.25,early25,True
A-G1.045-C3,110908,3,2396.5,1,6.5,early25,True
A-G1.045-C3,110908,3,2400.0,8,3.5,early25,True
A-G1.045-C3,110908,3,2431.0,1,31.0,early25,True
A-G1.045-C3,110908,3,2435.5,1,4.5,early25,True
A-G1.045-C3,110908,3,2440.0,1,4.5,early25,True
A-G1.045-C3,110908,3,2441.25,1,1.25,early25,True
A-G1.045-C3,110908,3,2451.5,1,10.25,early25,True
A-G1.045-C3,110908,3,2453.25,1,1.75,early25,True
A-G1.045-C3,110908,3,2458.75,1,5.5,early25,True
A-G1.045-C3,110908,3,2486.25,1,27.5,early25,True
A-G1.045-C3,110908,3,2490.25,1,4.0,early25,True
A-G1.045-C3,110908,3,2507.5,1,17.25,early25,True
A-G1.045-C3,110908,3,2535.75,1,28.25,middle50,True
A-G1.045-C3,110908,3,2545.75,1,10.0,middle50,True
A-G1.045-C3,110908,3,2553.0,1,7.25,middle50,True
A-G1.045-C3,110908,3,2559.25,1,6.25,middle50,True
A-G1.045-C3,110908,3,2569.5,1,10.25,middle50,True
A-G1.045-C3,110908,3,2578.0,5,8.5,middle50,True
A-G1.045-C3,110908,3,2587.25,1,9.25,middle50,True
A-G1.045-C3,110908,3,2593.5,1,6.25,middle50,True
A-G1.045-C3,110908,3,2601.0,1,7.5,middle50,True
A-G1.045-C3,110908,3,2606.5,1,5.5,middle50,True
A-G1.045-C3,110908,3,2609.5,5,3.0,middle50,True
A-G1.045-C3,110908,3,2615.0,4,5.5,middle50,True
A-G1.045-C3,110908,3,2642.25,1,27.25,middle50,True
A-G1.045-C3,110908,3,2657.5,4,15.25,middle50,True
A-G1.045-C3,110908,3,2662.75,1,5.25,middle50,True
A-G1.045-C3,110908,3,2667.75,1,5.0,middle50,True
A-G1.045-C3,110908,3,2680.5,1,12.75,middle50,True
A-G1.045-C3,110908,3,2706.0,1,25.5,middle50,True
A-G1.045-C3,110908,3,2711.25,1,5.25,middle50,True
A-G1.045-C3,110908,3,2715.25,1,4.0,middle50,True
A-G1.045-C3,110908,3,2723.25,1,8.0,middle50,True
A-G1.045-C3,110908,3,2729.0,1,5.75,middle50,True
A-G1.045-C3,110908,3,2757.5,2,28.5,middle50,True
A-G1.045-C3,110908,3,2763.0,1,5.5,middle50,True
A-G1.045-C3,110908,3,2765.75,1,2.75,middle50,True
A-G1.045-C3,110908,3,2780.25,1,14.5,middle50,True
A-G1.045-C3,110908,3,2784.25,1,4.0,middle50,True
A-G1.045-C3,110908,3,2794.0,1,9.75,middle50,True
A-G1.045-C3,110908,3,2810.75,1,16.75,middle50,True
A-G1.045-C3,110908,3,2824.25,1,13.5,middle50,True
A-G1.045-C3,110908,3,2829.0,1,4.75,middle50,True
A-G1.045-C3,110908,3,2870.75,1,41.75,middle50,True
A-G1.045-C3,110908,3,2875.5,1,4.75,middle50,True
A-G1.045-C3,110908,3,2886.75,1,11.25,middle50,True
A-G1.045-C3,110908,3,2891.0,1,4.25,middle50,True
A-G1.045-C3,110908,3,2913.75,1,22.75,middle50,True
A-G1.045-C3,110908,3,2921.5,1,7.75,middle50,True
A-G1.045-C3,110908,3,2927.75,1,6.25,middle50,True
A-G1.045-C3,110908,3,2935.0,5,7.25,middle50,True
A-G1.045-C3,110908,3,2967.75,1,32.75,middle50,True
A-G1.045-C3,110908,3,2978.75,1,11.0,middle50,True
A-G1.045-C3,110908,3,2989.0,1,10.25,middle50,True
A-G1.045-C3,110908,3,2996.75,1,7.75,middle50,True
A-G1.045-C3,110908,3,3153.0,1,156.25,middle50,True
A-G1.045-C3,110908,3,3158.75,1,5.75,middle50,True
A-G1.045-C3,110908,3,3165.25,1,6.5,middle50,True
A-G1.045-C3,110908,3,3172.75,1,7.5,middle50,True
A-G1.045-C3,110908,3,3204.0,1,31.25,middle50,True
A-G1.045-C3,110908,3,3207.5,4,3.5,middle50,True
A-G1.045-C3,110908,3,3217.75,1,10.25,middle50,True
A-G1.045-C3,110908,3,3253.25,1,35.5,late25,True
A-G1.045-C3,110908,3,3261.25,1,8.0,late25,True
A-G1.045-C3,110908,3,3307.75,1,46.5,late25,True
A-G1.045-C3,110908,3,3323.5,1,15.75,late25,True
A-G1.045-C3,110908,3,3330.75,1,7.25,late25,True
A-G1.045-C3,110908,3,3344.25,1,13.5,late25,True
A-G1.045-C3,110908,3,3351.25,2,7.0,late25,True
A-G1.045-C3,110908,3,3494.75,1,143.5,late25,True
A-G1.045-C3,110908,3,3506.75,1,12.0,late25,True
A-G1.045-C3,110908,3,3518.5,1,11.75,late25,True
A-G1.045-C3,110908,3,3547.0,4,28.5,late25,True
A-G1.045-C3,110908,3,3557.5,1,10.5,late25,True
A-G1.045-C3,110908,3,3571.0,1,13.5,late25,True
A-G1.045-C3,110908,3,3597.5,1,26.5,late25,True
A-G1.045-C3,118827,0,0.25,3,,early25,False
A-G1.045-C3,118827,0,8.5,1,8.25,early25,False
A-G1.045-C3,118827,0,18.0,1,9.5,early25,False
A-G1.045-C3,118827,0,47.75,1,29.75,early25,False
A-G1.045-C3,118827,0,56.25,1,8.5,early25,False
A-G1.045-C3,118827,0,64.0,1,7.75,early25,False
A-G1.045-C3,118827,0,97.75,1,33.75,early25,False
A-G1.045-C3,118827,0,104.0,1,6.25,early25,False
A-G1.045-C3,118827,0,109.25,1,5.25,early25,False
A-G1.045-C3,118827,0,155.0,1,45.75,early25,False
A-G1.045-C3,118827,0,170.25,1,15.25,early25,False
A-G1.045-C3,118827,0,174.5,1,4.25,early25,False
A-G1.045-C3,118827,0,180.0,1,5.5,early25,False
A-G1.045-C3,118827,0,215.25,1,35.25,middle50,False
A-G1.045-C3,118827,0,219.25,1,4.0,middle50,False
A-G1.045-C3,118827,0,222.25,1,3.0,middle50,False
A-G1.045-C3,118827,0,228.5,1,6.25,middle50,False
A-G1.045-C3,118827,0,233.75,1,5.25,middle50,False
A-G1.045-C3,118827,0,271.5,1,37.75,middle50,False
A-G1.045-C3,118827,0,274.0,1,2.5,middle50,False
A-G1.045-C3,118827,0,280.25,1,6.25,middle50,False
A-G1.045-C3,118827,0,288.75,1,8.5,middle50,False
A-G1.045-C3,118827,0,296.75,1,8.0,middle50,False
A-G1.045-C3,118827,0,324.25,1,27.5,middle50,False
A-G1.045-C3,118827,0,328.5,1,4.25,middle50,False
A-G1.045-C3,118827,0,333.75,1,5.25,middle50,False
A-G1.045-C3,118827,0,339.5,1,5.75,middle50,False
A-G1.045-C3,118827,0,341.75,1,2.25,middle50,False
A-G1.045-C3,118827,0,352.25,1,10.5,middle50,False
A-G1.045-C3,118827,0,509.25,1,157.0,middle50,False
A-G1.045-C3,118827,0,514.75,1,5.5,middle50,False
A-G1.045-C3,118827,0,519.75,1,5.0,middle50,False
A-G1.045-C3,118827,0,527.75,1,8.0,middle50,False
A-G1.045-C3,118827,0,539.5,1,11.75,middle50,False
A-G1.045-C3,118827,0,566.5,1,27.0,middle50,False
A-G1.045-C3,118827,0,569.5,1,3.0,middle50,False
A-G1.045-C3,118827,0,577.0,1,7.5,middle50,False
A-G1.045-C3,118827,0,580.0,1,3.0,middle50,False
A-G1.045-C3,118827,0,586.25,1,6.25,middle50,False
A-G1.045-C3,118827,0,590.5,1,4.25,middle50,False
A-G1.045-C3,118827,0,595.5,1,5.0,middle50,False
A-G1.045-C3,118827,0,602.5,1,7.0,middle50,False
A-G1.045-C3,118827,0,630.5,1,28.0,late25,False
A-G1.045-C3,118827,0,639.5,1,9.0,late25,False
A-G1.045-C3,118827,0,644.5,1,5.0,late25,False
A-G1.045-C3,118827,0,680.0,1,35.5,late25,False
A-G1.045-C3,118827,0,685.25,1,5.25,late25,False
A-G1.045-C3,118827,0,694.75,1,9.5,late25,False
A-G1.045-C3,118827,0,699.25,1,4.5,late25,False
A-G1.045-C3,118827,0,703.5,1,4.25,late25,False
A-G1.045-C3,118827,0,709.75,1,6.25,late25,False
A-G1.045-C3,118827,0,825.0,1,115.25,late25,False
A-G1.045-C3,118827,1,847.5,1,22.5,early25,False
A-G1.045-C3,118827,1,853.25,1,5.75,early25,False
A-G1.045-C3,118827,1,858.5,2,5.25,early25,False
A-G1.045-C3,118827,1,873.5,2,15.0,early25,False
A-G1.045-C3,118827,1,911.25,2,37.75,early25,False
A-G1.045-C3,118827,1,915.75,1,4.5,early25,False
A-G1.045-C3,118827,1,918.0,1,2.25,early25,False
A-G1.045-C3,118827,1,924.5,1,6.5,early25,False
A-G1.045-C3,118827,1,931.0,1,6.5,early25,False
A-G1.045-C3,118827,1,958.75,1,27.75,early25,False
A-G1.045-C3,118827,1,964.0,2,5.25,early25,False
A-G1.045-C3,118827,1,969.75,1,5.75,early25,False
A-G1.045-C3,118827,1,977.0,2,7.25,early25,False
A-G1.045-C3,118827,1,982.75,1,5.75,early25,False
A-G1.045-C3,118827,1,986.5,1,3.75,early25,False
A-G1.045-C3,118827,1,1014.75,2,28.25,early25,False
A-G1.045-C3,118827,1,1019.0,20,4.25,early25,False
A-G1.045-C3,118827,1,1021.25,1,2.25,early25,False
A-G1.045-C3,118827,1,1024.25,1,3.0,early25,False
A-G1.045-C3,118827,1,1027.75,1,3.5,early25,False
A-G1.045-C3,118827,1,1030.25,1,2.5,early25,False
A-G1.045-C3,118827,1,1035.75,1,5.5,early25,False
A-G1.045-C3,118827,1,1038.75,1,3.0,early25,False
A-G1.045-C3,118827,1,1042.0,1,3.25,early25,False
A-G1.045-C3,118827,1,1056.5,5,14.5,early25,False
A-G1.045-C3,118827,1,1201.5,1,145.0,middle50,False
A-G1.045-C3,118827,1,1208.25,1,6.75,middle50,False
A-G1.045-C3,118827,1,1211.25,1,3.0,middle50,False
A-G1.045-C3,118827,1,1213.25,1,2.0,middle50,False
A-G1.045-C3,118827,1,1218.5,1,5.25,middle50,False
A-G1.045-C3,118827,1,1253.0,2,34.5,middle50,False
A-G1.045-C3,118827,1,1256.75,1,3.75,middle50,False
A-G1.045-C3,118827,1,1261.75,1,5.0,middle50,False
A-G1.045-C3,118827,1,1266.25,1,4.5,middle50,False
A-G1.045-C3,118827,1,1270.0,1,3.75,middle50,False
A-G1.045-C3,118827,1,1273.25,1,3.25,middle50,False
A-G1.045-C3,118827,1,1275.5,1,2.25,middle50,False
A-G1.045-C3,118827,1,1278.0,1,2.5,middle50,False
A-G1.045-C3,118827,1,1304.25,1,26.25,middle50,False
A-G1.045-C3,118827,1,1306.75,1,2.5,middle50,False
A-G1.045-C3,118827,1,1310.75,1,4.0,middle50,False
A-G1.045-C3,118827,1,1313.0,1,2.25,middle50,False
A-G1.045-C3,118827,1,1316.25,1,3.25,middle50,False
A-G1.045-C3,118827,1,1320.25,1,4.0,middle50,False
A-G1.045-C3,118827,1,1324.25,1,4.0,middle50,False
A-G1.045-C3,118827,1,1331.25,1,7.0,middle50,False
A-G1.045-C3,118827,1,1360.75,1,29.5,middle50,False
A-G1.045-C3,118827,1,1364.0,1,3.25,middle50,False
A-G1.045-C3,118827,1,1366.5,1,2.5,middle50,False
A-G1.045-C3,118827,1,1369.0,1,2.5,middle50,False
A-G1.045-C3,118827,1,1372.75,1,3.75,middle50,False
A-G1.045-C3,118827,1,1375.75,1,3.0,middle50,False
A-G1.045-C3,118827,1,1379.5,1,3.75,middle50,False
A-G1.045-C3,118827,1,1382.5,1,3.0,middle50,False
A-G1.045-C3,118827,1,1386.0,1,3.5,middle50,False
A-G1.045-C3,118827,1,1388.0,1,2.0,middle50,False
A-G1.045-C3,118827,1,1390.5,1,2.5,middle50,False
A-G1.045-C3,118827,1,1402.25,3,11.75,middle50,False
A-G1.045-C3,118827,1,1524.5,1,122.25,middle50,False
A-G1.045-C3,118827,1,1526.5,1,2.0,middle50,False
A-G1.045-C3,118827,1,1535.0,1,8.5,middle50,False
A-G1.045-C3,118827,1,1538.25,1,3.25,middle50,False
A-G1.045-C3,118827,1,1541.0,1,2.75,middle50,False
A-G1.045-C3,118827,1,1544.75,1,3.75,middle50,False
A-G1.045-C3,118827,1,1550.5,1,5.75,middle50,False
A-G1.045-C3,118827,1,1586.25,1,35.75,late25,False
A-G1.045-C3,118827,1,1587.75,1,1.5,late25,False
A-G1.045-C3,118827,1,1589.0,1,1.25,late25,False
A-G1.045-C3,118827,1,1592.25,1,3.25,late25,False
A-G1.045-C3,118827,1,1597.25,1,5.0,late25,False
A-G1.045-C3,118827,1,1601.75,1,4.5,late25,False
A-G1.045-C3,118827,1,1604.25,1,2.5,late25,False
A-G1.045-C3,118827,1,1609.5,1,5.25,late25,False
A-G1.045-C3,118827,1,1611.5,1,2.0,late25,False
A-G1.045-C3,118827,1,1635.25,1,23.75,late25,False
A-G1.045-C3,118827,1,1638.25,1,3.0,late25,False
A-G1.045-C3,118827,1,1641.25,1,3.0,late25,False
A-G1.045-C3,118827,1,1644.25,1,3.0,late25,False
A-G1.045-C3,118827,1,1647.25,1,3.0,late25,False
A-G1.045-C3,118827,1,1653.75,1,6.5,late25,False
A-G1.045-C3,118827,1,1656.75,1,3.0,late25,False
A-G1.045-C3,118827,1,1660.75,1,4.0,late25,False
A-G1.045-C3,118827,1,1689.75,1,29.0,late25,False
A-G1.045-C3,118827,1,1694.0,1,4.25,late25,False
A-G1.045-C3,118827,1,1697.5,1,3.5,late25,False
A-G1.045-C3,118827,1,1702.25,1,4.75,late25,False
A-G1.045-C3,118827,1,1704.75,1,2.5,late25,False
A-G1.045-C3,118827,1,1709.0,1,4.25,late25,False
A-G1.045-C3,118827,1,1711.75,1,2.75,late25,False
A-G1.045-C3,118827,1,1716.5,1,4.75,late25,False
A-G1.045-C3,118827,1,1825.25,1,108.75,late25,False
A-G1.045-C3,118827,2,1844.5,2,19.25,early25,False
A-G1.045-C3,118827,2,1847.75,2,3.25,early25,False
A-G1.045-C3,118827,2,1851.0,2,3.25,early25,False
A-G1.045-C3,118827,2,1854.25,1,3.25,early25,False
A-G1.045-C3,118827,2,1857.0,2,2.75,early25,False
A-G1.045-C3,118827,2,1862.0,1,5.0,early25,False
A-G1.045-C3,118827,2,1866.25,1,4.25,early25,False
A-G1.045-C3,118827,2,1871.75,2,5.5,early25,False
A-G1.045-C3,118827,2,1879.0,2,7.25,early25,False
A-G1.045-C3,118827,2,1902.0,2,23.0,early25,False
A-G1.045-C3,118827,2,1904.75,1,2.75,early25,False
A-G1.045-C3,118827,2,1908.75,2,4.0,early25,False
A-G1.045-C3,118827,2,1913.25,14,4.5,early25,False
A-G1.045-C3,118827,2,1916.0,1,2.75,early25,False
A-G1.045-C3,118827,2,1919.5,1,3.5,early25,False
A-G1.045-C3,118827,2,1921.5,1,2.0,early25,False
A-G1.045-C3,118827,2,1931.0,2,9.5,early25,False
A-G1.045-C3,118827,2,1948.75,1,17.75,early25,False
A-G1.045-C3,118827,2,1953.0,2,4.25,early25,False
A-G1.045-C3,118827,2,1957.25,1,4.25,early25,False
A-G1.045-C3,118827,2,1967.0,2,9.75,early25,False
A-G1.045-C3,118827,2,1975.25,2,8.25,early25,False
A-G1.045-C3,118827,2,2007.25,2,32.0,middle50,False
A-G1.045-C3,118827,2,2019.75,2,12.5,middle50,False
A-G1.045-C3,118827,2,2024.25,1,4.5,middle50,False
A-G1.045-C3,118827,2,2027.75,1,3.5,middle50,False
A-G1.045-C3,118827,2,2032.0,1,4.25,middle50,False
A-G1.045-C3,118827,2,2040.0,1,8.0,middle50,False
A-G1.045-C3,118827,2,2046.5,4,6.5,middle50,False
A-G1.045-C3,118827,2,2184.75,4,138.25,middle50,False
A-G1.045-C3,118827,2,2190.75,1,6.0,middle50,False
A-G1.045-C3,118827,2,2193.5,1,2.75,middle50,False
A-G1.045-C3,118827,2,2196.5,1,3.0,middle50,False
A-G1.045-C3,118827,2,2199.5,1,3.0,middle50,False
A-G1.045-C3,118827,2,2203.5,1,4.0,middle50,False
A-G1.045-C3,118827,2,2207.0,1,3.5,middle50,False
A-G1.045-C3,118827,2,2209.25,1,2.25,middle50,False
A-G1.045-C3,118827,2,2212.5,1,3.25,middle50,False
A-G1.045-C3,118827,2,2215.25,10,2.75,middle50,False
A-G1.045-C3,118827,2,2237.75,3,22.5,middle50,False
A-G1.045-C3,118827,2,2239.0,1,1.25,middle50,False
A-G1.045-C3,118827,2,2246.5,3,7.5,middle50,False
A-G1.045-C3,118827,2,2247.5,2,1.0,middle50,False
A-G1.045-C3,118827,2,2249.25,2,1.75,middle50,False
A-G1.045-C3,118827,2,2253.75,2,4.5,middle50,False
A-G1.045-C3,118827,2,2260.25,2,6.5,middle50,False
A-G1.045-C3,118827,2,2264.25,1,4.0,middle50,False
A-G1.045-C3,118827,2,2266.25,1,2.0,middle50,False
A-G1.045-C3,118827,2,2268.25,1,2.0,middle50,False
A-G1.045-C3,118827,2,2271.25,1,3.0,middle50,False
A-G1.045-C3,118827,2,2291.0,1,19.75,middle50,False
A-G1.045-C3,118827,2,2293.5,1,2.5,middle50,False
A-G1.045-C3,118827,2,2297.0,1,3.5,middle50,False
A-G1.045-C3,118827,2,2301.25,1,4.25,middle50,False
A-G1.045-C3,118827,2,2305.25,1,4.0,middle50,False
A-G1.045-C3,118827,2,2308.25,1,3.0,middle50,False
A-G1.045-C3,118827,2,2312.0,9,3.75,middle50,False
A-G1.045-C3,118827,2,2344.5,1,32.5,late25,False
A-G1.045-C3,118827,2,2352.5,1,8.0,late25,False
A-G1.045-C3,118827,2,2357.0,1,4.5,late25,False
A-G1.045-C3,118827,2,2360.75,1,3.75,late25,False
A-G1.045-C3,118827,2,2362.75,1,2.0,late25,False
A-G1.045-C3,118827,2,2367.25,1,4.5,late25,False
A-G1.045-C3,118827,2,2370.25,1,3.0,late25,False
A-G1.045-C3,118827,2,2385.0,3,14.75,late25,False
A-G1.045-C3,118827,3,2497.75,1,112.75,early25,True
A-G1.045-C3,118827,3,2502.25,1,4.5,early25,True
A-G1.045-C3,118827,3,2506.0,1,3.75,early25,True
A-G1.045-C3,118827,3,2508.5,1,2.5,early25,True
A-G1.045-C3,118827,3,2511.0,1,2.5,early25,True
A-G1.045-C3,118827,3,2514.75,2,3.75,early25,True
A-G1.045-C3,118827,3,2519.0,1,4.25,early25,True
A-G1.045-C3,118827,3,2522.25,1,3.25,early25,True
A-G1.045-C3,118827,3,2527.0,2,4.75,early25,True
A-G1.045-C3,118827,3,2531.5,2,4.5,early25,True
A-G1.045-C3,118827,3,2555.75,1,24.25,early25,True
A-G1.045-C3,118827,3,2558.75,1,3.0,early25,True
A-G1.045-C3,118827,3,2562.25,15,3.5,early25,True
A-G1.045-C3,118827,3,2567.5,2,5.25,early25,True
A-G1.045-C3,118827,3,2577.25,2,9.75,early25,True
A-G1.045-C3,118827,3,2585.0,2,7.75,early25,True
A-G1.045-C3,118827,3,2606.75,1,21.75,early25,True
A-G1.045-C3,118827,3,2611.0,1,4.25,early25,True
A-G1.045-C3,118827,3,2613.75,1,2.75,early25,True
A-G1.045-C3,118827,3,2617.75,1,4.0,early25,True
A-G1.045-C3,118827,3,2622.25,2,4.5,early25,True
A-G1.045-C3,118827,3,2626.75,1,4.5,early25,True
A-G1.045-C3,118827,3,2630.25,1,3.5,early25,True
A-G1.045-C3,118827,3,2634.25,10,4.0,early25,True
A-G1.045-C3,118827,3,2658.75,1,24.5,early25,True
A-G1.045-C3,118827,3,2660.5,1,1.75,early25,True
A-G1.045-C3,118827,3,2665.5,1,5.0,early25,True
A-G1.045-C3,118827,3,2669.0,1,3.5,early25,True
A-G1.045-C3,118827,3,2672.0,1,3.0,early25,True
A-G1.045-C3,118827,3,2676.0,1,4.0,early25,True
A-G1.045-C3,118827,3,2678.0,1,2.0,early25,True
A-G1.045-C3,118827,3,2681.75,1,3.75,early25,True
A-G1.045-C3,118827,3,2687.25,1,5.5,early25,True
A-G1.045-C3,118827,3,2689.75,1,2.5,early25,True
A-G1.045-C3,118827,3,2704.25,1,14.5,early25,True
A-G1.045-C3,118827,3,2711.0,1,6.75,early25,True
A-G1.045-C3,118827,3,2721.5,2,10.5,early25,True
A-G1.045-C3,118827,3,2728.25,2,6.75,early25,True
A-G1.045-C3,118827,3,2731.5,1,3.25,early25,True
A-G1.045-C3,118827,3,2765.25,1,33.75,middle50,True
A-G1.045-C3,118827,3,2774.0,1,8.75,middle50,True
A-G1.045-C3,118827,3,2777.5,1,3.5,middle50,True
A-G1.045-C3,118827,3,2784.25,1,6.75,middle50,True
A-G1.045-C3,118827,3,2787.0,1,2.75,middle50,True
A-G1.045-C3,118827,3,2797.25,1,10.25,middle50,True
A-G1.045-C3,118827,3,2803.0,3,5.75,middle50,True
A-G1.045-C3,118827,3,2814.5,1,11.5,middle50,True
A-G1.045-C3,118827,3,2818.25,1,3.75,middle50,True
A-G1.045-C3,118827,3,2828.5,1,10.25,middle50,True
A-G1.045-C3,118827,3,2833.75,1,5.25,middle50,True
A-G1.045-C3,118827,3,2838.5,1,4.75,middle50,True
A-G1.045-C3,118827,3,2868.5,1,30.0,middle50,True
A-G1.045-C3,118827,3,2872.5,8,4.0,middle50,True
A-G1.045-C3,118827,3,2889.5,1,17.0,middle50,True
A-G1.045-C3,118827,3,2899.25,1,9.75,middle50,True
A-G1.045-C3,118827,3,2922.25,1,23.0,middle50,True
A-G1.045-C3,118827,3,2928.0,1,5.75,middle50,True
A-G1.045-C3,118827,3,2933.0,1,5.0,middle50,True
A-G1.045-C3,118827,3,2941.5,1,8.5,middle50,True
A-G1.045-C3,118827,3,2976.0,1,34.5,middle50,True
A-G1.045-C3,118827,3,2985.0,1,9.0,middle50,True
A-G1.045-C3,118827,3,2987.0,1,2.0,middle50,True
A-G1.045-C3,118827,3,2991.0,1,4.0,middle50,True
A-G1.045-C3,118827,3,2994.25,1,3.25,middle50,True
A-G1.045-C3,118827,3,3004.5,1,10.25,middle50,True
A-G1.045-C3,118827,3,3005.5,1,1.0,middle50,True
A-G1.045-C3,118827,3,3015.5,3,10.0,middle50,True
A-G1.045-C3,118827,3,3025.25,1,9.75,middle50,True
A-G1.045-C3,118827,3,3032.75,1,7.5,middle50,True
A-G1.045-C3,118827,3,3036.75,1,4.0,middle50,True
A-G1.045-C3,118827,3,3043.0,1,6.25,middle50,True
A-G1.045-C3,118827,3,3050.5,6,7.5,middle50,True
A-G1.045-C3,118827,3,3093.5,1,43.0,middle50,True
A-G1.045-C3,118827,3,3098.25,1,4.75,middle50,True
A-G1.045-C3,118827,3,3107.0,1,8.75,middle50,True
A-G1.045-C3,118827,3,3116.5,1,9.5,middle50,True
A-G1.045-C3,118827,3,3124.25,3,7.75,middle50,True
A-G1.045-C3,118827,3,3274.25,1,150.0,middle50,True
A-G1.045-C3,118827,3,3280.25,1,6.0,middle50,True
A-G1.045-C3,118827,3,3343.5,1,63.25,late25,True
A-G1.045-C3,118827,3,3376.25,1,32.75,late25,True
A-G1.045-C3,118827,3,3379.0,1,2.75,late25,True
A-G1.045-C3,118827,3,3388.25,1,9.25,late25,True
A-G1.045-C3,118827,3,3395.25,1,7.0,late25,True
A-G1.045-C3,118827,3,3401.5,4,6.25,late25,True
A-G1.045-C3,118827,3,3433.25,1,31.75,late25,True
A-G1.045-C3,118827,3,3443.75,1,10.5,late25,True
A-G1.045-C3,118827,3,3454.25,1,10.5,late25,True
A-G1.045-C3,118827,3,3468.25,1,14.0,late25,True
A-G1.045-C3,126746,0,0.25,3,,early25,False
A-G1.045-C3,126746,0,8.25,1,8.0,early25,False
A-G1.045-C3,126746,0,24.0,1,15.75,early25,False
A-G1.045-C3,126746,0,42.75,1,18.75,early25,False
A-G1.045-C3,126746,0,52.75,1,10.0,early25,False
A-G1.045-C3,126746,0,95.5,1,42.75,early25,False
A-G1.045-C3,126746,0,102.0,1,6.5,early25,False
A-G1.045-C3,126746,0,115.25,1,13.25,early25,False
A-G1.045-C3,126746,0,162.0,1,46.75,early25,False
A-G1.045-C3,126746,0,165.75,1,3.75,early25,False
A-G1.045-C3,126746,0,175.5,1,9.75,early25,False
A-G1.045-C3,126746,0,214.5,1,39.0,middle50,False
A-G1.045-C3,126746,0,217.0,1,2.5,middle50,False
A-G1.045-C3,126746,0,223.75,1,6.75,middle50,False
A-G1.045-C3,126746,0,226.5,1,2.75,middle50,False
A-G1.045-C3,126746,0,233.25,1,6.75,middle50,False
A-G1.045-C3,126746,0,238.0,1,4.75,middle50,False
A-G1.045-C3,126746,0,277.75,1,39.75,middle50,False
A-G1.045-C3,126746,0,282.0,1,4.25,middle50,False
A-G1.045-C3,126746,0,288.0,1,6.0,middle50,False
A-G1.045-C3,126746,0,298.75,1,10.75,middle50,False
A-G1.045-C3,126746,0,335.5,1,36.75,middle50,False
A-G1.045-C3,126746,0,340.25,1,4.75,middle50,False
A-G1.045-C3,126746,0,343.5,1,3.25,middle50,False
A-G1.045-C3,126746,0,352.25,1,8.75,middle50,False
A-G1.045-C3,126746,0,515.75,1,163.5,middle50,False
A-G1.045-C3,126746,0,526.0,1,10.25,middle50,False
A-G1.045-C3,126746,0,538.25,1,12.25,middle50,False
A-G1.045-C3,126746,0,568.75,1,30.5,middle50,False
A-G1.045-C3,126746,0,575.25,1,6.5,middle50,False
A-G1.045-C3,126746,0,579.75,1,4.5,middle50,False
A-G1.045-C3,126746,0,585.5,1,5.75,middle50,False
A-G1.045-C3,126746,0,589.75,1,4.25,middle50,False
A-G1.045-C3,126746,0,592.25,1,2.5,middle50,False
A-G1.045-C3,126746,0,604.5,1,12.25,middle50,False
A-G1.045-C3,126746,0,632.75,1,28.25,late25,False
A-G1.045-C3,126746,0,636.5,1,3.75,late25,False
A-G1.045-C3,126746,0,644.5,1,8.0,late25,False
A-G1.045-C3,126746,0,649.25,1,4.75,late25,False
A-G1.045-C3,126746,0,655.5,1,6.25,late25,False
A-G1.045-C3,126746,0,687.25,1,31.75,late25,False
A-G1.045-C3,126746,0,691.5,1,4.25,late25,False
A-G1.045-C3,126746,0,695.75,1,4.25,late25,False
A-G1.045-C3,126746,0,698.5,1,2.75,late25,False
A-G1.045-C3,126746,0,703.75,1,5.25,late25,False
A-G1.045-C3,126746,0,708.0,1,4.25,late25,False
A-G1.045-C3,126746,0,713.25,1,5.25,late25,False
A-G1.045-C3,126746,1,850.0,1,136.75,early25,False
A-G1.045-C3,126746,1,851.75,1,1.75,early25,False
A-G1.045-C3,126746,1,856.75,1,5.0,early25,False
A-G1.045-C3,126746,1,859.5,2,2.75,early25,False
A-G1.045-C3,126746,1,863.5,1,4.0,early25,False
A-G1.045-C3,126746,1,868.25,1,4.75,early25,False
A-G1.045-C3,126746,1,873.75,1,5.5,early25,False
A-G1.045-C3,126746,1,877.75,1,4.0,early25,False
A-G1.045-C3,126746,1,909.5,2,31.75,early25,False
A-G1.045-C3,126746,1,914.25,1,4.75,early25,False
A-G1.045-C3,126746,1,915.0,1,0.75,early25,False
A-G1.045-C3,126746,1,922.0,1,7.0,early25,False
A-G1.045-C3,126746,1,923.5,1,1.5,early25,False
A-G1.045-C3,126746,1,924.5,1,1.0,early25,False
A-G1.045-C3,126746,1,929.25,1,4.75,early25,False
A-G1.045-C3,126746,1,932.5,1,3.25,early25,False
A-G1.045-C3,126746,1,936.5,1,4.0,early25,False
A-G1.045-C3,126746,1,946.25,6,9.75,early25,False
A-G1.045-C3,126746,1,969.75,1,23.5,early25,False
A-G1.045-C3,126746,1,973.25,1,3.5,early25,False
A-G1.045-C3,126746,1,976.5,1,3.25,early25,False
A-G1.045-C3,126746,1,979.0,2,2.5,early25,False
A-G1.045-C3,126746,1,986.75,1,7.75,early25,False
A-G1.045-C3,126746,1,1015.5,1,28.75,early25,False
A-G1.045-C3,126746,1,1018.75,2,3.25,early25,False
A-G1.045-C3,126746,1,1027.75,1,9.0,middle50,False
A-G1.045-C3,126746,1,1031.5,1,3.75,middle50,False
A-G1.045-C3,126746,1,1032.75,1,1.25,middle50,False
A-G1.045-C3,126746,1,1036.5,1,3.75,middle50,False
A-G1.045-C3,126746,1,1040.0,2,3.5,middle50,False
A-G1.045-C3,126746,1,1046.0,1,6.0,middle50,False
A-G1.045-C3,126746,1,1074.25,1,28.25,middle50,False
A-G1.045-C3,126746,1,1079.5,2,5.25,middle50,False
A-G1.045-C3,126746,1,1091.5,2,12.0,middle50,False
A-G1.045-C3,126746,1,1127.25,1,35.75,middle50,False
A-G1.045-C3,126746,1,1131.5,1,4.25,middle50,False
A-G1.045-C3,126746,1,1137.25,1,5.75,middle50,False
A-G1.045-C3,126746,1,1140.25,1,3.0,middle50,False
A-G1.045-C3,126746,1,1145.25,1,5.0,middle50,False
A-G1.045-C3,126746,1,1154.0,2,8.75,middle50,False
A-G1.045-C3,126746,1,1163.5,1,9.5,middle50,False
A-G1.045-C3,126746,1,1308.25,1,144.75,middle50,False
A-G1.045-C3,126746,1,1312.5,1,4.25,middle50,False
A-G1.045-C3,126746,1,1315.75,1,3.25,middle50,False
A-G1.045-C3,126746,1,1320.0,1,4.25,middle50,False
A-G1.045-C3,126746,1,1324.0,1,4.0,middle50,False
A-G1.045-C3,126746,1,1329.0,2,5.0,middle50,False
A-G1.045-C3,126746,1,1332.5,1,3.5,middle50,False
A-G1.045-C3,126746,1,1336.25,1,3.75,middle50,False
A-G1.045-C3,126746,1,1363.25,1,27.0,middle50,False
A-G1.045-C3,126746,1,1367.25,1,4.0,middle50,False
A-G1.045-C3,126746,1,1370.75,1,3.5,middle50,False
A-G1.045-C3,126746,1,1373.25,1,2.5,middle50,False
A-G1.045-C3,126746,1,1376.25,1,3.0,middle50,False
A-G1.045-C3,126746,1,1379.25,14,3.0,middle50,False
A-G1.045-C3,126746,1,1381.0,1,1.75,middle50,False
A-G1.045-C3,126746,1,1384.0,1,3.0,middle50,False
A-G1.045-C3,126746,1,1393.0,1,9.0,middle50,False
A-G1.045-C3,126746,1,1393.75,1,0.75,middle50,False
A-G1.045-C3,126746,1,1437.75,1,44.0,late25,False
A-G1.045-C3,126746,1,1441.0,1,3.25,late25,False
A-G1.045-C3,126746,1,1445.75,1,4.75,late25,False
A-G1.045-C3,126746,1,1448.75,1,3.0,late25,False
A-G1.045-C3,126746,1,1479.5,1,30.75,late25,False
A-G1.045-C3,126746,1,1483.0,1,3.5,late25,False
A-G1.045-C3,126746,1,1485.75,1,2.75,late25,False
A-G1.045-C3,126746,1,1487.25,1,1.5,late25,False
A-G1.045-C3,126746,1,1490.0,1,2.75,late25,False
A-G1.045-C3,126746,1,1492.75,1,2.75,late25,False
A-G1.045-C3,126746,1,1496.5,1,3.75,late25,False
A-G1.045-C3,126746,1,1500.75,1,4.25,late25,False
A-G1.045-C3,126746,1,1503.5,1,2.75,late25,False
A-G1.045-C3,126746,1,1506.75,1,3.25,late25,False
A-G1.045-C3,126746,1,1516.75,1,10.0,late25,False
A-G1.045-C3,126746,1,1522.75,4,6.0,late25,False
A-G1.045-C3,126746,2,1638.0,2,115.25,early25,False
A-G1.045-C3,126746,2,1640.25,1,2.25,early25,False
A-G1.045-C3,126746,2,1644.0,3,3.75,early25,False
A-G1.045-C3,126746,2,1646.0,1,2.0,early25,False
A-G1.045-C3,126746,2,1653.0,3,7.0,early25,False
A-G1.045-C3,126746,2,1664.0,3,11.0,early25,False
A-G1.045-C3,126746,2,1696.25,1,32.25,early25,False
A-G1.045-C3,126746,2,1700.75,2,4.5,early25,False
A-G1.045-C3,126746,2,1705.25,2,4.5,early25,False
A-G1.045-C3,126746,2,1710.75,3,5.5,early25,False
A-G1.045-C3,126746,2,1711.75,1,1.0,early25,False
A-G1.045-C3,126746,2,1714.5,2,2.75,early25,False
A-G1.045-C3,126746,2,1718.0,3,3.5,early25,False
A-G1.045-C3,126746,2,1723.0,2,5.0,early25,False
A-G1.045-C3,126746,2,1734.25,6,11.25,early25,False
A-G1.045-C3,126746,2,1745.75,1,11.5,early25,False
A-G1.045-C3,126746,2,1750.0,3,4.25,early25,False
A-G1.045-C3,126746,2,1755.0,3,5.0,early25,False
A-G1.045-C3,126746,2,1760.0,3,5.0,early25,False
A-G1.045-C3,126746,2,1763.25,1,3.25,early25,False
A-G1.045-C3,126746,2,1767.25,2,4.0,early25,False
A-G1.045-C3,126746,2,1772.0,3,4.75,early25,False
A-G1.045-C3,126746,2,1801.5,1,29.5,early25,False
A-G1.045-C3,126746,2,1803.25,1,1.75,early25,False
A-G1.045-C3,126746,2,1808.75,3,5.5,early25,False
A-G1.045-C3,126746,2,1817.5,1,8.75,early25,False
A-G1.045-C3,126746,2,1822.75,1,5.25,early25,False
A-G1.045-C3,126746,2,1826.0,1,3.25,early25,False
A-G1.045-C3,126746,2,1831.5,2,5.5,early25,False
A-G1.045-C3,126746,2,1841.0,5,9.5,early25,False
A-G1.045-C3,126746,2,1855.0,1,14.0,early25,False
A-G1.045-C3,126746,2,1859.5,1,4.5,early25,False
A-G1.045-C3,126746,2,1866.5,1,7.0,early25,False
A-G1.045-C3,126746,2,1873.5,2,7.0,early25,False
A-G1.045-C3,126746,2,1908.5,2,35.0,middle50,False
A-G1.045-C3,126746,2,1912.5,2,4.0,middle50,False
A-G1.045-C3,126746,2,1916.75,2,4.25,middle50,False
A-G1.045-C3,126746,2,1926.0,1,9.25,middle50,False
A-G1.045-C3,126746,2,1931.25,2,5.25,middle50,False
A-G1.045-C3,126746,2,1947.25,5,16.0,middle50,False
A-G1.045-C3,126746,2,2087.25,1,140.0,middle50,False
A-G1.045-C3,126746,2,2092.5,2,5.25,middle50,False
A-G1.045-C3,126746,2,2098.5,1,6.0,middle50,False
A-G1.045-C3,126746,2,2101.25,1,2.75,middle50,False
A-G1.045-C3,126746,2,2105.25,1,4.0,middle50,False
A-G1.045-C3,126746,2,2109.0,1,3.75,middle50,False
A-G1.045-C3,126746,2,2111.5,1,2.5,middle50,False
A-G1.045-C3,126746,2,2115.25,1,3.75,middle50,False
A-G1.045-C3,126746,2,2140.25,11,25.0,middle50,False
A-G1.045-C3,126746,2,2145.75,1,5.5,middle50,False
A-G1.045-C3,126746,2,2151.75,1,6.0,middle50,False
A-G1.045-C3,126746,2,2153.25,1,1.5,middle50,False
A-G1.045-C3,126746,2,2157.0,1,3.75,middle50,False
A-G1.045-C3,126746,2,2159.75,1,2.75,middle50,False
A-G1.045-C3,126746,2,2171.25,2,11.5,middle50,False
A-G1.045-C3,126746,2,2179.75,3,8.5,middle50,False
A-G1.045-C3,126746,2,2189.5,1,9.75,middle50,False
A-G1.045-C3,126746,2,2193.25,1,3.75,middle50,False
A-G1.045-C3,126746,2,2203.0,1,9.75,middle50,False
A-G1.045-C3,126746,2,2209.75,1,6.75,middle50,False
A-G1.045-C3,126746,2,2216.75,2,7.0,middle50,False
A-G1.045-C3,126746,2,2248.75,1,32.0,middle50,False
A-G1.045-C3,126746,2,2252.75,1,4.0,middle50,False
A-G1.045-C3,126746,2,2256.75,1,4.0,middle50,False
A-G1.045-C3,126746,2,2262.0,1,5.25,middle50,False
A-G1.045-C3,126746,2,2269.0,1,7.0,middle50,False
A-G1.045-C3,126746,2,2272.75,1,3.75,middle50,False
A-G1.045-C3,126746,2,2281.75,1,9.0,middle50,False
A-G1.045-C3,126746,2,2420.25,1,138.5,middle50,False
A-G1.045-C3,126746,2,2423.5,1,3.25,middle50,False
A-G1.045-C3,126746,2,2428.75,1,5.25,middle50,False
A-G1.045-C3,126746,2,2434.25,1,5.5,middle50,False
A-G1.045-C3,126746,2,2441.0,1,6.75,late25,False
A-G1.045-C3,126746,2,2446.0,1,5.0,late25,False
A-G1.045-C3,126746,2,2470.5,1,24.5,late25,False
A-G1.045-C3,126746,2,2475.25,1,4.75,late25,False
A-G1.045-C3,126746,2,2477.75,7,2.5,late25,False
A-G1.045-C3,126746,2,2479.5,1,1.75,late25,False
A-G1.045-C3,126746,2,2483.25,1,3.75,late25,False
A-G1.045-C3,126746,2,2489.75,1,6.5,late25,False
A-G1.045-C3,126746,2,2500.5,2,10.75,late25,False
A-G1.045-C3,126746,2,2518.75,1,18.25,late25,False
A-G1.045-C3,126746,2,2523.75,1,5.0,late25,False
A-G1.045-C3,126746,2,2532.25,1,8.5,late25,False
A-G1.045-C3,126746,2,2541.25,1,9.0,late25,False
A-G1.045-C3,126746,2,2573.5,1,32.25,late25,False
A-G1.045-C3,126746,2,2579.0,1,5.5,late25,False
A-G1.045-C3,126746,2,2582.25,1,3.25,late25,False
A-G1.045-C3,126746,2,2590.5,1,8.25,late25,False
A-G1.045-C3,126746,2,2598.5,1,8.0,late25,False
A-G1.045-C3,126746,2,2600.75,1,2.25,late25,False
A-G1.045-C3,126746,2,2608.75,1,8.0,late25,False
A-G1.045-C3,126746,3,2733.25,1,124.5,early25,True
A-G1.045-C3,126746,3,2737.25,1,4.0,early25,True
A-G1.045-C3,126746,3,2740.5,2,3.25,early25,True
A-G1.045-C3,126746,3,2744.0,1,3.5,early25,True
A-G1.045-C3,126746,3,2745.75,1,1.75,early25,True
A-G1.045-C3,126746,3,2753.25,2,7.5,early25,True
A-G1.045-C3,126746,3,2760.75,3,7.5,early25,True
A-G1.045-C3,126746,3,2799.25,2,38.5,early25,True
A-G1.045-C3,126746,3,2805.25,3,6.0,early25,True
A-G1.045-C3,126746,3,2811.5,2,6.25,early25,True
A-G1.045-C3,126746,3,2818.25,2,6.75,early25,True
A-G1.045-C3,126746,3,2845.5,2,27.25,early25,True
A-G1.045-C3,126746,3,2851.5,1,6.0,early25,True
A-G1.045-C3,126746,3,2895.25,3,43.75,early25,True
A-G1.045-C3,126746,3,2901.0,1,5.75,early25,True
A-G1.045-C3,126746,3,2907.0,2,6.0,early25,True
A-G1.045-C3,126746,3,2912.75,2,5.75,early25,True
A-G1.045-C3,126746,3,2915.75,1,3.0,early25,True
A-G1.045-C3,126746,3,2921.5,2,5.75,early25,True
A-G1.045-C3,126746,3,2944.0,2,22.5,middle50,True
A-G1.045-C3,126746,3,2949.0,2,5.0,middle50,True
A-G1.045-C3,126746,3,2957.5,1,8.5,middle50,True
A-G1.045-C3,126746,3,2963.25,1,5.75,middle50,True
A-G1.045-C3,126746,3,2998.5,2,35.25,middle50,True
A-G1.045-C3,126746,3,3004.5,2,6.0,middle50,True
A-G1.045-C3,126746,3,3018.0,1,13.5,middle50,True
A-G1.045-C3,126746,3,3020.5,1,2.5,middle50,True
A-G1.045-C3,126746,3,3031.5,2,11.0,middle50,True
A-G1.045-C3,126746,3,3050.0,1,18.5,middle50,True
A-G1.045-C3,126746,3,3054.5,1,4.5,middle50,True
A-G1.045-C3,126746,3,3059.75,2,5.25,middle50,True
A-G1.045-C3,126746,3,3063.25,1,3.5,middle50,True
A-G1.045-C3,126746,3,3067.0,1,3.75,middle50,True
A-G1.045-C3,126746,3,3075.0,2,8.0,middle50,True
A-G1.045-C3,126746,3,3108.5,2,33.5,middle50,True
A-G1.045-C3,126746,3,3113.5,1,5.0,middle50,True
A-G1.045-C3,126746,3,3118.75,2,5.25,middle50,True
A-G1.045-C3,126746,3,3132.25,2,13.5,middle50,True
A-G1.045-C3,126746,3,3153.0,1,20.75,middle50,True
A-G1.045-C3,126746,3,3157.25,1,4.25,middle50,True
A-G1.045-C3,126746,3,3164.25,1,7.0,middle50,True
A-G1.045-C3,126746,3,3167.5,1,3.25,middle50,True
A-G1.045-C3,126746,3,3174.0,2,6.5,middle50,True
A-G1.045-C3,126746,3,3213.75,1,39.75,middle50,True
A-G1.045-C3,126746,3,3218.0,1,4.25,middle50,True
A-G1.045-C3,126746,3,3223.25,1,5.25,middle50,True
A-G1.045-C3,126746,3,3227.5,1,4.25,middle50,True
A-G1.045-C3,126746,3,3240.5,1,13.0,middle50,True
A-G1.045-C3,126746,3,3246.25,2,5.75,middle50,True
A-G1.045-C3,126746,3,3257.75,1,11.5,middle50,True
A-G1.045-C3,126746,3,3268.0,1,10.25,middle50,True
A-G1.045-C3,126746,3,3271.0,2,3.0,middle50,True
A-G1.045-C3,126746,3,3272.25,2,1.25,middle50,True
A-G1.045-C3,126746,3,3276.25,1,4.0,middle50,True
A-G1.045-C3,126746,3,3312.0,1,35.75,middle50,True
A-G1.045-C3,126746,3,3321.25,1,9.25,middle50,True
A-G1.045-C3,126746,3,3326.25,1,5.0,middle50,True
A-G1.045-C3,126746,3,3334.25,1,8.0,middle50,True
A-G1.045-C3,126746,3,3335.0,2,0.75,middle50,True
A-G1.045-C3,126746,3,3335.5,1,0.5,middle50,True
A-G1.045-C3,126746,3,3340.75,1,5.25,middle50,True
A-G1.045-C3,126746,3,3358.5,1,17.75,middle50,True
A-G1.045-C3,126746,3,3361.75,1,3.25,middle50,True
A-G1.045-C3,126746,3,3368.0,1,6.25,middle50,True
A-G1.045-C3,126746,3,3375.5,1,7.5,middle50,True
A-G1.045-C3,126746,3,3382.25,1,6.75,late25,True
A-G1.045-C3,126746,3,3385.75,5,3.5,late25,True
A-G1.045-C3,126746,3,3417.5,1,31.75,late25,True
A-G1.045-C3,126746,3,3425.5,1,8.0,late25,True
A-G1.045-C3,126746,3,3430.75,1,5.25,late25,True
A-G1.045-C3,126746,3,3436.25,1,5.5,late25,True
A-G1.045-C3,126746,3,3442.75,1,6.5,late25,True
A-G1.045-C3,126746,3,3464.25,1,21.5,late25,True
A-G1.045-C3,126746,3,3474.75,1,10.5,late25,True
A-G1.045-C3,126746,3,3477.0,1,2.25,late25,True
A-G1.045-C3,126746,3,3491.5,1,14.5,late25,True
A-G1.045-C3,126746,3,3522.25,1,30.75,late25,True
A-G1.045-C3,126746,3,3530.0,1,7.75,late25,True
A-G1.045-C3,126746,3,3538.0,1,8.0,late25,True
A-G1.045-C3,126746,3,3541.25,1,3.25,late25,True
A-G1.045-C3,126746,3,3547.0,1,5.75,late25,True
A-G1.045-C3,126746,3,3557.0,1,10.0,late25,True
A-G1.045-C3,134665,0,0.25,3,,early25,False
A-G1.045-C3,134665,0,9.5,1,9.25,early25,False
A-G1.045-C3,134665,0,22.25,1,12.75,early25,False
A-G1.045-C3,134665,0,33.75,1,11.5,early25,False
A-G1.045-C3,134665,0,86.25,1,52.5,early25,False
A-G1.045-C3,134665,0,97.0,1,10.75,early25,False
A-G1.045-C3,134665,0,106.5,1,9.5,early25,False
A-G1.045-C3,134665,0,116.75,1,10.25,early25,False
A-G1.045-C3,134665,0,164.25,1,47.5,early25,False
A-G1.045-C3,134665,0,172.5,1,8.25,early25,False
A-G1.045-C3,134665,0,183.0,1,10.5,middle50,False
A-G1.045-C3,134665,0,215.75,2,32.75,middle50,False
A-G1.045-C3,134665,0,224.5,2,8.75,middle50,False
A-G1.045-C3,134665,0,235.75,1,11.25,middle50,False
A-G1.045-C3,134665,0,247.75,14,12.0,middle50,False
A-G1.045-C3,134665,0,425.0,1,177.25,middle50,False
A-G1.045-C3,134665,0,459.0,1,34.0,middle50,False
A-G1.045-C3,134665,0,464.75,1,5.75,middle50,False
A-G1.045-C3,134665,0,469.25,1,4.5,middle50,False
A-G1.045-C3,134665,0,476.75,1,7.5,middle50,False
A-G1.045-C3,134665,0,488.0,1,11.25,middle50,False
A-G1.045-C3,134665,0,527.5,1,39.5,middle50,False
A-G1.045-C3,134665,0,534.5,1,7.0,middle50,False
A-G1.045-C3,134665,0,539.5,1,5.0,late25,False
A-G1.045-C3,134665,0,572.5,2,33.0,late25,False
A-G1.045-C3,134665,0,577.25,1,4.75,late25,False
A-G1.045-C3,134665,0,582.75,11,5.5,late25,False
A-G1.045-C3,134665,0,588.25,1,5.5,late25,False
A-G1.045-C3,134665,0,595.5,1,7.25,late25,False
A-G1.045-C3,134665,0,605.0,10,9.5,late25,False
A-G1.045-C3,134665,1,733.4999999999,1,128.49999999989996,early25,False
A-G1.045-C3,134665,1,741.4999999999,1,8.0,early25,False
A-G1.045-C3,134665,1,748.4999999999,1,7.0,early25,False
A-G1.045-C3,134665,1,753.2499999999,1,4.75,early25,False
A-G1.045-C3,134665,1,756.7499999999,1,3.5,early25,False
A-G1.045-C3,134665,1,762.9999999999,2,6.25,early25,False
A-G1.045-C3,134665,1,789.4999999999,1,26.5,early25,False
A-G1.045-C3,134665,1,791.4999999999,1,2.0,early25,False
A-G1.045-C3,134665,1,793.9999999999,1,2.5,early25,False
A-G1.045-C3,134665,1,796.4999999999,2,2.5,early25,False
A-G1.045-C3,134665,1,799.9999999999,1,3.5,early25,False
A-G1.045-C3,134665,1,801.9999999999,1,2.0,early25,False
A-G1.045-C3,134665,1,807.4999999999,2,5.5,early25,False
A-G1.045-C3,134665,1,813.7499999999,1,6.25,early25,False
A-G1.045-C3,134665,1,816.4999999999,1,2.75,early25,False
A-G1.045-C3,134665,1,819.2499999999,1,2.75,early25,False
A-G1.045-C3,134665,1,841.2499999999,1,22.0,early25,False
A-G1.045-C3,134665,1,843.4999999999,1,2.25,early25,False
A-G1.045-C3,134665,1,848.9999999999,1,5.5,early25,False
A-G1.045-C3,134665,1,851.7499999999,1,2.75,early25,False
A-G1.045-C3,134665,1,856.2499999999,2,4.5,early25,False
A-G1.045-C3,134665,1,866.4999999999,2,10.25,early25,False
A-G1.045-C3,134665,1,896.2499999999,1,29.75,early25,False
A-G1.045-C3,134665,1,901.9999999999,1,5.75,early25,False
A-G1.045-C3,134665,1,905.4999999999,1,3.5,early25,False
A-G1.045-C3,134665,1,908.9999999999,1,3.5,early25,False
A-G1.045-C3,134665,1,911.4999999999,1,2.5,early25,False
A-G1.045-C3,134665,1,914.4999999999,1,3.0,early25,False
A-G1.045-C3,134665,1,918.7499999999,1,4.25,early25,False
A-G1.045-C3,134665,1,921.4999999999,1,2.75,early25,False
A-G1.045-C3,134665,1,932.9999999999,2,11.5,early25,False
A-G1.045-C3,134665,1,1082.4999999999,1,149.5,middle50,False
A-G1.045-C3,134665,1,1089.2499999999,2,6.75,middle50,False
A-G1.045-C3,134665,1,1096.4999999999,1,7.25,middle50,False
A-G1.045-C3,134665,1,1101.2499999999,1,4.75,middle50,False
A-G1.045-C3,134665,1,1131.9999999999,1,30.75,middle50,False
A-G1.045-C3,134665,1,1135.2499999999,1,3.25,middle50,False
A-G1.045-C3,134665,1,1139.2499999999,1,4.0,middle50,False
A-G1.045-C3,134665,1,1143.9999999999,2,4.75,middle50,False
A-G1.045-C3,134665,1,1152.7499999999,1,8.75,middle50,False
A-G1.045-C3,134665,1,1156.7499999999,1,4.0,middle50,False
A-G1.045-C3,134665,1,1159.7499999999,1,3.0,middle50,False
A-G1.045-C3,134665,1,1167.7499999999,1,8.0,middle50,False
A-G1.045-C3,134665,1,1183.9999999999,1,16.25,middle50,False
A-G1.045-C3,134665,1,1186.7499999999,1,2.75,middle50,False
A-G1.045-C3,134665,1,1195.7499999999,1,9.0,middle50,False
A-G1.045-C3,134665,1,1199.7499999999,1,4.0,middle50,False
A-G1.045-C3,134665,1,1203.9999999999,1,4.25,middle50,False
A-G1.045-C3,134665,1,1206.9999999999,1,3.0,middle50,False
A-G1.045-C3,134665,1,1242.2499999999,1,35.25,middle50,False
A-G1.045-C3,134665,1,1245.7499999999,1,3.5,middle50,False
A-G1.045-C3,134665,1,1249.2499999999,1,3.5,middle50,False
A-G1.045-C3,134665,1,1252.2499999999,1,3.0,middle50,False
A-G1.045-C3,134665,1,1258.7499999999,1,6.5,middle50,False
A-G1.045-C3,134665,1,1261.2499999999,1,2.5,middle50,False
A-G1.045-C3,134665,1,1264.4999999999,1,3.25,middle50,False
A-G1.045-C3,134665,1,1267.4999999999,1,3.0,middle50,False
A-G1.045-C3,134665,1,1270.2499999999,1,2.75,middle50,False
A-G1.045-C3,134665,1,1275.4999999999,1,5.25,middle50,False
A-G1.045-C3,134665,1,1411.9999999999,1,136.5,middle50,False
A-G1.045-C3,134665,1,1414.9999999999,1,3.0,middle50,False
A-G1.045-C3,134665,1,1419.7499999999,1,4.75,middle50,False
A-G1.045-C3,134665,1,1423.9999999999,1,4.25,middle50,False
A-G1.045-C3,134665,1,1426.9999999999,1,3.0,middle50,False
A-G1.045-C3,134665,1,1433.4999999999,1,6.5,middle50,False
A-G1.045-C3,134665,1,1437.2499999999,1,3.75,middle50,False
A-G1.045-C3,134665,1,1466.2499999999,1,29.0,middle50,False
A-G1.045-C3,134665,1,1468.4999999999,1,2.25,middle50,False
A-G1.045-C3,134665,1,1471.4999999999,1,3.0,late25,False
A-G1.045-C3,134665,1,1474.7499999999,1,3.25,late25,False
A-G1.045-C3,134665,1,1478.2499999999,1,3.5,late25,False
A-G1.045-C3,134665,1,1480.2499999999,1,2.0,late25,False
A-G1.045-C3,134665,1,1485.7499999999,1,5.5,late25,False
A-G1.045-C3,134665,1,1492.2499999999,1,6.5,late25,False
A-G1.045-C3,134665,1,1501.9999999999,1,9.75,late25,False
A-G1.045-C3,134665,1,1528.2499999999,1,26.25,late25,False
A-G1.045-C3,134665,1,1533.9999999999,1,5.75,late25,False
A-G1.045-C3,134665,1,1544.7499999999,2,10.75,late25,False
A-G1.045-C3,134665,1,1550.2499999999,1,5.5,late25,False
A-G1.045-C3,134665,1,1553.2499999999,1,3.0,late25,False
A-G1.045-C3,134665,1,1582.7499999999,10,29.5,late25,False
A-G1.045-C3,134665,1,1587.9999999999,1,5.25,late25,False
A-G1.045-C3,134665,1,1594.2499999999,1,6.25,late25,False
A-G1.045-C3,134665,1,1600.7499999999,1,6.5,late25,False
A-G1.045-C3,134665,1,1602.7499999999,1,2.0,late25,False
A-G1.045-C3,134665,1,1606.2499999999,1,3.5,late25,False
A-G1.045-C3,134665,1,1608.9999999999,1,2.75,late25,False
A-G1.045-C3,134665,1,1614.9999999999,1,6.0,late25,False
A-G1.045-C3,134665,1,1621.2499999999,3,6.25,late25,False
A-G1.045-C3,134665,1,1720.4999999999,1,99.25,late25,False
A-G1.045-C3,134665,2,1734.9999999999,1,14.5,early25,False
A-G1.045-C3,134665,2,1736.2499999999,1,1.25,early25,False
A-G1.045-C3,134665,2,1737.7499999999,1,1.5,early25,False
A-G1.045-C3,134665,2,1739.2499999999,1,1.5,early25,False
A-G1.045-C3,134665,2,1741.4999999999,1,2.25,early25,False
A-G1.045-C3,134665,2,1743.4999999999,1,2.0,early25,False
A-G1.045-C3,134665,2,1747.7499999999,1,4.25,early25,False
A-G1.045-C3,134665,2,1751.2499999999,2,3.5,early25,False
A-G1.045-C3,134665,2,1756.2499999999,2,5.0,early25,False
A-G1.045-C3,134665,2,1761.7499999999,2,5.5,early25,False
A-G1.045-C3,134665,2,1766.4999999999,1,4.75,early25,False
A-G1.045-C3,134665,2,1794.2499999999,2,27.75,early25,False
A-G1.045-C3,134665,2,1797.4999999999,2,3.25,early25,False
A-G1.045-C3,134665,2,1801.5,19,4.000000000100044,early25,False
A-G1.045-C3,134665,2,1803.5,2,2.0,early25,False
A-G1.045-C3,134665,2,1807.0,2,3.5,early25,False
A-G1.045-C3,134665,2,1809.75,1,2.75,early25,False
A-G1.045-C3,134665,2,1810.75,1,1.0,early25,False
A-G1.045-C3,134665,2,1820.0,5,9.25,early25,False
A-G1.045-C3,134665,2,1822.25,1,2.25,early25,False
A-G1.045-C3,134665,2,1970.75,1,148.5,middle50,False
A-G1.045-C3,134665,2,1977.25,1,6.5,middle50,False
A-G1.045-C3,134665,2,1978.0,1,0.75,middle50,False
A-G1.045-C3,134665,2,1981.25,1,3.25,middle50,False
A-G1.045-C3,134665,2,1986.75,1,5.5,middle50,False
A-G1.045-C3,134665,2,1991.5,1,4.75,middle50,False
A-G1.045-C3,134665,2,1994.5,1,3.0,middle50,False
A-G1.045-C3,134665,2,1998.0,1,3.5,middle50,False
A-G1.045-C3,134665,2,2002.75,1,4.75,middle50,False
A-G1.045-C3,134665,2,2026.5,1,23.75,middle50,False
A-G1.045-C3,134665,2,2031.5,2,5.0,middle50,False
A-G1.045-C3,134665,2,2034.5,1,3.0,middle50,False
A-G1.045-C3,134665,2,2039.5,1,5.0,middle50,False
A-G1.045-C3,134665,2,2043.75,1,4.25,middle50,False
A-G1.045-C3,134665,2,2047.5,1,3.75,middle50,False
A-G1.045-C3,134665,2,2050.75,1,3.25,middle50,False
A-G1.045-C3,134665,2,2054.5,13,3.75,middle50,False
A-G1.045-C3,134665,2,2056.75,1,2.25,middle50,False
A-G1.045-C3,134665,2,2059.75,1,3.0,middle50,False
A-G1.045-C3,134665,2,2066.0,3,6.25,middle50,False
A-G1.045-C3,134665,2,2075.25,1,9.25,middle50,False
A-G1.045-C3,134665,2,2081.0,1,5.75,middle50,False
A-G1.045-C3,134665,2,2090.5,1,9.5,middle50,False
A-G1.045-C3,134665,2,2093.5,1,3.0,middle50,False
A-G1.045-C3,134665,2,2096.25,9,2.75,middle50,False
A-G1.045-C3,134665,2,2099.0,1,2.75,middle50,False
A-G1.045-C3,134665,2,2102.5,1,3.5,middle50,False
A-G1.045-C3,134665,2,2105.75,1,3.25,middle50,False
A-G1.045-C3,134665,2,2133.5,1,27.75,middle50,False
A-G1.045-C3,134665,2,2135.75,8,2.25,late25,False
A-G1.045-C3,134665,2,2137.25,1,1.5,late25,False
A-G1.045-C3,134665,2,2139.5,1,2.25,late25,False
A-G1.045-C3,134665,2,2142.5,1,3.0,late25,False
A-G1.045-C3,134665,2,2146.0,1,3.5,late25,False
A-G1.045-C3,134665,2,2149.5,1,3.5,late25,False
A-G1.045-C3,134665,2,2155.75,1,6.25,late25,False
A-G1.045-C3,134665,2,2158.0,1,2.25,late25,False
A-G1.045-C3,134665,2,2159.5,1,1.5,late25,False
A-G1.045-C3,134665,2,2168.0,1,8.5,late25,False
A-G1.045-C3,134665,3,2287.5,2,119.5,early25,True
A-G1.045-C3,134665,3,2292.0,2,4.5,early25,True
A-G1.045-C3,134665,3,2295.25,1,3.25,early25,True
A-G1.045-C3,134665,3,2298.25,1,3.0,early25,True
A-G1.045-C3,134665,3,2299.5,1,1.25,early25,True
A-G1.045-C3,134665,3,2307.5,3,8.0,early25,True
A-G1.045-C3,134665,3,2342.25,1,34.75,early25,True
A-G1.045-C3,134665,3,2344.75,1,2.5,early25,True
A-G1.045-C3,134665,3,2347.25,1,2.5,early25,True
A-G1.045-C3,134665,3,2359.75,1,12.5,early25,True
A-G1.045-C3,134665,3,2361.75,1,2.0,early25,True
A-G1.045-C3,134665,3,2382.5,5,20.75,early25,True
A-G1.045-C3,134665,3,2395.5,2,13.0,early25,True
A-G1.045-C3,134665,3,2400.5,1,5.0,early25,True
A-G1.045-C3,134665,3,2408.0,2,7.5,early25,True
A-G1.045-C3,134665,3,2452.5,1,44.5,early25,True
A-G1.045-C3,134665,3,2454.5,1,2.0,early25,True
A-G1.045-C3,134665,3,2456.5,1,2.0,early25,True
A-G1.045-C3,134665,3,2465.75,2,9.25,early25,True
A-G1.045-C3,134665,3,2470.0,1,4.25,early25,True
A-G1.045-C3,134665,3,2476.75,2,6.75,early25,True
A-G1.045-C3,134665,3,2490.0,9,13.25,early25,True
A-G1.045-C3,134665,3,2505.25,2,15.25,early25,True
A-G1.045-C3,134665,3,2510.5,1,5.25,early25,True
A-G1.045-C3,134665,3,2516.25,1,5.75,early25,True
A-G1.045-C3,134665,3,2522.25,1,6.0,early25,True
A-G1.045-C3,134665,3,2527.75,2,5.5,early25,True
A-G1.045-C3,134665,3,2532.75,1,5.0,early25,True
A-G1.045-C3,134665,3,2556.25,1,23.5,early25,True
A-G1.045-C3,134665,3,2560.25,1,4.0,early25,True
A-G1.045-C3,134665,3,2565.25,12,5.0,early25,True
A-G1.045-C3,134665,3,2571.0,1,5.75,early25,True
A-G1.045-C3,134665,3,2581.75,2,10.75,early25,True
A-G1.045-C3,134665,3,2585.5,1,3.75,early25,True
A-G1.045-C3,134665,3,2628.5,2,43.0,middle50,True
A-G1.045-C3,134665,3,2634.0,2,5.5,middle50,True
A-G1.045-C3,134665,3,2639.25,1,5.25,middle50,True
A-G1.045-C3,134665,3,2667.0,1,27.75,middle50,True
A-G1.045-C3,134665,3,2671.5,1,4.5,middle50,True
A-G1.045-C3,134665,3,2679.5,1,8.0,middle50,True
A-G1.045-C3,134665,3,2682.0,1,2.5,middle50,True
A-G1.045-C3,134665,3,2684.25,1,2.25,middle50,True
A-G1.045-C3,134665,3,2693.0,1,8.75,middle50,True
A-G1.045-C3,134665,3,2697.5,1,4.5,middle50,True
A-G1.045-C3,134665,3,2704.75,1,7.25,middle50,True
A-G1.045-C3,134665,3,2713.25,5,8.5,middle50,True
A-G1.045-C3,134665,3,2724.75,1,11.5,middle50,True
A-G1.045-C3,134665,3,2735.75,1,11.0,middle50,True
A-G1.045-C3,134665,3,2741.5,1,5.75,middle50,True
A-G1.045-C3,134665,3,2746.5,1,5.0,middle50,True
A-G1.045-C3,134665,3,2755.75,1,9.25,middle50,True
A-G1.045-C3,134665,3,2779.75,8,24.0,middle50,True
A-G1.045-C3,134665,3,2782.25,4,2.5,middle50,True
A-G1.045-C3,134665,3,2783.5,2,1.25,middle50,True
A-G1.045-C3,134665,3,2792.25,1,8.75,middle50,True
A-G1.045-C3,134665,3,2802.25,1,10.0,middle50,True
A-G1.045-C3,134665,3,2827.0,1,24.75,middle50,True
A-G1.045-C3,134665,3,2838.5,1,11.5,middle50,True
A-G1.045-C3,134665,3,2846.5,1,8.0,middle50,True
A-G1.045-C3,134665,3,2849.5,1,3.0,middle50,True
A-G1.045-C3,134665,3,2885.75,1,36.25,middle50,True
A-G1.045-C3,134665,3,2893.25,1,7.5,middle50,True
A-G1.045-C3,134665,3,2898.75,1,5.5,middle50,True
A-G1.045-C3,134665,3,2902.75,1,4.0,middle50,True
A-G1.045-C3,134665,3,2908.25,1,5.5,middle50,True
A-G1.045-C3,134665,3,2911.75,1,3.5,middle50,True
A-G1.045-C3,134665,3,2924.25,1,12.5,middle50,True
A-G1.045-C3,134665,3,2943.75,1,19.5,middle50,True
A-G1.045-C3,134665,3,2947.5,1,3.75,middle50,True
A-G1.045-C3,134665,3,2956.0,1,8.5,middle50,True
A-G1.045-C3,134665,3,2961.0,1,5.0,middle50,True
A-G1.045-C3,134665,3,2989.25,4,28.25,middle50,True
A-G1.045-C3,134665,3,2995.0,1,5.75,middle50,True
A-G1.045-C3,134665,3,3009.25,1,14.25,middle50,True
A-G1.045-C3,134665,3,3026.5,1,17.25,middle50,True
A-G1.045-C3,134665,3,3049.5,1,23.0,middle50,True
A-G1.045-C3,134665,3,3055.25,1,5.75,middle50,True
A-G1.045-C3,134665,3,3064.25,1,9.0,middle50,True
A-G1.045-C3,134665,3,3098.75,1,34.5,middle50,True
A-G1.045-C3,134665,3,3103.75,1,5.0,middle50,True
A-G1.045-C3,134665,3,3110.75,1,7.0,middle50,True
A-G1.045-C3,134665,3,3120.0,1,9.25,middle50,True
A-G1.045-C3,134665,3,3134.75,2,14.75,middle50,True
A-G1.045-C3,134665,3,3270.25,1,135.5,late25,True
A-G1.045-C3,134665,3,3272.75,1,2.5,late25,True
A-G1.045-C3,134665,3,3282.0,1,9.25,late25,True
A-G1.045-C3,134665,3,3288.0,1,6.0,late25,True
A-G1.045-C3,134665,3,3299.5,1,11.5,late25,True
A-G1.045-C3,134665,3,3327.0,1,27.5,late25,True
A-G1.045-C3,134665,3,3335.25,1,8.25,late25,True
A-G1.045-C3,134665,3,3340.75,1,5.5,late25,True
A-G1.045-C3,134665,3,3343.25,3,2.5,late25,True
A-G1.045-C3,134665,3,3347.75,1,4.5,late25,True
A-G1.045-C3,134665,3,3349.75,1,2.0,late25,True
A-G1.045-C3,134665,3,3354.5,1,4.75,late25,True
A-G1.045-C3,134665,3,3359.75,1,5.25,late25,True
A-G1.045-C3,134665,3,3371.75,2,12.0,late25,True
A-G1.045-C3,134665,3,3382.75,1,11.0,late25,True
A-G1.045-C3,134665,3,3389.0,1,6.25,late25,True
A-G1.045-C3,134665,3,3390.5,2,1.5,late25,True
A-G1.045-C3,134665,3,3398.5,1,8.0,late25,True
A-G1.045-C3,134665,3,3407.0,1,8.5,late25,True
A-G1.045-C3,134665,3,3439.5,1,32.5,late25,True
A-G1.045-C3,134665,3,3447.75,1,8.25,late25,True
A-G1.045-C3,134665,3,3456.75,1,9.0,late25,True
A-G1.045-C3,134665,3,3475.5,1,18.75,late25,True
A-G1.045-C3,134665,3,3483.0,2,7.5,late25,True
A-G1.045-C3,142584,0,0.25,3,,early25,False
A-G1.045-C3,142584,0,8.25,1,8.0,early25,False
A-G1.045-C3,142584,0,23.0,1,14.75,early25,False
A-G1.045-C3,142584,0,38.0,1,15.0,early25,False
A-G1.045-C3,142584,0,46.0,1,8.0,early25,False
A-G1.045-C3,142584,0,49.5,1,3.5,early25,False
A-G1.045-C3,142584,0,54.0,1,4.5,early25,False
A-G1.045-C3,142584,0,107.75,1,53.75,early25,False
A-G1.045-C3,142584,0,113.75,1,6.0,early25,False
A-G1.045-C3,142584,0,159.75,1,46.0,early25,False
A-G1.045-C3,142584,0,168.0,1,8.25,early25,False
A-G1.045-C3,142584,0,177.75,1,9.75,early25,False
A-G1.045-C3,142584,0,217.25,1,39.5,early25,False
A-G1.045-C3,142584,0,222.75,1,5.5,early25,False
A-G1.045-C3,142584,0,232.25,1,9.5,early25,False
A-G1.045-C3,142584,0,236.5,1,4.25,early25,False
A-G1.045-C3,142584,0,272.0,1,35.5,early25,False
A-G1.045-C3,142584,0,279.75,1,7.75,early25,False
A-G1.045-C3,142584,0,282.0,1,2.25,early25,False
A-G1.045-C3,142584,0,327.5,1,45.5,middle50,False
A-G1.045-C3,142584,0,337.5,1,10.0,middle50,False
A-G1.045-C3,142584,0,342.5,1,5.0,middle50,False
A-G1.045-C3,142584,0,344.0,1,1.5,middle50,False
A-G1.045-C3,142584,0,347.5,1,3.5,middle50,False
A-G1.045-C3,142584,0,353.5,1,6.0,middle50,False
A-G1.045-C3,142584,0,364.75,1,11.25,middle50,False
A-G1.045-C3,142584,0,514.25,1,149.5,middle50,False
A-G1.045-C3,142584,0,521.0,1,6.75,middle50,False
A-G1.045-C3,142584,0,529.0,1,8.0,middle50,False
A-G1.045-C3,142584,0,532.75,1,3.75,middle50,False
A-G1.045-C3,142584,0,540.75,1,8.0,middle50,False
A-G1.045-C3,142584,0,572.0,1,31.25,middle50,False
A-G1.045-C3,142584,0,579.75,1,7.75,middle50,False
A-G1.045-C3,142584,0,583.5,1,3.75,middle50,False
A-G1.045-C3,142584,0,590.25,1,6.75,middle50,False
A-G1.045-C3,142584,0,594.75,1,4.5,middle50,False
A-G1.045-C3,142584,0,599.5,1,4.75,middle50,False
A-G1.045-C3,142584,0,608.25,1,8.75,middle50,False
A-G1.045-C3,142584,0,632.25,1,24.0,middle50,False
A-G1.045-C3,142584,0,642.25,1,10.0,middle50,False
A-G1.045-C3,142584,0,644.5,1,2.25,middle50,False
A-G1.045-C3,142584,0,649.5,1,5.0,middle50,False
A-G1.045-C3,142584,0,654.75,1,5.25,middle50,False
A-G1.045-C3,142584,0,686.0,1,31.25,middle50,False
A-G1.045-C3,142584,0,689.5,1,3.5,middle50,False
A-G1.045-C3,142584,0,696.75,1,7.25,middle50,False
A-G1.045-C3,142584,0,704.0,1,7.25,middle50,False
A-G1.045-C3,142584,0,709.25,1,5.25,middle50,False
A-G1.045-C3,142584,0,711.5,1,2.25,middle50,False
A-G1.045-C3,142584,0,864.5,1,153.0,middle50,False
A-G1.045-C3,142584,0,870.5,1,6.0,middle50,False
A-G1.045-C3,142584,0,877.25,1,6.75,middle50,False
A-G1.045-C3,142584,0,881.25,1,4.0,late25,False
A-G1.045-C3,142584,0,918.5,1,37.25,late25,False
A-G1.045-C3,142584,0,926.75,1,8.25,late25,False
A-G1.045-C3,142584,0,929.25,1,2.5,late25,False
A-G1.045-C3,142584,0,934.25,1,5.0,late25,False
A-G1.045-C3,142584,0,940.75,1,6.5,late25,False
A-G1.045-C3,142584,0,947.75,1,7.0,late25,False
A-G1.045-C3,142584,0,976.25,1,28.5,late25,False
A-G1.045-C3,142584,0,980.5,1,4.25,late25,False
A-G1.045-C3,142584,0,984.5,1,4.0,late25,False
A-G1.045-C3,142584,0,990.75,1,6.25,late25,False
A-G1.045-C3,142584,0,996.25,1,5.5,late25,False
A-G1.045-C3,142584,0,1001.75,1,5.5,late25,False
A-G1.045-C3,142584,0,1032.0,1,30.25,late25,False
A-G1.045-C3,142584,0,1036.5,1,4.5,late25,False
A-G1.045-C3,142584,0,1042.25,1,5.75,late25,False
A-G1.045-C3,142584,0,1046.0,1,3.75,late25,False
A-G1.045-C3,142584,0,1052.0,1,6.0,late25,False
A-G1.045-C3,142584,0,1056.0,1,4.0,late25,False
A-G1.045-C3,142584,0,1059.0,1,3.0,late25,False
A-G1.045-C3,142584,0,1172.0,1,113.0,late25,False
A-G1.045-C3,142584,1,1192.0,1,20.0,early25,False
A-G1.045-C3,142584,1,1193.25,1,1.25,early25,False
A-G1.045-C3,142584,1,1195.5,1,2.25,early25,False
A-G1.045-C3,142584,1,1199.75,1,4.25,early25,False
A-G1.045-C3,142584,1,1201.0,1,1.25,early25,False
A-G1.045-C3,142584,1,1203.0,1,2.0,early25,False
A-G1.045-C3,142584,1,1204.75,1,1.75,early25,False
A-G1.045-C3,142584,1,1208.75,1,4.0,early25,False
A-G1.045-C3,142584,1,1209.25,1,0.5,early25,False
A-G1.045-C3,142584,1,1213.75,1,4.5,early25,False
A-G1.045-C3,142584,1,1216.75,1,3.0,early25,False
A-G1.045-C3,142584,1,1245.25,1,28.5,early25,False
A-G1.045-C3,142584,1,1246.0,1,0.75,early25,False
A-G1.045-C3,142584,1,1250.5,2,4.5,early25,False
A-G1.045-C3,142584,1,1254.25,1,3.75,early25,False
A-G1.045-C3,142584,1,1257.25,1,3.0,early25,False
A-G1.045-C3,142584,1,1261.0,1,3.75,early25,False
A-G1.045-C3,142584,1,1264.5,1,3.5,early25,False
A-G1.045-C3,142584,1,1269.25,2,4.75,early25,False
A-G1.045-C3,142584,1,1282.25,1,13.0,early25,False
A-G1.045-C3,142584,1,1426.0,1,143.75,middle50,False
A-G1.045-C3,142584,1,1429.5,1,3.5,middle50,False
A-G1.045-C3,142584,1,1432.75,1,3.25,middle50,False
A-G1.045-C3,142584,1,1441.5,1,8.75,middle50,False
A-G1.045-C3,142584,1,1444.75,1,3.25,middle50,False
A-G1.045-C3,142584,1,1447.5,1,2.75,middle50,False
A-G1.045-C3,142584,1,1452.5,1,5.0,middle50,False
A-G1.045-C3,142584,1,1482.5,1,30.0,middle50,False
A-G1.045-C3,142584,1,1487.0,2,4.5,middle50,False
A-G1.045-C3,142584,1,1492.25,1,5.25,middle50,False
A-G1.045-C3,142584,1,1495.5,2,3.25,middle50,False
A-G1.045-C3,142584,1,1498.5,1,3.0,middle50,False
A-G1.045-C3,142584,1,1502.25,1,3.75,middle50,False
A-G1.045-C3,142584,1,1504.25,1,2.0,middle50,False
A-G1.045-C3,142584,1,1507.0,1,2.75,middle50,False
A-G1.045-C3,142584,1,1510.25,1,3.25,middle50,False
A-G1.045-C3,142584,1,1512.5,1,2.25,middle50,False
A-G1.045-C3,142584,1,1519.5,1,7.0,middle50,False
A-G1.045-C3,142584,1,1537.25,1,17.75,middle50,False
A-G1.045-C3,142584,1,1540.75,1,3.5,middle50,False
A-G1.045-C3,142584,1,1543.5,1,2.75,middle50,False
A-G1.045-C3,142584,1,1545.75,1,2.25,middle50,False
A-G1.045-C3,142584,1,1549.25,1,3.5,middle50,False
A-G1.045-C3,142584,1,1553.75,1,4.5,middle50,False
A-G1.045-C3,142584,1,1557.75,1,4.0,middle50,False
A-G1.045-C3,142584,1,1561.5,1,3.75,middle50,False
A-G1.045-C3,142584,1,1563.25,1,1.75,middle50,False
A-G1.045-C3,142584,1,1593.5,1,30.25,middle50,False
A-G1.045-C3,142584,1,1596.75,1,3.25,late25,False
A-G1.045-C3,142584,1,1600.75,1,4.0,late25,False
A-G1.045-C3,142584,1,1604.0,1,3.25,late25,False
A-G1.045-C3,142584,1,1605.75,1,1.75,late25,False
A-G1.045-C3,142584,1,1613.0,1,7.25,late25,False
A-G1.045-C3,142584,1,1616.25,1,3.25,late25,False
A-G1.045-C3,142584,1,1619.0,1,2.75,late25,False
A-G1.045-C3,142584,1,1622.0,1,3.0,late25,False
A-G1.045-C3,142584,1,1634.75,4,12.75,late25,False
A-G1.045-C3,142584,2,1752.25,1,117.5,early25,False
A-G1.045-C3,142584,2,1753.25,1,1.0,early25,False
A-G1.045-C3,142584,2,1754.0,1,0.75,early25,False
A-G1.045-C3,142584,2,1756.75,2,2.75,early25,False
A-G1.045-C3,142584,2,1759.25,6,2.5,early25,False
A-G1.045-C3,142584,2,1762.0,2,2.75,early25,False
A-G1.045-C3,142584,2,1765.25,2,3.25,early25,False
A-G1.045-C3,142584,2,1767.75,1,2.5,early25,False
A-G1.045-C3,142584,2,1770.25,2,2.5,early25,False
A-G1.045-C3,142584,2,1772.5,1,2.25,early25,False
A-G1.045-C3,142584,2,1779.75,4,7.25,early25,False
A-G1.045-C3,142584,2,1782.25,2,2.5,early25,False
A-G1.045-C3,142584,2,1807.75,1,25.5,early25,False
A-G1.045-C3,142584,2,1809.5,1,1.75,early25,False
A-G1.045-C3,142584,2,1822.75,1,13.25,early25,False
A-G1.045-C3,142584,2,1824.0,2,1.25,early25,False
A-G1.045-C3,142584,2,1826.0,1,2.0,early25,False
A-G1.045-C3,142584,2,1830.75,1,4.75,early25,False
A-G1.045-C3,142584,2,1837.0,4,6.25,early25,False
A-G1.045-C3,142584,2,1862.5,3,25.5,early25,False
A-G1.045-C3,142584,2,1867.5,3,5.0,early25,False
A-G1.045-C3,142584,2,1872.25,2,4.75,early25,False
A-G1.045-C3,142584,2,1878.0,1,5.75,early25,False
A-G1.045-C3,142584,2,1882.25,1,4.25,early25,False
A-G1.045-C3,142584,2,1898.0,3,15.75,early25,False
A-G1.045-C3,142584,2,1916.25,2,18.25,early25,False
A-G1.045-C3,142584,2,1919.0,1,2.75,early25,False
A-G1.045-C3,142584,2,1925.5,3,6.5,early25,False
A-G1.045-C3,142584,2,1929.5,1,4.0,early25,False
A-G1.045-C3,142584,2,1934.5,2,5.0,early25,False
A-G1.045-C3,142584,2,1939.75,3,5.25,early25,False
A-G1.045-C3,142584,2,1943.25,1,3.5,early25,False
A-G1.045-C3,142584,2,1947.25,1,4.0,early25,False
A-G1.045-C3,142584,2,1966.0,1,18.75,early25,False
A-G1.045-C3,142584,2,1968.75,1,2.75,early25,False
A-G1.045-C3,142584,2,1971.25,1,2.5,early25,False
A-G1.045-C3,142584,2,1975.25,2,4.0,early25,False
A-G1.045-C3,142584,2,1987.5,2,12.25,early25,False
A-G1.045-C3,142584,2,1991.5,2,4.0,early25,False
A-G1.045-C3,142584,2,2022.75,2,31.25,early25,False
A-G1.045-C3,142584,2,2031.0,1,8.25,early25,False
A-G1.045-C3,142584,2,2035.75,2,4.75,early25,False
A-G1.045-C3,142584,2,2038.5,1,2.75,early25,False
A-G1.045-C3,142584,2,2042.25,1,3.75,early25,False
A-G1.045-C3,142584,2,2045.75,1,3.5,early25,False
A-G1.045-C3,142584,2,2055.5,2,9.75,early25,False
A-G1.045-C3,142584,2,2198.25,1,142.75,middle50,False
A-G1.045-C3,142584,2,2202.0,1,3.75,middle50,False
A-G1.045-C3,142584,2,2205.25,2,3.25,middle50,False
A-G1.045-C3,142584,2,2209.75,1,4.5,middle50,False
A-G1.045-C3,142584,2,2216.0,2,6.25,middle50,False
A-G1.045-C3,142584,2,2226.75,2,10.75,middle50,False
A-G1.045-C3,142584,2,2263.5,2,36.75,middle50,False
A-G1.045-C3,142584,2,2275.25,2,11.75,middle50,False
A-G1.045-C3,142584,2,2278.0,1,2.75,middle50,False
A-G1.045-C3,142584,2,2281.0,1,3.0,middle50,False
A-G1.045-C3,142584,2,2300.25,1,19.25,middle50,False
A-G1.045-C3,142584,2,2307.25,1,7.0,middle50,False
A-G1.045-C3,142584,2,2312.0,1,4.75,middle50,False
A-G1.045-C3,142584,2,2318.0,2,6.0,middle50,False
A-G1.045-C3,142584,2,2324.5,1,6.5,middle50,False
A-G1.045-C3,142584,2,2357.25,1,32.75,middle50,False
A-G1.045-C3,142584,2,2360.75,1,3.5,middle50,False
A-G1.045-C3,142584,2,2367.5,2,6.75,middle50,False
A-G1.045-C3,142584,2,2372.0,1,4.5,middle50,False
A-G1.045-C3,142584,2,2374.75,1,2.75,middle50,False
A-G1.045-C3,142584,2,2380.5,1,5.75,middle50,False
A-G1.045-C3,142584,2,2383.25,1,2.75,middle50,False
A-G1.045-C3,142584,2,2386.0,2,2.75,middle50,False
A-G1.045-C3,142584,2,2395.5,3,9.5,middle50,False
A-G1.045-C3,142584,2,2536.25,2,140.75,middle50,False
A-G1.045-C3,142584,2,2541.75,2,5.5,middle50,False
A-G1.045-C3,142584,2,2547.5,1,5.75,middle50,False
A-G1.045-C3,142584,2,2552.75,1,5.25,middle50,False
A-G1.045-C3,142584,2,2557.75,1,5.0,middle50,False
A-G1.045-C3,142584,2,2560.5,1,2.75,middle50,False
A-G1.045-C3,142584,2,2592.5,1,32.0,middle50,False
A-G1.045-C3,142584,2,2597.5,1,5.0,middle50,False
A-G1.045-C3,142584,2,2604.0,2,6.5,middle50,False
A-G1.045-C3,142584,2,2612.0,2,8.0,middle50,False
A-G1.045-C3,142584,2,2616.0,1,4.0,middle50,False
A-G1.045-C3,142584,2,2637.25,1,21.25,middle50,False
A-G1.045-C3,142584,2,2641.5,1,4.25,middle50,False
A-G1.045-C3,142584,2,2655.75,2,14.25,middle50,False
A-G1.045-C3,142584,2,2661.25,1,5.5,middle50,False
A-G1.045-C3,142584,2,2665.25,1,4.0,middle50,False
A-G1.045-C3,142584,2,2695.5,1,30.25,middle50,False
A-G1.045-C3,142584,2,2699.5,1,4.0,middle50,False
A-G1.045-C3,142584,2,2705.0,1,5.5,middle50,False
A-G1.045-C3,142584,2,2711.25,1,6.25,middle50,False
A-G1.045-C3,142584,2,2716.25,2,5.0,middle50,False
A-G1.045-C3,142584,2,2719.0,1,2.75,middle50,False
A-G1.045-C3,142584,2,2735.5,3,16.5,middle50,False
A-G1.045-C3,142584,2,2852.5,1,117.0,late25,False
A-G1.045-C3,142584,2,2860.75,1,8.25,late25,False
A-G1.045-C3,142584,2,2865.5,1,4.75,late25,False
A-G1.045-C3,142584,2,2870.25,1,4.75,late25,False
A-G1.045-C3,142584,2,2874.0,1,3.75,late25,False
A-G1.045-C3,142584,2,2876.25,1,2.25,late25,False
A-G1.045-C3,142584,2,2881.75,1,5.5,late25,False
A-G1.045-C3,142584,2,2885.25,1,3.5,late25,False
A-G1.045-C3,142584,2,2908.75,1,23.5,late25,False
A-G1.045-C3,142584,2,2912.75,1,4.0,late25,False
A-G1.045-C3,142584,2,2914.75,7,2.0,late25,False
A-G1.045-C3,142584,2,2918.5,1,3.75,late25,False
A-G1.045-C3,142584,2,2922.25,1,3.75,late25,False
A-G1.045-C3,142584,2,2926.0,1,3.75,late25,False
A-G1.045-C3,142584,2,2934.25,1,8.25,late25,False
A-G1.045-C3,142584,2,2937.0,1,2.75,late25,False
A-G1.045-C3,142584,2,2940.75,1,3.75,late25,False
A-G1.045-C3,142584,2,2948.0,2,7.25,late25,False
A-G1.045-C3,142584,2,2958.2499999999,1,10.249999999899956,late25,False
A-G1.045-C3,142584,2,2963.4999999999,1,5.25,late25,False
A-G1.045-C3,142584,2,2966.7499999999,1,3.25,late25,False
A-G1.045-C3,142584,2,2974.2499999999,1,7.5,late25,False
A-G1.045-C3,142584,2,2976.7499999999,6,2.5,late25,False
A-G1.045-C3,142584,2,2979.7499999999,2,3.0,late25,False
A-G1.045-C3,142584,2,2982.4999999999,1,2.75,late25,False
A-G1.045-C3,142584,2,3017.2499999999,1,34.75,late25,False
A-G1.045-C3,142584,2,3019.2499999999,2,2.0,late25,False
A-G1.045-C3,142584,2,3025.4999999999,2,6.25,late25,False
A-G1.045-C3,142584,2,3031.4999999999,1,6.0,late25,False
A-G1.045-C3,142584,2,3034.4999999999,1,3.0,late25,False
A-G1.045-C3,142584,2,3039.9999999999,1,5.5,late25,False
A-G1.045-C3,142584,2,3043.9999999999,1,4.0,late25,False
A-G1.045-C3,142584,2,3055.9999999999,2,12.0,late25,False
A-G1.045-C3,142584,3,3172.4999999999,3,116.5,early25,True
A-G1.045-C3,142584,3,3174.7499999999,1,2.25,early25,True
A-G1.045-C3,142584,3,3181.2499999999,1,6.5,early25,True
A-G1.045-C3,142584,3,3185.7499999999,1,4.5,early25,True
A-G1.045-C3,142584,3,3190.4999999999,1,4.75,early25,True
A-G1.045-C3,142584,3,3196.4999999999,2,6.0,early25,True
A-G1.045-C3,142584,3,3201.9999999999,1,5.5,early25,True
A-G1.045-C3,142584,3,3229.2499999999,1,27.25,early25,True
A-G1.045-C3,142584,3,3232.9999999999,1,3.75,early25,True
A-G1.045-C3,142584,3,3236.2499999999,1,3.25,early25,True
A-G1.045-C3,142584,3,3249.9999999999,12,13.75,early25,True
A-G1.045-C3,142584,3,3252.7499999999,1,2.75,early25,True
A-G1.045-C3,142584,3,3255.9999999999,1,3.25,early25,True
A-G1.045-C3,142584,3,3258.9999999999,1,3.0,early25,True
A-G1.045-C3,142584,3,3265.7499999999,1,6.75,early25,True
A-G1.045-C3,142584,3,3299.4999999999,1,33.75,middle50,True
A-G1.045-C3,142584,3,3305.4999999999,1,6.0,middle50,True
A-G1.045-C3,142584,3,3308.7499999999,1,3.25,middle50,True
A-G1.045-C3,142584,3,3311.9999999999,1,3.25,middle50,True
A-G1.045-C3,142584,3,3315.4999999999,1,3.5,middle50,True
A-G1.045-C3,142584,3,3349.4999999999,2,34.0,middle50,True
A-G1.045-C3,142584,3,3351.7499999999,1,2.25,middle50,True
A-G1.045-C3,142584,3,3361.7499999999,2,10.0,middle50,True
A-G1.045-C3,142584,3,3370.9999999999,1,9.25,middle50,True
A-G1.045-C3,142584,3,3379.2499999999,1,8.25,middle50,True
A-G1.045-C3,142584,3,3394.2499999999,1,15.0,middle50,True
A-G1.045-C3,142584,3,3400.9999999999,1,6.75,middle50,True
A-G1.045-C3,142584,3,3411.7499999999,2,10.75,middle50,True
A-G1.045-C3,142584,3,3418.2499999999,1,6.5,middle50,True
A-G1.045-C3,142584,3,3458.2499999999,1,40.0,middle50,True
A-G1.045-C3,142584,3,3464.9999999999,2,6.75,middle50,True
A-G1.045-C3,142584,3,3470.2499999999,1,5.25,middle50,True
A-G1.045-C3,142584,3,3476.2499999999,1,6.0,middle50,True
A-G1.045-C3,142584,3,3512.2499999999,1,36.0,late25,True
A-G1.045-C3,142584,3,3520.4999999999,1,8.25,late25,True
A-G1.045-C3,142584,3,3527.7499999999,1,7.25,late25,True
A-G1.045-C3,142584,3,3572.7499999999,2,45.0,late25,True
A-G1.045-C3,142584,3,3577.9999999999,1,5.25,late25,True
A-G1.045-C3,142584,3,3586.4999999999,1,8.5,late25,True
A-G1.045-C3,142584,3,3597.9999999999,1,11.5,late25,True
A-G1.045-C3,150503,0,0.25,3,,early25,False
A-G1.045-C3,150503,0,8.5,1,8.25,early25,False
A-G1.045-C3,150503,0,10.5,1,2.0,early25,False
A-G1.045-C3,150503,0,20.75,1,10.25,early25,False
A-G1.045-C3,150503,0,24.5,1,3.75,early25,False
A-G1.045-C3,150503,0,33.0,1,8.5,early25,False
A-G1.045-C3,150503,0,54.25,1,21.25,early25,False
A-G1.045-C3,150503,0,57.5,1,3.25,early25,False
A-G1.045-C3,150503,0,98.0,1,40.5,early25,False
A-G1.045-C3,150503,0,106.25,1,8.25,early25,False
A-G1.045-C3,150503,0,111.0,1,4.75,early25,False
A-G1.045-C3,150503,0,128.5,5,17.5,early25,False
A-G1.045-C3,150503,0,155.75,2,27.25,early25,False
A-G1.045-C3,150503,0,160.0,1,4.25,early25,False
A-G1.045-C3,150503,0,168.0,1,8.0,early25,False
A-G1.045-C3,150503,0,174.75,1,6.75,early25,False
A-G1.045-C3,150503,0,178.75,1,4.0,middle50,False
A-G1.045-C3,150503,0,210.75,1,32.0,middle50,False
A-G1.045-C3,150503,0,213.0,1,2.25,middle50,False
A-G1.045-C3,150503,0,222.75,1,9.75,middle50,False
A-G1.045-C3,150503,0,226.0,1,3.25,middle50,False
A-G1.045-C3,150503,0,232.25,1,6.25,middle50,False
A-G1.045-C3,150503,0,234.25,1,2.0,middle50,False
A-G1.045-C3,150503,0,389.25,1,155.0,middle50,False
A-G1.045-C3,150503,0,399.25,1,10.0,middle50,False
A-G1.045-C3,150503,0,411.0,1,11.75,middle50,False
A-G1.045-C3,150503,0,414.5,1,3.5,middle50,False
A-G1.045-C3,150503,0,445.75,1,31.25,middle50,False
A-G1.045-C3,150503,0,452.75,1,7.0,middle50,False
A-G1.045-C3,150503,0,456.75,1,4.0,middle50,False
A-G1.045-C3,150503,0,460.0,1,3.25,middle50,False
A-G1.045-C3,150503,0,466.0,1,6.0,middle50,False
A-G1.045-C3,150503,0,471.5,1,5.5,middle50,False
A-G1.045-C3,150503,0,505.0,1,33.5,middle50,False
A-G1.045-C3,150503,0,509.75,1,4.75,middle50,False
A-G1.045-C3,150503,0,516.75,1,7.0,middle50,False
A-G1.045-C3,150503,0,522.25,1,5.5,middle50,False
A-G1.045-C3,150503,0,527.5,1,5.25,middle50,False
A-G1.045-C3,150503,0,562.75,1,35.25,late25,False
A-G1.045-C3,150503,0,567.5,1,4.75,late25,False
A-G1.045-C3,150503,0,572.75,1,5.25,late25,False
A-G1.045-C3,150503,0,579.75,1,7.0,late25,False
A-G1.045-C3,150503,0,583.25,1,3.5,late25,False
A-G1.045-C3,150503,0,586.25,1,3.0,late25,False
A-G1.045-C3,150503,0,590.0,1,3.75,late25,False
A-G1.045-C3,150503,0,596.5,1,6.5,late25,False
A-G1.045-C3,150503,1,710.75,1,114.25,early25,False
A-G1.045-C3,150503,1,729.2499999999,1,18.499999999899956,early25,False
A-G1.045-C3,150503,1,733.2499999999,1,4.0,early25,False
A-G1.045-C3,150503,1,737.7499999999,1,4.5,early25,False
A-G1.045-C3,150503,1,743.4999999999,2,5.75,early25,False
A-G1.045-C3,150503,1,749.7499999999,1,6.25,early25,False
A-G1.045-C3,150503,1,756.4999999999,2,6.75,early25,False
A-G1.045-C3,150503,1,784.9999999999,2,28.5,early25,False
A-G1.045-C3,150503,1,789.7499999999,1,4.75,early25,False
A-G1.045-C3,150503,1,792.9999999999,1,3.25,early25,False
A-G1.045-C3,150503,1,797.2499999999,2,4.25,early25,False
A-G1.045-C3,150503,1,800.9999999999,21,3.75,early25,False
A-G1.045-C3,150503,1,801.7499999999,1,0.75,early25,False
A-G1.045-C3,150503,1,809.2499999999,1,7.5,early25,False
A-G1.045-C3,150503,1,841.4999999999,1,32.25,early25,False
A-G1.045-C3,150503,1,845.9999999999,2,4.5,early25,False
A-G1.045-C3,150503,1,851.9999999999,2,6.0,early25,False
A-G1.045-C3,150503,1,859.9999999999,1,8.0,early25,False
A-G1.045-C3,150503,1,894.2499999999,1,34.25,middle50,False
A-G1.045-C3,150503,1,896.9999999999,1,2.75,middle50,False
A-G1.045-C3,150503,1,899.7499999999,1,2.75,middle50,False
A-G1.045-C3,150503,1,903.2499999999,2,3.5,middle50,False
A-G1.045-C3,150503,1,909.2499999999,1,6.0,middle50,False
A-G1.045-C3,150503,1,912.7499999999,1,3.5,middle50,False
A-G1.045-C3,150503,1,915.2499999999,1,2.5,middle50,False
A-G1.045-C3,150503,1,917.7499999999,1,2.5,middle50,False
A-G1.045-C3,150503,1,922.2499999999,1,4.5,middle50,False
A-G1.045-C3,150503,1,929.4999999999,1,7.25,middle50,False
A-G1.045-C3,150503,1,1069.2499999999,1,139.75,middle50,False
A-G1.045-C3,150503,1,1073.2499999999,1,4.0,middle50,False
A-G1.045-C3,150503,1,1076.2499999999,1,3.0,middle50,False
A-G1.045-C3,150503,1,1080.9999999999,1,4.75,middle50,False
A-G1.045-C3,150503,1,1082.9999999999,1,2.0,middle50,False
A-G1.045-C3,150503,1,1090.9999999999,1,8.0,middle50,False
A-G1.045-C3,150503,1,1096.7499999999,1,5.75,middle50,False
A-G1.045-C3,150503,1,1122.9999999999,1,26.25,middle50,False
A-G1.045-C3,150503,1,1126.9999999999,1,4.0,middle50,False
A-G1.045-C3,150503,1,1131.2499999999,1,4.25,middle50,False
A-G1.045-C3,150503,1,1133.4999999999,1,2.25,middle50,False
A-G1.045-C3,150503,1,1141.2499999999,2,7.75,middle50,False
A-G1.045-C3,150503,1,1146.4999999999,1,5.25,middle50,False
A-G1.045-C3,150503,1,1151.7499999999,1,5.25,middle50,False
A-G1.045-C3,150503,1,1154.9999999999,2,3.25,middle50,False
A-G1.045-C3,150503,1,1167.4999999999,4,12.5,middle50,False
A-G1.045-C3,150503,1,1180.7499999999,4,13.25,middle50,False
A-G1.045-C3,150503,1,1184.7499999999,1,4.0,middle50,False
A-G1.045-C3,150503,1,1195.4999999999,4,10.75,middle50,False
A-G1.045-C3,150503,1,1197.2499999999,3,1.75,middle50,False
A-G1.045-C3,150503,1,1201.9999999999,1,4.75,middle50,False
A-G1.045-C3,150503,1,1204.2499999999,2,2.25,middle50,False
A-G1.045-C3,150503,1,1206.2499999999,1,2.0,middle50,False
A-G1.045-C3,150503,1,1235.9999999999,1,29.75,late25,False
A-G1.045-C3,150503,1,1238.4999999999,1,2.5,late25,False
A-G1.045-C3,150503,1,1241.4999999999,1,3.0,late25,False
A-G1.045-C3,150503,1,1242.2499999999,2,0.75,late25,False
A-G1.045-C3,150503,1,1244.7499999999,1,2.5,late25,False
A-G1.045-C3,150503,1,1247.4999999999,1,2.75,late25,False
A-G1.045-C3,150503,1,1249.4999999999,1,2.0,late25,False
A-G1.045-C3,150503,1,1256.4999999999,2,7.0,late25,False
A-G1.045-C3,150503,1,1265.9999999999,1,9.5,late25,False
A-G1.045-C3,150503,1,1272.7499999999,1,6.75,late25,False
A-G1.045-C3,150503,2,1393.9999999999,1,121.25,early25,False
A-G1.045-C3,150503,2,1396.4999999999,2,2.5,early25,False
A-G1.045-C3,150503,2,1399.2499999999,2,2.75,early25,False
A-G1.045-C3,150503,2,1403.2499999999,2,4.0,early25,False
A-G1.045-C3,150503,2,1405.4999999999,1,2.25,early25,False
A-G1.045-C3,150503,2,1408.7499999999,2,3.25,early25,False
A-G1.045-C3,150503,2,1413.2499999999,2,4.5,early25,False
A-G1.045-C3,150503,2,1417.4999999999,2,4.25,early25,False
A-G1.045-C3,150503,2,1419.7499999999,1,2.25,early25,False
A-G1.045-C3,150503,2,1422.7499999999,2,3.0,early25,False
A-G1.045-C3,150503,2,1452.2499999999,1,29.5,early25,False
A-G1.045-C3,150503,2,1457.9999999999,3,5.75,early25,False
A-G1.045-C3,150503,2,1463.4999999999,2,5.5,early25,False
A-G1.045-C3,150503,2,1466.9999999999,1,3.5,early25,False
A-G1.045-C3,150503,2,1476.2499999999,1,9.25,early25,False
A-G1.045-C3,150503,2,1477.7499999999,2,1.5,early25,False
A-G1.045-C3,150503,2,1495.7499999999,1,18.0,early25,False
A-G1.045-C3,150503,2,1515.4999999999,3,19.75,early25,False
A-G1.045-C3,150503,2,1520.7499999999,2,5.25,early25,False
A-G1.045-C3,150503,2,1523.9999999999,1,3.25,early25,False
A-G1.045-C3,150503,2,1530.4999999999,2,6.5,early25,False
A-G1.045-C3,150503,2,1565.7499999999,1,35.25,early25,False
A-G1.045-C3,150503,2,1568.9999999999,2,3.25,early25,False
A-G1.045-C3,150503,2,1572.9999999999,1,4.0,early25,False
A-G1.045-C3,150503,2,1574.9999999999,1,2.0,early25,False
A-G1.045-C3,150503,2,1581.9999999999,2,7.0,middle50,False
A-G1.045-C3,150503,2,1586.2499999999,2,4.25,middle50,False
A-G1.045-C3,150503,2,1593.4999999999,2,7.25,middle50,False
A-G1.045-C3,150503,2,1601.7499999999,1,8.25,middle50,False
A-G1.045-C3,150503,2,1608.4999999999,5,6.75,middle50,False
A-G1.045-C3,150503,2,1620.9999999999,2,12.5,middle50,False
A-G1.045-C3,150503,2,1625.4999999999,5,4.5,middle50,False
A-G1.045-C3,150503,2,1630.7499999999,5,5.25,middle50,False
A-G1.045-C3,150503,2,1632.4999999999,4,1.75,middle50,False
A-G1.045-C3,150503,2,1637.9999999999,2,5.5,middle50,False
A-G1.045-C3,150503,2,1642.4999999999,1,4.5,middle50,False
A-G1.045-C3,150503,2,1644.7499999999,1,2.25,middle50,False
A-G1.045-C3,150503,2,1674.9999999999,1,30.25,middle50,False
A-G1.045-C3,150503,2,1677.9999999999,1,3.0,middle50,False
A-G1.045-C3,150503,2,1680.7499999999,1,2.75,middle50,False
A-G1.045-C3,150503,2,1684.2499999999,1,3.5,middle50,False
A-G1.045-C3,150503,2,1688.7499999999,2,4.5,middle50,False
A-G1.045-C3,150503,2,1695.4999999999,1,6.75,middle50,False
A-G1.045-C3,150503,2,1698.7499999999,2,3.25,middle50,False
A-G1.045-C3,150503,2,1702.2499999999,1,3.5,middle50,False
A-G1.045-C3,150503,2,1859.75,1,157.50000000010004,middle50,False
A-G1.045-C3,150503,2,1862.5,1,2.75,middle50,False
A-G1.045-C3,150503,2,1868.25,1,5.75,middle50,False
A-G1.045-C3,150503,2,1871.5,1,3.25,middle50,False
A-G1.045-C3,150503,2,1878.0,2,6.5,middle50,False
A-G1.045-C3,150503,2,1884.75,1,6.75,middle50,False
A-G1.045-C3,150503,2,1888.5,1,3.75,middle50,False
A-G1.045-C3,150503,2,1892.0,1,3.5,middle50,False
A-G1.045-C3,150503,2,1918.0,1,26.0,middle50,False
A-G1.045-C3,150503,2,1921.25,1,3.25,middle50,False
A-G1.045-C3,150503,2,1926.5,1,5.25,middle50,False
A-G1.045-C3,150503,2,1929.25,11,2.75,middle50,False
A-G1.045-C3,150503,2,1933.25,1,4.0,middle50,False
A-G1.045-C3,150503,2,1940.0,1,6.75,middle50,False
A-G1.045-C3,150503,2,1948.75,1,8.75,middle50,False
A-G1.045-C3,150503,2,1973.5,1,24.75,middle50,False
A-G1.045-C3,150503,2,1976.75,1,3.25,middle50,False
A-G1.045-C3,150503,2,1979.75,1,3.0,middle50,False
A-G1.045-C3,150503,2,1985.5,1,5.75,late25,False
A-G1.045-C3,150503,2,1990.5,1,5.0,late25,False
A-G1.045-C3,150503,2,1995.25,1,4.75,late25,False
A-G1.045-C3,150503,2,2002.5,1,7.25,late25,False
A-G1.045-C3,150503,2,2007.25,1,4.75,late25,False
A-G1.045-C3,150503,2,2032.75,1,25.5,late25,False
A-G1.045-C3,150503,2,2034.75,1,2.0,late25,False
A-G1.045-C3,150503,2,2040.25,1,5.5,late25,False
A-G1.045-C3,150503,2,2044.25,1,4.0,late25,False
A-G1.045-C3,150503,2,2048.25,2,4.0,late25,False
A-G1.045-C3,150503,2,2051.25,1,3.0,late25,False
A-G1.045-C3,150503,2,2055.5,1,4.25,late25,False
A-G1.045-C3,150503,2,2058.5,1,3.0,late25,False
A-G1.045-C3,150503,3,2201.0,3,142.5,early25,True
A-G1.045-C3,150503,3,2204.5,2,3.5,early25,True
A-G1.045-C3,150503,3,2217.0,3,12.5,early25,True
A-G1.045-C3,150503,3,2222.25,2,5.25,early25,True
A-G1.045-C3,150503,3,2227.5,3,5.25,early25,True
A-G1.045-C3,150503,3,2231.5,1,4.0,early25,True
A-G1.045-C3,150503,3,2256.75,3,25.25,early25,True
A-G1.045-C3,150503,3,2258.75,2,2.0,early25,True
A-G1.045-C3,150503,3,2260.5,2,1.75,early25,True
A-G1.045-C3,150503,3,2262.5,1,2.0,early25,True
A-G1.045-C3,150503,3,2264.5,1,2.0,early25,True
A-G1.045-C3,150503,3,2270.75,3,6.25,early25,True
A-G1.045-C3,150503,3,2277.25,2,6.5,early25,True
A-G1.045-C3,150503,3,2283.5,3,6.25,early25,True
A-G1.045-C3,150503,3,2313.25,1,29.75,early25,True
A-G1.045-C3,150503,3,2316.5,1,3.25,early25,True
A-G1.045-C3,150503,3,2320.75,2,4.25,early25,True
A-G1.045-C3,150503,3,2325.0,1,4.25,early25,True
A-G1.045-C3,150503,3,2329.75,2,4.75,early25,True
A-G1.045-C3,150503,3,2334.5,1,4.75,early25,True
A-G1.045-C3,150503,3,2338.25,2,3.75,early25,True
A-G1.045-C3,150503,3,2342.25,13,4.0,early25,True
A-G1.045-C3,150503,3,2372.5,1,30.25,early25,True
A-G1.045-C3,150503,3,2378.25,2,5.75,early25,True
A-G1.045-C3,150503,3,2389.75,3,11.5,early25,True
A-G1.045-C3,150503,3,2400.0,2,10.25,early25,True
A-G1.045-C3,150503,3,2436.25,2,36.25,early25,True
A-G1.045-C3,150503,3,2439.0,1,2.75,early25,True
A-G1.045-C3,150503,3,2454.0,1,15.0,early25,True
A-G1.045-C3,150503,3,2458.0,1,4.0,early25,True
A-G1.045-C3,150503,3,2483.5,1,25.5,early25,True
A-G1.045-C3,150503,3,2485.25,1,1.75,early25,True
A-G1.045-C3,150503,3,2488.0,1,2.75,early25,True
A-G1.045-C3,150503,3,2490.25,8,2.25,early25,True
A-G1.045-C3,150503,3,2502.0,1,11.75,early25,True
A-G1.045-C3,150503,3,2508.75,2,6.75,early25,True
A-G1.045-C3,150503,3,2515.5,1,6.75,early25,True
A-G1.045-C3,150503,3,2528.25,6,12.75,early25,True
A-G1.045-C3,150503,3,2548.25,1,20.0,middle50,True
A-G1.045-C3,150503,3,2550.5,1,2.25,middle50,True
A-G1.045-C3,150503,3,2555.5,5,5.0,middle50,True
A-G1.045-C3,150503,3,2565.5,1,10.0,middle50,True
A-G1.045-C3,150503,3,2596.0,1,30.5,middle50,True
A-G1.045-C3,150503,3,2599.0,1,3.0,middle50,True
A-G1.045-C3,150503,3,2604.5,1,5.5,middle50,True
A-G1.045-C3,150503,3,2609.75,2,5.25,middle50,True
A-G1.045-C3,150503,3,2615.0,1,5.25,middle50,True
A-G1.045-C3,150503,3,2620.25,1,5.25,middle50,True
A-G1.045-C3,150503,3,2629.75,1,9.5,middle50,True
A-G1.045-C3,150503,3,2637.25,5,7.5,middle50,True
A-G1.045-C3,150503,3,2659.75,1,22.5,middle50,True
A-G1.045-C3,150503,3,2663.25,1,3.5,middle50,True
A-G1.045-C3,150503,3,2669.75,1,6.5,middle50,True
A-G1.045-C3,150503,3,2673.75,1,4.0,middle50,True
A-G1.045-C3,150503,3,2703.0,6,29.25,middle50,True
A-G1.045-C3,150503,3,2709.5,1,6.5,middle50,True
A-G1.045-C3,150503,3,2713.0,1,3.5,middle50,True
A-G1.045-C3,150503,3,2715.75,1,2.75,middle50,True
A-G1.045-C3,150503,3,2721.5,1,5.75,middle50,True
A-G1.045-C3,150503,3,2727.5,1,6.0,middle50,True
A-G1.045-C3,150503,3,2734.75,1,7.25,middle50,True
A-G1.045-C3,150503,3,2741.75,2,7.0,middle50,True
A-G1.045-C3,150503,3,2756.75,1,15.0,middle50,True
A-G1.045-C3,150503,3,2764.25,1,7.5,middle50,True
A-G1.045-C3,150503,3,2767.5,1,3.25,middle50,True
A-G1.045-C3,150503,3,2777.0,2,9.5,middle50,True
A-G1.045-C3,150503,3,2816.5,1,39.5,middle50,True
A-G1.045-C3,150503,3,2822.0,1,5.5,middle50,True
A-G1.045-C3,150503,3,2831.5,1,9.5,middle50,True
A-G1.045-C3,150503,3,2836.75,1,5.25,middle50,True
A-G1.045-C3,150503,3,2847.25,1,10.5,middle50,True
A-G1.045-C3,150503,3,2855.0,3,7.75,middle50,True
A-G1.045-C3,150503,3,2876.5,1,21.5,middle50,True
A-G1.045-C3,150503,3,2882.25,1,5.75,middle50,True
A-G1.045-C3,150503,3,2920.0,1,37.75,middle50,True
A-G1.045-C3,150503,3,2927.75,1,7.75,middle50,True
A-G1.045-C3,150503,3,2940.25,1,12.5,middle50,True
A-G1.045-C3,150503,3,2945.0,1,4.75,middle50,True
A-G1.045-C3,150503,3,2957.25,1,12.25,middle50,True
A-G1.045-C3,150503,3,3106.5,1,149.25,middle50,True
A-G1.045-C3,150503,3,3116.5,1,10.0,middle50,True
A-G1.045-C3,150503,3,3161.25,1,44.75,middle50,True
A-G1.045-C3,150503,3,3165.0,1,3.75,middle50,True
A-G1.045-C3,150503,3,3173.25,1,8.25,middle50,True
A-G1.045-C3,150503,3,3182.75,1,9.5,middle50,True
A-G1.045-C3,150503,3,3190.75,1,8.0,middle50,True
A-G1.045-C3,150503,3,3196.5,1,5.75,middle50,True
A-G1.045-C3,150503,3,3209.75,1,13.25,middle50,True
A-G1.045-C3,150503,3,3220.0,1,10.25,middle50,True
A-G1.045-C3,150503,3,3227.0,1,7.0,middle50,True
A-G1.045-C3,150503,3,3230.75,3,3.75,middle50,True
A-G1.045-C3,150503,3,3261.25,1,30.5,late25,True
A-G1.045-C3,150503,3,3267.0,1,5.75,late25,True
A-G1.045-C3,150503,3,3278.25,1,11.25,late25,True
A-G1.045-C3,150503,3,3288.5,1,10.25,late25,True
A-G1.045-C3,150503,3,3445.5,1,157.0,late25,True
A-G1.045-C3,150503,3,3454.5,1,9.0,late25,True
A-G1.045-C3,150503,3,3464.75,1,10.25,late25,True
A-G1.045-C3,150503,3,3478.0,1,13.25,late25,True
A-G1.045-C3,150503,3,3510.75,1,32.75,late25,True
A-G1.045-C3,150503,3,3517.75,1,7.0,late25,True
A-G1.045-C3,150503,3,3527.5,1,9.75,late25,True
A-G1.045-C3,150503,3,3542.75,3,15.25,late25,True
A-G1.045-C3,150503,3,3558.5,1,15.75,late25,True
A-G1.045-C3,150503,3,3561.0,2,2.5,late25,True
A-G1.045-C3,150503,3,3570.0,1,9.0,late25,True
A-G1.045-C3,150503,3,3573.75,2,3.75,late25,True
A-G1.045-C3,150503,3,3579.5,2,5.75,late25,True
A-G1.045-C3,150503,3,3580.75,1,1.25,late25,True
A-G1.045-C3,158422,0,0.25,3,,early25,False
A-G1.045-C3,158422,0,8.5,1,8.25,early25,False
A-G1.045-C3,158422,0,22.5,1,14.0,early25,False
A-G1.045-C3,158422,0,39.25,1,16.75,early25,False
A-G1.045-C3,158422,0,53.25,1,14.0,early25,False
A-G1.045-C3,158422,0,93.5,1,40.25,early25,False
A-G1.045-C3,158422,0,104.75,1,11.25,early25,False
A-G1.045-C3,158422,0,108.5,1,3.75,early25,False
A-G1.045-C3,158422,0,119.75,1,11.25,early25,False
A-G1.045-C3,158422,0,129.5,4,9.75,early25,False
A-G1.045-C3,158422,0,153.5,1,24.0,early25,False
A-G1.045-C3,158422,0,164.75,1,11.25,early25,False
A-G1.045-C3,158422,0,172.5,1,7.75,early25,False
A-G1.045-C3,158422,0,181.25,1,8.75,middle50,False
A-G1.045-C3,158422,0,218.25,1,37.0,middle50,False
A-G1.045-C3,158422,0,225.75,1,7.5,middle50,False
A-G1.045-C3,158422,0,233.0,1,7.25,middle50,False
A-G1.045-C3,158422,0,234.75,1,1.75,middle50,False
A-G1.045-C3,158422,0,239.0,1,4.25,middle50,False
A-G1.045-C3,158422,0,405.5,1,166.5,middle50,False
A-G1.045-C3,158422,0,410.0,1,4.5,middle50,False
A-G1.045-C3,158422,0,414.0,1,4.0,middle50,False
A-G1.045-C3,158422,0,419.75,1,5.75,middle50,False
A-G1.045-C3,158422,0,429.0,1,9.25,middle50,False
A-G1.045-C3,158422,0,437.5,1,8.5,middle50,False
A-G1.045-C3,158422,0,463.5,1,26.0,middle50,False
A-G1.045-C3,158422,0,471.5,1,8.0,middle50,False
A-G1.045-C3,158422,0,479.0,2,7.5,middle50,False
A-G1.045-C3,158422,0,488.75,1,9.75,middle50,False
A-G1.045-C3,158422,0,495.0,12,6.25,middle50,False
A-G1.045-C3,158422,0,526.0,1,31.0,middle50,False
A-G1.045-C3,158422,0,538.75,1,12.75,late25,False
A-G1.045-C3,158422,0,572.25,1,33.5,late25,False
A-G1.045-C3,158422,0,577.5,1,5.25,late25,False
A-G1.045-C3,158422,0,583.5,1,6.0,late25,False
A-G1.045-C3,158422,0,589.25,1,5.75,late25,False
A-G1.045-C3,158422,0,594.5,1,5.25,late25,False
A-G1.045-C3,158422,0,600.25,1,5.75,late25,False
A-G1.045-C3,158422,0,608.5,1,8.25,late25,False
A-G1.045-C3,158422,1,735.5,1,127.0,early25,False
A-G1.045-C3,158422,1,739.5,1,4.0,early25,False
A-G1.045-C3,158422,1,743.75,1,4.25,early25,False
A-G1.045-C3,158422,1,746.0,1,2.25,early25,False
A-G1.045-C3,158422,1,749.25,1,3.25,early25,False
A-G1.045-C3,158422,1,754.75,1,5.5,early25,False
A-G1.045-C3,158422,1,761.25,2,6.5,early25,False
A-G1.045-C3,158422,1,767.25,1,6.0,early25,False
A-G1.045-C3,158422,1,795.5,2,28.25,early25,False
A-G1.045-C3,158422,1,800.0,2,4.5,early25,False
A-G1.045-C3,158422,1,803.25,1,3.25,early25,False
A-G1.045-C3,158422,1,807.5,1,4.25,early25,False
A-G1.045-C3,158422,1,811.25,21,3.75,early25,False
A-G1.045-C3,158422,1,812.0,1,0.75,early25,False
A-G1.045-C3,158422,1,813.75,1,1.75,early25,False
A-G1.045-C3,158422,1,815.0,1,1.25,early25,False
A-G1.045-C3,158422,1,818.5,1,3.5,early25,False
A-G1.045-C3,158422,1,821.75,1,3.25,early25,False
A-G1.045-C3,158422,1,986.75,2,165.0,middle50,False
A-G1.045-C3,158422,1,992.0,2,5.25,middle50,False
A-G1.045-C3,158422,1,996.75,1,4.75,middle50,False
A-G1.045-C3,158422,1,1001.75,2,5.0,middle50,False
A-G1.045-C3,158422,1,1032.25,1,30.5,middle50,False
A-G1.045-C3,158422,1,1038.0,1,5.75,middle50,False
A-G1.045-C3,158422,1,1042.25,2,4.25,middle50,False
A-G1.045-C3,158422,1,1045.25,1,3.0,middle50,False
A-G1.045-C3,158422,1,1049.25,1,4.0,middle50,False
A-G1.045-C3,158422,1,1054.25,1,5.0,middle50,False
A-G1.045-C3,158422,1,1057.25,1,3.0,middle50,False
A-G1.045-C3,158422,1,1060.0,1,2.75,middle50,False
A-G1.045-C3,158422,1,1082.75,1,22.75,middle50,False
A-G1.045-C3,158422,1,1086.0,2,3.25,middle50,False
A-G1.045-C3,158422,1,1093.5,1,7.5,middle50,False
A-G1.045-C3,158422,1,1099.25,1,5.75,middle50,False
A-G1.045-C3,158422,1,1103.5,1,4.25,middle50,False
A-G1.045-C3,158422,1,1110.5,1,7.0,middle50,False
A-G1.045-C3,158422,1,1117.0,2,6.5,middle50,False
A-G1.045-C3,158422,1,1138.0,1,21.0,middle50,False
A-G1.045-C3,158422,1,1141.75,1,3.75,middle50,False
A-G1.045-C3,158422,1,1146.0,12,4.25,middle50,False
A-G1.045-C3,158422,1,1149.5,1,3.5,middle50,False
A-G1.045-C3,158422,1,1154.0,1,4.5,middle50,False
A-G1.045-C3,158422,1,1165.5,2,11.5,middle50,False
A-G1.045-C3,158422,1,1301.0,1,135.5,middle50,False
A-G1.045-C3,158422,1,1302.5,1,1.5,middle50,False
A-G1.045-C3,158422,1,1311.0,1,8.5,middle50,False
A-G1.045-C3,158422,1,1314.25,1,3.25,middle50,False
A-G1.045-C3,158422,1,1319.75,1,5.5,middle50,False
A-G1.045-C3,158422,1,1323.25,1,3.5,middle50,False
A-G1.045-C3,158422,1,1351.5,1,28.25,middle50,False
A-G1.045-C3,158422,1,1356.25,1,4.75,middle50,False
A-G1.045-C3,158422,1,1360.75,1,4.5,middle50,False
A-G1.045-C3,158422,1,1363.5,1,2.75,middle50,False
A-G1.045-C3,158422,1,1366.5,1,3.0,middle50,False
A-G1.045-C3,158422,1,1371.5,1,5.0,middle50,False
A-G1.045-C3,158422,1,1373.75,1,2.25,middle50,False
A-G1.045-C3,158422,1,1379.5,1,5.75,middle50,False
A-G1.045-C3,158422,1,1382.25,1,2.75,middle50,False
A-G1.045-C3,158422,1,1388.25,1,6.0,late25,False
A-G1.045-C3,158422,1,1408.5,1,20.25,late25,False
A-G1.045-C3,158422,1,1412.5,1,4.0,late25,False
A-G1.045-C3,158422,1,1417.25,1,4.75,late25,False
A-G1.045-C3,158422,1,1419.25,1,2.0,late25,False
A-G1.045-C3,158422,1,1424.5,1,5.25,late25,False
A-G1.045-C3,158422,1,1428.25,1,3.75,late25,False
A-G1.045-C3,158422,1,1431.25,1,3.0,late25,False
A-G1.045-C3,158422,1,1463.0,1,31.75,late25,False
A-G1.045-C3,158422,1,1465.75,1,2.75,late25,False
A-G1.045-C3,158422,1,1469.0,1,3.25,late25,False
A-G1.045-C3,158422,1,1472.0,1,3.0,late25,False
A-G1.045-C3,158422,1,1475.75,1,3.75,late25,False
A-G1.045-C3,158422,1,1478.25,1,2.5,late25,False
A-G1.045-C3,158422,1,1482.5,1,4.25,late25,False
A-G1.045-C3,158422,1,1484.25,1,1.75,late25,False
A-G1.045-C3,158422,1,1496.0,1,11.75,late25,False
A-G1.045-C3,158422,1,1607.0,1,111.0,late25,False
A-G1.045-C3,158422,2,1623.5,2,16.5,early25,False
A-G1.045-C3,158422,2,1625.5,1,2.0,early25,False
A-G1.045-C3,158422,2,1628.0,2,2.5,early25,False
A-G1.045-C3,158422,2,1630.5,1,2.5,early25,False
A-G1.045-C3,158422,2,1633.0,2,2.5,early25,False
A-G1.045-C3,158422,2,1636.0,1,3.0,early25,False
A-G1.045-C3,158422,2,1638.75,2,2.75,early25,False
A-G1.045-C3,158422,2,1641.25,1,2.5,early25,False
A-G1.045-C3,158422,2,1644.75,2,3.5,early25,False
A-G1.045-C3,158422,2,1646.25,1,1.5,early25,False
A-G1.045-C3,158422,2,1649.5,2,3.25,early25,False
A-G1.045-C3,158422,2,1650.75,1,1.25,early25,False
A-G1.045-C3,158422,2,1679.75,1,29.0,early25,False
A-G1.045-C3,158422,2,1680.75,1,1.0,early25,False
A-G1.045-C3,158422,2,1685.75,2,5.0,early25,False
A-G1.045-C3,158422,2,1690.75,2,5.0,early25,False
A-G1.045-C3,158422,2,1699.0,2,8.25,early25,False
A-G1.045-C3,158422,2,1702.25,1,3.25,early25,False
A-G1.045-C3,158422,2,1707.75,3,5.5,early25,False
A-G1.045-C3,158422,2,1717.0,2,9.25,early25,False
A-G1.045-C3,158422,2,1730.0,1,13.0,early25,False
A-G1.045-C3,158422,2,1741.0,1,11.0,early25,False
A-G1.045-C3,158422,2,1744.75,1,3.75,early25,False
A-G1.045-C3,158422,2,1748.75,1,4.0,early25,False
A-G1.045-C3,158422,2,1753.75,2,5.0,early25,False
A-G1.045-C3,158422,2,1757.75,1,4.0,early25,False
A-G1.045-C3,158422,2,1760.75,1,3.0,early25,False
A-G1.045-C3,158422,2,1764.75,1,4.0,early25,False
A-G1.045-C3,158422,2,1768.25,14,3.5,early25,False
A-G1.045-C3,158422,2,1798.5,1,30.25,early25,False
A-G1.045-C3,158422,2,1811.0,2,12.5,early25,False
A-G1.045-C3,158422,2,1814.75,2,3.75,early25,False
A-G1.045-C3,158422,2,1819.25,1,4.5,early25,False
A-G1.045-C3,158422,2,1821.5,1,2.25,early25,False
A-G1.045-C3,158422,2,1826.5,2,5.0,early25,False
A-G1.045-C3,158422,2,1986.0,1,159.5,middle50,False
A-G1.045-C3,158422,2,1989.5,1,3.5,middle50,False
A-G1.045-C3,158422,2,1991.75,1,2.25,middle50,False
A-G1.045-C3,158422,2,1995.25,2,3.5,middle50,False
A-G1.045-C3,158422,2,2002.75,2,7.5,middle50,False
A-G1.045-C3,158422,2,2006.25,1,3.5,middle50,False
A-G1.045-C3,158422,2,2010.25,1,4.0,middle50,False
A-G1.045-C3,158422,2,2035.5,1,25.25,middle50,False
A-G1.045-C3,158422,2,2039.0,1,3.5,middle50,False
A-G1.045-C3,158422,2,2042.25,2,3.25,middle50,False
A-G1.045-C3,158422,2,2046.0,1,3.75,middle50,False
A-G1.045-C3,158422,2,2048.75,1,2.75,middle50,False
A-G1.045-C3,158422,2,2051.75,12,3.0,middle50,False
A-G1.045-C3,158422,2,2053.5,1,1.75,middle50,False
A-G1.045-C3,158422,2,2057.75,1,4.25,middle50,False
A-G1.045-C3,158422,2,2061.0,2,3.25,middle50,False
A-G1.045-C3,158422,2,2075.0,4,14.0,middle50,False
A-G1.045-C3,158422,2,2087.25,1,12.25,middle50,False
A-G1.045-C3,158422,2,2091.5,3,4.25,middle50,False
A-G1.045-C3,158422,2,2097.0,1,5.5,middle50,False
A-G1.045-C3,158422,2,2098.75,1,1.75,middle50,False
A-G1.045-C3,158422,2,2100.5,1,1.75,middle50,False
A-G1.045-C3,158422,2,2104.5,1,4.0,middle50,False
A-G1.045-C3,158422,2,2107.5,1,3.0,middle50,False
A-G1.045-C3,158422,2,2111.25,3,3.75,middle50,False
A-G1.045-C3,158422,2,2144.5,1,33.25,middle50,False
A-G1.045-C3,158422,2,2152.0,1,7.5,middle50,False
A-G1.045-C3,158422,2,2161.5,1,9.5,middle50,False
A-G1.045-C3,158422,2,2169.75,1,8.25,middle50,False
A-G1.045-C3,158422,2,2178.75,1,9.0,middle50,False
A-G1.045-C3,158422,2,2184.75,3,6.0,middle50,False
A-G1.045-C3,158422,2,2308.75,1,124.0,middle50,False
A-G1.045-C3,158422,2,2318.75,1,10.0,middle50,False
A-G1.045-C3,158422,2,2323.5,1,4.75,middle50,False
A-G1.045-C3,158422,2,2329.75,1,6.25,middle50,False
A-G1.045-C3,158422,2,2364.5,1,34.75,middle50,False
A-G1.045-C3,158422,2,2372.5,2,8.0,late25,False
A-G1.045-C3,158422,2,2384.75,1,12.25,late25,False
A-G1.045-C3,158422,2,2390.75,2,6.0,late25,False
A-G1.045-C3,158422,2,2420.75,1,30.0,late25,False
A-G1.045-C3,158422,2,2423.75,1,3.0,late25,False
A-G1.045-C3,158422,2,2426.75,1,3.0,late25,False
A-G1.045-C3,158422,2,2431.25,1,4.5,late25,False
A-G1.045-C3,158422,2,2436.0,1,4.75,late25,False
A-G1.045-C3,158422,2,2445.75,1,9.75,late25,False
A-G1.045-C3,158422,2,2477.0,1,31.25,late25,False
A-G1.045-C3,158422,2,2483.75,1,6.75,late25,False
A-G1.045-C3,158422,2,2489.75,1,6.0,late25,False
A-G1.045-C3,158422,2,2492.25,1,2.5,late25,False
A-G1.045-C3,158422,2,2496.5,1,4.25,late25,False
A-G1.045-C3,158422,2,2503.25,1,6.75,late25,False
A-G1.045-C3,158422,2,2507.25,1,4.0,late25,False
A-G1.045-C3,158422,3,2638.75,1,131.5,early25,True
A-G1.045-C3,158422,3,2640.25,1,1.5,early25,True
A-G1.045-C3,158422,3,2646.5,2,6.25,early25,True
A-G1.045-C3,158422,3,2650.5,2,4.0,early25,True
A-G1.045-C3,158422,3,2654.0,1,3.5,early25,True
A-G1.045-C3,158422,3,2657.5,2,3.5,early25,True
A-G1.045-C3,158422,3,2658.75,1,1.25,early25,True
A-G1.045-C3,158422,3,2667.25,2,8.5,early25,True
A-G1.045-C3,158422,3,2693.75,2,26.5,early25,True
A-G1.045-C3,158422,3,2697.75,2,4.0,early25,True
A-G1.045-C3,158422,3,2698.75,1,1.0,early25,True
A-G1.045-C3,158422,3,2700.25,1,1.5,early25,True
A-G1.045-C3,158422,3,2702.5,1,2.25,early25,True
A-G1.045-C3,158422,3,2709.5,3,7.0,early25,True
A-G1.045-C3,158422,3,2715.5,1,6.0,early25,True
A-G1.045-C3,158422,3,2739.75,1,24.25,early25,True
A-G1.045-C3,158422,3,2754.25,1,14.5,early25,True
A-G1.045-C3,158422,3,2756.25,1,2.0,early25,True
A-G1.045-C3,158422,3,2758.5,2,2.25,early25,True
A-G1.045-C3,158422,3,2776.0,1,17.5,early25,True
A-G1.045-C3,158422,3,2810.0,1,34.0,early25,True
A-G1.045-C3,158422,3,2815.75,2,5.75,early25,True
A-G1.045-C3,158422,3,2821.5,2,5.75,early25,True
A-G1.045-C3,158422,3,2825.25,1,3.75,early25,True
A-G1.045-C3,158422,3,2831.75,2,6.5,early25,True
A-G1.045-C3,158422,3,2842.75,2,11.0,early25,True
A-G1.045-C3,158422,3,2869.25,2,26.5,middle50,True
A-G1.045-C3,158422,3,2876.0,2,6.75,middle50,True
A-G1.045-C3,158422,3,2887.0,1,11.0,middle50,True
A-G1.045-C3,158422,3,2922.5,1,35.5,middle50,True
A-G1.045-C3,158422,3,2928.0,1,5.5,middle50,True
A-G1.045-C3,158422,3,2933.75,2,5.75,middle50,True
A-G1.045-C3,158422,3,2942.75,1,9.0,middle50,True
A-G1.045-C3,158422,3,2948.25,1,5.5,middle50,True
A-G1.045-C3,158422,3,2958.25,2,10.0,middle50,True
A-G1.045-C3,158422,3,2979.25,1,21.0,middle50,True
A-G1.045-C3,158422,3,2985.5,1,6.25,middle50,True
A-G1.045-C3,158422,3,2988.25,1,2.75,middle50,True
A-G1.045-C3,158422,3,2999.75,1,11.5,middle50,True
A-G1.045-C3,158422,3,3028.25,1,28.5,middle50,True
A-G1.045-C3,158422,3,3034.75,1,6.5,middle50,True
A-G1.045-C3,158422,3,3042.75,2,8.0,middle50,True
A-G1.045-C3,158422,3,3049.0,1,6.25,middle50,True
A-G1.045-C3,158422,3,3055.0,1,6.0,middle50,True
A-G1.045-C3,158422,3,3073.75,5,18.75,middle50,True
A-G1.045-C3,158422,3,3083.75,1,10.0,middle50,True
A-G1.045-C3,158422,3,3087.5,1,3.75,middle50,True
A-G1.045-C3,158422,3,3091.75,1,4.25,middle50,True
A-G1.045-C3,158422,3,3099.5,1,7.75,middle50,True
A-G1.045-C3,158422,3,3102.75,1,3.25,middle50,True
A-G1.045-C3,158422,3,3110.5,8,7.75,middle50,True
A-G1.045-C3,158422,3,3140.25,4,29.75,middle50,True
A-G1.045-C3,158422,3,3153.0,1,12.75,middle50,True
A-G1.045-C3,158422,3,3164.0,1,11.0,middle50,True
A-G1.045-C3,158422,3,3167.25,1,3.25,middle50,True
A-G1.045-C3,158422,3,3176.75,1,9.5,middle50,True
A-G1.045-C3,158422,3,3194.25,1,17.5,middle50,True
A-G1.045-C3,158422,3,3202.25,3,8.0,middle50,True
A-G1.045-C3,158422,3,3210.25,1,8.0,middle50,True
A-G1.045-C3,158422,3,3217.0,1,6.75,middle50,True
A-G1.045-C3,158422,3,3257.75,1,40.75,middle50,True
A-G1.045-C3,158422,3,3266.0,2,8.25,middle50,True
A-G1.045-C3,158422,3,3273.75,1,7.75,middle50,True
A-G1.045-C3,158422,3,3297.25,1,23.5,middle50,True
A-G1.045-C3,158422,3,3305.5,1,8.25,middle50,True
A-G1.045-C3,158422,3,3309.75,1,4.25,middle50,True
A-G1.045-C3,158422,3,3317.25,1,7.5,middle50,True
A-G1.045-C3,158422,3,3324.5,6,7.25,middle50,True
A-G1.045-C3,158422,3,3370.5,1,46.0,late25,True
A-G1.045-C3,158422,3,3375.5,1,5.0,late25,True
A-G1.045-C3,158422,3,3399.5,1,24.0,late25,True
A-G1.045-C3,158422,3,3415.75,1,16.25,late25,True
A-G1.045-C3,158422,3,3422.75,1,7.0,late25,True
A-G1.045-C3,158422,3,3429.0,1,6.25,late25,True
A-G1.045-C3,158422,3,3455.5,5,26.5,late25,True
A-G1.045-C3,158422,3,3461.75,1,6.25,late25,True
A-G1.045-C3,158422,3,3475.5,1,13.75,late25,True
A-G1.045-C3,158422,3,3492.5,1,17.0,late25,True
A-G1.045-C3,158422,3,3499.75,3,7.25,late25,True
A-G1.045-C3,166341,0,0.25,3,,early25,False
A-G1.045-C3,166341,0,8.25,1,8.0,early25,False
A-G1.045-C3,166341,0,20.5,1,12.25,early25,False
A-G1.045-C3,166341,0,34.5,1,14.0,early25,False
A-G1.045-C3,166341,0,39.25,1,4.75,early25,False
A-G1.045-C3,166341,0,44.75,1,5.5,early25,False
A-G1.045-C3,166341,0,57.5,1,12.75,early25,False
A-G1.045-C3,166341,0,93.75,1,36.25,early25,False
A-G1.045-C3,166341,0,101.75,1,8.0,early25,False
A-G1.045-C3,166341,0,112.5,1,10.75,early25,False
A-G1.045-C3,166341,0,151.75,1,39.25,early25,False
A-G1.045-C3,166341,0,159.75,1,8.0,early25,False
A-G1.045-C3,166341,0,177.75,1,18.0,early25,False
A-G1.045-C3,166341,0,213.75,1,36.0,middle50,False
A-G1.045-C3,166341,0,217.75,1,4.0,middle50,False
A-G1.045-C3,166341,0,227.5,1,9.75,middle50,False
A-G1.045-C3,166341,0,230.5,1,3.0,middle50,False
A-G1.045-C3,166341,0,244.75,1,14.25,middle50,False
A-G1.045-C3,166341,0,278.75,1,34.0,middle50,False
A-G1.045-C3,166341,0,285.0,1,6.25,middle50,False
A-G1.045-C3,166341,0,289.0,1,4.0,middle50,False
A-G1.045-C3,166341,0,330.25,1,41.25,middle50,False
A-G1.045-C3,166341,0,337.75,1,7.5,middle50,False
A-G1.045-C3,166341,0,344.75,1,7.0,middle50,False
A-G1.045-C3,166341,0,354.0,1,9.25,middle50,False
A-G1.045-C3,166341,0,357.0,1,3.0,middle50,False
A-G1.045-C3,166341,0,514.5,1,157.5,middle50,False
A-G1.045-C3,166341,0,520.25,1,5.75,middle50,False
A-G1.045-C3,166341,0,525.0,1,4.75,middle50,False
A-G1.045-C3,166341,0,529.5,1,4.5,middle50,False
A-G1.045-C3,166341,0,569.5,1,40.0,middle50,False
A-G1.045-C3,166341,0,571.5,1,2.0,middle50,False
A-G1.045-C3,166341,0,579.5,1,8.0,middle50,False
A-G1.045-C3,166341,0,583.75,1,4.25,middle50,False
A-G1.045-C3,166341,0,588.25,1,4.5,middle50,False
A-G1.045-C3,166341,0,592.5,1,4.25,middle50,False
A-G1.045-C3,166341,0,603.75,1,11.25,middle50,False
A-G1.045-C3,166341,0,626.25,1,22.5,middle50,False
A-G1.045-C3,166341,0,635.0,1,8.75,late25,False
A-G1.045-C3,166341,0,641.25,1,6.25,late25,False
A-G1.045-C3,166341,0,645.5,1,4.25,late25,False
A-G1.045-C3,166341,0,679.5,1,34.0,late25,False
A-G1.045-C3,166341,0,688.5,1,9.0,late25,False
A-G1.045-C3,166341,0,690.25,1,1.75,late25,False
A-G1.045-C3,166341,0,695.5,1,5.25,late25,False
A-G1.045-C3,166341,0,700.75,1,5.25,late25,False
A-G1.045-C3,166341,0,704.75,1,4.0,late25,False
A-G1.045-C3,166341,0,709.25,1,4.5,late25,False
A-G1.045-C3,166341,0,718.0,1,8.75,late25,False
A-G1.045-C3,166341,0,835.5,1,117.5,late25,False
A-G1.045-C3,166341,1,856.5,1,21.0,early25,False
A-G1.045-C3,166341,1,862.5,1,6.0,early25,False
A-G1.045-C3,166341,1,865.75,1,3.25,early25,False
A-G1.045-C3,166341,1,868.25,1,2.5,early25,False
A-G1.045-C3,166341,1,876.25,2,8.0,early25,False
A-G1.045-C3,166341,1,916.25,1,40.0,early25,False
A-G1.045-C3,166341,1,921.0,1,4.75,early25,False
A-G1.045-C3,166341,1,925.5,2,4.5,early25,False
A-G1.045-C3,166341,1,930.25,1,4.75,early25,False
A-G1.045-C3,166341,1,939.25,1,9.0,early25,False
A-G1.045-C3,166341,1,952.5,6,13.25,early25,False
A-G1.045-C3,166341,1,969.75,1,17.25,early25,False
A-G1.045-C3,166341,1,978.75,2,9.0,early25,False
A-G1.045-C3,166341,1,982.5,1,3.75,early25,False
A-G1.045-C3,166341,1,989.25,1,6.75,early25,False
A-G1.045-C3,166341,1,992.75,1,3.5,early25,False
A-G1.045-C3,166341,1,1024.0,2,31.25,early25,False
A-G1.045-C3,166341,1,1027.5,1,3.5,early25,False
A-G1.045-C3,166341,1,1031.0,1,3.5,early25,False
A-G1.045-C3,166341,1,1036.25,2,5.25,early25,False
A-G1.045-C3,166341,1,1040.5,1,4.25,early25,False
A-G1.045-C3,166341,1,1044.75,1,4.25,early25,False
A-G1.045-C3,166341,1,1050.25,1,5.5,early25,False
A-G1.045-C3,166341,1,1058.25,2,8.0,early25,False
A-G1.045-C3,166341,1,1077.25,1,19.0,early25,False
A-G1.045-C3,166341,1,1089.5,2,12.25,early25,False
A-G1.045-C3,166341,1,1095.5,1,6.0,early25,False
A-G1.045-C3,166341,1,1101.75,1,6.25,early25,False
A-G1.045-C3,166341,1,1132.75,1,31.0,middle50,False
A-G1.045-C3,166341,1,1140.0,1,7.25,middle50,False
A-G1.045-C3,166341,1,1144.75,2,4.75,middle50,False
A-G1.045-C3,166341,1,1152.0,1,7.25,middle50,False
A-G1.045-C3,166341,1,1153.75,1,1.75,middle50,False
A-G1.045-C3,166341,1,1158.75,1,5.0,middle50,False
A-G1.045-C3,166341,1,1312.0,1,153.25,middle50,False
A-G1.045-C3,166341,1,1314.0,1,2.0,middle50,False
A-G1.045-C3,166341,1,1318.25,1,4.25,middle50,False
A-G1.045-C3,166341,1,1324.25,1,6.0,middle50,False
A-G1.045-C3,166341,1,1328.0,1,3.75,middle50,False
A-G1.045-C3,166341,1,1333.0,1,5.0,middle50,False
A-G1.045-C3,166341,1,1367.0,1,34.0,middle50,False
A-G1.045-C3,166341,1,1373.25,1,6.25,middle50,False
A-G1.045-C3,166341,1,1375.0,1,1.75,middle50,False
A-G1.045-C3,166341,1,1378.5,1,3.5,middle50,False
A-G1.045-C3,166341,1,1381.25,1,2.75,middle50,False
A-G1.045-C3,166341,1,1384.0,1,2.75,middle50,False
A-G1.045-C3,166341,1,1387.25,2,3.25,middle50,False
A-G1.045-C3,166341,1,1389.75,1,2.5,middle50,False
A-G1.045-C3,166341,1,1394.25,1,4.5,middle50,False
A-G1.045-C3,166341,1,1417.0,1,22.75,middle50,False
A-G1.045-C3,166341,1,1419.5,1,2.5,middle50,False
A-G1.045-C3,166341,1,1422.0,1,2.5,middle50,False
A-G1.045-C3,166341,1,1424.5,1,2.5,middle50,False
A-G1.045-C3,166341,1,1427.0,1,2.5,middle50,False
A-G1.045-C3,166341,1,1433.25,1,6.25,middle50,False
A-G1.045-C3,166341,1,1442.25,2,9.0,middle50,False
A-G1.045-C3,166341,1,1474.0,1,31.75,middle50,False
A-G1.045-C3,166341,1,1481.0,1,7.0,middle50,False
A-G1.045-C3,166341,1,1487.5,1,6.5,middle50,False
A-G1.045-C3,166341,1,1490.5,1,3.0,middle50,False
A-G1.045-C3,166341,1,1493.75,1,3.25,middle50,False
A-G1.045-C3,166341,1,1495.5,1,1.75,middle50,False
A-G1.045-C3,166341,1,1499.5,1,4.0,middle50,False
A-G1.045-C3,166341,1,1516.75,4,17.25,middle50,False
A-G1.045-C3,166341,1,1644.5,1,127.75,middle50,False
A-G1.045-C3,166341,1,1646.75,1,2.25,middle50,False
A-G1.045-C3,166341,1,1652.75,1,6.0,middle50,False
A-G1.045-C3,166341,1,1656.0,1,3.25,middle50,False
A-G1.045-C3,166341,1,1660.25,1,4.25,middle50,False
A-G1.045-C3,166341,1,1666.25,1,6.0,middle50,False
A-G1.045-C3,166341,1,1673.0,1,6.75,middle50,False
A-G1.045-C3,166341,1,1701.75,1,28.75,late25,False
A-G1.045-C3,166341,1,1706.5,1,4.75,late25,False
A-G1.045-C3,166341,1,1709.25,1,2.75,late25,False
A-G1.045-C3,166341,1,1712.0,1,2.75,late25,False
A-G1.045-C3,166341,1,1717.5,1,5.5,late25,False
A-G1.045-C3,166341,1,1721.5,1,4.0,late25,False
A-G1.045-C3,166341,1,1725.25,1,3.75,late25,False
A-G1.045-C3,166341,1,1728.5,1,3.25,late25,False
A-G1.045-C3,166341,1,1743.5,4,15.0,late25,False
A-G1.045-C3,166341,1,1755.75,1,12.25,late25,False
A-G1.045-C3,166341,1,1757.25,2,1.5,late25,False
A-G1.045-C3,166341,1,1759.25,1,2.0,late25,False
A-G1.045-C3,166341,1,1765.75,1,6.5,late25,False
A-G1.045-C3,166341,1,1769.25,1,3.5,late25,False
A-G1.045-C3,166341,1,1775.5,1,6.25,late25,False
A-G1.045-C3,166341,1,1778.5,1,3.0,late25,False
A-G1.045-C3,166341,1,1784.0,1,5.5,late25,False
A-G1.045-C3,166341,1,1812.25,1,28.25,late25,False
A-G1.045-C3,166341,1,1816.5,1,4.25,late25,False
A-G1.045-C3,166341,1,1821.0,1,4.5,late25,False
A-G1.045-C3,166341,1,1824.5,1,3.5,late25,False
A-G1.045-C3,166341,1,1828.75,1,4.25,late25,False
A-G1.045-C3,166341,1,1830.25,1,1.5,late25,False
A-G1.045-C3,166341,1,1836.5,1,6.25,late25,False
A-G1.045-C3,166341,1,1841.25,1,4.75,late25,False
A-G1.045-C3,166341,1,1848.25,1,7.0,late25,False
A-G1.045-C3,166341,1,1943.5,1,95.25,late25,False
A-G1.045-C3,166341,1,1947.75,1,4.25,late25,False
A-G1.045-C3,166341,1,1949.75,1,2.0,late25,False
A-G1.045-C3,166341,2,1952.5,1,2.75,early25,False
A-G1.045-C3,166341,2,1968.25,1,15.75,early25,False
A-G1.045-C3,166341,2,1970.25,1,2.0,early25,False
A-G1.045-C3,166341,2,1971.5,1,1.25,early25,False
A-G1.045-C3,166341,2,1972.5,1,1.0,early25,False
A-G1.045-C3,166341,2,1975.5,2,3.0,early25,False
A-G1.045-C3,166341,2,1978.0,1,2.5,early25,False
A-G1.045-C3,166341,2,1980.25,2,2.25,early25,False
A-G1.045-C3,166341,2,1987.75,3,7.5,early25,False
A-G1.045-C3,166341,2,1992.75,1,5.0,early25,False
A-G1.045-C3,166341,2,2026.75,3,34.0,early25,False
A-G1.045-C3,166341,2,2032.25,1,5.5,early25,False
A-G1.045-C3,166341,2,2035.5,2,3.25,early25,False
A-G1.045-C3,166341,2,2040.5,2,5.0,early25,False
A-G1.045-C3,166341,2,2042.0,1,1.5,early25,False
A-G1.045-C3,166341,2,2043.5,1,1.5,early25,False
A-G1.045-C3,166341,2,2047.25,1,3.75,early25,False
A-G1.045-C3,166341,2,2052.25,3,5.0,early25,False
A-G1.045-C3,166341,2,2059.25,1,7.0,early25,False
A-G1.045-C3,166341,2,2072.5,1,13.25,early25,False
A-G1.045-C3,166341,2,2076.5,2,4.0,early25,False
A-G1.045-C3,166341,2,2082.25,1,5.75,early25,False
A-G1.045-C3,166341,2,2087.25,1,5.0,early25,False
A-G1.045-C3,166341,2,2090.0,1,2.75,early25,False
A-G1.045-C3,166341,2,2092.75,1,2.75,early25,False
A-G1.045-C3,166341,2,2096.75,2,4.0,early25,False
A-G1.045-C3,166341,2,2099.0,1,2.25,early25,False
A-G1.045-C3,166341,2,2101.0,1,2.0,early25,False
A-G1.045-C3,166341,2,2129.0,1,28.0,early25,False
A-G1.045-C3,166341,2,2131.5,1,2.5,early25,False
A-G1.045-C3,166341,2,2138.0,3,6.5,early25,False
A-G1.045-C3,166341,2,2146.0,2,8.0,early25,False
A-G1.045-C3,166341,2,2148.25,2,2.25,early25,False
A-G1.045-C3,166341,2,2153.0,2,4.75,early25,False
A-G1.045-C3,166341,2,2156.0,1,3.0,early25,False
A-G1.045-C3,166341,2,2160.5,2,4.5,early25,False
A-G1.045-C3,166341,2,2167.75,1,7.25,early25,False
A-G1.045-C3,166341,2,2173.75,4,6.0,early25,False
A-G1.045-C3,166341,2,2309.5,3,135.75,middle50,False
A-G1.045-C3,166341,2,2312.25,4,2.75,middle50,False
A-G1.045-C3,166341,2,2317.75,2,5.5,middle50,False
A-G1.045-C3,166341,2,2323.0,1,5.25,middle50,False
A-G1.045-C3,166341,2,2327.25,2,4.25,middle50,False
A-G1.045-C3,166341,2,2329.5,1,2.25,middle50,False
A-G1.045-C3,166341,2,2333.75,2,4.25,middle50,False
A-G1.045-C3,166341,2,2335.75,1,2.0,middle50,False
A-G1.045-C3,166341,2,2339.5,1,3.75,middle50,False
A-G1.045-C3,166341,2,2370.25,1,30.75,middle50,False
A-G1.045-C3,166341,2,2374.0,1,3.75,middle50,False
A-G1.045-C3,166341,2,2384.25,2,10.25,middle50,False
A-G1.045-C3,166341,2,2390.25,2,6.0,middle50,False
A-G1.045-C3,166341,2,2402.25,1,12.0,middle50,False
A-G1.045-C3,166341,2,2416.5,1,14.25,middle50,False
A-G1.045-C3,166341,2,2419.0,1,2.5,middle50,False
A-G1.045-C3,166341,2,2421.75,1,2.75,middle50,False
A-G1.045-C3,166341,2,2428.5,2,6.75,middle50,False
A-G1.045-C3,166341,2,2434.0,1,5.5,middle50,False
A-G1.045-C3,166341,2,2437.0,1,3.0,middle50,False
A-G1.045-C3,166341,2,2439.75,9,2.75,middle50,False
A-G1.045-C3,166341,2,2442.0,1,2.25,middle50,False
A-G1.045-C3,166341,2,2474.0,1,32.0,middle50,False
A-G1.045-C3,166341,2,2477.75,1,3.75,middle50,False
A-G1.045-C3,166341,2,2481.5,1,3.75,middle50,False
A-G1.045-C3,166341,2,2484.25,1,2.75,middle50,False
A-G1.045-C3,166341,2,2487.0,1,2.75,middle50,False
A-G1.045-C3,166341,2,2491.0,1,4.0,middle50,False
A-G1.045-C3,166341,2,2494.25,1,3.25,middle50,False
A-G1.045-C3,166341,2,2498.25,2,4.0,middle50,False
A-G1.045-C3,166341,2,2501.75,1,3.5,middle50,False
A-G1.045-C3,166341,2,2639.5,1,137.75,middle50,False
A-G1.045-C3,166341,2,2644.0,1,4.5,middle50,False
A-G1.045-C3,166341,2,2648.25,1,4.25,middle50,False
A-G1.045-C3,166341,2,2651.5,1,3.25,middle50,False
A-G1.045-C3,166341,2,2657.5,1,6.0,middle50,False
A-G1.045-C3,166341,2,2661.5,1,4.0,middle50,False
A-G1.045-C3,166341,2,2665.0,1,3.5,middle50,False
A-G1.045-C3,166341,2,2691.25,1,26.25,late25,False
A-G1.045-C3,166341,2,2697.75,9,6.5,late25,False
A-G1.045-C3,166341,2,2703.5,1,5.75,late25,False
A-G1.045-C3,166341,2,2707.0,1,3.5,late25,False
A-G1.045-C3,166341,2,2714.75,1,7.75,late25,False
A-G1.045-C3,166341,2,2719.5,1,4.75,late25,False
A-G1.045-C3,166341,2,2722.5,1,3.0,late25,False
A-G1.045-C3,166341,2,2729.5,3,7.0,late25,False
A-G1.045-C3,166341,2,2740.75,1,11.25,late25,False
A-G1.045-C3,166341,2,2747.25,1,6.5,late25,False
A-G1.045-C3,166341,2,2752.25,1,5.0,late25,False
A-G1.045-C3,166341,2,2756.25,1,4.0,late25,False
A-G1.045-C3,166341,2,2759.5,1,3.25,late25,False
A-G1.045-C3,166341,2,2767.25,1,7.75,late25,False
A-G1.045-C3,166341,2,2768.5,2,1.25,late25,False
A-G1.045-C3,166341,2,2793.75,2,25.25,late25,False
A-G1.045-C3,166341,2,2796.25,1,2.5,late25,False
A-G1.045-C3,166341,2,2797.5,2,1.25,late25,False
A-G1.045-C3,166341,2,2800.0,1,2.5,late25,False
A-G1.045-C3,166341,2,2806.0,1,6.0,late25,False
A-G1.045-C3,166341,2,2808.5,1,2.5,late25,False
A-G1.045-C3,166341,2,2812.0,1,3.5,late25,False
A-G1.045-C3,166341,2,2817.0,1,5.0,late25,False
A-G1.045-C3,166341,2,2823.0,1,6.0,late25,False
A-G1.045-C3,166341,3,2941.5,1,118.5,early25,True
A-G1.045-C3,166341,3,2949.5,3,8.0,early25,True
A-G1.045-C3,166341,3,2950.75,1,1.25,early25,True
A-G1.045-C3,166341,3,2953.0,3,2.25,early25,True
A-G1.045-C3,166341,3,2958.75,1,5.75,early25,True
A-G1.045-C3,166341,3,2962.75,2,4.0,early25,True
A-G1.045-C3,166341,3,2967.0,2,4.25,early25,True
A-G1.045-C3,166341,3,2972.5,2,5.5,early25,True
A-G1.045-C3,166341,3,2976.25,1,3.75,early25,True
A-G1.045-C3,166341,3,2979.25,1,3.0,early25,True
A-G1.045-C3,166341,3,2983.25,1,4.0,early25,True
A-G1.045-C3,166341,3,3008.5,1,25.25,early25,True
A-G1.045-C3,166341,3,3012.0,1,3.5,early25,True
A-G1.045-C3,166341,3,3015.0,1,3.0,early25,True
A-G1.045-C3,166341,3,3018.25,2,3.25,early25,True
A-G1.045-C3,166341,3,3024.25,1,6.0,early25,True
A-G1.045-C3,166341,3,3028.0,12,3.75,early25,True
A-G1.045-C3,166341,3,3030.75,1,2.75,early25,True
A-G1.045-C3,166341,3,3035.25,5,4.5,early25,True
A-G1.045-C3,166341,3,3057.25,1,22.0,early25,True
A-G1.045-C3,166341,3,3060.5,1,3.25,early25,True
A-G1.045-C3,166341,3,3071.0,1,10.5,early25,True
A-G1.045-C3,166341,3,3109.25,1,38.25,middle50,True
A-G1.045-C3,166341,3,3111.0,1,1.75,middle50,True
A-G1.045-C3,166341,3,3119.0,2,8.0,middle50,True
A-G1.045-C3,166341,3,3125.75,1,6.75,middle50,True
A-G1.045-C3,166341,3,3131.0,1,5.25,middle50,True
A-G1.045-C3,166341,3,3134.5,1,3.5,middle50,True
A-G1.045-C3,166341,3,3160.0,1,25.5,middle50,True
A-G1.045-C3,166341,3,3169.25,2,9.25,middle50,True
A-G1.045-C3,166341,3,3173.75,1,4.5,middle50,True
A-G1.045-C3,166341,3,3182.5,1,8.75,middle50,True
A-G1.045-C3,166341,3,3215.25,1,32.75,middle50,True
A-G1.045-C3,166341,3,3219.25,1,4.0,middle50,True
A-G1.045-C3,166341,3,3224.25,1,5.0,middle50,True
A-G1.045-C3,166341,3,3229.5,1,5.25,middle50,True
A-G1.045-C3,166341,3,3234.75,1,5.25,middle50,True
A-G1.045-C3,166341,3,3240.0,2,5.25,middle50,True
A-G1.045-C3,166341,3,3281.75,1,41.75,middle50,True
A-G1.045-C3,166341,3,3286.5,1,4.75,middle50,True
A-G1.045-C3,166341,3,3291.0,1,4.5,middle50,True
A-G1.045-C3,166341,3,3298.25,1,7.25,middle50,True
A-G1.045-C3,166341,3,3329.25,7,31.0,middle50,True
A-G1.045-C3,166341,3,3330.75,1,1.5,middle50,True
A-G1.045-C3,166341,3,3336.25,1,5.5,middle50,True
A-G1.045-C3,166341,3,3339.75,1,3.5,middle50,True
A-G1.045-C3,166341,3,3351.25,1,11.5,middle50,True
A-G1.045-C3,166341,3,3360.0,1,8.75,middle50,True
A-G1.045-C3,166341,3,3369.0,4,9.0,middle50,True
A-G1.045-C3,166341,3,3382.75,1,13.75,middle50,True
A-G1.045-C3,166341,3,3396.5,1,13.75,middle50,True
A-G1.045-C3,166341,3,3407.25,1,10.75,middle50,True
A-G1.045-C3,166341,3,3436.0,1,28.75,late25,True
A-G1.045-C3,166341,3,3441.0,1,5.0,late25,True
A-G1.045-C3,166341,3,3448.0,1,7.0,late25,True
A-G1.045-C3,166341,3,3458.5,1,10.5,late25,True
A-G1.045-C3,166341,3,3461.5,1,3.0,late25,True
A-G1.045-C3,166341,3,3484.25,1,22.75,late25,True
A-G1.045-C3,166341,3,3497.75,1,13.5,late25,True
A-G1.045-C3,166341,3,3503.75,1,6.0,late25,True
A-G1.045-C3,166341,3,3538.25,1,34.5,late25,True
A-G1.045-C3,166341,3,3543.75,1,5.5,late25,True
A-G1.045-C3,166341,3,3551.25,1,7.5,late25,True
A-G1.045-C3,166341,3,3567.0,1,15.75,late25,True
A-G1.045-C3,166341,3,3576.0,1,9.0,late25,True
A-G1.045-C3,174260,0,0.25,3,,early25,False
A-G1.045-C3,174260,0,8.25,1,8.0,early25,False
A-G1.045-C3,174260,0,25.75,1,17.5,early25,False
A-G1.045-C3,174260,0,53.5,1,27.75,early25,False
A-G1.045-C3,174260,0,58.0,1,4.5,early25,False
A-G1.045-C3,174260,0,102.5,1,44.5,early25,False
A-G1.045-C3,174260,0,112.75,1,10.25,early25,False
A-G1.045-C3,174260,0,117.0,1,4.25,early25,False
A-G1.045-C3,174260,0,161.25,1,44.25,early25,False
A-G1.045-C3,174260,0,169.0,1,7.75,early25,False
A-G1.045-C3,174260,0,172.25,1,3.25,early25,False
A-G1.045-C3,174260,0,207.25,1,35.0,early25,False
A-G1.045-C3,174260,0,221.0,1,13.75,middle50,False
A-G1.045-C3,174260,0,223.5,1,2.5,middle50,False
A-G1.045-C3,174260,0,231.25,1,7.75,middle50,False
A-G1.045-C3,174260,0,234.25,1,3.0,middle50,False
A-G1.045-C3,174260,0,283.0,1,48.75,middle50,False
A-G1.045-C3,174260,0,285.75,1,2.75,middle50,False
A-G1.045-C3,174260,0,296.5,1,10.75,middle50,False
A-G1.045-C3,174260,0,330.0,1,33.5,middle50,False
A-G1.045-C3,174260,0,335.5,1,5.5,middle50,False
A-G1.045-C3,174260,0,341.5,1,6.0,middle50,False
A-G1.045-C3,174260,0,349.0,1,7.5,middle50,False
A-G1.045-C3,174260,0,362.75,1,13.75,middle50,False
A-G1.045-C3,174260,0,520.0,1,157.25,middle50,False
A-G1.045-C3,174260,0,523.25,1,3.25,middle50,False
A-G1.045-C3,174260,0,531.75,1,8.5,middle50,False
A-G1.045-C3,174260,0,570.25,1,38.5,middle50,False
A-G1.045-C3,174260,0,575.5,1,5.25,middle50,False
A-G1.045-C3,174260,0,580.25,1,4.75,middle50,False
A-G1.045-C3,174260,0,587.0,1,6.75,middle50,False
A-G1.045-C3,174260,0,588.75,1,1.75,middle50,False
A-G1.045-C3,174260,0,596.25,1,7.5,middle50,False
A-G1.045-C3,174260,0,600.0,1,3.75,middle50,False
A-G1.045-C3,174260,0,629.0,1,29.0,late25,False
A-G1.045-C3,174260,0,634.5,1,5.5,late25,False
A-G1.045-C3,174260,0,637.5,1,3.0,late25,False
A-G1.045-C3,174260,0,647.25,1,9.75,late25,False
A-G1.045-C3,174260,0,656.25,1,9.0,late25,False
A-G1.045-C3,174260,0,685.0,1,28.75,late25,False
A-G1.045-C3,174260,0,691.5,1,6.5,late25,False
A-G1.045-C3,174260,0,694.5,1,3.0,late25,False
A-G1.045-C3,174260,0,699.0,1,4.5,late25,False
A-G1.045-C3,174260,0,702.75,1,3.75,late25,False
A-G1.045-C3,174260,0,707.25,1,4.5,late25,False
A-G1.045-C3,174260,0,713.5,1,6.25,late25,False
A-G1.045-C3,174260,1,849.0,1,135.5,early25,False
A-G1.045-C3,174260,1,854.5,1,5.5,early25,False
A-G1.045-C3,174260,1,858.75,2,4.25,early25,False
A-G1.045-C3,174260,1,865.5,2,6.75,early25,False
A-G1.045-C3,174260,1,870.75,1,5.25,early25,False
A-G1.045-C3,174260,1,876.5,2,5.75,early25,False
A-G1.045-C3,174260,1,883.25,2,6.75,early25,False
A-G1.045-C3,174260,1,908.75,2,25.5,early25,False
A-G1.045-C3,174260,1,912.25,1,3.5,early25,False
A-G1.045-C3,174260,1,917.5,1,5.25,early25,False
A-G1.045-C3,174260,1,922.25,23,4.75,early25,False
A-G1.045-C3,174260,1,924.25,1,2.0,early25,False
A-G1.045-C3,174260,1,930.0,1,5.75,early25,False
A-G1.045-C3,174260,1,937.5,1,7.5,early25,False
A-G1.045-C3,174260,1,966.5,1,29.0,early25,False
A-G1.045-C3,174260,1,968.5,1,2.0,early25,False
A-G1.045-C3,174260,1,972.5,1,4.0,early25,False
A-G1.045-C3,174260,1,977.75,2,5.25,early25,False
A-G1.045-C3,174260,1,1014.5,1,36.75,early25,False
A-G1.045-C3,174260,1,1019.0,2,4.5,early25,False
A-G1.045-C3,174260,1,1022.25,1,3.25,early25,False
A-G1.045-C3,174260,1,1032.25,1,10.0,early25,False
A-G1.045-C3,174260,1,1037.5,1,5.25,early25,False
A-G1.045-C3,174260,1,1041.0,1,3.5,early25,False
A-G1.045-C3,174260,1,1048.5,2,7.5,early25,False
A-G1.045-C3,174260,1,1198.75,1,150.25,middle50,False
A-G1.045-C3,174260,1,1202.25,1,3.5,middle50,False
A-G1.045-C3,174260,1,1214.0,1,11.75,middle50,False
A-G1.045-C3,174260,1,1219.75,1,5.75,middle50,False
A-G1.045-C3,174260,1,1253.75,2,34.0,middle50,False
A-G1.045-C3,174260,1,1259.5,1,5.75,middle50,False
A-G1.045-C3,174260,1,1262.75,2,3.25,middle50,False
A-G1.045-C3,174260,1,1265.25,1,2.5,middle50,False
A-G1.045-C3,174260,1,1270.0,1,4.75,middle50,False
A-G1.045-C3,174260,1,1275.5,2,5.5,middle50,False
A-G1.045-C3,174260,1,1284.75,1,9.25,middle50,False
A-G1.045-C3,174260,1,1300.75,1,16.0,middle50,False
A-G1.045-C3,174260,1,1303.25,1,2.5,middle50,False
A-G1.045-C3,174260,1,1309.0,1,5.75,middle50,False
A-G1.045-C3,174260,1,1316.0,1,7.0,middle50,False
A-G1.045-C3,174260,1,1321.5,1,5.5,middle50,False
A-G1.045-C3,174260,1,1324.5,1,3.0,middle50,False
A-G1.045-C3,174260,1,1329.75,1,5.25,middle50,False
A-G1.045-C3,174260,1,1360.0,1,30.25,middle50,False
A-G1.045-C3,174260,1,1363.25,1,3.25,middle50,False
A-G1.045-C3,174260,1,1366.75,2,3.5,middle50,False
A-G1.045-C3,174260,1,1369.25,1,2.5,middle50,False
A-G1.045-C3,174260,1,1374.0,1,4.75,middle50,False
A-G1.045-C3,174260,1,1376.75,1,2.75,middle50,False
A-G1.045-C3,174260,1,1381.25,1,4.5,middle50,False
A-G1.045-C3,174260,1,1384.75,1,3.5,middle50,False
A-G1.045-C3,174260,1,1393.0,1,8.25,middle50,False
A-G1.045-C3,174260,1,1528.5,1,135.5,middle50,False
A-G1.045-C3,174260,1,1531.25,1,2.75,middle50,False
A-G1.045-C3,174260,1,1533.75,1,2.5,middle50,False
A-G1.045-C3,174260,1,1538.25,1,4.5,middle50,False
A-G1.045-C3,174260,1,1542.0,1,3.75,middle50,False
A-G1.045-C3,174260,1,1546.5,1,4.5,middle50,False
A-G1.045-C3,174260,1,1550.25,1,3.75,middle50,False
A-G1.045-C3,174260,1,1580.25,1,30.0,late25,False
A-G1.045-C3,174260,1,1583.0,1,2.75,late25,False
A-G1.045-C3,174260,1,1589.75,1,6.75,late25,False
A-G1.045-C3,174260,1,1591.25,1,1.5,late25,False
A-G1.045-C3,174260,1,1594.5,1,3.25,late25,False
A-G1.045-C3,174260,1,1600.75,1,6.25,late25,False
A-G1.045-C3,174260,1,1603.75,1,3.0,late25,False
A-G1.045-C3,174260,1,1607.75,1,4.0,late25,False
A-G1.045-C3,174260,1,1609.75,1,2.0,late25,False
A-G1.045-C3,174260,1,1615.75,1,6.0,late25,False
A-G1.045-C3,174260,1,1622.0,3,6.25,late25,False
A-G1.045-C3,174260,1,1634.5,1,12.5,late25,False
A-G1.045-C3,174260,1,1638.75,1,4.25,late25,False
A-G1.045-C3,174260,1,1643.5,1,4.75,late25,False
A-G1.045-C3,174260,1,1647.0,1,3.5,late25,False
A-G1.045-C3,174260,1,1651.75,1,4.75,late25,False
A-G1.045-C3,174260,1,1654.5,1,2.75,late25,False
A-G1.045-C3,174260,1,1660.0,1,5.5,late25,False
A-G1.045-C3,174260,1,1690.5,1,30.5,late25,False
A-G1.045-C3,174260,1,1693.5,1,3.0,late25,False
A-G1.045-C3,174260,1,1695.0,1,1.5,late25,False
A-G1.045-C3,174260,1,1701.5,1,6.5,late25,False
A-G1.045-C3,174260,1,1704.25,1,2.75,late25,False
A-G1.045-C3,174260,1,1709.75,1,5.5,late25,False
A-G1.045-C3,174260,1,1713.25,1,3.5,late25,False
A-G1.045-C3,174260,1,1717.75,1,4.5,late25,False
A-G1.045-C3,174260,1,1720.25,1,2.5,late25,False
A-G1.045-C3,174260,2,1835.5,2,115.25,early25,False
A-G1.045-C3,174260,2,1845.25,1,9.75,early25,False
A-G1.045-C3,174260,2,1846.5,1,1.25,early25,False
A-G1.045-C3,174260,2,1849.5,1,3.0,early25,False
A-G1.045-C3,174260,2,1857.75,2,8.25,early25,False
A-G1.045-C3,174260,2,1861.25,2,3.5,early25,False
A-G1.045-C3,174260,2,1865.0,1,3.75,early25,False
A-G1.045-C3,174260,2,1869.0,1,4.0,early25,False
A-G1.045-C3,174260,2,1875.25,2,6.25,early25,False
A-G1.045-C3,174260,2,1880.75,1,5.5,early25,False
A-G1.045-C3,174260,2,1903.25,2,22.5,early25,False
A-G1.045-C3,174260,2,1908.25,2,5.0,early25,False
A-G1.045-C3,174260,2,1911.25,1,3.0,early25,False
A-G1.045-C3,174260,2,1913.25,1,2.0,early25,False
A-G1.045-C3,174260,2,1919.25,3,6.0,early25,False
A-G1.045-C3,174260,2,1924.75,2,5.5,early25,False
A-G1.045-C3,174260,2,1927.5,1,2.75,early25,False
A-G1.045-C3,174260,2,1930.5,1,3.0,early25,False
A-G1.045-C3,174260,2,1932.75,8,2.25,early25,False
A-G1.045-C3,174260,2,1937.25,1,4.5,early25,False
A-G1.045-C3,174260,2,1963.25,1,26.0,early25,False
A-G1.045-C3,174260,2,1972.0,1,8.75,early25,False
A-G1.045-C3,174260,2,1976.0,1,4.0,early25,False
A-G1.045-C3,174260,2,1981.5,14,5.5,early25,False
A-G1.045-C3,174260,2,1986.25,1,4.75,early25,False
A-G1.045-C3,174260,2,1991.75,2,5.5,early25,False
A-G1.045-C3,174260,2,2018.0,1,26.25,middle50,False
A-G1.045-C3,174260,2,2020.25,1,2.25,middle50,False
A-G1.045-C3,174260,2,2023.5,1,3.25,middle50,False
A-G1.045-C3,174260,2,2027.25,12,3.75,middle50,False
A-G1.045-C3,174260,2,2034.75,2,7.5,middle50,False
A-G1.045-C3,174260,2,2036.75,1,2.0,middle50,False
A-G1.045-C3,174260,2,2038.25,1,1.5,middle50,False
A-G1.045-C3,174260,2,2043.75,1,5.5,middle50,False
A-G1.045-C3,174260,2,2047.25,1,3.5,middle50,False
A-G1.045-C3,174260,2,2056.0,4,8.75,middle50,False
A-G1.045-C3,174260,2,2183.0,1,127.0,middle50,False
A-G1.045-C3,174260,2,2188.75,1,5.75,middle50,False
A-G1.045-C3,174260,2,2192.5,1,3.75,middle50,False
A-G1.045-C3,174260,2,2196.25,1,3.75,middle50,False
A-G1.045-C3,174260,2,2202.0,1,5.75,middle50,False
A-G1.045-C3,174260,2,2203.25,3,1.25,middle50,False
A-G1.045-C3,174260,2,2205.5,1,2.25,middle50,False
A-G1.045-C3,174260,2,2209.25,1,3.75,middle50,False
A-G1.045-C3,174260,2,2213.25,1,4.0,middle50,False
A-G1.045-C3,174260,2,2238.75,1,25.5,middle50,False
A-G1.045-C3,174260,2,2241.25,1,2.5,middle50,False
A-G1.045-C3,174260,2,2247.5,1,6.25,middle50,False
A-G1.045-C3,174260,2,2251.5,1,4.0,middle50,False
A-G1.045-C3,174260,2,2256.0,1,4.5,middle50,False
A-G1.045-C3,174260,2,2260.5,1,4.5,middle50,False
A-G1.045-C3,174260,2,2265.0,2,4.5,middle50,False
A-G1.045-C3,174260,2,2268.75,1,3.75,middle50,False
A-G1.045-C3,174260,2,2282.75,4,14.0,middle50,False
A-G1.045-C3,174260,2,2309.25,10,26.5,middle50,False
A-G1.045-C3,174260,2,2313.25,1,4.0,middle50,False
A-G1.045-C3,174260,2,2316.25,1,3.0,middle50,False
A-G1.045-C3,174260,2,2320.0,9,3.75,middle50,False
A-G1.045-C3,174260,2,2321.75,2,1.75,middle50,False
A-G1.045-C3,174260,2,2347.5,1,25.75,late25,False
A-G1.045-C3,174260,2,2354.75,2,7.25,late25,False
A-G1.045-C3,174260,2,2361.25,1,6.5,late25,False
A-G1.045-C3,174260,2,2365.25,1,4.0,late25,False
A-G1.045-C3,174260,2,2368.75,1,3.5,late25,False
A-G1.045-C3,174260,2,2375.5,1,6.75,late25,False
A-G1.045-C3,174260,2,2379.75,1,4.25,late25,False
A-G1.045-C3,174260,2,2385.5,1,5.75,late25,False
A-G1.045-C3,174260,3,2505.75,2,120.25,early25,True
A-G1.045-C3,174260,3,2509.0,1,3.25,early25,True
A-G1.045-C3,174260,3,2510.75,1,1.75,early25,True
A-G1.045-C3,174260,3,2513.25,1,2.5,early25,True
A-G1.045-C3,174260,3,2516.75,2,3.5,early25,True
A-G1.045-C3,174260,3,2520.0,1,3.25,early25,True
A-G1.045-C3,174260,3,2522.75,1,2.75,early25,True
A-G1.045-C3,174260,3,2527.75,2,5.0,early25,True
A-G1.045-C3,174260,3,2559.75,1,32.0,early25,True
A-G1.045-C3,174260,3,2560.75,1,1.0,early25,True
A-G1.045-C3,174260,3,2563.0,1,2.25,early25,True
A-G1.045-C3,174260,3,2571.0,3,8.0,early25,True
A-G1.045-C3,174260,3,2577.0,3,6.0,early25,True
A-G1.045-C3,174260,3,2581.0,1,4.0,early25,True
A-G1.045-C3,174260,3,2587.0,2,6.0,early25,True
A-G1.045-C3,174260,3,2597.75,4,10.75,early25,True
A-G1.045-C3,174260,3,2616.75,2,19.0,early25,True
A-G1.045-C3,174260,3,2620.25,1,3.5,early25,True
A-G1.045-C3,174260,3,2625.75,1,5.5,early25,True
A-G1.045-C3,174260,3,2633.0,2,7.25,early25,True
A-G1.045-C3,174260,3,2636.5,1,3.5,early25,True
A-G1.045-C3,174260,3,2666.0,1,29.5,early25,True
A-G1.045-C3,174260,3,2673.0,2,7.0,early25,True
A-G1.045-C3,174260,3,2675.75,1,2.75,early25,True
A-G1.045-C3,174260,3,2678.25,1,2.5,early25,True
A-G1.045-C3,174260,3,2682.75,2,4.5,early25,True
A-G1.045-C3,174260,3,2690.0,1,7.25,early25,True
A-G1.045-C3,174260,3,2693.25,1,3.25,early25,True
A-G1.045-C3,174260,3,2719.0,1,25.75,early25,True
A-G1.045-C3,174260,3,2721.75,1,2.75,early25,True
A-G1.045-C3,174260,3,2726.0,1,4.25,early25,True
A-G1.045-C3,174260,3,2738.0,2,12.0,early25,True
A-G1.045-C3,174260,3,2741.25,1,3.25,early25,True
A-G1.045-C3,174260,3,2750.5,2,9.25,early25,True
A-G1.045-C3,174260,3,2773.5,2,23.0,middle50,True
A-G1.045-C3,174260,3,2779.0,1,5.5,middle50,True
A-G1.045-C3,174260,3,2784.25,1,5.25,middle50,True
A-G1.045-C3,174260,3,2789.75,1,5.5,middle50,True
A-G1.045-C3,174260,3,2795.5,2,5.75,middle50,True
A-G1.045-C3,174260,3,2803.5,1,8.0,middle50,True
A-G1.045-C3,174260,3,2811.75,6,8.25,middle50,True
A-G1.045-C3,174260,3,2821.75,1,10.0,middle50,True
A-G1.045-C3,174260,3,2828.0,1,6.25,middle50,True
A-G1.045-C3,174260,3,2831.75,1,3.75,middle50,True
A-G1.045-C3,174260,3,2836.0,1,4.25,middle50,True
A-G1.045-C3,174260,3,2840.25,1,4.25,middle50,True
A-G1.045-C3,174260,3,2847.0,8,6.75,middle50,True
A-G1.045-C3,174260,3,2878.0,1,31.0,middle50,True
A-G1.045-C3,174260,3,2879.75,3,1.75,middle50,True
A-G1.045-C3,174260,3,2882.25,4,2.5,middle50,True
A-G1.045-C3,174260,3,2885.5,1,3.25,middle50,True
A-G1.045-C3,174260,3,2888.0,4,2.5,middle50,True
A-G1.045-C3,174260,3,2892.0,1,4.0,middle50,True
A-G1.045-C3,174260,3,2897.0,1,5.0,middle50,True
A-G1.045-C3,174260,3,2900.25,1,3.25,middle50,True
A-G1.045-C3,174260,3,2903.5,4,3.25,middle50,True
A-G1.045-C3,174260,3,2922.25,4,18.75,middle50,True
A-G1.045-C3,174260,3,2938.75,1,16.5,middle50,True
A-G1.045-C3,174260,3,2950.75,1,12.0,middle50,True
A-G1.045-C3,174260,3,2953.0,1,2.25,middle50,True
A-G1.045-C3,174260,3,2956.0,3,3.0,middle50,True
A-G1.045-C3,174260,3,2987.5,3,31.5,middle50,True
A-G1.045-C3,174260,3,2996.5,1,9.0,middle50,True
A-G1.045-C3,174260,3,3007.0,1,10.5,middle50,True
A-G1.045-C3,174260,3,3023.0,1,16.0,middle50,True
A-G1.045-C3,174260,3,3029.0,2,6.0,middle50,True
A-G1.045-C3,174260,3,3045.25,1,16.25,middle50,True
A-G1.045-C3,174260,3,3054.0,1,8.75,middle50,True
A-G1.045-C3,174260,3,3061.0,1,7.0,middle50,True
A-G1.045-C3,174260,3,3069.0,5,8.0,middle50,True
A-G1.045-C3,174260,3,3095.0,1,26.0,middle50,True
A-G1.045-C3,174260,3,3096.0,1,1.0,middle50,True
A-G1.045-C3,174260,3,3101.25,1,5.25,middle50,True
A-G1.045-C3,174260,3,3111.75,1,10.5,middle50,True
A-G1.045-C3,174260,3,3144.75,3,33.0,middle50,True
A-G1.045-C3,174260,3,3290.5,1,145.75,middle50,True
A-G1.045-C3,174260,3,3302.0,1,11.5,middle50,True
A-G1.045-C3,174260,3,3309.25,2,7.25,middle50,True
A-G1.045-C3,174260,3,3336.75,1,27.5,late25,True
A-G1.045-C3,174260,3,3345.75,1,9.0,late25,True
A-G1.045-C3,174260,3,3352.5,1,6.75,late25,True
A-G1.045-C3,174260,3,3361.0,1,8.5,late25,True
A-G1.045-C3,174260,3,3369.0,4,8.0,late25,True
A-G1.045-C3,174260,3,3374.75,1,5.75,late25,True
A-G1.045-C3,174260,3,3417.0,1,42.25,late25,True
A-G1.045-C3,174260,3,3420.25,2,3.25,late25,True
A-G1.045-C3,174260,3,3444.0,1,23.75,late25,True
A-G1.045-C3,174260,3,3455.75,1,11.75,late25,True
A-G1.045-C3,174260,3,3467.0,1,11.25,late25,True
A-G1.045-C3,174260,3,3485.25,3,18.25,late25,True
A-G1.045-C3,182179,0,0.25,3,,early25,False
A-G1.045-C3,182179,0,8.5,1,8.25,early25,False
A-G1.045-C3,182179,0,18.0,1,9.5,early25,False
A-G1.045-C3,182179,0,27.5,1,9.5,early25,False
A-G1.045-C3,182179,0,31.25,1,3.75,early25,False
A-G1.045-C3,182179,0,43.75,1,12.5,early25,False
A-G1.045-C3,182179,0,94.0,1,50.25,early25,False
A-G1.045-C3,182179,0,98.0,1,4.0,early25,False
A-G1.045-C3,182179,0,115.75,1,17.75,early25,False
A-G1.045-C3,182179,0,162.0,1,46.25,early25,False
A-G1.045-C3,182179,0,174.0,1,12.0,early25,False
A-G1.045-C3,182179,0,218.0,1,44.0,middle50,False
A-G1.045-C3,182179,0,220.5,1,2.5,middle50,False
A-G1.045-C3,182179,0,228.5,1,8.0,middle50,False
A-G1.045-C3,182179,0,235.75,1,7.25,middle50,False
A-G1.045-C3,182179,0,245.0,1,9.25,middle50,False
A-G1.045-C3,182179,0,277.0,1,32.0,middle50,False
A-G1.045-C3,182179,0,285.75,1,8.75,middle50,False
A-G1.045-C3,182179,0,294.75,1,9.0,middle50,False
A-G1.045-C3,182179,0,326.5,1,31.75,middle50,False
A-G1.045-C3,182179,0,338.75,1,12.25,middle50,False
A-G1.045-C3,182179,0,345.0,1,6.25,middle50,False
A-G1.045-C3,182179,0,347.25,1,2.25,middle50,False
A-G1.045-C3,182179,0,356.75,1,9.5,middle50,False
A-G1.045-C3,182179,0,518.0,1,161.25,middle50,False
A-G1.045-C3,182179,0,520.75,1,2.75,middle50,False
A-G1.045-C3,182179,0,526.75,1,6.0,middle50,False
A-G1.045-C3,182179,0,539.0,1,12.25,middle50,False
A-G1.045-C3,182179,0,576.0,1,37.0,middle50,False
A-G1.045-C3,182179,0,586.25,1,10.25,middle50,False
A-G1.045-C3,182179,0,595.75,1,9.5,middle50,False
A-G1.045-C3,182179,0,597.5,1,1.75,middle50,False
A-G1.045-C3,182179,0,607.75,1,10.25,middle50,False
A-G1.045-C3,182179,0,615.75,3,8.0,middle50,False
A-G1.045-C3,182179,0,637.5,1,21.75,late25,False
A-G1.045-C3,182179,0,648.5,1,11.0,late25,False
A-G1.045-C3,182179,0,653.0,1,4.5,late25,False
A-G1.045-C3,182179,0,659.5,1,6.5,late25,False
A-G1.045-C3,182179,0,693.0,1,33.5,late25,False
A-G1.045-C3,182179,0,698.0,1,5.0,late25,False
A-G1.045-C3,182179,0,702.25,1,4.25,late25,False
A-G1.045-C3,182179,0,708.75,1,6.5,late25,False
A-G1.045-C3,182179,0,714.75,1,6.0,late25,False
A-G1.045-C3,182179,0,719.5,1,4.75,late25,False
A-G1.045-C3,182179,1,858.0,1,138.5,early25,False
A-G1.045-C3,182179,1,862.5,1,4.5,early25,False
A-G1.045-C3,182179,1,865.25,1,2.75,early25,False
A-G1.045-C3,182179,1,867.25,1,2.0,early25,False
A-G1.045-C3,182179,1,870.0,1,2.75,early25,False
A-G1.045-C3,182179,1,872.25,1,2.25,early25,False
A-G1.045-C3,182179,1,879.0,1,6.75,early25,False
A-G1.045-C3,182179,1,886.25,1,7.25,early25,False
A-G1.045-C3,182179,1,917.75,1,31.5,early25,False
A-G1.045-C3,182179,1,936.25,2,18.5,early25,False
A-G1.045-C3,182179,1,938.5,1,2.25,early25,False
A-G1.045-C3,182179,1,943.0,1,4.5,early25,False
A-G1.045-C3,182179,1,973.75,2,30.75,early25,False
A-G1.045-C3,182179,1,977.25,1,3.5,early25,False
A-G1.045-C3,182179,1,983.25,1,6.0,early25,False
A-G1.045-C3,182179,1,988.75,2,5.5,early25,False
A-G1.045-C3,182179,1,992.25,1,3.5,early25,False
A-G1.045-C3,182179,1,997.5,1,5.25,early25,False
A-G1.045-C3,182179,1,1029.25,1,31.75,early25,False
A-G1.045-C3,182179,1,1033.75,1,4.5,early25,False
A-G1.045-C3,182179,1,1037.75,2,4.0,middle50,False
A-G1.045-C3,182179,1,1047.0,2,9.25,middle50,False
A-G1.045-C3,182179,1,1052.5,1,5.5,middle50,False
A-G1.045-C3,182179,1,1054.0,1,1.5,middle50,False
A-G1.045-C3,182179,1,1056.5,1,2.5,middle50,False
A-G1.045-C3,182179,1,1084.0,2,27.5,middle50,False
A-G1.045-C3,182179,1,1094.0,2,10.0,middle50,False
A-G1.045-C3,182179,1,1098.5,1,4.5,middle50,False
A-G1.045-C3,182179,1,1103.25,2,4.75,middle50,False
A-G1.045-C3,182179,1,1133.75,1,30.5,middle50,False
A-G1.045-C3,182179,1,1137.5,2,3.75,middle50,False
A-G1.045-C3,182179,1,1141.25,1,3.75,middle50,False
A-G1.045-C3,182179,1,1144.75,1,3.5,middle50,False
A-G1.045-C3,182179,1,1148.0,2,3.25,middle50,False
A-G1.045-C3,182179,1,1154.25,1,6.25,middle50,False
A-G1.045-C3,182179,1,1156.5,1,2.25,middle50,False
A-G1.045-C3,182179,1,1162.0,1,5.5,middle50,False
A-G1.045-C3,182179,1,1169.25,2,7.25,middle50,False
A-G1.045-C3,182179,1,1313.5,1,144.25,middle50,False
A-G1.045-C3,182179,1,1316.75,1,3.25,middle50,False
A-G1.045-C3,182179,1,1320.0,1,3.25,middle50,False
A-G1.045-C3,182179,1,1329.25,1,9.25,middle50,False
A-G1.045-C3,182179,1,1335.25,1,6.0,middle50,False
A-G1.045-C3,182179,1,1337.25,1,2.0,middle50,False
A-G1.045-C3,182179,1,1341.0,1,3.75,middle50,False
A-G1.045-C3,182179,1,1371.0,1,30.0,middle50,False
A-G1.045-C3,182179,1,1374.5,1,3.5,middle50,False
A-G1.045-C3,182179,1,1382.0,2,7.5,middle50,False
A-G1.045-C3,182179,1,1388.0,1,6.0,middle50,False
A-G1.045-C3,182179,1,1391.25,1,3.25,middle50,False
A-G1.045-C3,182179,1,1398.0,2,6.75,middle50,False
A-G1.045-C3,182179,1,1417.75,1,19.75,middle50,False
A-G1.045-C3,182179,1,1434.5,1,16.75,late25,False
A-G1.045-C3,182179,1,1438.25,1,3.75,late25,False
A-G1.045-C3,182179,1,1443.0,2,4.75,late25,False
A-G1.045-C3,182179,1,1447.25,1,4.25,late25,False
A-G1.045-C3,182179,1,1450.0,1,2.75,late25,False
A-G1.045-C3,182179,1,1454.0,1,4.0,late25,False
A-G1.045-C3,182179,1,1457.5,14,3.5,late25,False
A-G1.045-C3,182179,1,1487.75,1,30.25,late25,False
A-G1.045-C3,182179,1,1493.75,1,6.0,late25,False
A-G1.045-C3,182179,1,1495.5,1,1.75,late25,False
A-G1.045-C3,182179,1,1496.5,1,1.0,late25,False
A-G1.045-C3,182179,1,1501.5,1,5.0,late25,False
A-G1.045-C3,182179,1,1504.75,1,3.25,late25,False
A-G1.045-C3,182179,1,1506.25,1,1.5,late25,False
A-G1.045-C3,182179,1,1511.5,1,5.25,late25,False
A-G1.045-C3,182179,1,1513.75,1,2.25,late25,False
A-G1.045-C3,182179,1,1516.0,1,2.25,late25,False
A-G1.045-C3,182179,1,1529.5,4,13.5,late25,False
A-G1.045-C3,182179,2,1634.75,2,105.25,early25,False
A-G1.045-C3,182179,2,1647.0,2,12.25,early25,False
A-G1.045-C3,182179,2,1655.25,4,8.25,early25,False
A-G1.045-C3,182179,2,1657.0,7,1.75,early25,False
A-G1.045-C3,182179,2,1665.0,3,8.0,early25,False
A-G1.045-C3,182179,2,1669.5,1,4.5,early25,False
A-G1.045-C3,182179,2,1674.75,1,5.25,early25,False
A-G1.045-C3,182179,2,1704.75,4,30.0,early25,False
A-G1.045-C3,182179,2,1713.5,3,8.75,early25,False
A-G1.045-C3,182179,2,1721.25,3,7.75,early25,False
A-G1.045-C3,182179,2,1727.75,3,6.5,early25,False
A-G1.045-C3,182179,2,1742.0,3,14.25,early25,False
A-G1.045-C3,182179,2,1749.0,6,7.0,early25,False
A-G1.045-C3,182179,2,1761.0,2,12.0,early25,False
A-G1.045-C3,182179,2,1765.75,1,4.75,early25,False
A-G1.045-C3,182179,2,1770.5,2,4.75,early25,False
A-G1.045-C3,182179,2,1774.0,1,3.5,early25,False
A-G1.045-C3,182179,2,1779.25,2,5.25,early25,False
A-G1.045-C3,182179,2,1784.5,2,5.25,early25,False
A-G1.045-C3,182179,2,1788.5,2,4.0,early25,False
A-G1.045-C3,182179,2,1793.0,18,4.5,early25,False
A-G1.045-C3,182179,2,1818.5,2,25.5,middle50,False
A-G1.045-C3,182179,2,1822.75,2,4.25,middle50,False
A-G1.045-C3,182179,2,1824.25,4,1.5,middle50,False
A-G1.045-C3,182179,2,1828.0,2,3.75,middle50,False
A-G1.045-C3,182179,2,1830.5,4,2.5,middle50,False
A-G1.045-C3,182179,2,1838.25,2,7.75,middle50,False
A-G1.045-C3,182179,2,1842.75,2,4.5,middle50,False
A-G1.045-C3,182179,2,1845.5,2,2.75,middle50,False
A-G1.045-C3,182179,2,1996.75,1,151.25,middle50,False
A-G1.045-C3,182179,2,2002.75,1,6.0,middle50,False
A-G1.045-C3,182179,2,2008.25,1,5.5,middle50,False
A-G1.045-C3,182179,2,2009.25,3,1.0,middle50,False
A-G1.045-C3,182179,2,2013.0,1,3.75,middle50,False
A-G1.045-C3,182179,2,2014.0,3,1.0,middle50,False
A-G1.045-C3,182179,2,2017.75,1,3.75,middle50,False
A-G1.045-C3,182179,2,2021.5,1,3.75,middle50,False
A-G1.045-C3,182179,2,2046.75,1,25.25,middle50,False
A-G1.045-C3,182179,2,2050.25,1,3.5,middle50,False
A-G1.045-C3,182179,2,2052.75,1,2.5,middle50,False
A-G1.045-C3,182179,2,2056.25,1,3.5,middle50,False
A-G1.045-C3,182179,2,2060.0,1,3.75,middle50,False
A-G1.045-C3,182179,2,2063.5,2,3.5,middle50,False
A-G1.045-C3,182179,2,2069.75,2,6.25,middle50,False
A-G1.045-C3,182179,2,2075.75,2,6.0,middle50,False
A-G1.045-C3,182179,2,2078.75,11,3.0,middle50,False
A-G1.045-C3,182179,2,2087.0,1,8.25,middle50,False
A-G1.045-C3,182179,2,2113.5,3,26.5,middle50,False
A-G1.045-C3,182179,2,2119.0,2,5.5,middle50,False
A-G1.045-C3,182179,2,2122.5,1,3.5,middle50,False
A-G1.045-C3,182179,2,2125.5,1,3.0,middle50,False
A-G1.045-C3,182179,2,2133.0,1,7.5,middle50,False
A-G1.045-C3,182179,2,2157.25,10,24.25,late25,False
A-G1.045-C3,182179,2,2160.5,1,3.25,late25,False
A-G1.045-C3,182179,2,2166.5,1,6.0,late25,False
A-G1.045-C3,182179,2,2169.0,1,2.5,late25,False
A-G1.045-C3,182179,2,2171.75,8,2.75,late25,False
A-G1.045-C3,182179,2,2173.75,1,2.0,late25,False
A-G1.045-C3,182179,2,2186.0,1,12.25,late25,False
A-G1.045-C3,182179,2,2189.75,1,3.75,late25,False
A-G1.045-C3,182179,3,2307.25,1,117.5,early25,True
A-G1.045-C3,182179,3,2319.0,1,11.75,early25,True
A-G1.045-C3,182179,3,2326.0,1,7.0,early25,True
A-G1.045-C3,182179,3,2327.75,1,1.75,early25,True
A-G1.045-C3,182179,3,2333.25,2,5.5,early25,True
A-G1.045-C3,182179,3,2335.5,1,2.25,early25,True
A-G1.045-C3,182179,3,2337.75,1,2.25,early25,True
A-G1.045-C3,182179,3,2339.5,1,1.75,early25,True
A-G1.045-C3,182179,3,2341.25,1,1.75,early25,True
A-G1.045-C3,182179,3,2345.25,1,4.0,early25,True
A-G1.045-C3,182179,3,2349.5,2,4.25,early25,True
A-G1.045-C3,182179,3,2374.5,1,25.0,early25,True
A-G1.045-C3,182179,3,2378.5,2,4.0,early25,True
A-G1.045-C3,182179,3,2382.0,1,3.5,early25,True
A-G1.045-C3,182179,3,2385.25,2,3.25,early25,True
A-G1.045-C3,182179,3,2388.25,1,3.0,early25,True
A-G1.045-C3,182179,3,2392.5,15,4.25,early25,True
A-G1.045-C3,182179,3,2400.0,1,7.5,early25,True
A-G1.045-C3,182179,3,2404.25,1,4.25,early25,True
A-G1.045-C3,182179,3,2412.5,3,8.25,early25,True
A-G1.045-C3,182179,3,2426.0,1,13.5,early25,True
A-G1.045-C3,182179,3,2430.0,1,4.0,early25,True
A-G1.045-C3,182179,3,2434.75,2,4.75,early25,True
A-G1.045-C3,182179,3,2439.25,1,4.5,early25,True
A-G1.045-C3,182179,3,2443.0,1,3.75,early25,True
A-G1.045-C3,182179,3,2446.5,1,3.5,early25,True
A-G1.045-C3,182179,3,2450.25,1,3.75,early25,True
A-G1.045-C3,182179,3,2455.0,11,4.75,early25,True
A-G1.045-C3,182179,3,2481.0,1,26.0,early25,True
A-G1.045-C3,182179,3,2486.0,1,5.0,early25,True
A-G1.045-C3,182179,3,2488.75,1,2.75,early25,True
A-G1.045-C3,182179,3,2491.75,1,3.0,early25,True
A-G1.045-C3,182179,3,2497.75,1,6.0,early25,True
A-G1.045-C3,182179,3,2500.0,1,2.25,early25,True
A-G1.045-C3,182179,3,2507.0,1,7.0,early25,True
A-G1.045-C3,182179,3,2517.25,3,10.25,early25,True
A-G1.045-C3,182179,3,2542.0,2,24.75,early25,True
A-G1.045-C3,182179,3,2548.5,1,6.5,early25,True
A-G1.045-C3,182179,3,2591.75,2,43.25,early25,True
A-G1.045-C3,182179,3,2597.0,1,5.25,early25,True
A-G1.045-C3,182179,3,2606.25,1,9.25,early25,True
A-G1.045-C3,182179,3,2611.0,1,4.75,early25,True
A-G1.045-C3,182179,3,2639.25,1,28.25,middle50,True
A-G1.045-C3,182179,3,2643.75,2,4.5,middle50,True
A-G1.045-C3,182179,3,2651.0,1,7.25,middle50,True
A-G1.045-C3,182179,3,2657.5,1,6.5,middle50,True
A-G1.045-C3,182179,3,2691.0,1,33.5,middle50,True
A-G1.045-C3,182179,3,2701.25,1,10.25,middle50,True
A-G1.045-C3,182179,3,2707.25,1,6.0,middle50,True
A-G1.045-C3,182179,3,2711.25,1,4.0,middle50,True
A-G1.045-C3,182179,3,2715.25,1,4.0,middle50,True
A-G1.045-C3,182179,3,2742.5,1,27.25,middle50,True
A-G1.045-C3,182179,3,2748.25,1,5.75,middle50,True
A-G1.045-C3,182179,3,2755.25,1,7.0,middle50,True
A-G1.045-C3,182179,3,2759.25,1,4.0,middle50,True
A-G1.045-C3,182179,3,2788.0,1,28.75,middle50,True
A-G1.045-C3,182179,3,2790.75,6,2.75,middle50,True
A-G1.045-C3,182179,3,2802.25,1,11.5,middle50,True
A-G1.045-C3,182179,3,2814.5,1,12.25,middle50,True
A-G1.045-C3,182179,3,2839.0,1,24.5,middle50,True
A-G1.045-C3,182179,3,2844.25,1,5.25,middle50,True
A-G1.045-C3,182179,3,2851.25,1,7.0,middle50,True
A-G1.045-C3,182179,3,2859.75,1,8.5,middle50,True
A-G1.045-C3,182179,3,2862.75,4,3.0,middle50,True
A-G1.045-C3,182179,3,2903.0,1,40.25,middle50,True
A-G1.045-C3,182179,3,2907.75,1,4.75,middle50,True
A-G1.045-C3,182179,3,2919.25,1,11.5,middle50,True
A-G1.045-C3,182179,3,2952.5,1,33.25,middle50,True
A-G1.045-C3,182179,3,2956.75,1,4.25,middle50,True
A-G1.045-C3,182179,3,2964.0,1,7.25,middle50,True
A-G1.045-C3,182179,3,2970.0,1,6.0,middle50,True
A-G1.045-C3,182179,3,3009.25,1,39.25,middle50,True
A-G1.045-C3,182179,3,3014.0,1,4.75,middle50,True
A-G1.045-C3,182179,3,3019.0,1,5.0,middle50,True
A-G1.045-C3,182179,3,3026.25,1,7.25,middle50,True
A-G1.045-C3,182179,3,3031.0,1,4.75,middle50,True
A-G1.045-C3,182179,3,3040.0,1,9.0,middle50,True
A-G1.045-C3,182179,3,3208.0,1,168.0,middle50,True
A-G1.045-C3,182179,3,3211.25,1,3.25,middle50,True
A-G1.045-C3,182179,3,3244.0,1,32.75,middle50,True
A-G1.045-C3,182179,3,3250.0,1,6.0,middle50,True
A-G1.045-C3,182179,3,3255.0,4,5.0,middle50,True
A-G1.045-C3,182179,3,3264.5,1,9.5,middle50,True
A-G1.045-C3,182179,3,3272.25,1,7.75,middle50,True
A-G1.045-C3,182179,3,3312.25,1,40.0,late25,True
A-G1.045-C3,182179,3,3322.0,1,9.75,late25,True
A-G1.045-C3,182179,3,3328.25,1,6.25,late25,True
A-G1.045-C3,182179,3,3364.25,1,36.0,late25,True
A-G1.045-C3,182179,3,3369.75,1,5.5,late25,True
A-G1.045-C3,182179,3,3376.5,1,6.75,late25,True
A-G1.045-C3,182179,3,3384.25,1,7.75,late25,True
A-G1.045-C3,182179,3,3400.5,1,16.25,late25,True
A-G1.045-C3,182179,3,3541.25,1,140.75,late25,True
A-G1.045-C3,182179,3,3550.0,1,8.75,late25,True
A-G1.045-C3,182179,3,3560.0,1,10.0,late25,True
A-G1.045-C3,182179,3,3566.75,1,6.75,late25,True
A-G1.045-C3,182179,3,3598.5,4,31.75,late25,True
A-G1.045-C3,190098,0,0.25,3,,early25,False
A-G1.045-C3,190098,0,8.25,1,8.0,early25,False
A-G1.045-C3,190098,0,12.5,1,4.25,early25,False
A-G1.045-C3,190098,0,33.25,1,20.75,early25,False
A-G1.045-C3,190098,0,92.5,1,59.25,early25,False
A-G1.045-C3,190098,0,96.0,1,3.5,early25,False
A-G1.045-C3,190098,0,103.25,1,7.25,early25,False
A-G1.045-C3,190098,0,108.5,1,5.25,early25,False
A-G1.045-C3,190098,0,114.5,1,6.0,early25,False
A-G1.045-C3,190098,0,128.75,5,14.25,early25,False
A-G1.045-C3,190098,0,159.0,1,30.25,early25,False
A-G1.045-C3,190098,0,165.25,1,6.25,early25,False
A-G1.045-C3,190098,0,176.0,1,10.75,early25,False
A-G1.045-C3,190098,0,208.25,1,32.25,middle50,False
A-G1.045-C3,190098,0,214.5,1,6.25,middle50,False
A-G1.045-C3,190098,0,219.0,1,4.5,middle50,False
A-G1.045-C3,190098,0,222.25,1,3.25,middle50,False
A-G1.045-C3,190098,0,227.75,1,5.5,middle50,False
A-G1.045-C3,190098,0,232.5,1,4.75,middle50,False
A-G1.045-C3,190098,0,250.75,4,18.25,middle50,False
A-G1.045-C3,190098,0,395.25,1,144.5,middle50,False
A-G1.045-C3,190098,0,404.25,1,9.0,middle50,False
A-G1.045-C3,190098,0,411.25,1,7.0,middle50,False
A-G1.045-C3,190098,0,417.75,1,6.5,middle50,False
A-G1.045-C3,190098,0,429.5,1,11.75,middle50,False
A-G1.045-C3,190098,0,455.5,1,26.0,middle50,False
A-G1.045-C3,190098,0,462.75,1,7.25,middle50,False
A-G1.045-C3,190098,0,469.0,2,6.25,middle50,False
A-G1.045-C3,190098,0,474.75,1,5.75,middle50,False
A-G1.045-C3,190098,0,482.75,1,8.0,middle50,False
A-G1.045-C3,190098,0,492.0,1,9.25,middle50,False
A-G1.045-C3,190098,0,569.25,1,77.25,late25,False
A-G1.045-C3,190098,0,584.25,1,15.0,late25,False
A-G1.045-C3,190098,0,589.75,12,5.5,late25,False
A-G1.045-C3,190098,0,595.25,1,5.5,late25,False
A-G1.045-C3,190098,0,606.75,1,11.5,late25,False
A-G1.045-C3,190098,0,712.5,1,105.75,late25,False
A-G1.045-C3,190098,1,738.0,1,25.5,early25,False
A-G1.045-C3,190098,1,740.75,1,2.75,early25,False
A-G1.045-C3,190098,1,745.25,1,4.5,early25,False
A-G1.045-C3,190098,1,750.75,1,5.5,early25,False
A-G1.045-C3,190098,1,753.5,1,2.75,early25,False
A-G1.045-C3,190098,1,759.0,1,5.5,early25,False
A-G1.045-C3,190098,1,768.5,11,9.5,early25,False
A-G1.045-C3,190098,1,795.25,1,26.75,early25,False
A-G1.045-C3,190098,1,801.25,1,6.0,early25,False
A-G1.045-C3,190098,1,806.5,2,5.25,early25,False
A-G1.045-C3,190098,1,816.75,2,10.25,early25,False
A-G1.045-C3,190098,1,819.25,1,2.5,early25,False
A-G1.045-C3,190098,1,825.75,1,6.5,early25,False
A-G1.045-C3,190098,1,846.25,1,20.5,early25,False
A-G1.045-C3,190098,1,852.5,2,6.25,early25,False
A-G1.045-C3,190098,1,857.0,1,4.5,early25,False
A-G1.045-C3,190098,1,864.5,2,7.5,early25,False
A-G1.045-C3,190098,1,871.5,2,7.0,early25,False
A-G1.045-C3,190098,1,875.0,1,3.5,early25,False
A-G1.045-C3,190098,1,901.0,1,26.0,middle50,False
A-G1.045-C3,190098,1,905.75,16,4.75,middle50,False
A-G1.045-C3,190098,1,908.5,1,2.75,middle50,False
A-G1.045-C3,190098,1,914.75,1,6.25,middle50,False
A-G1.045-C3,190098,1,919.0,1,4.25,middle50,False
A-G1.045-C3,190098,1,921.5,1,2.5,middle50,False
A-G1.045-C3,190098,1,925.0,1,3.5,middle50,False
A-G1.045-C3,190098,1,927.5,1,2.5,middle50,False
A-G1.045-C3,190098,1,932.75,1,5.25,middle50,False
A-G1.045-C3,190098,1,939.25,4,6.5,middle50,False
A-G1.045-C3,190098,1,1069.25,1,130.0,middle50,False
A-G1.045-C3,190098,1,1075.0,1,5.75,middle50,False
A-G1.045-C3,190098,1,1083.75,1,8.75,middle50,False
A-G1.045-C3,190098,1,1088.25,1,4.5,middle50,False
A-G1.045-C3,190098,1,1093.75,1,5.5,middle50,False
A-G1.045-C3,190098,1,1096.0,1,2.25,middle50,False
A-G1.045-C3,190098,1,1099.0,1,3.0,middle50,False
A-G1.045-C3,190098,1,1127.0,1,28.0,middle50,False
A-G1.045-C3,190098,1,1130.75,2,3.75,middle50,False
A-G1.045-C3,190098,1,1134.0,1,3.25,middle50,False
A-G1.045-C3,190098,1,1139.0,1,5.0,middle50,False
A-G1.045-C3,190098,1,1141.75,13,2.75,middle50,False
A-G1.045-C3,190098,1,1143.75,1,2.0,middle50,False
A-G1.045-C3,190098,1,1152.25,1,8.5,middle50,False
A-G1.045-C3,190098,1,1156.25,1,4.0,middle50,False
A-G1.045-C3,190098,1,1185.0,1,28.75,middle50,False
A-G1.045-C3,190098,1,1187.5,1,2.5,middle50,False
A-G1.045-C3,190098,1,1192.25,1,4.75,middle50,False
A-G1.045-C3,190098,1,1199.25,1,7.0,middle50,False
A-G1.045-C3,190098,1,1204.75,1,5.5,middle50,False
A-G1.045-C3,190098,1,1208.5,1,3.75,middle50,False
A-G1.045-C3,190098,1,1237.5,1,29.0,late25,False
A-G1.045-C3,190098,1,1240.0,1,2.5,late25,False
A-G1.045-C3,190098,1,1243.5,1,3.5,late25,False
A-G1.045-C3,190098,1,1246.5,1,3.0,late25,False
A-G1.045-C3,190098,1,1248.75,1,2.25,late25,False
A-G1.045-C3,190098,1,1251.25,1,2.5,late25,False
A-G1.045-C3,190098,1,1254.75,1,3.5,late25,False
A-G1.045-C3,190098,1,1258.0,1,3.25,late25,False
A-G1.045-C3,190098,1,1261.5,1,3.5,late25,False
A-G1.045-C3,190098,1,1263.5,1,2.0,late25,False
A-G1.045-C3,190098,1,1274.75,1,11.25,late25,False
A-G1.045-C3,190098,1,1373.75,1,99.0,late25,False
A-G1.045-C3,190098,2,1383.75,2,10.0,early25,False
A-G1.045-C3,190098,2,1393.5,1,9.75,early25,False
A-G1.045-C3,190098,2,1395.75,1,2.25,early25,False
A-G1.045-C3,190098,2,1397.25,1,1.5,early25,False
A-G1.045-C3,190098,2,1399.25,1,2.0,early25,False
A-G1.045-C3,190098,2,1401.75,2,2.5,early25,False
A-G1.045-C3,190098,2,1406.5,1,4.75,early25,False
A-G1.045-C3,190098,2,1409.25,2,2.75,early25,False
A-G1.045-C3,190098,2,1413.0,2,3.75,early25,False
A-G1.045-C3,190098,2,1417.5,1,4.5,early25,False
A-G1.045-C3,190098,2,1422.5,2,5.0,early25,False
A-G1.045-C3,190098,2,1426.0,1,3.5,early25,False
A-G1.045-C3,190098,2,1452.5,2,26.5,early25,False
A-G1.045-C3,190098,2,1455.25,2,2.75,early25,False
A-G1.045-C3,190098,2,1457.0,1,1.75,early25,False
A-G1.045-C3,190098,2,1459.25,1,2.25,early25,False
A-G1.045-C3,190098,2,1463.25,2,4.0,early25,False
A-G1.045-C3,190098,2,1465.25,9,2.0,early25,False
A-G1.045-C3,190098,2,1469.5,2,4.25,early25,False
A-G1.045-C3,190098,2,1472.75,1,3.25,early25,False
A-G1.045-C3,190098,2,1476.5,18,3.75,early25,False
A-G1.045-C3,190098,2,1482.75,1,6.25,early25,False
A-G1.045-C3,190098,2,1488.0,1,5.25,early25,False
A-G1.045-C3,190098,2,1494.0,5,6.0,early25,False
A-G1.045-C3,190098,2,1639.25,1,145.25,middle50,False
A-G1.045-C3,190098,2,1643.5,1,4.25,middle50,False
A-G1.045-C3,190098,2,1647.25,1,3.75,middle50,False
A-G1.045-C3,190098,2,1649.25,1,2.0,middle50,False
A-G1.045-C3,190098,2,1653.0,1,3.75,middle50,False
A-G1.045-C3,190098,2,1655.25,1,2.25,middle50,False
A-G1.045-C3,190098,2,1659.5,1,4.25,middle50,False
A-G1.045-C3,190098,2,1686.0,1,26.5,middle50,False
A-G1.045-C3,190098,2,1691.25,2,5.25,middle50,False
A-G1.045-C3,190098,2,1694.25,1,3.0,middle50,False
A-G1.045-C3,190098,2,1698.5,1,4.25,middle50,False
A-G1.045-C3,190098,2,1706.5,2,8.0,middle50,False
A-G1.045-C3,190098,2,1710.75,2,4.25,middle50,False
A-G1.045-C3,190098,2,1715.25,2,4.5,middle50,False
A-G1.045-C3,190098,2,1744.25,1,29.0,middle50,False
A-G1.045-C3,190098,2,1747.5,1,3.25,middle50,False
A-G1.045-C3,190098,2,1757.75,2,10.25,middle50,False
A-G1.045-C3,190098,2,1763.75,1,6.0,middle50,False
A-G1.045-C3,190098,2,1767.5,1,3.75,middle50,False
A-G1.045-C3,190098,2,1795.0,1,27.5,middle50,False
A-G1.045-C3,190098,2,1798.25,1,3.25,middle50,False
A-G1.045-C3,190098,2,1802.5,2,4.25,middle50,False
A-G1.045-C3,190098,2,1809.5,1,7.0,middle50,False
A-G1.045-C3,190098,2,1813.75,2,4.25,middle50,False
A-G1.045-C3,190098,2,1817.0,1,3.25,middle50,False
A-G1.045-C3,190098,2,1821.75,1,4.75,middle50,False
A-G1.045-C3,190098,2,1830.25,2,8.5,middle50,False
A-G1.045-C3,190098,2,1836.5,3,6.25,middle50,False
A-G1.045-C3,190098,2,1962.75,1,126.25,middle50,False
A-G1.045-C3,190098,2,1966.5,1,3.75,middle50,False
A-G1.045-C3,190098,2,1972.0,2,5.5,middle50,False
A-G1.045-C3,190098,2,1977.5,1,5.5,middle50,False
A-G1.045-C3,190098,2,1981.75,1,4.25,middle50,False
A-G1.045-C3,190098,2,1985.0,1,3.25,middle50,False
A-G1.045-C3,190098,2,1989.0,1,4.0,middle50,False
A-G1.045-C3,190098,2,2017.5,2,28.5,middle50,False
A-G1.045-C3,190098,2,2021.0,1,3.5,middle50,False
A-G1.045-C3,190098,2,2025.75,1,4.75,middle50,False
A-G1.045-C3,190098,2,2028.75,8,3.0,middle50,False
A-G1.045-C3,190098,2,2032.0,1,3.25,middle50,False
A-G1.045-C3,190098,2,2039.0,1,7.0,middle50,False
A-G1.045-C3,190098,2,2042.0,1,3.0,middle50,False
A-G1.045-C3,190098,2,2045.0,1,3.0,middle50,False
A-G1.045-C3,190098,2,2052.75,3,7.75,late25,False
A-G1.045-C3,190098,2,2064.25,1,11.5,late25,False
A-G1.045-C3,190098,2,2068.25,1,4.0,late25,False
A-G1.045-C3,190098,2,2072.5,1,4.25,late25,False
A-G1.045-C3,190098,2,2075.75,1,3.25,late25,False
A-G1.045-C3,190098,2,2078.25,1,2.5,late25,False
A-G1.045-C3,190098,2,2081.5,1,3.25,late25,False
A-G1.045-C3,190098,2,2088.5,3,7.0,late25,False
A-G1.045-C3,190098,2,2091.5,2,3.0,late25,False
A-G1.045-C3,190098,2,2122.0,1,30.5,late25,False
A-G1.045-C3,190098,2,2124.0,2,2.0,late25,False
A-G1.045-C3,190098,2,2129.5,1,5.5,late25,False
A-G1.045-C3,190098,2,2131.0,1,1.5,late25,False
A-G1.045-C3,190098,2,2138.5,1,7.5,late25,False
A-G1.045-C3,190098,2,2145.25,1,6.75,late25,False
A-G1.045-C3,190098,2,2149.0,1,3.75,late25,False
A-G1.045-C3,190098,2,2267.5,1,118.5,late25,False
A-G1.045-C3,190098,3,2281.5,1,14.0,early25,True
A-G1.045-C3,190098,3,2284.75,1,3.25,early25,True
A-G1.045-C3,190098,3,2287.5,1,2.75,early25,True
A-G1.045-C3,190098,3,2292.0,2,4.5,early25,True
A-G1.045-C3,190098,3,2295.5,1,3.5,early25,True
A-G1.045-C3,190098,3,2299.0,1,3.5,early25,True
A-G1.045-C3,190098,3,2306.5,3,7.5,early25,True
A-G1.045-C3,190098,3,2337.0,1,30.5,early25,True
A-G1.045-C3,190098,3,2339.0,1,2.0,early25,True
A-G1.045-C3,190098,3,2345.25,2,6.25,early25,True
A-G1.045-C3,190098,3,2351.25,3,6.0,early25,True
A-G1.045-C3,190098,3,2361.25,2,10.0,early25,True
A-G1.045-C3,190098,3,2385.75,1,24.5,early25,True
A-G1.045-C3,190098,3,2389.0,1,3.25,early25,True
A-G1.045-C3,190098,3,2393.5,1,4.5,early25,True
A-G1.045-C3,190098,3,2398.75,1,5.25,early25,True
A-G1.045-C3,190098,3,2403.25,2,4.5,early25,True
A-G1.045-C3,190098,3,2408.25,1,5.0,early25,True
A-G1.045-C3,190098,3,2412.25,1,4.0,early25,True
A-G1.045-C3,190098,3,2416.75,11,4.5,early25,True
A-G1.045-C3,190098,3,2444.0,2,27.25,early25,True
A-G1.045-C3,190098,3,2448.75,1,4.75,early25,True
A-G1.045-C3,190098,3,2452.25,1,3.5,early25,True
A-G1.045-C3,190098,3,2453.75,1,1.5,early25,True
A-G1.045-C3,190098,3,2462.75,1,9.0,early25,True
A-G1.045-C3,190098,3,2465.25,1,2.5,early25,True
A-G1.045-C3,190098,3,2471.5,2,6.25,early25,True
A-G1.045-C3,190098,3,2491.5,2,20.0,early25,True
A-G1.045-C3,190098,3,2498.0,1,6.5,early25,True
A-G1.045-C3,190098,3,2501.5,1,3.5,early25,True
A-G1.045-C3,190098,3,2506.0,1,4.5,early25,True
A-G1.045-C3,190098,3,2512.75,1,6.75,early25,True
A-G1.045-C3,190098,3,2520.0,7,7.25,early25,True
A-G1.045-C3,190098,3,2544.75,2,24.75,early25,True
A-G1.045-C3,190098,3,2552.0,1,7.25,early25,True
A-G1.045-C3,190098,3,2556.5,1,4.5,early25,True
A-G1.045-C3,190098,3,2558.25,1,1.75,early25,True
A-G1.045-C3,190098,3,2565.5,1,7.25,early25,True
A-G1.045-C3,190098,3,2571.0,1,5.5,early25,True
A-G1.045-C3,190098,3,2575.5,1,4.5,early25,True
A-G1.045-C3,190098,3,2594.75,1,19.25,early25,True
A-G1.045-C3,190098,3,2602.0,2,7.25,middle50,True
A-G1.045-C3,190098,3,2609.0,1,7.0,middle50,True
A-G1.045-C3,190098,3,2617.0,1,8.0,middle50,True
A-G1.045-C3,190098,3,2621.75,1,4.75,middle50,True
A-G1.045-C3,190098,3,2647.0,1,25.25,middle50,True
A-G1.045-C3,190098,3,2653.5,1,6.5,middle50,True
A-G1.045-C3,190098,3,2656.25,1,2.75,middle50,True
A-G1.045-C3,190098,3,2660.25,7,4.0,middle50,True
A-G1.045-C3,190098,3,2674.75,1,14.5,middle50,True
A-G1.045-C3,190098,3,2692.5,1,17.75,middle50,True
A-G1.045-C3,190098,3,2698.0,1,5.5,middle50,True
A-G1.045-C3,190098,3,2704.5,1,6.5,middle50,True
A-G1.045-C3,190098,3,2709.5,1,5.0,middle50,True
A-G1.045-C3,190098,3,2712.0,4,2.5,middle50,True
A-G1.045-C3,190098,3,2715.0,1,3.0,middle50,True
A-G1.045-C3,190098,3,2748.5,1,33.5,middle50,True
A-G1.045-C3,190098,3,2756.75,1,8.25,middle50,True
A-G1.045-C3,190098,3,2768.5,1,11.75,middle50,True
A-G1.045-C3,190098,3,2773.5,1,5.0,middle50,True
A-G1.045-C3,190098,3,2778.5,1,5.0,middle50,True
A-G1.045-C3,190098,3,2804.0,1,25.5,middle50,True
A-G1.045-C3,190098,3,2817.5,1,13.5,middle50,True
A-G1.045-C3,190098,3,2823.5,1,6.0,middle50,True
A-G1.045-C3,190098,3,2859.0,1,35.5,middle50,True
A-G1.045-C3,190098,3,2867.25,1,8.25,middle50,True
A-G1.045-C3,190098,3,2872.25,1,5.0,middle50,True
A-G1.045-C3,190098,3,2886.0,1,13.75,middle50,True
A-G1.045-C3,190098,3,2903.75,1,17.75,middle50,True
A-G1.045-C3,190098,3,2917.0,1,13.25,middle50,True
A-G1.045-C3,190098,3,2923.75,1,6.75,middle50,True
A-G1.045-C3,190098,3,2959.25,1,35.5,middle50,True
A-G1.045-C3,190098,3,2963.0,1,3.75,middle50,True
A-G1.045-C3,190098,3,2967.0,1,4.0,middle50,True
A-G1.045-C3,190098,3,2971.75,1,4.75,middle50,True
A-G1.045-C3,190098,3,2976.75,1,5.0,middle50,True
A-G1.045-C3,190098,3,2981.5,1,4.75,middle50,True
A-G1.045-C3,190098,3,2987.0,1,5.5,middle50,True
A-G1.045-C3,190098,3,3157.0,1,170.0,middle50,True
A-G1.045-C3,190098,3,3163.0,1,6.0,middle50,True
A-G1.045-C3,190098,3,3169.0,1,6.0,middle50,True
A-G1.045-C3,190098,3,3180.75,1,11.75,middle50,True
A-G1.045-C3,190098,3,3186.75,1,6.0,middle50,True
A-G1.045-C3,190098,3,3213.75,1,27.0,middle50,True
A-G1.045-C3,190098,3,3220.75,1,7.0,middle50,True
A-G1.045-C3,190098,3,3226.5,4,5.75,middle50,True
A-G1.045-C3,190098,3,3268.75,1,42.25,late25,True
A-G1.045-C3,190098,3,3273.75,1,5.0,late25,True
A-G1.045-C3,190098,3,3284.75,1,11.0,late25,True
A-G1.045-C3,190098,3,3321.0,1,36.25,late25,True
A-G1.045-C3,190098,3,3330.5,1,9.5,late25,True
A-G1.045-C3,190098,3,3332.5,1,2.0,late25,True
A-G1.045-C3,190098,3,3341.75,1,9.25,late25,True
A-G1.045-C3,190098,3,3501.0,1,159.25,late25,True
A-G1.045-C3,190098,3,3506.5,1,5.5,late25,True
A-G1.045-C3,190098,3,3513.0,1,6.5,late25,True
A-G1.045-C3,190098,3,3546.0,1,33.0,late25,True
A-G1.045-C3,190098,3,3553.75,1,7.75,late25,True
A-G1.045-C3,190098,3,3559.75,1,6.0,late25,True
A-G1.045-C3,190098,3,3568.5,1,8.75,late25,True
A-G1.045-C3,190098,3,3571.25,3,2.75,late25,True
A-G1.045-C3,190098,3,3576.5,3,5.25,late25,True
A-G1.045-C3,190098,3,3584.75,2,8.25,late25,True
A-G1.045-C3,198017,0,0.25,3,,early25,False
A-G1.045-C3,198017,0,8.25,1,8.0,early25,False
A-G1.045-C3,198017,0,25.5,1,17.25,early25,False
A-G1.045-C3,198017,0,45.25,1,19.75,early25,False
A-G1.045-C3,198017,0,52.25,1,7.0,early25,False
A-G1.045-C3,198017,0,100.75,1,48.5,early25,False
A-G1.045-C3,198017,0,118.0,1,17.25,early25,False
A-G1.045-C3,198017,0,155.25,1,37.25,early25,False
A-G1.045-C3,198017,0,167.25,1,12.0,early25,False
A-G1.045-C3,198017,0,173.0,1,5.75,early25,False
A-G1.045-C3,198017,0,216.0,1,43.0,early25,False
A-G1.045-C3,198017,0,218.75,1,2.75,early25,False
A-G1.045-C3,198017,0,223.0,1,4.25,early25,False
A-G1.045-C3,198017,0,228.75,1,5.75,early25,False
A-G1.045-C3,198017,0,235.75,1,7.0,early25,False
A-G1.045-C3,198017,0,237.0,1,1.25,early25,False
A-G1.045-C3,198017,0,249.5,1,12.5,early25,False
A-G1.045-C3,198017,0,277.0,1,27.5,early25,False
A-G1.045-C3,198017,0,283.75,1,6.75,early25,False
A-G1.045-C3,198017,0,288.5,1,4.75,early25,False
A-G1.045-C3,198017,0,294.0,1,5.5,early25,False
A-G1.045-C3,198017,0,300.5,1,6.5,middle50,False
A-G1.045-C3,198017,0,333.25,1,32.75,middle50,False
A-G1.045-C3,198017,0,340.0,1,6.75,middle50,False
A-G1.045-C3,198017,0,347.0,1,7.0,middle50,False
A-G1.045-C3,198017,0,352.75,1,5.75,middle50,False
A-G1.045-C3,198017,0,358.25,1,5.5,middle50,False
A-G1.045-C3,198017,0,362.75,1,4.5,middle50,False
A-G1.045-C3,198017,0,517.5,1,154.75,middle50,False
A-G1.045-C3,198017,0,524.5,1,7.0,middle50,False
A-G1.045-C3,198017,0,530.75,1,6.25,middle50,False
A-G1.045-C3,198017,0,537.75,1,7.0,middle50,False
A-G1.045-C3,198017,0,547.25,1,9.5,middle50,False
A-G1.045-C3,198017,0,580.0,1,32.75,middle50,False
A-G1.045-C3,198017,0,584.5,1,4.5,middle50,False
A-G1.045-C3,198017,0,587.5,1,3.0,middle50,False
A-G1.045-C3,198017,0,593.5,1,6.0,middle50,False
A-G1.045-C3,198017,0,598.75,1,5.25,middle50,False
A-G1.045-C3,198017,0,610.0,1,11.25,middle50,False
A-G1.045-C3,198017,0,646.25,1,36.25,middle50,False
A-G1.045-C3,198017,0,653.75,1,7.5,middle50,False
A-G1.045-C3,198017,0,659.5,1,5.75,middle50,False
A-G1.045-C3,198017,0,665.5,1,6.0,middle50,False
A-G1.045-C3,198017,0,696.25,1,30.75,middle50,False
A-G1.045-C3,198017,0,700.5,1,4.25,middle50,False
A-G1.045-C3,198017,0,703.0,1,2.5,middle50,False
A-G1.045-C3,198017,0,709.5,1,6.5,middle50,False
A-G1.045-C3,198017,0,714.75,1,5.25,middle50,False
A-G1.045-C3,198017,0,718.25,1,3.5,middle50,False
A-G1.045-C3,198017,0,721.75,1,3.5,middle50,False
A-G1.045-C3,198017,0,725.25,1,3.5,middle50,False
A-G1.045-C3,198017,0,868.5,1,143.25,middle50,False
A-G1.045-C3,198017,0,873.0,1,4.5,middle50,False
A-G1.045-C3,198017,0,878.5,1,5.5,middle50,False
A-G1.045-C3,198017,0,882.75,1,4.25,middle50,False
A-G1.045-C3,198017,0,888.75,1,6.0,late25,False
A-G1.045-C3,198017,0,892.75,1,4.0,late25,False
A-G1.045-C3,198017,0,921.75,1,29.0,late25,False
A-G1.045-C3,198017,0,931.0,1,9.25,late25,False
A-G1.045-C3,198017,0,938.25,1,7.25,late25,False
A-G1.045-C3,198017,0,945.75,1,7.5,late25,False
A-G1.045-C3,198017,0,959.0,1,13.25,late25,False
A-G1.045-C3,198017,0,984.25,1,25.25,late25,False
A-G1.045-C3,198017,0,991.75,1,7.5,late25,False
A-G1.045-C3,198017,0,997.75,1,6.0,late25,False
A-G1.045-C3,198017,0,1005.5,1,7.75,late25,False
A-G1.045-C3,198017,0,1036.25,1,30.75,late25,False
A-G1.045-C3,198017,0,1045.75,1,9.5,late25,False
A-G1.045-C3,198017,0,1048.5,1,2.75,late25,False
A-G1.045-C3,198017,0,1054.5,1,6.0,late25,False
A-G1.045-C3,198017,0,1059.25,1,4.75,late25,False
A-G1.045-C3,198017,0,1069.5,1,10.25,late25,False
A-G1.045-C3,198017,0,1076.75,3,7.25,late25,False
A-G1.045-C3,198017,0,1169.5,1,92.75,late25,False
A-G1.045-C3,198017,0,1174.0,1,4.5,late25,False
A-G1.045-C3,198017,1,1196.75,1,22.75,early25,False
A-G1.045-C3,198017,1,1200.5,1,3.75,early25,False
A-G1.045-C3,198017,1,1201.25,1,0.75,early25,False
A-G1.045-C3,198017,1,1203.5,1,2.25,early25,False
A-G1.045-C3,198017,1,1208.75,2,5.25,early25,False
A-G1.045-C3,198017,1,1214.25,1,5.5,early25,False
A-G1.045-C3,198017,1,1216.75,1,2.5,early25,False
A-G1.045-C3,198017,1,1221.75,1,5.0,early25,False
A-G1.045-C3,198017,1,1226.5,2,4.75,early25,False
A-G1.045-C3,198017,1,1258.5,1,32.0,early25,False
A-G1.045-C3,198017,1,1261.5,1,3.0,early25,False
A-G1.045-C3,198017,1,1263.25,1,1.75,early25,False
A-G1.045-C3,198017,1,1266.75,1,3.5,early25,False
A-G1.045-C3,198017,1,1270.75,1,4.0,early25,False
A-G1.045-C3,198017,1,1274.75,1,4.0,early25,False
A-G1.045-C3,198017,1,1277.25,1,2.5,early25,False
A-G1.045-C3,198017,1,1279.75,1,2.5,early25,False
A-G1.045-C3,198017,1,1284.5,1,4.75,early25,False
A-G1.045-C3,198017,1,1430.5,1,146.0,middle50,False
A-G1.045-C3,198017,1,1433.25,1,2.75,middle50,False
A-G1.045-C3,198017,1,1436.5,1,3.25,middle50,False
A-G1.045-C3,198017,1,1438.5,1,2.0,middle50,False
A-G1.045-C3,198017,1,1441.0,1,2.5,middle50,False
A-G1.045-C3,198017,1,1445.0,1,4.0,middle50,False
A-G1.045-C3,198017,1,1449.75,1,4.75,middle50,False
A-G1.045-C3,198017,1,1452.25,1,2.5,middle50,False
A-G1.045-C3,198017,1,1455.75,1,3.5,middle50,False
A-G1.045-C3,198017,1,1459.5,1,3.75,middle50,False
A-G1.045-C3,198017,1,1486.75,1,27.25,middle50,False
A-G1.045-C3,198017,1,1490.25,1,3.5,middle50,False
A-G1.045-C3,198017,1,1494.75,1,4.5,middle50,False
A-G1.045-C3,198017,1,1498.0,1,3.25,middle50,False
A-G1.045-C3,198017,1,1501.75,1,3.75,middle50,False
A-G1.045-C3,198017,1,1505.0,1,3.25,middle50,False
A-G1.045-C3,198017,1,1507.0,1,2.0,middle50,False
A-G1.045-C3,198017,1,1510.25,1,3.25,middle50,False
A-G1.045-C3,198017,1,1516.5,1,6.25,middle50,False
A-G1.045-C3,198017,1,1522.25,1,5.75,middle50,False
A-G1.045-C3,198017,1,1541.5,1,19.25,middle50,False
A-G1.045-C3,198017,1,1543.0,1,1.5,middle50,False
A-G1.045-C3,198017,1,1546.0,1,3.0,middle50,False
A-G1.045-C3,198017,1,1554.25,2,8.25,middle50,False
A-G1.045-C3,198017,1,1558.25,1,4.0,middle50,False
A-G1.045-C3,198017,1,1562.25,1,4.0,middle50,False
A-G1.045-C3,198017,1,1566.25,1,4.0,middle50,False
A-G1.045-C3,198017,1,1595.75,1,29.5,middle50,False
A-G1.045-C3,198017,1,1602.5,1,6.75,late25,False
A-G1.045-C3,198017,1,1606.75,1,4.25,late25,False
A-G1.045-C3,198017,1,1610.0,1,3.25,late25,False
A-G1.045-C3,198017,1,1614.5,1,4.5,late25,False
A-G1.045-C3,198017,1,1617.5,1,3.0,late25,False
A-G1.045-C3,198017,1,1622.0,1,4.5,late25,False
A-G1.045-C3,198017,1,1629.75,1,7.75,late25,False
A-G1.045-C3,198017,1,1636.0,4,6.25,late25,False
A-G1.045-C3,198017,2,1754.75,2,118.75,early25,False
A-G1.045-C3,198017,2,1758.75,2,4.0,early25,False
A-G1.045-C3,198017,2,1763.0,2,4.25,early25,False
A-G1.045-C3,198017,2,1770.5,3,7.5,early25,False
A-G1.045-C3,198017,2,1778.25,3,7.75,early25,False
A-G1.045-C3,198017,2,1821.5,5,43.25,early25,False
A-G1.045-C3,198017,2,1827.5,4,6.0,early25,False
A-G1.045-C3,198017,2,1847.0,2,19.5,early25,False
A-G1.045-C3,198017,2,1853.5,7,6.5,early25,False
A-G1.045-C3,198017,2,1873.5,1,20.0,early25,False
A-G1.045-C3,198017,2,1880.0,3,6.5,early25,False
A-G1.045-C3,198017,2,1881.5,1,1.5,early25,False
A-G1.045-C3,198017,2,1886.0,2,4.5,early25,False
A-G1.045-C3,198017,2,1923.25,3,37.25,early25,False
A-G1.045-C3,198017,2,1929.25,3,6.0,early25,False
A-G1.045-C3,198017,2,1932.75,1,3.5,early25,False
A-G1.045-C3,198017,2,1938.25,2,5.5,early25,False
A-G1.045-C3,198017,2,1948.0,2,9.75,early25,False
A-G1.045-C3,198017,2,1957.75,2,9.75,early25,False
A-G1.045-C3,198017,2,1964.5,6,6.75,middle50,False
A-G1.045-C3,198017,2,1978.0,2,13.5,middle50,False
A-G1.045-C3,198017,2,1982.25,1,4.25,middle50,False
A-G1.045-C3,198017,2,1989.5,2,7.25,middle50,False
A-G1.045-C3,198017,2,1997.75,2,8.25,middle50,False
A-G1.045-C3,198017,2,2002.5,1,4.75,middle50,False
A-G1.045-C3,198017,2,2032.5,2,30.0,middle50,False
A-G1.045-C3,198017,2,2036.5,2,4.0,middle50,False
A-G1.045-C3,198017,2,2043.0,2,6.5,middle50,False
A-G1.045-C3,198017,2,2047.0,1,4.0,middle50,False
A-G1.045-C3,198017,2,2050.75,4,3.75,middle50,False
A-G1.045-C3,198017,2,2052.75,1,2.0,middle50,False
A-G1.045-C3,198017,2,2056.25,2,3.5,middle50,False
A-G1.045-C3,198017,2,2061.0,2,4.75,middle50,False
A-G1.045-C3,198017,2,2084.25,2,23.25,middle50,False
A-G1.045-C3,198017,2,2095.0,1,10.75,middle50,False
A-G1.045-C3,198017,2,2101.5,1,6.5,middle50,False
A-G1.045-C3,198017,2,2108.5,2,7.0,middle50,False
A-G1.045-C3,198017,2,2140.75,2,32.25,middle50,False
A-G1.045-C3,198017,2,2144.25,2,3.5,middle50,False
A-G1.045-C3,198017,2,2148.0,2,3.75,middle50,False
A-G1.045-C3,198017,2,2154.0,2,6.0,middle50,False
A-G1.045-C3,198017,2,2158.5,2,4.5,middle50,False
A-G1.045-C3,198017,2,2167.0,1,8.5,middle50,False
A-G1.045-C3,198017,2,2174.75,1,7.75,middle50,False
A-G1.045-C3,198017,2,2181.25,4,6.5,middle50,False
A-G1.045-C3,198017,2,2319.25,1,138.0,middle50,False
A-G1.045-C3,198017,2,2324.0,2,4.75,middle50,False
A-G1.045-C3,198017,2,2327.5,1,3.5,middle50,False
A-G1.045-C3,198017,2,2328.0,1,0.5,middle50,False
A-G1.045-C3,198017,2,2333.0,2,5.0,middle50,False
A-G1.045-C3,198017,2,2338.25,1,5.25,middle50,False
A-G1.045-C3,198017,2,2341.0,1,2.75,middle50,False
A-G1.045-C3,198017,2,2343.75,1,2.75,middle50,False
A-G1.045-C3,198017,2,2347.0,1,3.25,middle50,False
A-G1.045-C3,198017,2,2350.75,1,3.75,middle50,False
A-G1.045-C3,198017,2,2374.75,1,24.0,middle50,False
A-G1.045-C3,198017,2,2380.0,1,5.25,middle50,False
A-G1.045-C3,198017,2,2382.75,10,2.75,middle50,False
A-G1.045-C3,198017,2,2386.5,1,3.75,middle50,False
A-G1.045-C3,198017,2,2390.0,1,3.5,middle50,False
A-G1.045-C3,198017,2,2392.5,1,2.5,middle50,False
A-G1.045-C3,198017,2,2396.0,1,3.5,middle50,False
A-G1.045-C3,198017,2,2401.25,1,5.25,middle50,False
A-G1.045-C3,198017,2,2403.5,1,2.25,middle50,False
A-G1.045-C3,198017,2,2413.75,4,10.25,late25,False
A-G1.045-C3,198017,2,2426.5,1,12.75,late25,False
A-G1.045-C3,198017,2,2435.0,1,8.5,late25,False
A-G1.045-C3,198017,2,2438.75,1,3.75,late25,False
A-G1.045-C3,198017,2,2443.5,1,4.75,late25,False
A-G1.045-C3,198017,2,2448.0,1,4.5,late25,False
A-G1.045-C3,198017,2,2450.25,1,2.25,late25,False
A-G1.045-C3,198017,2,2480.25,8,30.0,late25,False
A-G1.045-C3,198017,2,2482.75,1,2.5,late25,False
A-G1.045-C3,198017,2,2487.25,1,4.5,late25,False
A-G1.045-C3,198017,2,2491.75,1,4.5,late25,False
A-G1.045-C3,198017,2,2495.5,1,3.75,late25,False
A-G1.045-C3,198017,2,2501.25,1,5.75,late25,False
A-G1.045-C3,198017,2,2504.0,1,2.75,late25,False
A-G1.045-C3,198017,2,2510.5,1,6.5,late25,False
A-G1.045-C3,198017,2,2517.25,1,6.75,late25,False
A-G1.045-C3,198017,3,2645.25,1,128.0,early25,True
A-G1.045-C3,198017,3,2648.75,1,3.5,early25,True
A-G1.045-C3,198017,3,2653.25,2,4.5,early25,True
A-G1.045-C3,198017,3,2658.5,2,5.25,early25,True
A-G1.045-C3,198017,3,2663.0,2,4.5,early25,True
A-G1.045-C3,198017,3,2667.75,1,4.75,early25,True
A-G1.045-C3,198017,3,2673.0,2,5.25,early25,True
A-G1.045-C3,198017,3,2678.0,2,5.0,early25,True
A-G1.045-C3,198017,3,2701.25,2,23.25,early25,True
A-G1.045-C3,198017,3,2704.75,1,3.5,early25,True
A-G1.045-C3,198017,3,2716.75,2,12.0,early25,True
A-G1.045-C3,198017,3,2721.0,16,4.25,early25,True
A-G1.045-C3,198017,3,2722.75,1,1.75,early25,True
A-G1.045-C3,198017,3,2726.75,1,4.0,early25,True
A-G1.045-C3,198017,3,2729.25,1,2.5,early25,True
A-G1.045-C3,198017,3,2732.25,1,3.0,early25,True
A-G1.045-C3,198017,3,2747.25,1,15.0,early25,True
A-G1.045-C3,198017,3,2750.0,1,2.75,early25,True
A-G1.045-C3,198017,3,2753.0,1,3.0,early25,True
A-G1.045-C3,198017,3,2756.0,1,3.0,early25,True
A-G1.045-C3,198017,3,2759.75,2,3.75,early25,True
A-G1.045-C3,198017,3,2767.0,2,7.25,early25,True
A-G1.045-C3,198017,3,2774.5,2,7.5,early25,True
A-G1.045-C3,198017,3,2805.5,1,31.0,early25,True
A-G1.045-C3,198017,3,2812.0,2,6.5,early25,True
A-G1.045-C3,198017,3,2818.25,2,6.25,early25,True
A-G1.045-C3,198017,3,2834.0,2,15.75,early25,True
A-G1.045-C3,198017,3,2852.0,2,18.0,early25,True
A-G1.045-C3,198017,3,2856.5,1,4.5,early25,True
A-G1.045-C3,198017,3,2869.0,1,12.5,early25,True
A-G1.045-C3,198017,3,2872.75,1,3.75,middle50,True
A-G1.045-C3,198017,3,2876.75,1,4.0,middle50,True
A-G1.045-C3,198017,3,2879.5,1,2.75,middle50,True
A-G1.045-C3,198017,3,2883.75,1,4.25,middle50,True
A-G1.045-C3,198017,3,2907.25,1,23.5,middle50,True
A-G1.045-C3,198017,3,2910.0,1,2.75,middle50,True
A-G1.045-C3,198017,3,2913.0,8,3.0,middle50,True
A-G1.045-C3,198017,3,2916.0,1,3.0,middle50,True
A-G1.045-C3,198017,3,2920.5,1,4.5,middle50,True
A-G1.045-C3,198017,3,2922.75,1,2.25,middle50,True
A-G1.045-C3,198017,3,2933.25,1,10.5,middle50,True
A-G1.045-C3,198017,3,2938.75,2,5.5,middle50,True
A-G1.045-C3,198017,3,2947.25,5,8.5,middle50,True
A-G1.045-C3,198017,3,2961.5,1,14.25,middle50,True
A-G1.045-C3,198017,3,2964.0,1,2.5,middle50,True
A-G1.045-C3,198017,3,2971.25,1,7.25,middle50,True
A-G1.045-C3,198017,3,2978.5,1,7.25,middle50,True
A-G1.045-C3,198017,3,2986.0,1,7.5,middle50,True
A-G1.045-C3,198017,3,2989.0,1,3.0,middle50,True
A-G1.045-C3,198017,3,3017.0,1,28.0,middle50,True
A-G1.045-C3,198017,3,3020.5,1,3.5,middle50,True
A-G1.045-C3,198017,3,3023.25,1,2.75,middle50,True
A-G1.045-C3,198017,3,3026.5,6,3.25,middle50,True
A-G1.045-C3,198017,3,3033.75,1,7.25,middle50,True
A-G1.045-C3,198017,3,3035.0,1,1.25,middle50,True
A-G1.045-C3,198017,3,3062.5,1,27.5,middle50,True
A-G1.045-C3,198017,3,3072.25,1,9.75,middle50,True
A-G1.045-C3,198017,3,3075.5,1,3.25,middle50,True
A-G1.045-C3,198017,3,3118.0,1,42.5,middle50,True
A-G1.045-C3,198017,3,3121.25,1,3.25,middle50,True
A-G1.045-C3,198017,3,3128.75,1,7.5,middle50,True
A-G1.045-C3,198017,3,3136.75,1,8.0,middle50,True
A-G1.045-C3,198017,3,3144.0,1,7.25,middle50,True
A-G1.045-C3,198017,3,3157.75,2,13.75,middle50,True
A-G1.045-C3,198017,3,3168.5,1,10.75,middle50,True
A-G1.045-C3,198017,3,3176.5,1,8.0,middle50,True
A-G1.045-C3,198017,3,3186.75,1,10.25,middle50,True
A-G1.045-C3,198017,3,3225.5,1,38.75,middle50,True
A-G1.045-C3,198017,3,3230.5,1,5.0,middle50,True
A-G1.045-C3,198017,3,3237.25,1,6.75,middle50,True
A-G1.045-C3,198017,3,3251.5,1,14.25,middle50,True
A-G1.045-C3,198017,3,3273.75,1,22.25,middle50,True
A-G1.045-C3,198017,3,3295.0,1,21.25,middle50,True
A-G1.045-C3,198017,3,3301.0,1,6.0,middle50,True
A-G1.045-C3,198017,3,3338.25,1,37.25,middle50,True
A-G1.045-C3,198017,3,3343.0,1,4.75,middle50,True
A-G1.045-C3,198017,3,3348.0,1,5.0,middle50,True
A-G1.045-C3,198017,3,3354.25,1,6.25,middle50,True
A-G1.045-C3,198017,3,3381.0,1,26.75,late25,True
A-G1.045-C3,198017,3,3387.0,1,6.0,late25,True
A-G1.045-C3,198017,3,3392.75,1,5.75,late25,True
A-G1.045-C3,198017,3,3398.75,1,6.0,late25,True
A-G1.045-C3,198017,3,3435.25,1,36.5,late25,True
A-G1.045-C3,198017,3,3443.25,1,8.0,late25,True
A-G1.045-C3,198017,3,3448.25,1,5.0,late25,True
A-G1.045-C3,198017,3,3456.75,1,8.5,late25,True
A-G1.045-C3,198017,3,3461.5,1,4.75,late25,True
A-G1.045-C3,205936,0,0.25,3,,early25,False
A-G1.045-C3,205936,0,15.0,1,14.75,early25,False
A-G1.045-C3,205936,0,27.25,2,12.25,early25,False
A-G1.045-C3,205936,0,35.25,1,8.0,early25,False
A-G1.045-C3,205936,0,48.5,2,13.25,early25,False
A-G1.045-C3,205936,0,63.75,1,15.25,early25,False
A-G1.045-C3,205936,0,89.5,1,25.75,early25,False
A-G1.045-C3,205936,0,97.0,1,7.5,early25,False
A-G1.045-C3,205936,0,105.25,15,8.25,early25,False
A-G1.045-C3,205936,0,127.75,4,22.5,early25,False
A-G1.045-C3,205936,0,298.25,1,170.5,middle50,False
A-G1.045-C3,205936,0,301.5,1,3.25,middle50,False
A-G1.045-C3,205936,0,326.5,3,25.0,middle50,False
A-G1.045-C3,205936,0,331.5,3,5.0,middle50,False
A-G1.045-C3,205936,0,336.75,1,5.25,middle50,False
A-G1.045-C3,205936,0,340.0,1,3.25,middle50,False
A-G1.045-C3,205936,0,348.25,1,8.25,middle50,False
A-G1.045-C3,205936,0,351.75,1,3.5,middle50,False
A-G1.045-C3,205936,0,367.5,4,15.75,middle50,False
A-G1.045-C3,205936,0,385.0,3,17.5,middle50,False
A-G1.045-C3,205936,0,395.0,1,10.0,middle50,False
A-G1.045-C3,205936,0,398.75,3,3.75,middle50,False
A-G1.045-C3,205936,0,407.5,1,8.75,middle50,False
A-G1.045-C3,205936,0,441.75,1,34.25,late25,False
A-G1.045-C3,205936,0,448.25,1,6.5,late25,False
A-G1.045-C3,205936,0,451.5,1,3.25,late25,False
A-G1.045-C3,205936,0,458.5,1,7.0,late25,False
A-G1.045-C3,205936,0,462.75,1,4.25,late25,False
A-G1.045-C3,205936,0,475.5,1,12.75,late25,False
A-G1.045-C3,205936,0,581.75,1,106.25,late25,False
A-G1.045-C3,205936,1,602.25,1,20.5,early25,False
A-G1.045-C3,205936,1,607.25,1,5.0,early25,False
A-G1.045-C3,205936,1,613.0,1,5.75,early25,False
A-G1.045-C3,205936,1,618.5,2,5.5,early25,False
A-G1.045-C3,205936,1,625.75,2,7.25,early25,False
A-G1.045-C3,205936,1,632.0,1,6.25,early25,False
A-G1.045-C3,205936,1,636.25,1,4.25,early25,False
A-G1.045-C3,205936,1,660.5,2,24.25,early25,False
A-G1.045-C3,205936,1,664.75,20,4.25,early25,False
A-G1.045-C3,205936,1,669.75,1,5.0,early25,False
A-G1.045-C3,205936,1,676.75,1,7.0,early25,False
A-G1.045-C3,205936,1,680.5,1,3.75,early25,False
A-G1.045-C3,205936,1,687.0,2,6.5,early25,False
A-G1.045-C3,205936,1,690.0,1,3.0,early25,False
A-G1.045-C3,205936,1,836.75,1,146.75,middle50,False
A-G1.045-C3,205936,1,839.5,1,2.75,middle50,False
A-G1.045-C3,205936,1,843.25,1,3.75,middle50,False
A-G1.045-C3,205936,1,847.25,1,4.0,middle50,False
A-G1.045-C3,205936,1,851.75,1,4.5,middle50,False
A-G1.045-C3,205936,1,856.0,1,4.25,middle50,False
A-G1.045-C3,205936,1,861.75,2,5.75,middle50,False
A-G1.045-C3,205936,1,865.5,1,3.75,middle50,False
A-G1.045-C3,205936,1,892.75,1,27.25,middle50,False
A-G1.045-C3,205936,1,895.25,1,2.5,middle50,False
A-G1.045-C3,205936,1,898.5,1,3.25,middle50,False
A-G1.045-C3,205936,1,901.5,1,3.0,middle50,False
A-G1.045-C3,205936,1,904.75,1,3.25,middle50,False
A-G1.045-C3,205936,1,908.75,1,4.0,middle50,False
A-G1.045-C3,205936,1,912.25,1,3.5,middle50,False
A-G1.045-C3,205936,1,914.5,1,2.25,middle50,False
A-G1.045-C3,205936,1,917.5,15,3.0,middle50,False
A-G1.045-C3,205936,1,920.5,1,3.0,middle50,False
A-G1.045-C3,205936,1,923.0,13,2.5,middle50,False
A-G1.045-C3,205936,1,946.0,1,23.0,middle50,False
A-G1.045-C3,205936,1,951.5,1,5.5,middle50,False
A-G1.045-C3,205936,1,972.75,1,21.25,middle50,False
A-G1.045-C3,205936,1,976.75,1,4.0,middle50,False
A-G1.045-C3,205936,1,1004.0,1,27.25,late25,False
A-G1.045-C3,205936,1,1008.75,2,4.75,late25,False
A-G1.045-C3,205936,1,1012.75,1,4.0,late25,False
A-G1.045-C3,205936,1,1015.0,1,2.25,late25,False
A-G1.045-C3,205936,1,1021.5,10,6.5,late25,False
A-G1.045-C3,205936,1,1024.25,1,2.75,late25,False
A-G1.045-C3,205936,1,1026.5,1,2.25,late25,False
A-G1.045-C3,205936,1,1029.25,1,2.75,late25,False
A-G1.045-C3,205936,1,1039.75,3,10.5,late25,False
A-G1.045-C3,205936,1,1135.5,1,95.75,late25,False
A-G1.045-C3,205936,2,1154.5,2,19.0,early25,False
A-G1.045-C3,205936,2,1156.75,1,2.25,early25,False
A-G1.045-C3,205936,2,1159.25,1,2.5,early25,False
A-G1.045-C3,205936,2,1166.75,2,7.5,early25,False
A-G1.045-C3,205936,2,1174.25,3,7.5,early25,False
A-G1.045-C3,205936,2,1213.75,3,39.5,early25,False
A-G1.045-C3,205936,2,1221.75,2,8.0,early25,False
A-G1.045-C3,205936,2,1227.25,2,5.5,early25,False
A-G1.045-C3,205936,2,1231.75,2,4.5,early25,False
A-G1.045-C3,205936,2,1236.0,1,4.25,early25,False
A-G1.045-C3,205936,2,1241.25,2,5.25,early25,False
A-G1.045-C3,205936,2,1254.5,5,13.25,early25,False
A-G1.045-C3,205936,2,1266.25,2,11.75,early25,False
A-G1.045-C3,205936,2,1271.0,1,4.75,early25,False
A-G1.045-C3,205936,2,1274.5,2,3.5,early25,False
A-G1.045-C3,205936,2,1279.5,2,5.0,early25,False
A-G1.045-C3,205936,2,1284.25,1,4.75,early25,False
A-G1.045-C3,205936,2,1289.25,2,5.0,early25,False
A-G1.045-C3,205936,2,1293.25,1,4.0,early25,False
A-G1.045-C3,205936,2,1297.75,18,4.5,early25,False
A-G1.045-C3,205936,2,1322.5,1,24.75,early25,False
A-G1.045-C3,205936,2,1330.0,1,7.5,early25,False
A-G1.045-C3,205936,2,1332.0,1,2.0,early25,False
A-G1.045-C3,205936,2,1333.0,3,1.0,early25,False
A-G1.045-C3,205936,2,1341.0,2,8.0,early25,False
A-G1.045-C3,205936,2,1344.75,1,3.75,early25,False
A-G1.045-C3,205936,2,1347.0,1,2.25,early25,False
A-G1.045-C3,205936,2,1352.75,2,5.75,early25,False
A-G1.045-C3,205936,2,1360.5,4,7.75,early25,False
A-G1.045-C3,205936,2,1495.25,1,134.75,middle50,False
A-G1.045-C3,205936,2,1500.0,1,4.75,middle50,False
A-G1.045-C3,205936,2,1502.75,1,2.75,middle50,False
A-G1.045-C3,205936,2,1510.25,1,7.5,middle50,False
A-G1.045-C3,205936,2,1515.5,2,5.25,middle50,False
A-G1.045-C3,205936,2,1520.5,1,5.0,middle50,False
A-G1.045-C3,205936,2,1546.0,1,25.5,middle50,False
A-G1.045-C3,205936,2,1548.25,1,2.25,middle50,False
A-G1.045-C3,205936,2,1551.5,1,3.25,middle50,False
A-G1.045-C3,205936,2,1555.0,1,3.5,middle50,False
A-G1.045-C3,205936,2,1558.25,1,3.25,middle50,False
A-G1.045-C3,205936,2,1561.75,2,3.5,middle50,False
A-G1.045-C3,205936,2,1564.5,1,2.75,middle50,False
A-G1.045-C3,205936,2,1567.75,11,3.25,middle50,False
A-G1.045-C3,205936,2,1571.0,2,3.25,middle50,False
A-G1.045-C3,205936,2,1578.25,1,7.25,middle50,False
A-G1.045-C3,205936,2,1601.5,1,23.25,middle50,False
A-G1.045-C3,205936,2,1617.5,2,16.0,middle50,False
A-G1.045-C3,205936,2,1658.0,2,40.5,middle50,False
A-G1.045-C3,205936,2,1662.25,2,4.25,middle50,False
A-G1.045-C3,205936,2,1670.25,1,8.0,middle50,False
A-G1.045-C3,205936,2,1673.25,1,3.0,middle50,False
A-G1.045-C3,205936,2,1676.75,1,3.5,middle50,False
A-G1.045-C3,205936,2,1681.75,1,5.0,middle50,False
A-G1.045-C3,205936,2,1815.25,1,133.5,middle50,False
A-G1.045-C3,205936,2,1819.5,1,4.25,middle50,False
A-G1.045-C3,205936,2,1826.25,2,6.75,middle50,False
A-G1.045-C3,205936,2,1832.0,1,5.75,middle50,False
A-G1.045-C3,205936,2,1862.0,2,30.0,middle50,False
A-G1.045-C3,205936,2,1865.5,1,3.5,middle50,False
A-G1.045-C3,205936,2,1868.0,1,2.5,middle50,False
A-G1.045-C3,205936,2,1877.5,1,9.5,middle50,False
A-G1.045-C3,205936,2,1884.25,2,6.75,middle50,False
A-G1.045-C3,205936,2,1888.75,1,4.5,middle50,False
A-G1.045-C3,205936,2,1906.0,5,17.25,middle50,False
A-G1.045-C3,205936,2,1916.5,2,10.5,middle50,False
A-G1.045-C3,205936,2,1919.75,1,3.25,middle50,False
A-G1.045-C3,205936,2,1923.75,1,4.0,middle50,False
A-G1.045-C3,205936,2,1928.0,1,4.25,middle50,False
A-G1.045-C3,205936,2,1931.25,1,3.25,middle50,False
A-G1.045-C3,205936,2,1937.0,1,5.75,middle50,False
A-G1.045-C3,205936,2,1940.75,1,3.75,middle50,False
A-G1.045-C3,205936,2,1944.5,2,3.75,middle50,False
A-G1.045-C3,205936,2,1978.0,1,33.5,middle50,False
A-G1.045-C3,205936,2,1982.25,1,4.25,middle50,False
A-G1.045-C3,205936,2,1991.0,1,8.75,middle50,False
A-G1.045-C3,205936,2,1997.5,1,6.5,middle50,False
A-G1.045-C3,205936,2,2020.25,1,22.75,middle50,False
A-G1.045-C3,205936,2,2141.25,1,121.0,late25,False
A-G1.045-C3,205936,2,2147.5,1,6.25,late25,False
A-G1.045-C3,205936,2,2155.0,1,7.5,late25,False
A-G1.045-C3,205936,2,2160.75,1,5.75,late25,False
A-G1.045-C3,205936,2,2168.25,1,7.5,late25,False
A-G1.045-C3,205936,2,2195.0,1,26.75,late25,False
A-G1.045-C3,205936,2,2198.75,1,3.75,late25,False
A-G1.045-C3,205936,2,2203.5,1,4.75,late25,False
A-G1.045-C3,205936,2,2208.75,1,5.25,late25,False
A-G1.045-C3,205936,2,2209.75,1,1.0,late25,False
A-G1.045-C3,205936,2,2215.0,1,5.25,late25,False
A-G1.045-C3,205936,2,2219.0,1,4.0,late25,False
A-G1.045-C3,205936,2,2230.5,1,11.5,late25,False
A-G1.045-C3,205936,2,2245.25,1,14.75,late25,False
A-G1.045-C3,205936,2,2251.75,1,6.5,late25,False
A-G1.045-C3,205936,2,2255.5,1,3.75,late25,False
A-G1.045-C3,205936,2,2299.75,1,44.25,late25,False
A-G1.045-C3,205936,2,2304.0,1,4.25,late25,False
A-G1.045-C3,205936,2,2309.0,1,5.0,late25,False
A-G1.045-C3,205936,2,2315.5,1,6.5,late25,False
A-G1.045-C3,205936,2,2320.25,1,4.75,late25,False
A-G1.045-C3,205936,2,2327.0,1,6.75,late25,False
A-G1.045-C3,205936,2,2337.75,1,10.75,late25,False
A-G1.045-C3,205936,3,2465.5,1,127.75,early25,True
A-G1.045-C3,205936,3,2469.5,1,4.0,early25,True
A-G1.045-C3,205936,3,2482.25,2,12.75,early25,True
A-G1.045-C3,205936,3,2489.25,2,7.0,early25,True
A-G1.045-C3,205936,3,2526.0,2,36.75,early25,True
A-G1.045-C3,205936,3,2535.5,2,9.5,early25,True
A-G1.045-C3,205936,3,2541.25,2,5.75,early25,True
A-G1.045-C3,205936,3,2547.0,2,5.75,early25,True
A-G1.045-C3,205936,3,2562.5,3,15.5,early25,True
A-G1.045-C3,205936,3,2573.0,1,10.5,early25,True
A-G1.045-C3,205936,3,2576.25,1,3.25,early25,True
A-G1.045-C3,205936,3,2585.25,2,9.0,early25,True
A-G1.045-C3,205936,3,2594.5,2,9.25,early25,True
A-G1.045-C3,205936,3,2601.75,9,7.25,early25,True
A-G1.045-C3,205936,3,2626.25,2,24.5,early25,True
A-G1.045-C3,205936,3,2627.5,3,1.25,early25,True
A-G1.045-C3,205936,3,2630.0,1,2.5,early25,True
A-G1.045-C3,205936,3,2631.25,2,1.25,early25,True
A-G1.045-C3,205936,3,2640.25,1,9.0,early25,True
A-G1.045-C3,205936,3,2649.5,1,9.25,early25,True
A-G1.045-C3,205936,3,2651.75,1,2.25,early25,True
A-G1.045-C3,205936,3,2664.25,2,12.5,early25,True
A-G1.045-C3,205936,3,2695.5,1,31.25,early25,True
A-G1.045-C3,205936,3,2699.75,1,4.25,early25,True
A-G1.045-C3,205936,3,2700.5,1,0.75,early25,True
A-G1.045-C3,205936,3,2701.25,2,0.75,early25,True
A-G1.045-C3,205936,3,2702.25,2,1.0,early25,True
A-G1.045-C3,205936,3,2708.75,1,6.5,early25,True
A-G1.045-C3,205936,3,2715.0,1,6.25,early25,True
A-G1.045-C3,205936,3,2746.0,1,31.0,middle50,True
A-G1.045-C3,205936,3,2752.0,1,6.0,middle50,True
A-G1.045-C3,205936,3,2762.75,1,10.75,middle50,True
A-G1.045-C3,205936,3,2770.75,2,8.0,middle50,True
A-G1.045-C3,205936,3,2786.25,4,15.5,middle50,True
A-G1.045-C3,205936,3,2802.0,1,15.75,middle50,True
A-G1.045-C3,205936,3,2805.25,1,3.25,middle50,True
A-G1.045-C3,205936,3,2813.25,1,8.0,middle50,True
A-G1.045-C3,205936,3,2819.5,1,6.25,middle50,True
A-G1.045-C3,205936,3,2856.5,1,37.0,middle50,True
A-G1.045-C3,205936,3,2865.25,1,8.75,middle50,True
A-G1.045-C3,205936,3,2870.25,1,5.0,middle50,True
A-G1.045-C3,205936,3,2875.25,2,5.0,middle50,True
A-G1.045-C3,205936,3,2882.0,1,6.75,middle50,True
A-G1.045-C3,205936,3,2896.75,3,14.75,middle50,True
A-G1.045-C3,205936,3,2907.25,1,10.5,middle50,True
A-G1.045-C3,205936,3,2911.25,1,4.0,middle50,True
A-G1.045-C3,205936,3,2917.0,1,5.75,middle50,True
A-G1.045-C3,205936,3,2929.0,1,12.0,middle50,True
A-G1.045-C3,205936,3,2935.0,1,6.0,middle50,True
A-G1.045-C3,205936,3,2963.75,1,28.75,middle50,True
A-G1.045-C3,205936,3,2968.5,1,4.75,middle50,True
A-G1.045-C3,205936,3,2975.5,1,7.0,middle50,True
A-G1.045-C3,205936,3,2982.75,1,7.25,middle50,True
A-G1.045-C3,205936,3,2990.5,1,7.75,middle50,True
A-G1.045-C3,205936,3,3014.5,1,24.0,middle50,True
A-G1.045-C3,205936,3,3033.25,1,18.75,middle50,True
A-G1.045-C3,205936,3,3067.25,1,34.0,middle50,True
A-G1.045-C3,205936,3,3072.0,1,4.75,middle50,True
A-G1.045-C3,205936,3,3081.5,1,9.5,middle50,True
A-G1.045-C3,205936,3,3086.75,1,5.25,middle50,True
A-G1.045-C3,205936,3,3094.75,1,8.0,middle50,True
A-G1.045-C3,205936,3,3252.25,1,157.5,middle50,True
A-G1.045-C3,205936,3,3259.5,1,7.25,middle50,True
A-G1.045-C3,205936,3,3266.5,1,7.0,middle50,True
A-G1.045-C3,205936,3,3299.25,5,32.75,middle50,True
A-G1.045-C3,205936,3,3310.25,1,11.0,middle50,True
A-G1.045-C3,205936,3,3321.5,1,11.25,late25,True
A-G1.045-C3,205936,3,3332.25,1,10.75,late25,True
A-G1.045-C3,205936,3,3339.5,2,7.25,late25,True
A-G1.045-C3,205936,3,3348.25,1,8.75,late25,True
A-G1.045-C3,205936,3,3356.5,1,8.25,late25,True
A-G1.045-C3,205936,3,3364.0,1,7.5,late25,True
A-G1.045-C3,205936,3,3373.25,1,9.25,late25,True
A-G1.045-C3,205936,3,3377.75,4,4.5,late25,True
A-G1.045-C3,205936,3,3420.25,1,42.5,late25,True
A-G1.045-C3,205936,3,3432.25,1,12.0,late25,True
A-G1.045-C3,205936,3,3589.25,1,157.0,late25,True
A-G1.045-C3,213855,0,0.25,3,,early25,False
A-G1.045-C3,213855,0,15.0,1,14.75,early25,False
A-G1.045-C3,213855,0,24.0,1,9.0,early25,False
A-G1.045-C3,213855,0,35.5,2,11.5,early25,False
A-G1.045-C3,213855,0,49.0,2,13.5,early25,False
A-G1.045-C3,213855,0,64.25,1,15.25,early25,False
A-G1.045-C3,213855,0,89.75,1,25.5,early25,False
A-G1.045-C3,213855,0,97.75,1,8.0,early25,False
A-G1.045-C3,213855,0,106.25,15,8.5,early25,False
A-G1.045-C3,213855,0,294.25,1,188.0,middle50,False
A-G1.045-C3,213855,0,300.0,1,5.75,middle50,False
A-G1.045-C3,213855,0,338.25,1,38.25,middle50,False
A-G1.045-C3,213855,0,351.0,1,12.75,middle50,False
A-G1.045-C3,213855,0,353.5,1,2.5,middle50,False
A-G1.045-C3,213855,0,384.75,1,31.25,middle50,False
A-G1.045-C3,213855,0,386.75,1,2.0,middle50,False
A-G1.045-C3,213855,0,394.25,1,7.5,middle50,False
A-G1.045-C3,213855,0,401.25,1,7.0,middle50,False
A-G1.045-C3,213855,0,403.5,1,2.25,middle50,False
A-G1.045-C3,213855,0,413.25,1,9.75,middle50,False
A-G1.045-C3,213855,0,442.0,1,28.75,late25,False
A-G1.045-C3,213855,0,446.0,1,4.0,late25,False
A-G1.045-C3,213855,0,452.5,1,6.5,late25,False
A-G1.045-C3,213855,0,456.75,1,4.25,late25,False
A-G1.045-C3,213855,0,461.75,1,5.0,late25,False
A-G1.045-C3,213855,0,465.75,1,4.0,late25,False
A-G1.045-C3,213855,0,477.75,1,12.0,late25,False
A-G1.045-C3,213855,1,610.25,1,132.5,early25,False
A-G1.045-C3,213855,1,612.0,1,1.75,early25,False
A-G1.045-C3,213855,1,615.5,1,3.5,early25,False
A-G1.045-C3,213855,1,617.25,1,1.75,early25,False
A-G1.045-C3,213855,1,618.75,1,1.5,early25,False
A-G1.045-C3,213855,1,622.75,1,4.0,early25,False
A-G1.045-C3,213855,1,624.75,1,2.0,early25,False
A-G1.045-C3,213855,1,631.5,1,6.75,early25,False
A-G1.045-C3,213855,1,637.25,1,5.75,early25,False
A-G1.045-C3,213855,1,667.5,2,30.25,early25,False
A-G1.045-C3,213855,1,675.25,3,7.75,early25,False
A-G1.045-C3,213855,1,682.0,2,6.75,early25,False
A-G1.045-C3,213855,1,685.75,1,3.75,early25,False
A-G1.045-C3,213855,1,690.75,2,5.0,early25,False
A-G1.045-C3,213855,1,701.0,20,10.25,early25,False
A-G1.045-C3,213855,1,733.75,1,32.75,early25,False
A-G1.045-C3,213855,1,736.0,1,2.25,early25,False
A-G1.045-C3,213855,1,737.25,1,1.25,early25,False
A-G1.045-C3,213855,1,738.25,1,1.0,early25,False
A-G1.045-C3,213855,1,747.5,1,9.25,early25,False
A-G1.045-C3,213855,1,774.0,1,26.5,middle50,False
A-G1.045-C3,213855,1,778.75,1,4.75,middle50,False
A-G1.045-C3,213855,1,783.25,1,4.5,middle50,False
A-G1.045-C3,213855,1,788.0,2,4.75,middle50,False
A-G1.045-C3,213855,1,793.5,1,5.5,middle50,False
A-G1.045-C3,213855,1,796.5,1,3.0,middle50,False
A-G1.045-C3,213855,1,800.25,1,3.75,middle50,False
A-G1.045-C3,213855,1,816.75,5,16.5,middle50,False
A-G1.045-C3,213855,1,957.25,1,140.5,middle50,False
A-G1.045-C3,213855,1,966.25,2,9.0,middle50,False
A-G1.045-C3,213855,1,979.75,2,13.5,middle50,False
A-G1.045-C3,213855,1,1021.0,1,41.25,middle50,False
A-G1.045-C3,213855,1,1022.75,1,1.75,middle50,False
A-G1.045-C3,213855,1,1029.0,1,6.25,middle50,False
A-G1.045-C3,213855,1,1032.5,1,3.5,middle50,False
A-G1.045-C3,213855,1,1034.25,1,1.75,middle50,False
A-G1.045-C3,213855,1,1036.75,1,2.5,middle50,False
A-G1.045-C3,213855,1,1039.75,1,3.0,middle50,False
A-G1.045-C3,213855,1,1042.75,1,3.0,middle50,False
A-G1.045-C3,213855,1,1049.75,1,7.0,middle50,False
A-G1.045-C3,213855,1,1056.25,4,6.5,middle50,False
A-G1.045-C3,213855,1,1067.25,4,11.0,middle50,False
A-G1.045-C3,213855,1,1069.75,2,2.5,middle50,False
A-G1.045-C3,213855,1,1071.25,3,1.5,middle50,False
A-G1.045-C3,213855,1,1081.5,1,10.25,middle50,False
A-G1.045-C3,213855,1,1084.25,1,2.75,middle50,False
A-G1.045-C3,213855,1,1087.75,1,3.5,middle50,False
A-G1.045-C3,213855,1,1094.5,1,6.75,middle50,False
A-G1.045-C3,213855,1,1122.5,3,28.0,late25,False
A-G1.045-C3,213855,1,1123.5,2,1.0,late25,False
A-G1.045-C3,213855,1,1125.5,1,2.0,late25,False
A-G1.045-C3,213855,1,1131.5,1,6.0,late25,False
A-G1.045-C3,213855,1,1135.0,1,3.5,late25,False
A-G1.045-C3,213855,1,1139.5,1,4.5,late25,False
A-G1.045-C3,213855,1,1142.25,1,2.75,late25,False
A-G1.045-C3,213855,1,1146.25,1,4.0,late25,False
A-G1.045-C3,213855,1,1149.0,1,2.75,late25,False
A-G1.045-C3,213855,1,1153.25,1,4.25,late25,False
A-G1.045-C3,213855,1,1159.75,1,6.5,late25,False
A-G1.045-C3,213855,2,1290.75,1,131.0,early25,False
A-G1.045-C3,213855,2,1292.75,1,2.0,early25,False
A-G1.045-C3,213855,2,1296.5,1,3.75,early25,False
A-G1.045-C3,213855,2,1300.0,1,3.5,early25,False
A-G1.045-C3,213855,2,1301.5,1,1.5,early25,False
A-G1.045-C3,213855,2,1308.25,2,6.75,early25,False
A-G1.045-C3,213855,2,1313.5,2,5.25,early25,False
A-G1.045-C3,213855,2,1317.5,2,4.0,early25,False
A-G1.045-C3,213855,2,1323.5,2,6.0,early25,False
A-G1.045-C3,213855,2,1349.25,1,25.75,early25,False
A-G1.045-C3,213855,2,1353.25,2,4.0,early25,False
A-G1.045-C3,213855,2,1359.0,2,5.75,early25,False
A-G1.045-C3,213855,2,1364.5,2,5.5,early25,False
A-G1.045-C3,213855,2,1369.25,2,4.75,early25,False
A-G1.045-C3,213855,2,1373.0,2,3.75,early25,False
A-G1.045-C3,213855,2,1376.0,1,3.0,early25,False
A-G1.045-C3,213855,2,1379.75,1,3.75,early25,False
A-G1.045-C3,213855,2,1388.25,20,8.5,early25,False
A-G1.045-C3,213855,2,1417.0,1,28.75,early25,False
A-G1.045-C3,213855,2,1423.5,1,6.5,early25,False
A-G1.045-C3,213855,2,1427.5,1,4.0,early25,False
A-G1.045-C3,213855,2,1433.75,2,6.25,early25,False
A-G1.045-C3,213855,2,1439.0,2,5.25,early25,False
A-G1.045-C3,213855,2,1443.0,1,4.0,middle50,False
A-G1.045-C3,213855,2,1468.75,18,25.75,middle50,False
A-G1.045-C3,213855,2,1470.5,1,1.75,middle50,False
A-G1.045-C3,213855,2,1472.75,1,2.25,middle50,False
A-G1.045-C3,213855,2,1475.25,1,2.5,middle50,False
A-G1.045-C3,213855,2,1477.5,1,2.25,middle50,False
A-G1.045-C3,213855,2,1479.75,1,2.25,middle50,False
A-G1.045-C3,213855,2,1483.5,1,3.75,middle50,False
A-G1.045-C3,213855,2,1485.25,1,1.75,middle50,False
A-G1.045-C3,213855,2,1488.25,1,3.0,middle50,False
A-G1.045-C3,213855,2,1494.75,2,6.5,middle50,False
A-G1.045-C3,213855,2,1499.0,1,4.25,middle50,False
A-G1.045-C3,213855,2,1645.25,2,146.25,middle50,False
A-G1.045-C3,213855,2,1650.5,2,5.25,middle50,False
A-G1.045-C3,213855,2,1656.25,1,5.75,middle50,False
A-G1.045-C3,213855,2,1659.25,1,3.0,middle50,False
A-G1.045-C3,213855,2,1662.5,1,3.25,middle50,False
A-G1.045-C3,213855,2,1666.75,1,4.25,middle50,False
A-G1.045-C3,213855,2,1670.25,1,3.5,middle50,False
A-G1.045-C3,213855,2,1672.5,1,2.25,middle50,False
A-G1.045-C3,213855,2,1698.75,1,26.25,middle50,False
A-G1.045-C3,213855,2,1701.5,12,2.75,middle50,False
A-G1.045-C3,213855,2,1721.0,1,19.5,middle50,False
A-G1.045-C3,213855,2,1727.75,2,6.75,middle50,False
A-G1.045-C3,213855,2,1735.5,1,7.75,middle50,False
A-G1.045-C3,213855,2,1741.75,4,6.25,middle50,False
A-G1.045-C3,213855,2,1753.5,1,11.75,middle50,False
A-G1.045-C3,213855,2,1756.75,1,3.25,middle50,False
A-G1.045-C3,213855,2,1759.5,1,2.75,middle50,False
A-G1.045-C3,213855,2,1763.25,1,3.75,middle50,False
A-G1.045-C3,213855,2,1767.0,1,3.75,middle50,False
A-G1.045-C3,213855,2,1771.0,1,4.0,middle50,False
A-G1.045-C3,213855,2,1775.25,1,4.25,middle50,False
A-G1.045-C3,213855,2,1778.5,1,3.25,late25,False
A-G1.045-C3,213855,2,1782.25,10,3.75,late25,False
A-G1.045-C3,213855,2,1806.5,1,24.25,late25,False
A-G1.045-C3,213855,2,1816.25,1,9.75,late25,False
A-G1.045-C3,213855,2,1821.0,1,4.75,late25,False
A-G1.045-C3,213855,2,1824.0,1,3.0,late25,False
A-G1.045-C3,213855,2,1829.5,1,5.5,late25,False
A-G1.045-C3,213855,2,1833.5,2,4.0,late25,False
A-G1.045-C3,213855,2,1847.0,3,13.5,late25,False
A-G1.045-C3,213855,3,1965.25,1,118.25,early25,True
A-G1.045-C3,213855,3,1968.0,2,2.75,early25,True
A-G1.045-C3,213855,3,1970.5,1,2.5,early25,True
A-G1.045-C3,213855,3,1975.75,3,5.25,early25,True
A-G1.045-C3,213855,3,1980.75,3,5.0,early25,True
A-G1.045-C3,213855,3,1983.75,1,3.0,early25,True
A-G1.045-C3,213855,3,1989.0,2,5.25,early25,True
A-G1.045-C3,213855,3,1991.0,1,2.0,early25,True
A-G1.045-C3,213855,3,2017.75,1,26.75,early25,True
A-G1.045-C3,213855,3,2024.0,1,6.25,early25,True
A-G1.045-C3,213855,3,2025.75,1,1.75,early25,True
A-G1.045-C3,213855,3,2032.5,3,6.75,early25,True
A-G1.045-C3,213855,3,2034.25,1,1.75,early25,True
A-G1.045-C3,213855,3,2041.0,3,6.75,early25,True
A-G1.045-C3,213855,3,2069.75,2,28.75,early25,True
A-G1.045-C3,213855,3,2074.0,1,4.25,early25,True
A-G1.045-C3,213855,3,2079.25,2,5.25,early25,True
A-G1.045-C3,213855,3,2084.0,1,4.75,early25,True
A-G1.045-C3,213855,3,2088.25,2,4.25,early25,True
A-G1.045-C3,213855,3,2092.5,1,4.25,early25,True
A-G1.045-C3,213855,3,2096.0,1,3.5,early25,True
A-G1.045-C3,213855,3,2101.0,16,5.0,early25,True
A-G1.045-C3,213855,3,2124.25,1,23.25,early25,True
A-G1.045-C3,213855,3,2129.25,1,5.0,early25,True
A-G1.045-C3,213855,3,2157.75,2,28.5,early25,True
A-G1.045-C3,213855,3,2163.75,4,6.0,early25,True
A-G1.045-C3,213855,3,2178.5,1,14.75,early25,True
A-G1.045-C3,213855,3,2186.25,2,7.75,early25,True
A-G1.045-C3,213855,3,2201.0,1,14.75,early25,True
A-G1.045-C3,213855,3,2232.5,2,31.5,early25,True
A-G1.045-C3,213855,3,2235.25,1,2.75,early25,True
A-G1.045-C3,213855,3,2242.25,2,7.0,early25,True
A-G1.045-C3,213855,3,2246.0,1,3.75,early25,True
A-G1.045-C3,213855,3,2251.75,2,5.75,early25,True
A-G1.045-C3,213855,3,2257.25,1,5.5,early25,True
A-G1.045-C3,213855,3,2265.0,1,7.75,early25,True
A-G1.045-C3,213855,3,2288.5,1,23.5,early25,True
A-G1.045-C3,213855,3,2291.75,1,3.25,early25,True
A-G1.045-C3,213855,3,2295.5,1,3.75,early25,True
A-G1.045-C3,213855,3,2302.5,1,7.0,early25,True
A-G1.045-C3,213855,3,2306.25,1,3.75,early25,True
A-G1.045-C3,213855,3,2310.75,1,4.5,early25,True
A-G1.045-C3,213855,3,2334.5,1,23.75,early25,True
A-G1.045-C3,213855,3,2337.5,8,3.0,early25,True
A-G1.045-C3,213855,3,2341.0,1,3.5,early25,True
A-G1.045-C3,213855,3,2351.0,1,10.0,early25,True
A-G1.045-C3,213855,3,2357.25,1,6.25,early25,True
A-G1.045-C3,213855,3,2359.5,1,2.25,middle50,True
A-G1.045-C3,213855,3,2361.5,1,2.0,middle50,True
A-G1.045-C3,213855,3,2386.75,2,25.25,middle50,True
A-G1.045-C3,213855,3,2394.75,1,8.0,middle50,True
A-G1.045-C3,213855,3,2407.5,1,12.75,middle50,True
A-G1.045-C3,213855,3,2414.0,1,6.5,middle50,True
A-G1.045-C3,213855,3,2442.75,1,28.75,middle50,True
A-G1.045-C3,213855,3,2448.0,2,5.25,middle50,True
A-G1.045-C3,213855,3,2456.75,1,8.75,middle50,True
A-G1.045-C3,213855,3,2463.5,1,6.75,middle50,True
A-G1.045-C3,213855,3,2499.0,1,35.5,middle50,True
A-G1.045-C3,213855,3,2506.0,1,7.0,middle50,True
A-G1.045-C3,213855,3,2543.75,1,37.75,middle50,True
A-G1.045-C3,213855,3,2550.75,1,7.0,middle50,True
A-G1.045-C3,213855,3,2556.0,1,5.25,middle50,True
A-G1.045-C3,213855,3,2561.25,1,5.25,middle50,True
A-G1.045-C3,213855,3,2566.25,1,5.0,middle50,True
A-G1.045-C3,213855,3,2575.5,1,9.25,middle50,True
A-G1.045-C3,213855,3,2583.0,4,7.5,middle50,True
A-G1.045-C3,213855,3,2593.75,1,10.75,middle50,True
A-G1.045-C3,213855,3,2607.25,1,13.5,middle50,True
A-G1.045-C3,213855,3,2620.25,1,13.0,middle50,True
A-G1.045-C3,213855,3,2654.0,1,33.75,middle50,True
A-G1.045-C3,213855,3,2662.25,1,8.25,middle50,True
A-G1.045-C3,213855,3,2672.0,1,9.75,middle50,True
A-G1.045-C3,213855,3,2701.5,2,29.5,middle50,True
A-G1.045-C3,213855,3,2707.75,1,6.25,middle50,True
A-G1.045-C3,213855,3,2717.5,1,9.75,middle50,True
A-G1.045-C3,213855,3,2721.5,1,4.0,middle50,True
A-G1.045-C3,213855,3,2729.25,5,7.75,middle50,True
A-G1.045-C3,213855,3,2755.0,1,25.75,middle50,True
A-G1.045-C3,213855,3,2764.5,1,9.5,middle50,True
A-G1.045-C3,213855,3,2770.75,1,6.25,middle50,True
A-G1.045-C3,213855,3,2776.5,1,5.75,middle50,True
A-G1.045-C3,213855,3,2782.25,1,5.75,middle50,True
A-G1.045-C3,213855,3,2805.75,1,23.5,middle50,True
A-G1.045-C3,213855,3,2812.5,1,6.75,middle50,True
A-G1.045-C3,213855,3,2819.25,1,6.75,middle50,True
A-G1.045-C3,213855,3,2864.0,1,44.75,middle50,True
A-G1.045-C3,213855,3,2869.5,1,5.5,middle50,True
A-G1.045-C3,213855,3,2880.0,1,10.5,middle50,True
A-G1.045-C3,213855,3,2883.5,1,3.5,middle50,True
A-G1.045-C3,213855,3,3035.25,1,151.75,middle50,True
A-G1.045-C3,213855,3,3041.0,1,5.75,middle50,True
A-G1.045-C3,213855,3,3056.75,1,15.75,middle50,True
A-G1.045-C3,213855,3,3085.75,1,29.0,middle50,True
A-G1.045-C3,213855,3,3103.5,1,17.75,middle50,True
A-G1.045-C3,213855,3,3108.5,1,5.0,middle50,True
A-G1.045-C3,213855,3,3143.75,1,35.25,middle50,True
A-G1.045-C3,213855,3,3148.25,1,4.5,middle50,True
A-G1.045-C3,213855,3,3161.25,1,13.0,middle50,True
A-G1.045-C3,213855,3,3189.75,1,28.5,late25,True
A-G1.045-C3,213855,3,3195.5,1,5.75,late25,True
A-G1.045-C3,213855,3,3210.5,1,15.0,late25,True
A-G1.045-C3,213855,3,3218.75,1,8.25,late25,True
A-G1.045-C3,213855,3,3376.5,1,157.75,late25,True
A-G1.045-C3,213855,3,3388.0,1,11.5,late25,True
A-G1.045-C3,213855,3,3455.0,1,67.0,late25,True
A-G1.045-C3,213855,3,3472.0,1,17.0,late25,True
A-G1.045-C3,213855,3,3493.5,1,21.5,late25,True
A-G1.045-C3,213855,3,3507.5,1,14.0,late25,True
A-G1.045-C3,213855,3,3538.25,1,30.75,late25,True
A-G1.045-C3,213855,3,3547.5,1,9.25,late25,True
A-G1.045-C3,213855,3,3558.25,1,10.75,late25,True
A-G1.045-C3,213855,3,3562.75,1,4.5,late25,True
A-G1.045-C3,221774,0,0.25,3,,early25,False
A-G1.045-C3,221774,0,8.25,1,8.0,early25,False
A-G1.045-C3,221774,0,24.25,1,16.0,early25,False
A-G1.045-C3,221774,0,46.25,1,22.0,early25,False
A-G1.045-C3,221774,0,87.25,1,41.0,early25,False
A-G1.045-C3,221774,0,97.0,1,9.75,early25,False
A-G1.045-C3,221774,0,100.75,1,3.75,early25,False
A-G1.045-C3,221774,0,114.25,1,13.5,early25,False
A-G1.045-C3,221774,0,123.5,1,9.25,early25,False
A-G1.045-C3,221774,0,159.25,1,35.75,early25,False
A-G1.045-C3,221774,0,161.75,1,2.5,early25,False
A-G1.045-C3,221774,0,173.5,1,11.75,early25,False
A-G1.045-C3,221774,0,183.5,1,10.0,early25,False
A-G1.045-C3,221774,0,216.0,1,32.5,early25,False
A-G1.045-C3,221774,0,225.75,1,9.75,early25,False
A-G1.045-C3,221774,0,232.5,1,6.75,early25,False
A-G1.045-C3,221774,0,240.25,1,7.75,early25,False
A-G1.045-C3,221774,0,285.75,1,45.5,early25,False
A-G1.045-C3,221774,0,295.25,1,9.5,middle50,False
A-G1.045-C3,221774,0,303.25,1,8.0,middle50,False
A-G1.045-C3,221774,0,337.5,1,34.25,middle50,False
A-G1.045-C3,221774,0,341.25,1,3.75,middle50,False
A-G1.045-C3,221774,0,351.75,1,10.5,middle50,False
A-G1.045-C3,221774,0,356.5,1,4.75,middle50,False
A-G1.045-C3,221774,0,362.25,1,5.75,middle50,False
A-G1.045-C3,221774,0,514.25,1,152.0,middle50,False
A-G1.045-C3,221774,0,521.75,1,7.5,middle50,False
A-G1.045-C3,221774,0,529.0,1,7.25,middle50,False
A-G1.045-C3,221774,0,535.0,1,6.0,middle50,False
A-G1.045-C3,221774,0,572.75,1,37.75,middle50,False
A-G1.045-C3,221774,0,587.5,1,14.75,middle50,False
A-G1.045-C3,221774,0,607.75,1,20.25,middle50,False
A-G1.045-C3,221774,0,632.25,1,24.5,middle50,False
A-G1.045-C3,221774,0,637.5,1,5.25,middle50,False
A-G1.045-C3,221774,0,648.5,1,11.0,middle50,False
A-G1.045-C3,221774,0,653.0,1,4.5,middle50,False
A-G1.045-C3,221774,0,658.0,1,5.0,middle50,False
A-G1.045-C3,221774,0,687.5,1,29.5,middle50,False
A-G1.045-C3,221774,0,694.75,1,7.25,middle50,False
A-G1.045-C3,221774,0,699.25,1,4.5,middle50,False
A-G1.045-C3,221774,0,704.75,1,5.5,middle50,False
A-G1.045-C3,221774,0,713.0,1,8.25,middle50,False
A-G1.045-C3,221774,0,716.5,1,3.5,middle50,False
A-G1.045-C3,221774,0,862.5,1,146.0,middle50,False
A-G1.045-C3,221774,0,868.5,1,6.0,middle50,False
A-G1.045-C3,221774,0,876.0,1,7.5,middle50,False
A-G1.045-C3,221774,0,879.25,1,3.25,late25,False
A-G1.045-C3,221774,0,884.75,1,5.5,late25,False
A-G1.045-C3,221774,0,919.5,1,34.75,late25,False
A-G1.045-C3,221774,0,920.75,1,1.25,late25,False
A-G1.045-C3,221774,0,926.75,1,6.0,late25,False
A-G1.045-C3,221774,0,932.0,1,5.25,late25,False
A-G1.045-C3,221774,0,935.5,1,3.5,late25,False
A-G1.045-C3,221774,0,942.25,1,6.75,late25,False
A-G1.045-C3,221774,0,968.5,1,26.25,late25,False
A-G1.045-C3,221774,0,977.25,1,8.75,late25,False
A-G1.045-C3,221774,0,985.25,1,8.0,late25,False
A-G1.045-C3,221774,0,991.25,1,6.0,late25,False
A-G1.045-C3,221774,0,1026.0,1,34.75,late25,False
A-G1.045-C3,221774,0,1028.5,1,2.5,late25,False
A-G1.045-C3,221774,0,1034.25,1,5.75,late25,False
A-G1.045-C3,221774,0,1038.5,1,4.25,late25,False
A-G1.045-C3,221774,0,1042.75,1,4.25,late25,False
A-G1.045-C3,221774,0,1047.0,1,4.25,late25,False
A-G1.045-C3,221774,0,1051.75,1,4.75,late25,False
A-G1.045-C3,221774,0,1056.25,1,4.5,late25,False
A-G1.045-C3,221774,1,1177.75,2,121.5,early25,False
A-G1.045-C3,221774,1,1192.5,1,14.75,early25,False
A-G1.045-C3,221774,1,1194.75,1,2.25,early25,False
A-G1.045-C3,221774,1,1198.75,2,4.0,early25,False
A-G1.045-C3,221774,1,1204.75,2,6.0,early25,False
A-G1.045-C3,221774,1,1210.0,1,5.25,early25,False
A-G1.045-C3,221774,1,1214.5,2,4.5,early25,False
A-G1.045-C3,221774,1,1221.0,2,6.5,early25,False
A-G1.045-C3,221774,1,1226.5,2,5.5,early25,False
A-G1.045-C3,221774,1,1249.25,1,22.75,early25,False
A-G1.045-C3,221774,1,1254.0,2,4.75,early25,False
A-G1.045-C3,221774,1,1258.0,1,4.0,early25,False
A-G1.045-C3,221774,1,1260.5,1,2.5,early25,False
A-G1.045-C3,221774,1,1263.25,1,2.75,early25,False
A-G1.045-C3,221774,1,1266.75,1,3.5,early25,False
A-G1.045-C3,221774,1,1270.5,1,3.75,early25,False
A-G1.045-C3,221774,1,1274.25,9,3.75,early25,False
A-G1.045-C3,221774,1,1277.5,16,3.25,early25,False
A-G1.045-C3,221774,1,1278.5,1,1.0,early25,False
A-G1.045-C3,221774,1,1414.0,1,135.5,middle50,False
A-G1.045-C3,221774,1,1425.25,1,11.25,middle50,False
A-G1.045-C3,221774,1,1431.75,1,6.5,middle50,False
A-G1.045-C3,221774,1,1434.5,1,2.75,middle50,False
A-G1.045-C3,221774,1,1437.0,1,2.5,middle50,False
A-G1.045-C3,221774,1,1443.0,1,6.0,middle50,False
A-G1.045-C3,221774,1,1446.5,1,3.5,middle50,False
A-G1.045-C3,221774,1,1471.25,1,24.75,middle50,False
A-G1.045-C3,221774,1,1474.0,1,2.75,middle50,False
A-G1.045-C3,221774,1,1476.5,1,2.5,middle50,False
A-G1.045-C3,221774,1,1479.25,1,2.75,middle50,False
A-G1.045-C3,221774,1,1482.75,1,3.5,middle50,False
A-G1.045-C3,221774,1,1485.75,1,3.0,middle50,False
A-G1.045-C3,221774,1,1489.75,1,4.0,middle50,False
A-G1.045-C3,221774,1,1493.5,1,3.75,middle50,False
A-G1.045-C3,221774,1,1495.75,1,2.25,middle50,False
A-G1.045-C3,221774,1,1499.0,1,3.25,middle50,False
A-G1.045-C3,221774,1,1502.0,12,3.0,middle50,False
A-G1.045-C3,221774,1,1503.0,1,1.0,middle50,False
A-G1.045-C3,221774,1,1539.25,1,36.25,middle50,False
A-G1.045-C3,221774,1,1543.5,1,4.25,middle50,False
A-G1.045-C3,221774,1,1552.5,2,9.0,middle50,False
A-G1.045-C3,221774,1,1557.5,1,5.0,middle50,False
A-G1.045-C3,221774,1,1583.5,1,26.0,middle50,False
A-G1.045-C3,221774,1,1590.25,10,6.75,late25,False
A-G1.045-C3,221774,1,1595.5,1,5.25,late25,False
A-G1.045-C3,221774,1,1605.0,1,9.5,late25,False
A-G1.045-C3,221774,1,1608.5,1,3.5,late25,False
A-G1.045-C3,221774,1,1614.25,1,5.75,late25,False
A-G1.045-C3,221774,2,1740.5,2,126.25,early25,False
A-G1.045-C3,221774,2,1744.25,2,3.75,early25,False
A-G1.045-C3,221774,2,1749.0,2,4.75,early25,False
A-G1.045-C3,221774,2,1752.0,1,3.0,early25,False
A-G1.045-C3,221774,2,1754.75,2,2.75,early25,False
A-G1.045-C3,221774,2,1758.25,2,3.5,early25,False
A-G1.045-C3,221774,2,1761.5,1,3.25,early25,False
A-G1.045-C3,221774,2,1763.75,1,2.25,early25,False
A-G1.045-C3,221774,2,1766.75,2,3.0,early25,False
A-G1.045-C3,221774,2,1769.25,9,2.5,early25,False
A-G1.045-C3,221774,2,1798.75,1,29.5,early25,False
A-G1.045-C3,221774,2,1805.25,2,6.5,early25,False
A-G1.045-C3,221774,2,1809.0,1,3.75,early25,False
A-G1.045-C3,221774,2,1814.25,2,5.25,early25,False
A-G1.045-C3,221774,2,1815.75,1,1.5,early25,False
A-G1.045-C3,221774,2,1817.0,1,1.25,early25,False
A-G1.045-C3,221774,2,1822.75,3,5.75,early25,False
A-G1.045-C3,221774,2,1827.0,1,4.25,early25,False
A-G1.045-C3,221774,2,1843.5,1,16.5,early25,False
A-G1.045-C3,221774,2,1845.25,1,1.75,early25,False
A-G1.045-C3,221774,2,1848.75,1,3.5,early25,False
A-G1.045-C3,221774,2,1855.75,2,7.0,early25,False
A-G1.045-C3,221774,2,1859.0,1,3.25,early25,False
A-G1.045-C3,221774,2,1869.25,2,10.25,early25,False
A-G1.045-C3,221774,2,1873.0,2,3.75,early25,False
A-G1.045-C3,221774,2,1902.75,1,29.75,early25,False
A-G1.045-C3,221774,2,1907.25,1,4.5,early25,False
A-G1.045-C3,221774,2,1914.5,2,7.25,middle50,False
A-G1.045-C3,221774,2,1920.0,1,5.5,middle50,False
A-G1.045-C3,221774,2,1921.75,1,1.75,middle50,False
A-G1.045-C3,221774,2,1926.0,1,4.25,middle50,False
A-G1.045-C3,221774,2,1955.75,1,29.75,middle50,False
A-G1.045-C3,221774,2,1959.25,1,3.5,middle50,False
A-G1.045-C3,221774,2,1962.5,1,3.25,middle50,False
A-G1.045-C3,221774,2,1977.25,3,14.75,middle50,False
A-G1.045-C3,221774,2,1981.75,1,4.5,middle50,False
A-G1.045-C3,221774,2,1986.25,1,4.5,middle50,False
A-G1.045-C3,221774,2,2017.0,1,30.75,middle50,False
A-G1.045-C3,221774,2,2021.5,3,4.5,middle50,False
A-G1.045-C3,221774,2,2026.0,2,4.5,middle50,False
A-G1.045-C3,221774,2,2030.5,1,4.5,middle50,False
A-G1.045-C3,221774,2,2035.0,3,4.5,middle50,False
A-G1.045-C3,221774,2,2039.25,1,4.25,middle50,False
A-G1.045-C3,221774,2,2043.75,1,4.5,middle50,False
A-G1.045-C3,221774,2,2049.5,1,5.75,middle50,False
A-G1.045-C3,221774,2,2185.75,1,136.25,middle50,False
A-G1.045-C3,221774,2,2192.75,1,7.0,middle50,False
A-G1.045-C3,221774,2,2199.25,2,6.5,middle50,False
A-G1.045-C3,221774,2,2205.0,1,5.75,middle50,False
A-G1.045-C3,221774,2,2208.0,1,3.0,middle50,False
A-G1.045-C3,221774,2,2212.0,1,4.0,middle50,False
A-G1.045-C3,221774,2,2215.25,1,3.25,middle50,False
A-G1.045-C3,221774,2,2238.25,1,23.0,middle50,False
A-G1.045-C3,221774,2,2240.75,1,2.5,middle50,False
A-G1.045-C3,221774,2,2243.0,10,2.25,middle50,False
A-G1.045-C3,221774,2,2247.25,2,4.25,middle50,False
A-G1.045-C3,221774,2,2248.25,1,1.0,middle50,False
A-G1.045-C3,221774,2,2252.25,1,4.0,middle50,False
A-G1.045-C3,221774,2,2257.75,2,5.5,middle50,False
A-G1.045-C3,221774,2,2261.75,1,4.0,middle50,False
A-G1.045-C3,221774,2,2268.5,2,6.75,middle50,False
A-G1.045-C3,221774,2,2271.75,1,3.25,middle50,False
A-G1.045-C3,221774,2,2278.0,3,6.25,middle50,False
A-G1.045-C3,221774,2,2291.25,2,13.25,middle50,False
A-G1.045-C3,221774,2,2294.5,3,3.25,late25,False
A-G1.045-C3,221774,2,2299.5,2,5.0,late25,False
A-G1.045-C3,221774,2,2305.25,1,5.75,late25,False
A-G1.045-C3,221774,2,2311.75,1,6.5,late25,False
A-G1.045-C3,221774,2,2343.0,1,31.25,late25,False
A-G1.045-C3,221774,2,2346.0,1,3.0,late25,False
A-G1.045-C3,221774,2,2349.25,1,3.25,late25,False
A-G1.045-C3,221774,2,2352.25,1,3.0,late25,False
A-G1.045-C3,221774,2,2354.0,1,1.75,late25,False
A-G1.045-C3,221774,2,2354.5,2,0.5,late25,False
A-G1.045-C3,221774,2,2360.25,1,5.75,late25,False
A-G1.045-C3,221774,2,2362.75,1,2.5,late25,False
A-G1.045-C3,221774,2,2366.75,1,4.0,late25,False
A-G1.045-C3,221774,2,2368.75,1,2.0,late25,False
A-G1.045-C3,221774,2,2372.25,1,3.5,late25,False
A-G1.045-C3,221774,3,2498.5,1,126.25,early25,True
A-G1.045-C3,221774,3,2501.5,2,3.0,early25,True
A-G1.045-C3,221774,3,2508.0,3,6.5,early25,True
A-G1.045-C3,221774,3,2511.25,1,3.25,early25,True
A-G1.045-C3,221774,3,2515.25,2,4.0,early25,True
A-G1.045-C3,221774,3,2519.25,1,4.0,early25,True
A-G1.045-C3,221774,3,2522.5,1,3.25,early25,True
A-G1.045-C3,221774,3,2526.75,2,4.25,early25,True
A-G1.045-C3,221774,3,2531.25,1,4.5,early25,True
A-G1.045-C3,221774,3,2555.25,2,24.0,early25,True
A-G1.045-C3,221774,3,2559.25,2,4.0,early25,True
A-G1.045-C3,221774,3,2563.25,1,4.0,early25,True
A-G1.045-C3,221774,3,2567.5,2,4.25,early25,True
A-G1.045-C3,221774,3,2571.5,2,4.0,early25,True
A-G1.045-C3,221774,3,2575.0,1,3.5,early25,True
A-G1.045-C3,221774,3,2578.0,2,3.0,early25,True
A-G1.045-C3,221774,3,2581.0,1,3.0,early25,True
A-G1.045-C3,221774,3,2584.5,1,3.5,early25,True
A-G1.045-C3,221774,3,2588.75,16,4.25,early25,True
A-G1.045-C3,221774,3,2610.5,1,21.75,early25,True
A-G1.045-C3,221774,3,2618.5,1,8.0,early25,True
A-G1.045-C3,221774,3,2622.5,11,4.0,early25,True
A-G1.045-C3,221774,3,2625.5,1,3.0,early25,True
A-G1.045-C3,221774,3,2628.5,1,3.0,early25,True
A-G1.045-C3,221774,3,2631.5,1,3.0,early25,True
A-G1.045-C3,221774,3,2658.5,1,27.0,early25,True
A-G1.045-C3,221774,3,2663.25,1,4.75,early25,True
A-G1.045-C3,221774,3,2664.5,1,1.25,early25,True
A-G1.045-C3,221774,3,2666.5,1,2.0,early25,True
A-G1.045-C3,221774,3,2669.0,1,2.5,early25,True
A-G1.045-C3,221774,3,2677.5,2,8.5,early25,True
A-G1.045-C3,221774,3,2679.75,1,2.25,early25,True
A-G1.045-C3,221774,3,2682.5,1,2.75,early25,True
A-G1.045-C3,221774,3,2688.25,1,5.75,early25,True
A-G1.045-C3,221774,3,2695.25,1,7.0,early25,True
A-G1.045-C3,221774,3,2714.75,1,19.5,early25,True
A-G1.045-C3,221774,3,2723.25,1,8.5,early25,True
A-G1.045-C3,221774,3,2732.5,1,9.25,early25,True
A-G1.045-C3,221774,3,2745.0,1,12.5,early25,True
A-G1.045-C3,221774,3,2767.5,2,22.5,middle50,True
A-G1.045-C3,221774,3,2783.25,2,15.75,middle50,True
A-G1.045-C3,221774,3,2793.75,1,10.5,middle50,True
A-G1.045-C3,221774,3,2812.0,1,18.25,middle50,True
A-G1.045-C3,221774,3,2815.25,1,3.25,middle50,True
A-G1.045-C3,221774,3,2823.5,1,8.25,middle50,True
A-G1.045-C3,221774,3,2827.5,1,4.0,middle50,True
A-G1.045-C3,221774,3,2831.25,1,3.75,middle50,True
A-G1.045-C3,221774,3,2834.5,1,3.25,middle50,True
A-G1.045-C3,221774,3,2842.5,8,8.0,middle50,True
A-G1.045-C3,221774,3,2868.25,1,25.75,middle50,True
A-G1.045-C3,221774,3,2871.5,1,3.25,middle50,True
A-G1.045-C3,221774,3,2874.5,1,3.0,middle50,True
A-G1.045-C3,221774,3,2886.25,1,11.75,middle50,True
A-G1.045-C3,221774,3,2888.5,1,2.25,middle50,True
A-G1.045-C3,221774,3,2895.75,1,7.25,middle50,True
A-G1.045-C3,221774,3,2897.75,1,2.0,middle50,True
A-G1.045-C3,221774,3,2908.25,4,10.5,middle50,True
A-G1.045-C3,221774,3,2920.0,1,11.75,middle50,True
A-G1.045-C3,221774,3,2927.0,1,7.0,middle50,True
A-G1.045-C3,221774,3,2940.75,1,13.75,middle50,True
A-G1.045-C3,221774,3,2981.5,1,40.75,middle50,True
A-G1.045-C3,221774,3,2987.0,1,5.5,middle50,True
A-G1.045-C3,221774,3,2992.5,1,5.5,middle50,True
A-G1.045-C3,221774,3,2996.0,1,3.5,middle50,True
A-G1.045-C3,221774,3,3003.0,1,7.0,middle50,True
A-G1.045-C3,221774,3,3018.75,3,15.75,middle50,True
A-G1.045-C3,221774,3,3032.0,1,13.25,middle50,True
A-G1.045-C3,221774,3,3037.25,1,5.25,middle50,True
A-G1.045-C3,221774,3,3052.0,1,14.75,middle50,True
A-G1.045-C3,221774,3,3091.75,1,39.75,middle50,True
A-G1.045-C3,221774,3,3100.0,1,8.25,middle50,True
A-G1.045-C3,221774,3,3108.75,1,8.75,middle50,True
A-G1.045-C3,221774,3,3136.0,1,27.25,middle50,True
A-G1.045-C3,221774,3,3151.25,1,15.25,middle50,True
A-G1.045-C3,221774,3,3154.75,1,3.5,middle50,True
A-G1.045-C3,221774,3,3192.75,1,38.0,middle50,True
A-G1.045-C3,221774,3,3204.5,1,11.75,middle50,True
A-G1.045-C3,221774,3,3209.25,1,4.75,middle50,True
A-G1.045-C3,221774,3,3214.25,1,5.0,middle50,True
A-G1.045-C3,221774,3,3230.0,4,15.75,middle50,True
A-G1.045-C3,221774,3,3369.25,3,139.25,late25,True
A-G1.045-C3,221774,3,3373.75,2,4.5,late25,True
A-G1.045-C3,221774,3,3379.75,1,6.0,late25,True
A-G1.045-C3,221774,3,3385.5,1,5.75,late25,True
A-G1.045-C3,221774,3,3397.25,1,11.75,late25,True
A-G1.045-C3,221774,3,3425.25,1,28.0,late25,True
A-G1.045-C3,221774,3,3430.25,1,5.0,late25,True
A-G1.045-C3,221774,3,3436.0,3,5.75,late25,True
A-G1.045-C3,221774,3,3438.25,1,2.25,late25,True
A-G1.045-C3,221774,3,3446.75,1,8.5,late25,True
A-G1.045-C3,221774,3,3474.25,1,27.5,late25,True
A-G1.045-C3,221774,3,3491.5,1,17.25,late25,True
A-G1.045-C3,221774,3,3533.25,1,41.75,late25,True
A-G1.045-C3,221774,3,3555.75,1,22.5,late25,True
A-G1.045-C3,221774,3,3565.25,1,9.5,late25,True
A-G1.045-C3,229693,0,0.25,3,,early25,False
A-G1.045-C3,229693,0,8.25,1,8.0,early25,False
A-G1.045-C3,229693,0,34.0,1,25.75,early25,False
A-G1.045-C3,229693,0,48.25,1,14.25,early25,False
A-G1.045-C3,229693,0,93.25,1,45.0,early25,False
A-G1.045-C3,229693,0,101.25,1,8.0,early25,False
A-G1.045-C3,229693,0,116.25,1,15.0,early25,False
A-G1.045-C3,229693,0,166.5,1,50.25,early25,False
A-G1.045-C3,229693,0,214.0,1,47.5,middle50,False
A-G1.045-C3,229693,0,219.0,1,5.0,middle50,False
A-G1.045-C3,229693,0,229.0,1,10.0,middle50,False
A-G1.045-C3,229693,0,231.75,1,2.75,middle50,False
A-G1.045-C3,229693,0,238.75,1,7.0,middle50,False
A-G1.045-C3,229693,0,247.75,1,9.0,middle50,False
A-G1.045-C3,229693,0,280.25,1,32.5,middle50,False
A-G1.045-C3,229693,0,296.75,2,16.5,middle50,False
A-G1.045-C3,229693,0,307.25,1,10.5,middle50,False
A-G1.045-C3,229693,0,336.75,1,29.5,middle50,False
A-G1.045-C3,229693,0,341.5,1,4.75,middle50,False
A-G1.045-C3,229693,0,348.25,1,6.75,middle50,False
A-G1.045-C3,229693,0,356.0,13,7.75,middle50,False
A-G1.045-C3,229693,0,357.5,1,1.5,middle50,False
A-G1.045-C3,229693,0,520.5,1,163.0,middle50,False
A-G1.045-C3,229693,0,566.5,1,46.0,middle50,False
A-G1.045-C3,229693,0,584.5,1,18.0,middle50,False
A-G1.045-C3,229693,0,619.0,1,34.5,late25,False
A-G1.045-C3,229693,0,625.75,1,6.75,late25,False
A-G1.045-C3,229693,0,630.75,1,5.0,late25,False
A-G1.045-C3,229693,0,639.0,1,8.25,late25,False
A-G1.045-C3,229693,0,646.5,1,7.5,late25,False
A-G1.045-C3,229693,0,672.75,1,26.25,late25,False
A-G1.045-C3,229693,0,678.25,1,5.5,late25,False
A-G1.045-C3,229693,0,684.5,11,6.25,late25,False
A-G1.045-C3,229693,0,696.5,1,12.0,late25,False
A-G1.045-C3,229693,0,703.5,1,7.0,late25,False
A-G1.045-C3,229693,0,712.5,3,9.0,late25,False
A-G1.045-C3,229693,1,822.5,1,110.0,early25,False
A-G1.045-C3,229693,1,836.25,1,13.75,early25,False
A-G1.045-C3,229693,1,841.75,1,5.5,early25,False
A-G1.045-C3,229693,1,845.75,1,4.0,early25,False
A-G1.045-C3,229693,1,850.75,2,5.0,early25,False
A-G1.045-C3,229693,1,866.0,2,15.25,early25,False
A-G1.045-C3,229693,1,896.5,1,30.5,early25,False
A-G1.045-C3,229693,1,903.25,1,6.75,early25,False
A-G1.045-C3,229693,1,907.25,1,4.0,early25,False
A-G1.045-C3,229693,1,911.0,2,3.75,early25,False
A-G1.045-C3,229693,1,914.75,1,3.75,early25,False
A-G1.045-C3,229693,1,916.5,1,1.75,early25,False
A-G1.045-C3,229693,1,921.25,2,4.75,early25,False
A-G1.045-C3,229693,1,929.5,1,8.25,early25,False
A-G1.045-C3,229693,1,948.75,1,19.25,early25,False
A-G1.045-C3,229693,1,953.5,1,4.75,early25,False
A-G1.045-C3,229693,1,958.75,2,5.25,early25,False
A-G1.045-C3,229693,1,965.25,1,6.5,early25,False
A-G1.045-C3,229693,1,970.75,2,5.5,early25,False
A-G1.045-C3,229693,1,974.25,1,3.5,early25,False
A-G1.045-C3,229693,1,978.75,1,4.5,early25,False
A-G1.045-C3,229693,1,1003.75,18,25.0,middle50,False
A-G1.045-C3,229693,1,1005.5,1,1.75,middle50,False
A-G1.045-C3,229693,1,1009.25,1,3.75,middle50,False
A-G1.045-C3,229693,1,1012.5,1,3.25,middle50,False
A-G1.045-C3,229693,1,1026.0,1,13.5,middle50,False
A-G1.045-C3,229693,1,1029.75,1,3.75,middle50,False
A-G1.045-C3,229693,1,1034.5,1,4.75,middle50,False
A-G1.045-C3,229693,1,1176.75,1,142.25,middle50,False
A-G1.045-C3,229693,1,1180.25,1,3.5,middle50,False
A-G1.045-C3,229693,1,1186.0,1,5.75,middle50,False
A-G1.045-C3,229693,1,1193.0,1,7.0,middle50,False
A-G1.045-C3,229693,1,1197.5,1,4.5,middle50,False
A-G1.045-C3,229693,1,1199.75,1,2.25,middle50,False
A-G1.045-C3,229693,1,1231.0,1,31.25,middle50,False
A-G1.045-C3,229693,1,1236.5,1,5.5,middle50,False
A-G1.045-C3,229693,1,1238.75,1,2.25,middle50,False
A-G1.045-C3,229693,1,1246.75,1,8.0,middle50,False
A-G1.045-C3,229693,1,1249.0,1,2.25,middle50,False
A-G1.045-C3,229693,1,1253.0,1,4.0,middle50,False
A-G1.045-C3,229693,1,1256.25,1,3.25,middle50,False
A-G1.045-C3,229693,1,1259.25,1,3.0,middle50,False
A-G1.045-C3,229693,1,1280.5,1,21.25,middle50,False
A-G1.045-C3,229693,1,1284.5,1,4.0,middle50,False
A-G1.045-C3,229693,1,1288.25,1,3.75,middle50,False
A-G1.045-C3,229693,1,1291.75,1,3.5,middle50,False
A-G1.045-C3,229693,1,1297.25,1,5.5,middle50,False
A-G1.045-C3,229693,1,1302.0,1,4.75,middle50,False
A-G1.045-C3,229693,1,1306.5,1,4.5,middle50,False
A-G1.045-C3,229693,1,1333.75,1,27.25,late25,False
A-G1.045-C3,229693,1,1335.75,1,2.0,late25,False
A-G1.045-C3,229693,1,1340.5,1,4.75,late25,False
A-G1.045-C3,229693,1,1347.75,1,7.25,late25,False
A-G1.045-C3,229693,1,1350.75,1,3.0,late25,False
A-G1.045-C3,229693,1,1356.25,1,5.5,late25,False
A-G1.045-C3,229693,1,1361.0,1,4.75,late25,False
A-G1.045-C3,229693,1,1371.0,1,10.0,late25,False
A-G1.045-C3,229693,2,1490.25,2,119.25,early25,False
A-G1.045-C3,229693,2,1491.75,1,1.5,early25,False
A-G1.045-C3,229693,2,1494.75,2,3.0,early25,False
A-G1.045-C3,229693,2,1498.0,2,3.25,early25,False
A-G1.045-C3,229693,2,1501.5,2,3.5,early25,False
A-G1.045-C3,229693,2,1505.75,2,4.25,early25,False
A-G1.045-C3,229693,2,1507.75,1,2.0,early25,False
A-G1.045-C3,229693,2,1509.5,1,1.75,early25,False
A-G1.045-C3,229693,2,1512.25,1,2.75,early25,False
A-G1.045-C3,229693,2,1546.0,1,33.75,early25,False
A-G1.045-C3,229693,2,1547.25,1,1.25,early25,False
A-G1.045-C3,229693,2,1548.5,1,1.25,early25,False
A-G1.045-C3,229693,2,1554.5,4,6.0,early25,False
A-G1.045-C3,229693,2,1560.25,3,5.75,early25,False
A-G1.045-C3,229693,2,1571.75,4,11.5,early25,False
A-G1.045-C3,229693,2,1577.25,3,5.5,early25,False
A-G1.045-C3,229693,2,1597.5,1,20.25,early25,False
A-G1.045-C3,229693,2,1606.5,3,9.0,early25,False
A-G1.045-C3,229693,2,1613.5,2,7.0,early25,False
A-G1.045-C3,229693,2,1624.5,2,11.0,early25,False
A-G1.045-C3,229693,2,1631.25,3,6.75,early25,False
A-G1.045-C3,229693,2,1655.5,2,24.25,early25,False
A-G1.045-C3,229693,2,1659.5,2,4.0,early25,False
A-G1.045-C3,229693,2,1667.5,2,8.0,early25,False
A-G1.045-C3,229693,2,1671.0,1,3.5,early25,False
A-G1.045-C3,229693,2,1681.5,1,10.5,early25,False
A-G1.045-C3,229693,2,1684.5,1,3.0,early25,False
A-G1.045-C3,229693,2,1703.5,2,19.0,middle50,False
A-G1.045-C3,229693,2,1709.75,2,6.25,middle50,False
A-G1.045-C3,229693,2,1714.25,1,4.5,middle50,False
A-G1.045-C3,229693,2,1720.5,3,6.25,middle50,False
A-G1.045-C3,229693,2,1726.25,1,5.75,middle50,False
A-G1.045-C3,229693,2,1755.75,1,29.5,middle50,False
A-G1.045-C3,229693,2,1759.25,1,3.5,middle50,False
A-G1.045-C3,229693,2,1765.5,2,6.25,middle50,False
A-G1.045-C3,229693,2,1768.75,1,3.25,middle50,False
A-G1.045-C3,229693,2,1773.75,2,5.0,middle50,False
A-G1.045-C3,229693,2,1786.25,2,12.5,middle50,False
A-G1.045-C3,229693,2,1795.5,5,9.25,middle50,False
A-G1.045-C3,229693,2,1806.0,1,10.5,middle50,False
A-G1.045-C3,229693,2,1809.5,1,3.5,middle50,False
A-G1.045-C3,229693,2,1813.0,2,3.5,middle50,False
A-G1.045-C3,229693,2,1817.75,1,4.75,middle50,False
A-G1.045-C3,229693,2,1822.0,1,4.25,middle50,False
A-G1.045-C3,229693,2,1824.75,1,2.75,middle50,False
A-G1.045-C3,229693,2,1828.75,1,4.0,middle50,False
A-G1.045-C3,229693,2,1832.25,13,3.5,middle50,False
A-G1.045-C3,229693,2,1863.25,2,31.0,middle50,False
A-G1.045-C3,229693,2,1867.25,2,4.0,middle50,False
A-G1.045-C3,229693,2,1880.75,2,13.5,middle50,False
A-G1.045-C3,229693,2,1887.75,1,7.0,middle50,False
A-G1.045-C3,229693,2,1891.25,1,3.5,middle50,False
A-G1.045-C3,229693,2,1893.25,1,2.0,middle50,False
A-G1.045-C3,229693,2,1899.5,1,6.25,middle50,False
A-G1.045-C3,229693,2,1905.75,3,6.25,middle50,False
A-G1.045-C3,229693,2,2033.5,1,127.75,middle50,False
A-G1.045-C3,229693,2,2039.25,1,5.75,middle50,False
A-G1.045-C3,229693,2,2044.25,1,5.0,middle50,False
A-G1.045-C3,229693,2,2048.75,2,4.5,middle50,False
A-G1.045-C3,229693,2,2052.5,1,3.75,middle50,False
A-G1.045-C3,229693,2,2059.75,1,7.25,middle50,False
A-G1.045-C3,229693,2,2064.0,2,4.25,middle50,False
A-G1.045-C3,229693,2,2089.0,1,25.0,middle50,False
A-G1.045-C3,229693,2,2092.5,1,3.5,middle50,False
A-G1.045-C3,229693,2,2095.25,1,2.75,middle50,False
A-G1.045-C3,229693,2,2098.25,11,3.0,middle50,False
A-G1.045-C3,229693,2,2100.75,1,2.5,middle50,False
A-G1.045-C3,229693,2,2102.75,1,2.0,middle50,False
A-G1.045-C3,229693,2,2109.0,1,6.25,middle50,False
A-G1.045-C3,229693,2,2119.25,1,10.25,middle50,False
A-G1.045-C3,229693,2,2127.0,3,7.75,late25,False
A-G1.045-C3,229693,2,2137.75,1,10.75,late25,False
A-G1.045-C3,229693,2,2141.5,1,3.75,late25,False
A-G1.045-C3,229693,2,2149.0,2,7.5,late25,False
A-G1.045-C3,229693,2,2153.25,1,4.25,late25,False
A-G1.045-C3,229693,2,2159.0,1,5.75,late25,False
A-G1.045-C3,229693,2,2162.75,7,3.75,late25,False
A-G1.045-C3,229693,2,2163.75,2,1.0,late25,False
A-G1.045-C3,229693,2,2193.25,1,29.5,late25,False
A-G1.045-C3,229693,2,2196.25,1,3.0,late25,False
A-G1.045-C3,229693,2,2201.75,1,5.5,late25,False
A-G1.045-C3,229693,2,2205.75,1,4.0,late25,False
A-G1.045-C3,229693,2,2207.0,1,1.25,late25,False
A-G1.045-C3,229693,2,2212.25,2,5.25,late25,False
A-G1.045-C3,229693,2,2218.0,1,5.75,late25,False
A-G1.045-C3,229693,2,2222.25,1,4.25,late25,False
A-G1.045-C3,229693,2,2230.5,1,8.25,late25,False
A-G1.045-C3,229693,3,2357.5,1,127.0,early25,True
A-G1.045-C3,229693,3,2362.75,2,5.25,early25,True
A-G1.045-C3,229693,3,2366.25,1,3.5,early25,True
A-G1.045-C3,229693,3,2369.75,2,3.5,early25,True
A-G1.045-C3,229693,3,2373.75,1,4.0,early25,True
A-G1.045-C3,229693,3,2378.0,2,4.25,early25,True
A-G1.045-C3,229693,3,2383.25,1,5.25,early25,True
A-G1.045-C3,229693,3,2388.0,2,4.75,early25,True
A-G1.045-C3,229693,3,2413.75,2,25.75,early25,True
A-G1.045-C3,229693,3,2417.25,1,3.5,early25,True
A-G1.045-C3,229693,3,2420.25,1,3.0,early25,True
A-G1.045-C3,229693,3,2424.25,16,4.0,early25,True
A-G1.045-C3,229693,3,2429.0,1,4.75,early25,True
A-G1.045-C3,229693,3,2432.5,1,3.5,early25,True
A-G1.045-C3,229693,3,2455.25,7,22.75,early25,True
A-G1.045-C3,229693,3,2465.75,1,10.5,early25,True
A-G1.045-C3,229693,3,2469.5,2,3.75,early25,True
A-G1.045-C3,229693,3,2476.0,1,6.5,early25,True
A-G1.045-C3,229693,3,2480.25,6,4.25,early25,True
A-G1.045-C3,229693,3,2484.75,1,4.5,early25,True
A-G1.045-C3,229693,3,2489.5,5,4.75,early25,True
A-G1.045-C3,229693,3,2523.5,1,34.0,early25,True
A-G1.045-C3,229693,3,2526.25,1,2.75,early25,True
A-G1.045-C3,229693,3,2527.75,1,1.5,early25,True
A-G1.045-C3,229693,3,2533.25,1,5.5,early25,True
A-G1.045-C3,229693,3,2547.0,1,13.75,early25,True
A-G1.045-C3,229693,3,2551.5,1,4.5,early25,True
A-G1.045-C3,229693,3,2569.0,4,17.5,early25,True
A-G1.045-C3,229693,3,2576.25,1,7.25,early25,True
A-G1.045-C3,229693,3,2580.75,1,4.5,early25,True
A-G1.045-C3,229693,3,2585.0,1,4.25,early25,True
A-G1.045-C3,229693,3,2588.5,1,3.5,early25,True
A-G1.045-C3,229693,3,2592.25,1,3.75,early25,True
A-G1.045-C3,229693,3,2599.75,9,7.5,early25,True
A-G1.045-C3,229693,3,2629.75,1,30.0,early25,True
A-G1.045-C3,229693,3,2645.25,1,15.5,early25,True
A-G1.045-C3,229693,3,2647.75,1,2.5,early25,True
A-G1.045-C3,229693,3,2651.25,1,3.5,early25,True
A-G1.045-C3,229693,3,2674.75,5,23.5,middle50,True
A-G1.045-C3,229693,3,2687.75,1,13.0,middle50,True
A-G1.045-C3,229693,3,2694.0,1,6.25,middle50,True
A-G1.045-C3,229693,3,2700.25,1,6.25,middle50,True
A-G1.045-C3,229693,3,2707.5,1,7.25,middle50,True
A-G1.045-C3,229693,3,2744.75,1,37.25,middle50,True
A-G1.045-C3,229693,3,2749.0,1,4.25,middle50,True
A-G1.045-C3,229693,3,2757.5,1,8.5,middle50,True
A-G1.045-C3,229693,3,2762.75,1,5.25,middle50,True
A-G1.045-C3,229693,3,2768.25,1,5.5,middle50,True
A-G1.045-C3,229693,3,2771.0,1,2.75,middle50,True
A-G1.045-C3,229693,3,2785.25,4,14.25,middle50,True
A-G1.045-C3,229693,3,2797.25,1,12.0,middle50,True
A-G1.045-C3,229693,3,2805.5,1,8.25,middle50,True
A-G1.045-C3,229693,3,2814.5,1,9.0,middle50,True
A-G1.045-C3,229693,3,2822.25,5,7.75,middle50,True
A-G1.045-C3,229693,3,2852.75,3,30.5,middle50,True
A-G1.045-C3,229693,3,2857.25,1,4.5,middle50,True
A-G1.045-C3,229693,3,2860.0,3,2.75,middle50,True
A-G1.045-C3,229693,3,2862.5,3,2.5,middle50,True
A-G1.045-C3,229693,3,2874.75,3,12.25,middle50,True
A-G1.045-C3,229693,3,2886.0,1,11.25,middle50,True
A-G1.045-C3,229693,3,3037.25,2,151.25,middle50,True
A-G1.045-C3,229693,3,3043.0,1,5.75,middle50,True
A-G1.045-C3,229693,3,3050.5,1,7.5,middle50,True
A-G1.045-C3,229693,3,3082.25,1,31.75,middle50,True
A-G1.045-C3,229693,3,3088.0,1,5.75,middle50,True
A-G1.045-C3,229693,3,3095.25,1,7.25,middle50,True
A-G1.045-C3,229693,3,3101.0,3,5.75,middle50,True
A-G1.045-C3,229693,3,3102.5,1,1.5,middle50,True
A-G1.045-C3,229693,3,3106.75,3,4.25,middle50,True
A-G1.045-C3,229693,3,3108.75,2,2.0,middle50,True
A-G1.045-C3,229693,3,3136.5,1,27.75,middle50,True
A-G1.045-C3,229693,3,3144.75,1,8.25,middle50,True
A-G1.045-C3,229693,3,3154.75,1,10.0,middle50,True
A-G1.045-C3,229693,3,3188.75,1,34.0,middle50,True
A-G1.045-C3,229693,3,3201.5,1,12.75,middle50,True
A-G1.045-C3,229693,3,3209.0,1,7.5,middle50,True
A-G1.045-C3,229693,3,3361.5,1,152.5,late25,True
A-G1.045-C3,229693,3,3371.0,1,9.5,late25,True
A-G1.045-C3,229693,3,3382.25,1,11.25,late25,True
A-G1.045-C3,229693,3,3390.25,1,8.0,late25,True
A-G1.045-C3,229693,3,3420.5,1,30.25,late25,True
A-G1.045-C3,229693,3,3429.0,1,8.5,late25,True
A-G1.045-C3,229693,3,3436.75,1,7.75,late25,True
A-G1.045-C3,229693,3,3444.5,3,7.75,late25,True
A-G1.045-C3,229693,3,3447.75,3,3.25,late25,True
A-G1.045-C3,229693,3,3451.0,1,3.25,late25,True
A-G1.045-C3,229693,3,3475.0,1,24.0,late25,True
A-G1.045-C3,229693,3,3486.5,1,11.5,late25,True
A-G1.045-C3,229693,3,3522.25,1,35.75,late25,True
A-G1.045-C3,229693,3,3531.25,1,9.0,late25,True
A-G1.045-C3,229693,3,3542.0,1,10.75,late25,True
A-G1.045-C3,229693,3,3563.5,2,21.5,late25,True
B-G1.040-C2,42,0,0.25,3,,early25,False
B-G1.040-C2,42,0,8.25,1,8.0,early25,False
B-G1.040-C2,42,0,22.0,1,13.75,early25,False
B-G1.040-C2,42,0,46.75,1,24.75,early25,False
B-G1.040-C2,42,0,58.0,1,11.25,early25,False
B-G1.040-C2,42,0,98.25,1,40.25,early25,False
B-G1.040-C2,42,0,108.25,1,10.0,early25,False
B-G1.040-C2,42,0,159.25,1,51.0,early25,False
B-G1.040-C2,42,0,169.75,1,10.5,early25,False
B-G1.040-C2,42,0,173.75,1,4.0,early25,False
B-G1.040-C2,42,0,215.25,1,41.5,middle50,False
B-G1.040-C2,42,0,223.0,1,7.75,middle50,False
B-G1.040-C2,42,0,232.5,1,9.5,middle50,False
B-G1.040-C2,42,0,241.0,1,8.5,middle50,False
B-G1.040-C2,42,0,247.25,1,6.25,middle50,False
B-G1.040-C2,42,0,278.25,1,31.0,middle50,False
B-G1.040-C2,42,0,284.25,1,6.0,middle50,False
B-G1.040-C2,42,0,290.75,1,6.5,middle50,False
B-G1.040-C2,42,0,295.0,1,4.25,middle50,False
B-G1.040-C2,42,0,299.75,1,4.75,middle50,False
B-G1.040-C2,42,0,335.25,1,35.5,middle50,False
B-G1.040-C2,42,0,338.25,1,3.0,middle50,False
B-G1.040-C2,42,0,346.75,1,8.5,middle50,False
B-G1.040-C2,42,0,351.0,1,4.25,middle50,False
B-G1.040-C2,42,0,356.5,1,5.5,middle50,False
B-G1.040-C2,42,0,359.25,1,2.75,middle50,False
B-G1.040-C2,42,0,362.5,1,3.25,middle50,False
B-G1.040-C2,42,0,376.25,4,13.75,middle50,False
B-G1.040-C2,42,0,531.75,1,155.5,middle50,False
B-G1.040-C2,42,0,537.0,3,5.25,middle50,False
B-G1.040-C2,42,0,539.5,3,2.5,middle50,False
B-G1.040-C2,42,0,543.0,1,3.5,late25,False
B-G1.040-C2,42,0,549.5,1,6.5,late25,False
B-G1.040-C2,42,0,582.75,1,33.25,late25,False
B-G1.040-C2,42,0,587.5,1,4.75,late25,False
B-G1.040-C2,42,0,593.25,1,5.75,late25,False
B-G1.040-C2,42,0,595.75,1,2.5,late25,False
B-G1.040-C2,42,0,599.25,1,3.5,late25,False
B-G1.040-C2,42,0,603.0,1,3.75,late25,False
B-G1.040-C2,42,0,607.75,1,4.75,late25,False
B-G1.040-C2,42,1,742.25,1,134.5,early25,False
B-G1.040-C2,42,1,748.75,2,6.5,early25,False
B-G1.040-C2,42,1,751.0,1,2.25,early25,False
B-G1.040-C2,42,1,753.0,1,2.0,early25,False
B-G1.040-C2,42,1,755.75,1,2.75,early25,False
B-G1.040-C2,42,1,760.75,1,5.0,early25,False
B-G1.040-C2,42,1,763.75,1,3.0,early25,False
B-G1.040-C2,42,1,771.25,1,7.5,early25,False
B-G1.040-C2,42,1,805.75,1,34.5,early25,False
B-G1.040-C2,42,1,814.5,3,8.75,early25,False
B-G1.040-C2,42,1,816.5,1,2.0,early25,False
B-G1.040-C2,42,1,821.0,2,4.5,early25,False
B-G1.040-C2,42,1,825.75,2,4.75,early25,False
B-G1.040-C2,42,1,828.25,1,2.5,early25,False
B-G1.040-C2,42,1,852.75,2,24.5,early25,False
B-G1.040-C2,42,1,859.5,1,6.75,early25,False
B-G1.040-C2,42,1,864.5,2,5.0,early25,False
B-G1.040-C2,42,1,869.0,2,4.5,early25,False
B-G1.040-C2,42,1,873.0,2,4.0,early25,False
B-G1.040-C2,42,1,880.0,1,7.0,early25,False
B-G1.040-C2,42,1,907.5,2,27.5,middle50,False
B-G1.040-C2,42,1,910.25,1,2.75,middle50,False
B-G1.040-C2,42,1,914.25,1,4.0,middle50,False
B-G1.040-C2,42,1,917.25,1,3.0,middle50,False
B-G1.040-C2,42,1,921.25,2,4.0,middle50,False
B-G1.040-C2,42,1,924.0,1,2.75,middle50,False
B-G1.040-C2,42,1,927.0,1,3.0,middle50,False
B-G1.040-C2,42,1,931.5,2,4.5,middle50,False
B-G1.040-C2,42,1,936.25,1,4.75,middle50,False
B-G1.040-C2,42,1,944.0,1,7.75,middle50,False
B-G1.040-C2,42,1,963.5,2,19.5,middle50,False
B-G1.040-C2,42,1,981.25,2,17.75,middle50,False
B-G1.040-C2,42,1,984.75,1,3.5,middle50,False
B-G1.040-C2,42,1,988.25,1,3.5,middle50,False
B-G1.040-C2,42,1,990.5,1,2.25,middle50,False
B-G1.040-C2,42,1,1018.25,1,27.75,middle50,False
B-G1.040-C2,42,1,1021.75,2,3.5,middle50,False
B-G1.040-C2,42,1,1026.75,2,5.0,middle50,False
B-G1.040-C2,42,1,1030.0,1,3.25,middle50,False
B-G1.040-C2,42,1,1033.0,1,3.0,middle50,False
B-G1.040-C2,42,1,1037.0,1,4.0,middle50,False
B-G1.040-C2,42,1,1040.25,1,3.25,middle50,False
B-G1.040-C2,42,1,1045.0,2,4.75,middle50,False
B-G1.040-C2,42,1,1047.25,1,2.25,middle50,False
B-G1.040-C2,42,1,1188.5,1,141.25,middle50,False
B-G1.040-C2,42,1,1192.25,1,3.75,middle50,False
B-G1.040-C2,42,1,1194.25,1,2.0,middle50,False
B-G1.040-C2,42,1,1197.5,1,3.25,middle50,False
B-G1.040-C2,42,1,1201.5,1,4.0,middle50,False
B-G1.040-C2,42,1,1205.25,1,3.75,middle50,False
B-G1.040-C2,42,1,1208.5,1,3.25,middle50,False
B-G1.040-C2,42,1,1212.25,1,3.75,middle50,False
B-G1.040-C2,42,1,1216.75,2,4.5,middle50,False
B-G1.040-C2,42,1,1245.0,1,28.25,late25,False
B-G1.040-C2,42,1,1246.75,1,1.75,late25,False
B-G1.040-C2,42,1,1248.5,1,1.75,late25,False
B-G1.040-C2,42,1,1252.75,1,4.25,late25,False
B-G1.040-C2,42,1,1255.5,1,2.75,late25,False
B-G1.040-C2,42,1,1259.0,1,3.5,late25,False
B-G1.040-C2,42,1,1262.5,1,3.5,late25,False
B-G1.040-C2,42,1,1270.75,1,8.25,late25,False
B-G1.040-C2,42,1,1273.5,2,2.75,late25,False
B-G1.040-C2,42,2,1408.0,2,134.5,early25,False
B-G1.040-C2,42,2,1411.25,3,3.25,early25,False
B-G1.040-C2,42,2,1414.5,2,3.25,early25,False
B-G1.040-C2,42,2,1418.5,2,4.0,early25,False
B-G1.040-C2,42,2,1422.75,2,4.25,early25,False
B-G1.040-C2,42,2,1427.25,2,4.5,early25,False
B-G1.040-C2,42,2,1433.0,3,5.75,early25,False
B-G1.040-C2,42,2,1438.0,3,5.0,early25,False
B-G1.040-C2,42,2,1463.25,1,25.25,early25,False
B-G1.040-C2,42,2,1466.75,2,3.5,early25,False
B-G1.040-C2,42,2,1470.0,27,3.25,early25,False
B-G1.040-C2,42,2,1471.75,2,1.75,early25,False
B-G1.040-C2,42,2,1472.5,1,0.75,early25,False
B-G1.040-C2,42,2,1474.25,1,1.75,early25,False
B-G1.040-C2,42,2,1475.5,1,1.25,early25,False
B-G1.040-C2,42,2,1477.0,2,1.5,early25,False
B-G1.040-C2,42,2,1484.0,1,7.0,early25,False
B-G1.040-C2,42,2,1485.25,1,1.25,early25,False
B-G1.040-C2,42,2,1490.25,1,5.0,early25,False
B-G1.040-C2,42,2,1492.25,2,2.0,early25,False
B-G1.040-C2,42,2,1522.0,2,29.75,early25,False
B-G1.040-C2,42,2,1527.0,1,5.0,early25,False
B-G1.040-C2,42,2,1532.25,3,5.25,early25,False
B-G1.040-C2,42,2,1536.0,1,3.75,early25,False
B-G1.040-C2,42,2,1541.75,2,5.75,early25,False
B-G1.040-C2,42,2,1547.25,3,5.5,early25,False
B-G1.040-C2,42,2,1551.75,1,4.5,early25,False
B-G1.040-C2,42,2,1577.0,22,25.25,early25,False
B-G1.040-C2,42,2,1580.5,1,3.5,early25,False
B-G1.040-C2,42,2,1584.0,1,3.5,early25,False
B-G1.040-C2,42,2,1589.5,2,5.5,early25,False
B-G1.040-C2,42,2,1591.75,1,2.25,early25,False
B-G1.040-C2,42,2,1593.75,1,2.0,early25,False
B-G1.040-C2,42,2,1595.0,1,1.25,early25,False
B-G1.040-C2,42,2,1598.75,1,3.75,early25,False
B-G1.040-C2,42,2,1601.75,2,3.0,early25,False
B-G1.040-C2,42,2,1606.0,1,4.25,early25,False
B-G1.040-C2,42,2,1615.25,5,9.25,early25,False
B-G1.040-C2,42,2,1755.5,2,140.25,middle50,False
B-G1.040-C2,42,2,1761.0,1,5.5,middle50,False
B-G1.040-C2,42,2,1766.5,1,5.5,middle50,False
B-G1.040-C2,42,2,1769.0,1,2.5,middle50,False
B-G1.040-C2,42,2,1771.5,1,2.5,middle50,False
B-G1.040-C2,42,2,1775.0,2,3.5,middle50,False
B-G1.040-C2,42,2,1779.5,1,4.5,middle50,False
B-G1.040-C2,42,2,1783.75,1,4.25,middle50,False
B-G1.040-C2,42,2,1808.25,1,24.5,middle50,False
B-G1.040-C2,42,2,1812.0,2,3.75,middle50,False
B-G1.040-C2,42,2,1815.5,2,3.5,middle50,False
B-G1.040-C2,42,2,1818.25,1,2.75,middle50,False
B-G1.040-C2,42,2,1821.25,14,3.0,middle50,False
B-G1.040-C2,42,2,1822.75,1,1.5,middle50,False
B-G1.040-C2,42,2,1826.25,1,3.5,middle50,False
B-G1.040-C2,42,2,1827.5,1,1.25,middle50,False
B-G1.040-C2,42,2,1831.0,1,3.5,middle50,False
B-G1.040-C2,42,2,1833.25,1,2.25,middle50,False
B-G1.040-C2,42,2,1835.75,1,2.5,middle50,False
B-G1.040-C2,42,2,1841.25,1,5.5,middle50,False
B-G1.040-C2,42,2,1847.5,4,6.25,middle50,False
B-G1.040-C2,42,2,1972.75,1,125.25,middle50,False
B-G1.040-C2,42,2,1982.0,1,9.25,middle50,False
B-G1.040-C2,42,2,1986.75,2,4.75,middle50,False
B-G1.040-C2,42,2,1992.25,1,5.5,middle50,False
B-G1.040-C2,42,2,1996.5,1,4.25,middle50,False
B-G1.040-C2,42,2,2001.25,2,4.75,middle50,False
B-G1.040-C2,42,2,2028.75,1,27.5,middle50,False
B-G1.040-C2,42,2,2030.0,1,1.25,middle50,False
B-G1.040-C2,42,2,2035.75,1,5.75,middle50,False
B-G1.040-C2,42,2,2043.75,2,8.0,middle50,False
B-G1.040-C2,42,2,2047.5,1,3.75,middle50,False
B-G1.040-C2,42,2,2050.0,2,2.5,middle50,False
B-G1.040-C2,42,2,2051.25,1,1.25,middle50,False
B-G1.040-C2,42,2,2054.75,1,3.5,middle50,False
B-G1.040-C2,42,2,2056.75,1,2.0,middle50,False
B-G1.040-C2,42,2,2059.5,1,2.75,middle50,False
B-G1.040-C2,42,2,2188.0,1,128.5,late25,False
B-G1.040-C2,42,2,2191.5,1,3.5,late25,False
B-G1.040-C2,42,2,2194.0,1,2.5,late25,False
B-G1.040-C2,42,2,2203.5,2,9.5,late25,False
B-G1.040-C2,42,2,2214.25,1,10.75,late25,False
B-G1.040-C2,42,2,2244.0,1,29.75,late25,False
B-G1.040-C2,42,2,2248.0,1,4.0,late25,False
B-G1.040-C2,42,2,2251.0,1,3.0,late25,False
B-G1.040-C2,42,2,2254.0,1,3.0,late25,False
B-G1.040-C2,42,2,2258.0,1,4.0,late25,False
B-G1.040-C2,42,2,2263.75,1,5.75,late25,False
B-G1.040-C2,42,2,2267.75,2,4.0,late25,False
B-G1.040-C2,42,2,2272.25,1,4.5,late25,False
B-G1.040-C2,42,2,2279.25,1,7.0,late25,False
B-G1.040-C2,42,2,2285.0,3,5.75,late25,False
B-G1.040-C2,42,3,2401.25,2,116.25,early25,True
B-G1.040-C2,42,3,2404.75,2,3.5,early25,True
B-G1.040-C2,42,3,2406.0,5,1.25,early25,True
B-G1.040-C2,42,3,2411.0,2,5.0,early25,True
B-G1.040-C2,42,3,2416.25,2,5.25,early25,True
B-G1.040-C2,42,3,2420.25,2,4.0,early25,True
B-G1.040-C2,42,3,2424.5,2,4.25,early25,True
B-G1.040-C2,42,3,2428.5,2,4.0,early25,True
B-G1.040-C2,42,3,2455.5,2,27.0,early25,True
B-G1.040-C2,42,3,2462.75,2,7.25,early25,True
B-G1.040-C2,42,3,2469.0,3,6.25,early25,True
B-G1.040-C2,42,3,2475.25,3,6.25,early25,True
B-G1.040-C2,42,3,2481.25,2,6.0,early25,True
B-G1.040-C2,42,3,2484.5,1,3.25,early25,True
B-G1.040-C2,42,3,2513.5,2,29.0,early25,True
B-G1.040-C2,42,3,2520.0,2,6.5,early25,True
B-G1.040-C2,42,3,2526.5,2,6.5,early25,True
B-G1.040-C2,42,3,2533.25,2,6.75,early25,True
B-G1.040-C2,42,3,2564.25,2,31.0,early25,True
B-G1.040-C2,42,3,2570.75,2,6.5,early25,True
B-G1.040-C2,42,3,2577.25,2,6.5,early25,True
B-G1.040-C2,42,3,2589.25,2,12.0,early25,True
B-G1.040-C2,42,3,2599.5,1,10.25,early25,True
B-G1.040-C2,42,3,2605.5,4,6.0,early25,True
B-G1.040-C2,42,3,2616.25,2,10.75,early25,True
B-G1.040-C2,42,3,2620.25,1,4.0,early25,True
B-G1.040-C2,42,3,2624.25,1,4.0,early25,True
B-G1.040-C2,42,3,2628.25,1,4.0,early25,True
B-G1.040-C2,42,3,2633.25,1,5.0,early25,True
B-G1.040-C2,42,3,2637.75,2,4.5,early25,True
B-G1.040-C2,42,3,2641.5,1,3.75,early25,True
B-G1.040-C2,42,3,2645.0,1,3.5,early25,True
B-G1.040-C2,42,3,2670.75,1,25.75,early25,True
B-G1.040-C2,42,3,2674.25,11,3.5,early25,True
B-G1.040-C2,42,3,2682.0,1,7.75,early25,True
B-G1.040-C2,42,3,2697.0,2,15.0,middle50,True
B-G1.040-C2,42,3,2699.25,1,2.25,middle50,True
B-G1.040-C2,42,3,2707.75,1,8.5,middle50,True
B-G1.040-C2,42,3,2715.25,6,7.5,middle50,True
B-G1.040-C2,42,3,2728.5,2,13.25,middle50,True
B-G1.040-C2,42,3,2734.75,1,6.25,middle50,True
B-G1.040-C2,42,3,2740.0,1,5.25,middle50,True
B-G1.040-C2,42,3,2746.5,1,6.5,middle50,True
B-G1.040-C2,42,3,2753.25,1,6.75,middle50,True
B-G1.040-C2,42,3,2783.25,2,30.0,middle50,True
B-G1.040-C2,42,3,2788.5,1,5.25,middle50,True
B-G1.040-C2,42,3,2794.0,1,5.5,middle50,True
B-G1.040-C2,42,3,2800.75,1,6.75,middle50,True
B-G1.040-C2,42,3,2804.75,1,4.0,middle50,True
B-G1.040-C2,42,3,2810.25,1,5.5,middle50,True
B-G1.040-C2,42,3,2827.5,1,17.25,middle50,True
B-G1.040-C2,42,3,2834.25,1,6.75,middle50,True
B-G1.040-C2,42,3,2837.0,1,2.75,middle50,True
B-G1.040-C2,42,3,2845.75,1,8.75,middle50,True
B-G1.040-C2,42,3,2849.0,1,3.25,middle50,True
B-G1.040-C2,42,3,2852.75,6,3.75,middle50,True
B-G1.040-C2,42,3,2884.5,1,31.75,middle50,True
B-G1.040-C2,42,3,2890.5,1,6.0,middle50,True
B-G1.040-C2,42,3,2897.75,2,7.25,middle50,True
B-G1.040-C2,42,3,2903.5,1,5.75,middle50,True
B-G1.040-C2,42,3,2911.25,1,7.75,middle50,True
B-G1.040-C2,42,3,2913.0,1,1.75,middle50,True
B-G1.040-C2,42,3,2935.5,1,22.5,middle50,True
B-G1.040-C2,42,3,2938.5,1,3.0,middle50,True
B-G1.040-C2,42,3,2945.5,1,7.0,middle50,True
B-G1.040-C2,42,3,2949.25,1,3.75,middle50,True
B-G1.040-C2,42,3,2955.5,1,6.25,middle50,True
B-G1.040-C2,42,3,2962.25,6,6.75,middle50,True
B-G1.040-C2,42,3,3007.25,1,45.0,middle50,True
B-G1.040-C2,42,3,3010.5,1,3.25,middle50,True
B-G1.040-C2,42,3,3019.25,1,8.75,middle50,True
B-G1.040-C2,42,3,3028.75,4,9.5,middle50,True
B-G1.040-C2,42,3,3037.0,2,8.25,middle50,True
B-G1.040-C2,42,3,3041.75,1,4.75,middle50,True
B-G1.040-C2,42,3,3055.0,1,13.25,middle50,True
B-G1.040-C2,42,3,3092.25,2,37.25,middle50,True
B-G1.040-C2,42,3,3093.25,2,1.0,middle50,True
B-G1.040-C2,42,3,3098.0,1,4.75,middle50,True
B-G1.040-C2,42,3,3110.75,1,12.75,middle50,True
B-G1.040-C2,42,3,3113.0,1,2.25,middle50,True
B-G1.040-C2,42,3,3120.75,1,7.75,middle50,True
B-G1.040-C2,42,3,3146.75,1,26.0,middle50,True
B-G1.040-C2,42,3,3150.0,1,3.25,middle50,True
B-G1.040-C2,42,3,3157.5,1,7.5,middle50,True
B-G1.040-C2,42,3,3164.5,1,7.0,middle50,True
B-G1.040-C2,42,3,3175.0,5,10.5,middle50,True
B-G1.040-C2,42,3,3207.0,1,32.0,middle50,True
B-G1.040-C2,42,3,3216.5,1,9.5,middle50,True
B-G1.040-C2,42,3,3226.75,1,10.25,middle50,True
B-G1.040-C2,42,3,3387.75,1,161.0,late25,True
B-G1.040-C2,42,3,3398.0,1,10.25,late25,True
B-G1.040-C2,42,3,3404.0,1,6.0,late25,True
B-G1.040-C2,42,3,3410.75,4,6.75,late25,True
B-G1.040-C2,42,3,3439.75,1,29.0,late25,True
B-G1.040-C2,42,3,3452.5,1,12.75,late25,True
B-G1.040-C2,42,3,3459.5,1,7.0,late25,True
B-G1.040-C2,42,3,3474.25,1,14.75,late25,True
B-G1.040-C2,7961,0,0.25,3,,early25,False
B-G1.040-C2,7961,0,8.25,1,8.0,early25,False
B-G1.040-C2,7961,0,17.25,1,9.0,early25,False
B-G1.040-C2,7961,0,39.25,1,22.0,early25,False
B-G1.040-C2,7961,0,54.5,1,15.25,early25,False
B-G1.040-C2,7961,0,109.0,1,54.5,early25,False
B-G1.040-C2,7961,0,112.25,1,3.25,early25,False
B-G1.040-C2,7961,0,116.75,1,4.5,early25,False
B-G1.040-C2,7961,0,174.5,1,57.75,early25,False
B-G1.040-C2,7961,0,181.75,1,7.25,middle50,False
B-G1.040-C2,7961,0,213.25,1,31.5,middle50,False
B-G1.040-C2,7961,0,222.25,1,9.0,middle50,False
B-G1.040-C2,7961,0,233.0,1,10.75,middle50,False
B-G1.040-C2,7961,0,239.0,1,6.0,middle50,False
B-G1.040-C2,7961,0,242.0,1,3.0,middle50,False
B-G1.040-C2,7961,0,278.25,1,36.25,middle50,False
B-G1.040-C2,7961,0,285.25,1,7.0,middle50,False
B-G1.040-C2,7961,0,290.75,1,5.5,middle50,False
B-G1.040-C2,7961,0,298.0,1,7.25,middle50,False
B-G1.040-C2,7961,0,306.25,1,8.25,middle50,False
B-G1.040-C2,7961,0,340.25,1,34.0,middle50,False
B-G1.040-C2,7961,0,344.5,1,4.25,middle50,False
B-G1.040-C2,7961,0,350.75,1,6.25,middle50,False
B-G1.040-C2,7961,0,356.5,1,5.75,middle50,False
B-G1.040-C2,7961,0,364.0,1,7.5,middle50,False
B-G1.040-C2,7961,0,371.0,1,7.0,middle50,False
B-G1.040-C2,7961,0,530.25,1,159.25,middle50,False
B-G1.040-C2,7961,0,534.75,1,4.5,middle50,False
B-G1.040-C2,7961,0,539.25,1,4.5,middle50,False
B-G1.040-C2,7961,0,544.75,1,5.5,middle50,False
B-G1.040-C2,7961,0,548.5,1,3.75,late25,False
B-G1.040-C2,7961,0,584.25,1,35.75,late25,False
B-G1.040-C2,7961,0,588.25,1,4.0,late25,False
B-G1.040-C2,7961,0,592.5,1,4.25,late25,False
B-G1.040-C2,7961,0,597.5,1,5.0,late25,False
B-G1.040-C2,7961,0,600.0,1,2.5,late25,False
B-G1.040-C2,7961,0,615.5,1,15.5,late25,False
B-G1.040-C2,7961,1,759.75,1,144.25,early25,False
B-G1.040-C2,7961,1,762.25,1,2.5,early25,False
B-G1.040-C2,7961,1,764.5,1,2.25,early25,False
B-G1.040-C2,7961,1,766.25,1,1.75,early25,False
B-G1.040-C2,7961,1,768.0,1,1.75,early25,False
B-G1.040-C2,7961,1,770.5,1,2.5,early25,False
B-G1.040-C2,7961,1,772.25,1,1.75,early25,False
B-G1.040-C2,7961,1,774.0,1,1.75,early25,False
B-G1.040-C2,7961,1,777.0,1,3.0,early25,False
B-G1.040-C2,7961,1,778.75,1,1.75,early25,False
B-G1.040-C2,7961,1,780.25,1,1.5,early25,False
B-G1.040-C2,7961,1,808.0,1,27.75,early25,False
B-G1.040-C2,7961,1,811.75,1,3.75,early25,False
B-G1.040-C2,7961,1,816.25,2,4.5,early25,False
B-G1.040-C2,7961,1,829.25,2,13.0,early25,False
B-G1.040-C2,7961,1,837.5,2,8.25,early25,False
B-G1.040-C2,7961,1,867.0,1,29.5,early25,False
B-G1.040-C2,7961,1,871.75,1,4.75,early25,False
B-G1.040-C2,7961,1,876.5,2,4.75,early25,False
B-G1.040-C2,7961,1,883.5,2,7.0,early25,False
B-G1.040-C2,7961,1,892.0,1,8.5,early25,False
B-G1.040-C2,7961,1,922.0,2,30.0,early25,False
B-G1.040-C2,7961,1,929.75,2,7.75,middle50,False
B-G1.040-C2,7961,1,937.75,2,8.0,middle50,False
B-G1.040-C2,7961,1,942.75,1,5.0,middle50,False
B-G1.040-C2,7961,1,949.0,1,6.25,middle50,False
B-G1.040-C2,7961,1,958.0,1,9.0,middle50,False
B-G1.040-C2,7961,1,984.5,1,26.5,middle50,False
B-G1.040-C2,7961,1,990.5,2,6.0,middle50,False
B-G1.040-C2,7961,1,994.5,2,4.0,middle50,False
B-G1.040-C2,7961,1,999.25,1,4.75,middle50,False
B-G1.040-C2,7961,1,1002.5,1,3.25,middle50,False
B-G1.040-C2,7961,1,1033.0,1,30.5,middle50,False
B-G1.040-C2,7961,1,1037.5,2,4.5,middle50,False
B-G1.040-C2,7961,1,1041.5,2,4.0,middle50,False
B-G1.040-C2,7961,1,1044.25,1,2.75,middle50,False
B-G1.040-C2,7961,1,1048.0,1,3.75,middle50,False
B-G1.040-C2,7961,1,1054.5,1,6.5,middle50,False
B-G1.040-C2,7961,1,1060.75,2,6.25,middle50,False
B-G1.040-C2,7961,1,1087.75,1,27.0,middle50,False
B-G1.040-C2,7961,1,1093.25,1,5.5,middle50,False
B-G1.040-C2,7961,1,1098.0,1,4.75,middle50,False
B-G1.040-C2,7961,1,1104.25,2,6.25,middle50,False
B-G1.040-C2,7961,1,1112.25,2,8.0,middle50,False
B-G1.040-C2,7961,1,1119.25,2,7.0,middle50,False
B-G1.040-C2,7961,1,1141.25,1,22.0,middle50,False
B-G1.040-C2,7961,1,1145.25,1,4.0,middle50,False
B-G1.040-C2,7961,1,1149.75,16,4.5,middle50,False
B-G1.040-C2,7961,1,1151.75,1,2.0,middle50,False
B-G1.040-C2,7961,1,1153.25,1,1.5,middle50,False
B-G1.040-C2,7961,1,1159.25,1,6.0,middle50,False
B-G1.040-C2,7961,1,1161.25,1,2.0,middle50,False
B-G1.040-C2,7961,1,1167.25,2,6.0,middle50,False
B-G1.040-C2,7961,1,1316.5,1,149.25,late25,False
B-G1.040-C2,7961,1,1330.75,1,14.25,late25,False
B-G1.040-C2,7961,1,1336.5,1,5.75,late25,False
B-G1.040-C2,7961,1,1342.25,2,5.75,late25,False
B-G1.040-C2,7961,1,1347.0,1,4.75,late25,False
B-G1.040-C2,7961,1,1371.75,1,24.75,late25,False
B-G1.040-C2,7961,1,1375.75,2,4.0,late25,False
B-G1.040-C2,7961,1,1383.25,2,7.5,late25,False
B-G1.040-C2,7961,1,1387.75,2,4.5,late25,False
B-G1.040-C2,7961,1,1393.25,1,5.5,late25,False
B-G1.040-C2,7961,1,1397.0,13,3.75,late25,False
B-G1.040-C2,7961,1,1398.75,1,1.75,late25,False
B-G1.040-C2,7961,2,1514.0,2,115.25,early25,False
B-G1.040-C2,7961,2,1530.5,2,16.5,early25,False
B-G1.040-C2,7961,2,1533.5,2,3.0,early25,False
B-G1.040-C2,7961,2,1537.5,2,4.0,early25,False
B-G1.040-C2,7961,2,1540.5,2,3.0,early25,False
B-G1.040-C2,7961,2,1542.75,1,2.25,early25,False
B-G1.040-C2,7961,2,1547.25,3,4.5,early25,False
B-G1.040-C2,7961,2,1551.75,2,4.5,early25,False
B-G1.040-C2,7961,2,1556.75,2,5.0,early25,False
B-G1.040-C2,7961,2,1581.5,2,24.75,early25,False
B-G1.040-C2,7961,2,1585.75,2,4.25,early25,False
B-G1.040-C2,7961,2,1587.75,2,2.0,early25,False
B-G1.040-C2,7961,2,1590.0,2,2.25,early25,False
B-G1.040-C2,7961,2,1594.75,2,4.75,early25,False
B-G1.040-C2,7961,2,1596.75,2,2.0,early25,False
B-G1.040-C2,7961,2,1599.75,2,3.0,early25,False
B-G1.040-C2,7961,2,1604.25,3,4.5,early25,False
B-G1.040-C2,7961,2,1607.5,1,3.25,early25,False
B-G1.040-C2,7961,2,1611.5,25,4.0,early25,False
B-G1.040-C2,7961,2,1613.75,1,2.25,early25,False
B-G1.040-C2,7961,2,1619.5,1,5.75,early25,False
B-G1.040-C2,7961,2,1649.0,2,29.5,early25,False
B-G1.040-C2,7961,2,1651.5,1,2.5,early25,False
B-G1.040-C2,7961,2,1655.0,1,3.5,early25,False
B-G1.040-C2,7961,2,1658.0,2,3.0,early25,False
B-G1.040-C2,7961,2,1662.25,1,4.25,early25,False
B-G1.040-C2,7961,2,1666.0,2,3.75,early25,False
B-G1.040-C2,7961,2,1689.5,1,23.5,early25,False
B-G1.040-C2,7961,2,1692.75,1,3.25,early25,False
B-G1.040-C2,7961,2,1695.0,8,2.25,early25,False
B-G1.040-C2,7961,2,1697.75,15,2.75,early25,False
B-G1.040-C2,7961,2,1700.5,1,2.75,early25,False
B-G1.040-C2,7961,2,1702.0,1,1.5,early25,False
B-G1.040-C2,7961,2,1702.75,1,0.75,early25,False
B-G1.040-C2,7961,2,1705.0,1,2.25,middle50,False
B-G1.040-C2,7961,2,1707.5,1,2.5,middle50,False
B-G1.040-C2,7961,2,1710.25,1,2.75,middle50,False
B-G1.040-C2,7961,2,1712.0,1,1.75,middle50,False
B-G1.040-C2,7961,2,1719.0,1,7.0,middle50,False
B-G1.040-C2,7961,2,1721.0,1,2.0,middle50,False
B-G1.040-C2,7961,2,1722.5,1,1.5,middle50,False
B-G1.040-C2,7961,2,1865.5,1,143.0,middle50,False
B-G1.040-C2,7961,2,1871.25,1,5.75,middle50,False
B-G1.040-C2,7961,2,1883.75,1,12.5,middle50,False
B-G1.040-C2,7961,2,1886.75,1,3.0,middle50,False
B-G1.040-C2,7961,2,1891.75,1,5.0,middle50,False
B-G1.040-C2,7961,2,1895.5,1,3.75,middle50,False
B-G1.040-C2,7961,2,1919.5,1,24.0,middle50,False
B-G1.040-C2,7961,2,1924.0,3,4.5,middle50,False
B-G1.040-C2,7961,2,1928.25,2,4.25,middle50,False
B-G1.040-C2,7961,2,1932.75,2,4.5,middle50,False
B-G1.040-C2,7961,2,1935.75,1,3.0,middle50,False
B-G1.040-C2,7961,2,1939.0,1,3.25,middle50,False
B-G1.040-C2,7961,2,1941.25,1,2.25,middle50,False
B-G1.040-C2,7961,2,1945.0,2,3.75,middle50,False
B-G1.040-C2,7961,2,1948.25,1,3.25,middle50,False
B-G1.040-C2,7961,2,1952.0,1,3.75,middle50,False
B-G1.040-C2,7961,2,1959.0,1,7.0,middle50,False
B-G1.040-C2,7961,2,1967.25,8,8.25,middle50,False
B-G1.040-C2,7961,2,2098.75,1,131.5,late25,False
B-G1.040-C2,7961,2,2102.0,1,3.25,late25,False
B-G1.040-C2,7961,2,2104.5,1,2.5,late25,False
B-G1.040-C2,7961,2,2108.0,2,3.5,late25,False
B-G1.040-C2,7961,2,2111.5,1,3.5,late25,False
B-G1.040-C2,7961,2,2115.5,1,4.0,late25,False
B-G1.040-C2,7961,2,2122.5,11,7.0,late25,False
B-G1.040-C2,7961,2,2127.5,2,5.0,late25,False
B-G1.040-C2,7961,2,2150.25,1,22.75,late25,False
B-G1.040-C2,7961,2,2155.0,1,4.75,late25,False
B-G1.040-C2,7961,2,2157.75,7,2.75,late25,False
B-G1.040-C2,7961,2,2162.25,2,4.5,late25,False
B-G1.040-C2,7961,2,2164.75,1,2.5,late25,False
B-G1.040-C2,7961,2,2169.5,1,4.75,late25,False
B-G1.040-C2,7961,2,2172.5,1,3.0,late25,False
B-G1.040-C2,7961,2,2174.25,1,1.75,late25,False
B-G1.040-C2,7961,2,2175.75,1,1.5,late25,False
B-G1.040-C2,7961,2,2177.5,1,1.75,late25,False
B-G1.040-C2,7961,2,2181.25,1,3.75,late25,False
B-G1.040-C2,7961,2,2190.25,5,9.0,late25,False
B-G1.040-C2,7961,3,2302.5,1,112.25,early25,True
B-G1.040-C2,7961,3,2304.5,9,2.0,early25,True
B-G1.040-C2,7961,3,2308.25,1,3.75,early25,True
B-G1.040-C2,7961,3,2312.5,2,4.25,early25,True
B-G1.040-C2,7961,3,2315.0,1,2.5,early25,True
B-G1.040-C2,7961,3,2318.25,2,3.25,early25,True
B-G1.040-C2,7961,3,2321.0,1,2.75,early25,True
B-G1.040-C2,7961,3,2325.0,1,4.0,early25,True
B-G1.040-C2,7961,3,2328.5,1,3.5,early25,True
B-G1.040-C2,7961,3,2330.75,1,2.25,early25,True
B-G1.040-C2,7961,3,2334.0,1,3.25,early25,True
B-G1.040-C2,7961,3,2359.5,12,25.5,early25,True
B-G1.040-C2,7961,3,2363.0,1,3.5,early25,True
B-G1.040-C2,7961,3,2365.5,6,2.5,early25,True
B-G1.040-C2,7961,3,2369.75,1,4.25,early25,True
B-G1.040-C2,7961,3,2373.75,1,4.0,early25,True
B-G1.040-C2,7961,3,2377.75,1,4.0,early25,True
B-G1.040-C2,7961,3,2379.25,5,1.5,early25,True
B-G1.040-C2,7961,3,2381.0,1,1.75,early25,True
B-G1.040-C2,7961,3,2382.75,1,1.75,early25,True
B-G1.040-C2,7961,3,2390.75,1,8.0,early25,True
B-G1.040-C2,7961,3,2412.25,1,21.5,early25,True
B-G1.040-C2,7961,3,2416.25,1,4.0,early25,True
B-G1.040-C2,7961,3,2421.25,2,5.0,early25,True
B-G1.040-C2,7961,3,2425.75,1,4.5,early25,True
B-G1.040-C2,7961,3,2429.75,1,4.0,early25,True
B-G1.040-C2,7961,3,2433.0,1,3.25,early25,True
B-G1.040-C2,7961,3,2437.0,1,4.0,early25,True
B-G1.040-C2,7961,3,2463.25,10,26.25,early25,True
B-G1.040-C2,7961,3,2466.5,1,3.25,early25,True
B-G1.040-C2,7961,3,2470.0,1,3.5,early25,True
B-G1.040-C2,7961,3,2472.75,1,2.75,early25,True
B-G1.040-C2,7961,3,2485.0,2,12.25,early25,True
B-G1.040-C2,7961,3,2491.25,2,6.25,early25,True
B-G1.040-C2,7961,3,2521.25,1,30.0,early25,True
B-G1.040-C2,7961,3,2526.0,1,4.75,early25,True
B-G1.040-C2,7961,3,2536.75,1,10.75,early25,True
B-G1.040-C2,7961,3,2583.25,2,46.5,early25,True
B-G1.040-C2,7961,3,2588.75,1,5.5,early25,True
B-G1.040-C2,7961,3,2602.0,2,13.25,early25,True
B-G1.040-C2,7961,3,2619.0,1,17.0,middle50,True
B-G1.040-C2,7961,3,2621.25,1,2.25,middle50,True
B-G1.040-C2,7961,3,2626.5,1,5.25,middle50,True
B-G1.040-C2,7961,3,2629.75,1,3.25,middle50,True
B-G1.040-C2,7961,3,2634.75,1,5.0,middle50,True
B-G1.040-C2,7961,3,2639.75,6,5.0,middle50,True
B-G1.040-C2,7961,3,2683.0,1,43.25,middle50,True
B-G1.040-C2,7961,3,2686.5,1,3.5,middle50,True
B-G1.040-C2,7961,3,2689.0,1,2.5,middle50,True
B-G1.040-C2,7961,3,2693.25,1,4.25,middle50,True
B-G1.040-C2,7961,3,2696.75,1,3.5,middle50,True
B-G1.040-C2,7961,3,2700.0,1,3.25,middle50,True
B-G1.040-C2,7961,3,2715.75,4,15.75,middle50,True
B-G1.040-C2,7961,3,2734.0,1,18.25,middle50,True
B-G1.040-C2,7961,3,2740.5,1,6.5,middle50,True
B-G1.040-C2,7961,3,2746.75,1,6.25,middle50,True
B-G1.040-C2,7961,3,2754.25,1,7.5,middle50,True
B-G1.040-C2,7961,3,2783.5,1,29.25,middle50,True
B-G1.040-C2,7961,3,2786.0,1,2.5,middle50,True
B-G1.040-C2,7961,3,2791.0,1,5.0,middle50,True
B-G1.040-C2,7961,3,2796.0,1,5.0,middle50,True
B-G1.040-C2,7961,3,2804.0,1,8.0,middle50,True
B-G1.040-C2,7961,3,2809.0,1,5.0,middle50,True
B-G1.040-C2,7961,3,2831.0,1,22.0,middle50,True
B-G1.040-C2,7961,3,2835.0,1,4.0,middle50,True
B-G1.040-C2,7961,3,2842.75,1,7.75,middle50,True
B-G1.040-C2,7961,3,2849.25,1,6.5,middle50,True
B-G1.040-C2,7961,3,2854.0,1,4.75,middle50,True
B-G1.040-C2,7961,3,2856.75,4,2.75,middle50,True
B-G1.040-C2,7961,3,2888.75,1,32.0,middle50,True
B-G1.040-C2,7961,3,2906.75,1,18.0,middle50,True
B-G1.040-C2,7961,3,2910.25,1,3.5,middle50,True
B-G1.040-C2,7961,3,2937.75,1,27.5,middle50,True
B-G1.040-C2,7961,3,2946.25,1,8.5,middle50,True
B-G1.040-C2,7961,3,2951.75,1,5.5,middle50,True
B-G1.040-C2,7961,3,2958.5,1,6.75,middle50,True
B-G1.040-C2,7961,3,2988.5,1,30.0,middle50,True
B-G1.040-C2,7961,3,2993.75,4,5.25,middle50,True
B-G1.040-C2,7961,3,3000.5,1,6.75,middle50,True
B-G1.040-C2,7961,3,3013.5,1,13.0,middle50,True
B-G1.040-C2,7961,3,3024.5,1,11.0,middle50,True
B-G1.040-C2,7961,3,3041.25,1,16.75,middle50,True
B-G1.040-C2,7961,3,3050.25,1,9.0,middle50,True
B-G1.040-C2,7961,3,3061.75,1,11.5,middle50,True
B-G1.040-C2,7961,3,3095.75,1,34.0,middle50,True
B-G1.040-C2,7961,3,3104.75,1,9.0,middle50,True
B-G1.040-C2,7961,3,3114.25,1,9.5,middle50,True
B-G1.040-C2,7961,3,3117.25,1,3.0,middle50,True
B-G1.040-C2,7961,3,3124.0,1,6.75,middle50,True
B-G1.040-C2,7961,3,3280.75,1,156.75,late25,True
B-G1.040-C2,7961,3,3285.5,1,4.75,late25,True
B-G1.040-C2,7961,3,3291.25,1,5.75,late25,True
B-G1.040-C2,7961,3,3301.5,1,10.25,late25,True
B-G1.040-C2,7961,3,3332.0,1,30.5,late25,True
B-G1.040-C2,7961,3,3336.75,1,4.75,late25,True
B-G1.040-C2,7961,3,3339.25,3,2.5,late25,True
B-G1.040-C2,7961,3,3348.5,1,9.25,late25,True
B-G1.040-C2,7961,3,3362.25,1,13.75,late25,True
B-G1.040-C2,7961,3,3519.5,1,157.25,late25,True
B-G1.040-C2,7961,3,3522.25,1,2.75,late25,True
B-G1.040-C2,7961,3,3532.0,1,9.75,late25,True
B-G1.040-C2,7961,3,3562.5,1,30.5,late25,True
B-G1.040-C2,7961,3,3565.25,3,2.75,late25,True
B-G1.040-C2,7961,3,3568.25,1,3.0,late25,True
B-G1.040-C2,7961,3,3580.5,1,12.25,late25,True
B-G1.040-C2,7961,3,3589.25,1,8.75,late25,True
B-G1.040-C2,15880,0,0.25,3,,early25,False
B-G1.040-C2,15880,0,9.5,1,9.25,early25,False
B-G1.040-C2,15880,0,25.5,1,16.0,early25,False
B-G1.040-C2,15880,0,40.0,1,14.5,early25,False
B-G1.040-C2,15880,0,43.0,1,3.0,early25,False
B-G1.040-C2,15880,0,91.0,1,48.0,early25,False
B-G1.040-C2,15880,0,95.5,1,4.5,early25,False
B-G1.040-C2,15880,0,98.75,1,3.25,early25,False
B-G1.040-C2,15880,0,102.75,1,4.0,early25,False
B-G1.040-C2,15880,0,117.25,1,14.5,early25,False
B-G1.040-C2,15880,0,161.0,1,43.75,early25,False
B-G1.040-C2,15880,0,174.25,1,13.25,early25,False
B-G1.040-C2,15880,0,180.0,1,5.75,early25,False
B-G1.040-C2,15880,0,212.5,1,32.5,early25,False
B-G1.040-C2,15880,0,222.25,1,9.75,early25,False
B-G1.040-C2,15880,0,228.75,1,6.5,early25,False
B-G1.040-C2,15880,0,236.0,1,7.25,early25,False
B-G1.040-C2,15880,0,400.75,1,164.75,middle50,False
B-G1.040-C2,15880,0,409.5,1,8.75,middle50,False
B-G1.040-C2,15880,0,424.0,1,14.5,middle50,False
B-G1.040-C2,15880,0,426.75,1,2.75,middle50,False
B-G1.040-C2,15880,0,457.0,1,30.25,middle50,False
B-G1.040-C2,15880,0,463.75,1,6.75,middle50,False
B-G1.040-C2,15880,0,469.75,1,6.0,middle50,False
B-G1.040-C2,15880,0,474.5,1,4.75,middle50,False
B-G1.040-C2,15880,0,478.75,1,4.25,middle50,False
B-G1.040-C2,15880,0,486.25,1,7.5,middle50,False
B-G1.040-C2,15880,0,647.5,1,161.25,middle50,False
B-G1.040-C2,15880,0,662.0,1,14.5,middle50,False
B-G1.040-C2,15880,0,664.5,1,2.5,middle50,False
B-G1.040-C2,15880,0,703.0,1,38.5,middle50,False
B-G1.040-C2,15880,0,706.0,1,3.0,middle50,False
B-G1.040-C2,15880,0,712.25,1,6.25,middle50,False
B-G1.040-C2,15880,0,718.0,1,5.75,middle50,False
B-G1.040-C2,15880,0,727.75,1,9.75,middle50,False
B-G1.040-C2,15880,0,873.5,1,145.75,late25,False
B-G1.040-C2,15880,0,880.25,1,6.75,late25,False
B-G1.040-C2,15880,0,887.25,1,7.0,late25,False
B-G1.040-C2,15880,0,890.5,1,3.25,late25,False
B-G1.040-C2,15880,0,894.75,1,4.25,late25,False
B-G1.040-C2,15880,0,928.5,1,33.75,late25,False
B-G1.040-C2,15880,0,932.75,1,4.25,late25,False
B-G1.040-C2,15880,0,936.75,1,4.0,late25,False
B-G1.040-C2,15880,0,943.25,1,6.5,late25,False
B-G1.040-C2,15880,0,949.75,1,6.5,late25,False
B-G1.040-C2,15880,0,954.0,1,4.25,late25,False
B-G1.040-C2,15880,1,1091.0,1,137.0,early25,False
B-G1.040-C2,15880,1,1092.5,1,1.5,early25,False
B-G1.040-C2,15880,1,1095.0,1,2.5,early25,False
B-G1.040-C2,15880,1,1098.5,1,3.5,early25,False
B-G1.040-C2,15880,1,1103.25,1,4.75,early25,False
B-G1.040-C2,15880,1,1105.75,1,2.5,early25,False
B-G1.040-C2,15880,1,1111.25,1,5.5,early25,False
B-G1.040-C2,15880,1,1118.0,2,6.75,early25,False
B-G1.040-C2,15880,1,1123.5,1,5.5,early25,False
B-G1.040-C2,15880,1,1150.0,2,26.5,early25,False
B-G1.040-C2,15880,1,1154.25,1,4.25,early25,False
B-G1.040-C2,15880,1,1158.5,2,4.25,early25,False
B-G1.040-C2,15880,1,1163.75,2,5.25,early25,False
B-G1.040-C2,15880,1,1168.5,2,4.75,early25,False
B-G1.040-C2,15880,1,1173.5,2,5.0,early25,False
B-G1.040-C2,15880,1,1176.5,1,3.0,early25,False
B-G1.040-C2,15880,1,1181.0,2,4.5,early25,False
B-G1.040-C2,15880,1,1188.5,1,7.5,early25,False
B-G1.040-C2,15880,1,1222.0,2,33.5,middle50,False
B-G1.040-C2,15880,1,1228.75,1,6.75,middle50,False
B-G1.040-C2,15880,1,1235.75,1,7.0,middle50,False
B-G1.040-C2,15880,1,1239.5,1,3.75,middle50,False
B-G1.040-C2,15880,1,1272.5,1,33.0,middle50,False
B-G1.040-C2,15880,1,1276.25,2,3.75,middle50,False
B-G1.040-C2,15880,1,1279.75,21,3.5,middle50,False
B-G1.040-C2,15880,1,1282.75,18,3.0,middle50,False
B-G1.040-C2,15880,1,1284.25,1,1.5,middle50,False
B-G1.040-C2,15880,1,1289.0,1,4.75,middle50,False
B-G1.040-C2,15880,1,1293.5,1,4.5,middle50,False
B-G1.040-C2,15880,1,1294.75,1,1.25,middle50,False
B-G1.040-C2,15880,1,1298.75,1,4.0,middle50,False
B-G1.040-C2,15880,1,1300.5,1,1.75,middle50,False
B-G1.040-C2,15880,1,1302.75,1,2.25,middle50,False
B-G1.040-C2,15880,1,1436.0,1,133.25,middle50,False
B-G1.040-C2,15880,1,1440.0,1,4.0,middle50,False
B-G1.040-C2,15880,1,1443.5,1,3.5,middle50,False
B-G1.040-C2,15880,1,1446.5,1,3.0,middle50,False
B-G1.040-C2,15880,1,1449.75,1,3.25,middle50,False
B-G1.040-C2,15880,1,1453.75,1,4.0,middle50,False
B-G1.040-C2,15880,1,1457.0,1,3.25,middle50,False
B-G1.040-C2,15880,1,1460.0,1,3.0,middle50,False
B-G1.040-C2,15880,1,1493.0,1,33.0,middle50,False
B-G1.040-C2,15880,1,1498.75,1,5.75,late25,False
B-G1.040-C2,15880,1,1501.5,1,2.75,late25,False
B-G1.040-C2,15880,1,1507.25,1,5.75,late25,False
B-G1.040-C2,15880,1,1513.0,1,5.75,late25,False
B-G1.040-C2,15880,1,1514.25,1,1.25,late25,False
B-G1.040-C2,15880,1,1517.25,1,3.0,late25,False
B-G1.040-C2,15880,1,1519.0,1,1.75,late25,False
B-G1.040-C2,15880,1,1529.0,1,10.0,late25,False
B-G1.040-C2,15880,1,1632.75,1,103.75,late25,False
B-G1.040-C2,15880,2,1648.0,1,15.25,early25,False
B-G1.040-C2,15880,2,1650.5,2,2.5,early25,False
B-G1.040-C2,15880,2,1653.25,1,2.75,early25,False
B-G1.040-C2,15880,2,1658.0,2,4.75,early25,False
B-G1.040-C2,15880,2,1661.75,3,3.75,early25,False
B-G1.040-C2,15880,2,1666.0,2,4.25,early25,False
B-G1.040-C2,15880,2,1668.0,1,2.0,early25,False
B-G1.040-C2,15880,2,1670.25,1,2.25,early25,False
B-G1.040-C2,15880,2,1674.5,1,4.25,early25,False
B-G1.040-C2,15880,2,1676.25,1,1.75,early25,False
B-G1.040-C2,15880,2,1704.25,1,28.0,early25,False
B-G1.040-C2,15880,2,1710.25,5,6.0,early25,False
B-G1.040-C2,15880,2,1717.25,1,7.0,early25,False
B-G1.040-C2,15880,2,1723.25,3,6.0,early25,False
B-G1.040-C2,15880,2,1729.0,2,5.75,early25,False
B-G1.040-C2,15880,2,1735.25,3,6.25,early25,False
B-G1.040-C2,15880,2,1736.25,1,1.0,early25,False
B-G1.040-C2,15880,2,1745.0,7,8.75,early25,False
B-G1.040-C2,15880,2,1760.75,3,15.75,early25,False
B-G1.040-C2,15880,2,1766.75,2,6.0,early25,False
B-G1.040-C2,15880,2,1771.75,2,5.0,early25,False
B-G1.040-C2,15880,2,1777.75,3,6.0,early25,False
B-G1.040-C2,15880,2,1811.5,1,33.75,early25,False
B-G1.040-C2,15880,2,1816.5,3,5.0,early25,False
B-G1.040-C2,15880,2,1821.75,3,5.25,early25,False
B-G1.040-C2,15880,2,1823.75,2,2.0,early25,False
B-G1.040-C2,15880,2,1826.25,1,2.5,early25,False
B-G1.040-C2,15880,2,1836.0,3,9.75,early25,False
B-G1.040-C2,15880,2,1841.0,3,5.0,early25,False
B-G1.040-C2,15880,2,1853.5,6,12.5,early25,False
B-G1.040-C2,15880,2,1864.25,1,10.75,early25,False
B-G1.040-C2,15880,2,1868.25,2,4.0,early25,False
B-G1.040-C2,15880,2,1871.5,1,3.25,early25,False
B-G1.040-C2,15880,2,1876.25,2,4.75,early25,False
B-G1.040-C2,15880,2,1880.5,1,4.25,early25,False
B-G1.040-C2,15880,2,1883.25,1,2.75,early25,False
B-G1.040-C2,15880,2,1887.0,1,3.75,early25,False
B-G1.040-C2,15880,2,1890.25,17,3.25,early25,False
B-G1.040-C2,15880,2,1923.25,1,33.0,middle50,False
B-G1.040-C2,15880,2,1926.5,1,3.25,middle50,False
B-G1.040-C2,15880,2,1930.5,1,4.0,middle50,False
B-G1.040-C2,15880,2,1936.5,3,6.0,middle50,False
B-G1.040-C2,15880,2,1938.5,1,2.0,middle50,False
B-G1.040-C2,15880,2,1941.75,2,3.25,middle50,False
B-G1.040-C2,15880,2,1949.75,2,8.0,middle50,False
B-G1.040-C2,15880,2,2099.0,1,149.25,middle50,False
B-G1.040-C2,15880,2,2104.25,2,5.25,middle50,False
B-G1.040-C2,15880,2,2109.5,2,5.25,middle50,False
B-G1.040-C2,15880,2,2113.0,1,3.5,middle50,False
B-G1.040-C2,15880,2,2119.0,1,6.0,middle50,False
B-G1.040-C2,15880,2,2122.0,1,3.0,middle50,False
B-G1.040-C2,15880,2,2125.75,2,3.75,middle50,False
B-G1.040-C2,15880,2,2130.0,1,4.25,middle50,False
B-G1.040-C2,15880,2,2156.25,2,26.25,middle50,False
B-G1.040-C2,15880,2,2159.75,1,3.5,middle50,False
B-G1.040-C2,15880,2,2162.5,1,2.75,middle50,False
B-G1.040-C2,15880,2,2165.5,14,3.0,middle50,False
B-G1.040-C2,15880,2,2175.5,2,10.0,middle50,False
B-G1.040-C2,15880,2,2178.25,1,2.75,middle50,False
B-G1.040-C2,15880,2,2182.0,2,3.75,middle50,False
B-G1.040-C2,15880,2,2186.0,2,4.0,middle50,False
B-G1.040-C2,15880,2,2205.75,1,19.75,middle50,False
B-G1.040-C2,15880,2,2336.0,1,130.25,middle50,False
B-G1.040-C2,15880,2,2338.25,1,2.25,middle50,False
B-G1.040-C2,15880,2,2343.5,2,5.25,middle50,False
B-G1.040-C2,15880,2,2347.0,1,3.5,middle50,False
B-G1.040-C2,15880,2,2350.75,1,3.75,middle50,False
B-G1.040-C2,15880,2,2355.5,1,4.75,middle50,False
B-G1.040-C2,15880,2,2359.25,1,3.75,middle50,False
B-G1.040-C2,15880,2,2393.0,1,33.75,middle50,False
B-G1.040-C2,15880,2,2401.25,1,8.25,middle50,False
B-G1.040-C2,15880,2,2405.0,2,3.75,middle50,False
B-G1.040-C2,15880,2,2408.75,1,3.75,middle50,False
B-G1.040-C2,15880,2,2411.25,1,2.5,middle50,False
B-G1.040-C2,15880,2,2413.25,1,2.0,middle50,False
B-G1.040-C2,15880,2,2419.75,2,6.5,middle50,False
B-G1.040-C2,15880,2,2425.5,1,5.75,middle50,False
B-G1.040-C2,15880,2,2560.5,1,135.0,late25,False
B-G1.040-C2,15880,2,2565.0,2,4.5,late25,False
B-G1.040-C2,15880,2,2569.5,1,4.5,late25,False
B-G1.040-C2,15880,2,2570.5,1,1.0,late25,False
B-G1.040-C2,15880,2,2575.0,2,4.5,late25,False
B-G1.040-C2,15880,2,2582.75,1,7.75,late25,False
B-G1.040-C2,15880,2,2587.0,2,4.25,late25,False
B-G1.040-C2,15880,2,2610.5,1,23.5,late25,False
B-G1.040-C2,15880,2,2618.0,1,7.5,late25,False
B-G1.040-C2,15880,2,2621.25,1,3.25,late25,False
B-G1.040-C2,15880,2,2627.5,1,6.25,late25,False
B-G1.040-C2,15880,2,2631.5,2,4.0,late25,False
B-G1.040-C2,15880,2,2637.0,1,5.5,late25,False
B-G1.040-C2,15880,2,2639.75,1,2.75,late25,False
B-G1.040-C2,15880,2,2652.25,6,12.5,late25,False
B-G1.040-C2,15880,3,2766.25,2,114.0,early25,True
B-G1.040-C2,15880,3,2769.0,2,2.75,early25,True
B-G1.040-C2,15880,3,2771.75,2,2.75,early25,True
B-G1.040-C2,15880,3,2773.75,9,2.0,early25,True
B-G1.040-C2,15880,3,2776.75,1,3.0,early25,True
B-G1.040-C2,15880,3,2780.0,1,3.25,early25,True
B-G1.040-C2,15880,3,2783.75,2,3.75,early25,True
B-G1.040-C2,15880,3,2787.5,1,3.75,early25,True
B-G1.040-C2,15880,3,2792.25,2,4.75,early25,True
B-G1.040-C2,15880,3,2796.75,1,4.5,early25,True
B-G1.040-C2,15880,3,2822.5,2,25.75,early25,True
B-G1.040-C2,15880,3,2825.75,1,3.25,early25,True
B-G1.040-C2,15880,3,2828.5,1,2.75,early25,True
B-G1.040-C2,15880,3,2832.25,15,3.75,early25,True
B-G1.040-C2,15880,3,2836.75,2,4.5,early25,True
B-G1.040-C2,15880,3,2838.0,5,1.25,early25,True
B-G1.040-C2,15880,3,2839.25,5,1.25,early25,True
B-G1.040-C2,15880,3,2844.5,1,5.25,early25,True
B-G1.040-C2,15880,3,2846.75,2,2.25,early25,True
B-G1.040-C2,15880,3,2851.75,1,5.0,early25,True
B-G1.040-C2,15880,3,2859.25,4,7.5,early25,True
B-G1.040-C2,15880,3,2873.25,1,14.0,early25,True
B-G1.040-C2,15880,3,2876.75,1,3.5,early25,True
B-G1.040-C2,15880,3,2881.5,1,4.75,early25,True
B-G1.040-C2,15880,3,2886.0,1,4.5,early25,True
B-G1.040-C2,15880,3,2890.0,1,4.0,early25,True
B-G1.040-C2,15880,3,2894.0,1,4.0,early25,True
B-G1.040-C2,15880,3,2897.5,1,3.5,early25,True
B-G1.040-C2,15880,3,2902.25,9,4.75,early25,True
B-G1.040-C2,15880,3,2928.0,1,25.75,early25,True
B-G1.040-C2,15880,3,2940.25,1,12.25,early25,True
B-G1.040-C2,15880,3,2945.0,1,4.75,early25,True
B-G1.040-C2,15880,3,2947.0,1,2.0,early25,True
B-G1.040-C2,15880,3,2951.75,1,4.75,early25,True
B-G1.040-C2,15880,3,2954.75,1,3.0,early25,True
B-G1.040-C2,15880,3,2956.75,1,2.0,early25,True
B-G1.040-C2,15880,3,2965.0,1,8.25,middle50,True
B-G1.040-C2,15880,3,2983.0,1,18.0,middle50,True
B-G1.040-C2,15880,3,2990.5,2,7.5,middle50,True
B-G1.040-C2,15880,3,3000.0,2,9.5,middle50,True
B-G1.040-C2,15880,3,3038.25,1,38.25,middle50,True
B-G1.040-C2,15880,3,3043.5,1,5.25,middle50,True
B-G1.040-C2,15880,3,3048.75,1,5.25,middle50,True
B-G1.040-C2,15880,3,3054.0,2,5.25,middle50,True
B-G1.040-C2,15880,3,3059.25,1,5.25,middle50,True
B-G1.040-C2,15880,3,3064.5,1,5.25,middle50,True
B-G1.040-C2,15880,3,3082.75,1,18.25,middle50,True
B-G1.040-C2,15880,3,3085.25,1,2.5,middle50,True
B-G1.040-C2,15880,3,3090.75,1,5.5,middle50,True
B-G1.040-C2,15880,3,3097.5,1,6.75,middle50,True
B-G1.040-C2,15880,3,3102.75,1,5.25,middle50,True
B-G1.040-C2,15880,3,3105.5,5,2.75,middle50,True
B-G1.040-C2,15880,3,3141.0,1,35.5,middle50,True
B-G1.040-C2,15880,3,3150.0,1,9.0,middle50,True
B-G1.040-C2,15880,3,3157.0,1,7.0,middle50,True
B-G1.040-C2,15880,3,3162.5,1,5.5,middle50,True
B-G1.040-C2,15880,3,3197.0,1,34.5,middle50,True
B-G1.040-C2,15880,3,3204.75,1,7.75,middle50,True
B-G1.040-C2,15880,3,3213.25,1,8.5,middle50,True
B-G1.040-C2,15880,3,3254.5,1,41.25,middle50,True
B-G1.040-C2,15880,3,3259.5,1,5.0,middle50,True
B-G1.040-C2,15880,3,3268.5,1,9.0,middle50,True
B-G1.040-C2,15880,3,3273.5,1,5.0,middle50,True
B-G1.040-C2,15880,3,3280.5,1,7.0,middle50,True
B-G1.040-C2,15880,3,3302.25,1,21.75,middle50,True
B-G1.040-C2,15880,3,3314.0,1,11.75,middle50,True
B-G1.040-C2,15880,3,3320.0,1,6.0,middle50,True
B-G1.040-C2,15880,3,3326.0,1,6.0,middle50,True
B-G1.040-C2,15880,3,3362.25,1,36.25,middle50,True
B-G1.040-C2,15880,3,3368.0,1,5.75,middle50,True
B-G1.040-C2,15880,3,3373.0,1,5.0,middle50,True
B-G1.040-C2,15880,3,3380.75,1,7.75,middle50,True
B-G1.040-C2,15880,3,3390.5,1,9.75,late25,True
B-G1.040-C2,15880,3,3398.5,3,8.0,late25,True
B-G1.040-C2,15880,3,3417.75,1,19.25,late25,True
B-G1.040-C2,15880,3,3425.75,1,8.0,late25,True
B-G1.040-C2,15880,3,3468.75,1,43.0,late25,True
B-G1.040-C2,15880,3,3473.5,1,4.75,late25,True
B-G1.040-C2,15880,3,3478.25,1,4.75,late25,True
B-G1.040-C2,15880,3,3491.75,1,13.5,late25,True
B-G1.040-C2,15880,3,3519.5,1,27.75,late25,True
B-G1.040-C2,15880,3,3527.0,1,7.5,late25,True
B-G1.040-C2,15880,3,3534.5,1,7.5,late25,True
B-G1.040-C2,15880,3,3544.0,5,9.5,late25,True
B-G1.040-C2,15880,3,3577.0,1,33.0,late25,True
B-G1.040-C2,15880,3,3582.75,1,5.75,late25,True
B-G1.040-C2,15880,3,3592.25,1,9.5,late25,True
B-G1.040-C2,15880,3,3594.0,1,1.75,late25,True
B-G1.040-C2,15880,3,3600.0,1,6.0,late25,True
B-G1.040-C2,23799,0,0.25,3,,early25,False
B-G1.040-C2,23799,0,8.25,1,8.0,early25,False
B-G1.040-C2,23799,0,16.5,1,8.25,early25,False
B-G1.040-C2,23799,0,45.75,1,29.25,early25,False
B-G1.040-C2,23799,0,58.0,1,12.25,early25,False
B-G1.040-C2,23799,0,88.75,1,30.75,early25,False
B-G1.040-C2,23799,0,112.25,1,23.5,early25,False
B-G1.040-C2,23799,0,123.75,1,11.5,middle50,False
B-G1.040-C2,23799,0,164.5,1,40.75,middle50,False
B-G1.040-C2,23799,0,214.0,1,49.5,middle50,False
B-G1.040-C2,23799,0,223.75,1,9.75,middle50,False
B-G1.040-C2,23799,0,237.75,1,14.0,middle50,False
B-G1.040-C2,23799,0,240.75,1,3.0,middle50,False
B-G1.040-C2,23799,0,244.5,1,3.75,middle50,False
B-G1.040-C2,23799,0,288.25,1,43.75,middle50,False
B-G1.040-C2,23799,0,297.75,1,9.5,middle50,False
B-G1.040-C2,23799,0,304.75,1,7.0,middle50,False
B-G1.040-C2,23799,0,315.75,1,11.0,middle50,False
B-G1.040-C2,23799,0,341.5,2,25.75,middle50,False
B-G1.040-C2,23799,0,352.25,1,10.75,middle50,False
B-G1.040-C2,23799,0,359.0,14,6.75,middle50,False
B-G1.040-C2,23799,1,525.5,1,166.5,early25,False
B-G1.040-C2,23799,1,538.5,1,13.0,early25,False
B-G1.040-C2,23799,1,570.5,1,32.0,early25,False
B-G1.040-C2,23799,1,574.75,1,4.25,early25,False
B-G1.040-C2,23799,1,582.5,2,7.75,early25,False
B-G1.040-C2,23799,1,587.75,1,5.25,early25,False
B-G1.040-C2,23799,1,595.25,2,7.5,early25,False
B-G1.040-C2,23799,1,604.25,3,9.0,early25,False
B-G1.040-C2,23799,1,618.0,3,13.75,early25,False
B-G1.040-C2,23799,1,655.25,1,37.25,early25,False
B-G1.040-C2,23799,1,663.25,2,8.0,early25,False
B-G1.040-C2,23799,1,672.25,22,9.0,early25,False
B-G1.040-C2,23799,1,696.25,2,24.0,middle50,False
B-G1.040-C2,23799,1,702.25,2,6.0,middle50,False
B-G1.040-C2,23799,1,706.75,1,4.5,middle50,False
B-G1.040-C2,23799,1,712.75,2,6.0,middle50,False
B-G1.040-C2,23799,1,718.5,2,5.75,middle50,False
B-G1.040-C2,23799,1,721.5,1,3.0,middle50,False
B-G1.040-C2,23799,1,725.75,1,4.25,middle50,False
B-G1.040-C2,23799,1,735.5,18,9.75,middle50,False
B-G1.040-C2,23799,1,887.25,1,151.75,middle50,False
B-G1.040-C2,23799,1,943.25,1,56.0,middle50,False
B-G1.040-C2,23799,1,949.5,1,6.25,middle50,False
B-G1.040-C2,23799,1,950.5,1,1.0,middle50,False
B-G1.040-C2,23799,1,951.75,1,1.25,middle50,False
B-G1.040-C2,23799,1,956.75,1,5.0,middle50,False
B-G1.040-C2,23799,1,961.0,2,4.25,middle50,False
B-G1.040-C2,23799,1,965.25,1,4.25,middle50,False
B-G1.040-C2,23799,1,965.75,1,0.5,middle50,False
B-G1.040-C2,23799,1,970.0,1,4.25,middle50,False
B-G1.040-C2,23799,1,975.25,1,5.25,middle50,False
B-G1.040-C2,23799,1,975.75,1,0.5,middle50,False
B-G1.040-C2,23799,1,1108.0,1,132.25,late25,False
B-G1.040-C2,23799,1,1112.25,1,4.25,late25,False
B-G1.040-C2,23799,1,1115.5,1,3.25,late25,False
B-G1.040-C2,23799,1,1119.0,1,3.5,late25,False
B-G1.040-C2,23799,1,1121.5,1,2.5,late25,False
B-G1.040-C2,23799,1,1128.25,1,6.75,late25,False
B-G1.040-C2,23799,1,1132.25,1,4.0,late25,False
B-G1.040-C2,23799,1,1138.25,1,6.0,late25,False
B-G1.040-C2,23799,1,1165.75,2,27.5,late25,False
B-G1.040-C2,23799,1,1170.75,2,5.0,late25,False
B-G1.040-C2,23799,1,1173.75,1,3.0,late25,False
B-G1.040-C2,23799,1,1177.5,1,3.75,late25,False
B-G1.040-C2,23799,1,1182.0,13,4.5,late25,False
B-G1.040-C2,23799,1,1183.5,1,1.5,late25,False
B-G1.040-C2,23799,1,1195.5,1,12.0,late25,False
B-G1.040-C2,23799,2,1305.5,2,110.0,early25,False
B-G1.040-C2,23799,2,1319.25,3,13.75,early25,False
B-G1.040-C2,23799,2,1322.5,1,3.25,early25,False
B-G1.040-C2,23799,2,1325.5,1,3.0,early25,False
B-G1.040-C2,23799,2,1329.25,3,3.75,early25,False
B-G1.040-C2,23799,2,1332.5,2,3.25,early25,False
B-G1.040-C2,23799,2,1336.75,2,4.25,early25,False
B-G1.040-C2,23799,2,1341.75,3,5.0,early25,False
B-G1.040-C2,23799,2,1346.25,3,4.5,early25,False
B-G1.040-C2,23799,2,1372.25,2,26.0,early25,False
B-G1.040-C2,23799,2,1375.25,1,3.0,early25,False
B-G1.040-C2,23799,2,1378.5,11,3.25,early25,False
B-G1.040-C2,23799,2,1381.75,2,3.25,early25,False
B-G1.040-C2,23799,2,1384.5,1,2.75,early25,False
B-G1.040-C2,23799,2,1386.25,1,1.75,early25,False
B-G1.040-C2,23799,2,1387.75,2,1.5,early25,False
B-G1.040-C2,23799,2,1393.0,2,5.25,early25,False
B-G1.040-C2,23799,2,1399.25,2,6.25,early25,False
B-G1.040-C2,23799,2,1408.75,2,9.5,early25,False
B-G1.040-C2,23799,2,1425.25,2,16.5,early25,False
B-G1.040-C2,23799,2,1430.0,2,4.75,early25,False
B-G1.040-C2,23799,2,1434.25,1,4.25,early25,False
B-G1.040-C2,23799,2,1439.75,2,5.5,early25,False
B-G1.040-C2,23799,2,1445.25,2,5.5,early25,False
B-G1.040-C2,23799,2,1460.5,3,15.25,early25,False
B-G1.040-C2,23799,2,1481.0,2,20.5,early25,False
B-G1.040-C2,23799,2,1484.0,1,3.0,early25,False
B-G1.040-C2,23799,2,1487.75,21,3.75,early25,False
B-G1.040-C2,23799,2,1491.0,2,3.25,early25,False
B-G1.040-C2,23799,2,1493.0,1,2.0,early25,False
B-G1.040-C2,23799,2,1497.75,1,4.75,early25,False
B-G1.040-C2,23799,2,1500.5,1,2.75,early25,False
B-G1.040-C2,23799,2,1505.75,2,5.25,early25,False
B-G1.040-C2,23799,2,1510.5,3,4.75,early25,False
B-G1.040-C2,23799,2,1518.75,5,8.25,early25,False
B-G1.040-C2,23799,2,1657.25,1,138.5,early25,False
B-G1.040-C2,23799,2,1660.25,1,3.0,early25,False
B-G1.040-C2,23799,2,1663.5,2,3.25,early25,False
B-G1.040-C2,23799,2,1666.0,1,2.5,early25,False
B-G1.040-C2,23799,2,1669.5,2,3.5,early25,False
B-G1.040-C2,23799,2,1670.75,4,1.25,early25,False
B-G1.040-C2,23799,2,1674.25,1,3.5,early25,False
B-G1.040-C2,23799,2,1678.25,1,4.0,early25,False
B-G1.040-C2,23799,2,1682.25,2,4.0,early25,False
B-G1.040-C2,23799,2,1711.75,1,29.5,early25,False
B-G1.040-C2,23799,2,1714.25,1,2.5,middle50,False
B-G1.040-C2,23799,2,1717.5,2,3.25,middle50,False
B-G1.040-C2,23799,2,1721.0,1,3.5,middle50,False
B-G1.040-C2,23799,2,1722.5,1,1.5,middle50,False
B-G1.040-C2,23799,2,1725.0,1,2.5,middle50,False
B-G1.040-C2,23799,2,1726.5,1,1.5,middle50,False
B-G1.040-C2,23799,2,1730.5,3,4.0,middle50,False
B-G1.040-C2,23799,2,1739.5,2,9.0,middle50,False
B-G1.040-C2,23799,2,1748.5,1,9.0,middle50,False
B-G1.040-C2,23799,2,1890.0,2,141.5,middle50,False
B-G1.040-C2,23799,2,1898.0,1,8.0,middle50,False
B-G1.040-C2,23799,2,1900.25,1,2.25,middle50,False
B-G1.040-C2,23799,2,1903.25,1,3.0,middle50,False
B-G1.040-C2,23799,2,1905.75,1,2.5,middle50,False
B-G1.040-C2,23799,2,1909.5,1,3.75,middle50,False
B-G1.040-C2,23799,2,1912.5,1,3.0,middle50,False
B-G1.040-C2,23799,2,1914.5,1,2.0,middle50,False
B-G1.040-C2,23799,2,1917.5,1,3.0,middle50,False
B-G1.040-C2,23799,2,1920.0,10,2.5,middle50,False
B-G1.040-C2,23799,2,1945.75,2,25.75,middle50,False
B-G1.040-C2,23799,2,1948.75,1,3.0,middle50,False
B-G1.040-C2,23799,2,1952.0,1,3.25,middle50,False
B-G1.040-C2,23799,2,1952.75,1,0.75,middle50,False
B-G1.040-C2,23799,2,1956.0,1,3.25,middle50,False
B-G1.040-C2,23799,2,1957.75,1,1.75,middle50,False
B-G1.040-C2,23799,2,1966.5,2,8.75,middle50,False
B-G1.040-C2,23799,2,1971.0,1,4.5,middle50,False
B-G1.040-C2,23799,2,1974.5,1,3.5,middle50,False
B-G1.040-C2,23799,2,1984.5,4,10.0,middle50,False
B-G1.040-C2,23799,2,2112.5,1,128.0,middle50,False
B-G1.040-C2,23799,2,2118.25,1,5.75,middle50,False
B-G1.040-C2,23799,2,2122.25,1,4.0,middle50,False
B-G1.040-C2,23799,2,2128.0,1,5.75,middle50,False
B-G1.040-C2,23799,2,2131.0,1,3.0,middle50,False
B-G1.040-C2,23799,2,2160.25,1,29.25,middle50,False
B-G1.040-C2,23799,2,2167.75,1,7.5,middle50,False
B-G1.040-C2,23799,2,2174.0,1,6.25,middle50,False
B-G1.040-C2,23799,2,2176.0,1,2.0,middle50,False
B-G1.040-C2,23799,2,2179.5,1,3.5,middle50,False
B-G1.040-C2,23799,2,2182.25,1,2.75,middle50,False
B-G1.040-C2,23799,2,2186.5,1,4.25,middle50,False
B-G1.040-C2,23799,2,2190.75,2,4.25,middle50,False
B-G1.040-C2,23799,2,2323.5,1,132.75,middle50,False
B-G1.040-C2,23799,2,2330.5,1,7.0,middle50,False
B-G1.040-C2,23799,2,2335.5,1,5.0,middle50,False
B-G1.040-C2,23799,2,2340.5,1,5.0,middle50,False
B-G1.040-C2,23799,2,2347.25,1,6.75,middle50,False
B-G1.040-C2,23799,2,2352.0,1,4.75,middle50,False
B-G1.040-C2,23799,2,2379.75,1,27.75,middle50,False
B-G1.040-C2,23799,2,2384.0,1,4.25,middle50,False
B-G1.040-C2,23799,2,2388.5,1,4.5,middle50,False
B-G1.040-C2,23799,2,2394.75,1,6.25,middle50,False
B-G1.040-C2,23799,2,2399.25,1,4.5,middle50,False
B-G1.040-C2,23799,2,2402.0,1,2.75,middle50,False
B-G1.040-C2,23799,2,2410.5,1,8.5,middle50,False
B-G1.040-C2,23799,2,2538.75,1,128.25,late25,False
B-G1.040-C2,23799,2,2543.0,1,4.25,late25,False
B-G1.040-C2,23799,2,2547.75,1,4.75,late25,False
B-G1.040-C2,23799,2,2552.25,1,4.5,late25,False
B-G1.040-C2,23799,2,2557.0,1,4.75,late25,False
B-G1.040-C2,23799,2,2559.25,1,2.25,late25,False
B-G1.040-C2,23799,2,2564.5,1,5.25,late25,False
B-G1.040-C2,23799,2,2568.0,1,3.5,late25,False
B-G1.040-C2,23799,2,2593.25,1,25.25,late25,False
B-G1.040-C2,23799,2,2597.75,6,4.5,late25,False
B-G1.040-C2,23799,2,2601.75,1,4.0,late25,False
B-G1.040-C2,23799,2,2611.25,1,9.5,late25,False
B-G1.040-C2,23799,2,2614.25,1,3.0,late25,False
B-G1.040-C2,23799,2,2621.25,1,7.0,late25,False
B-G1.040-C2,23799,2,2632.25,1,11.0,late25,False
B-G1.040-C2,23799,2,2638.0,2,5.75,late25,False
B-G1.040-C2,23799,2,2756.5,1,118.5,late25,False
B-G1.040-C2,23799,2,2759.75,1,3.25,late25,False
B-G1.040-C2,23799,2,2763.0,2,3.25,late25,False
B-G1.040-C2,23799,2,2771.75,1,8.75,late25,False
B-G1.040-C2,23799,2,2774.5,1,2.75,late25,False
B-G1.040-C2,23799,2,2784.0,1,9.5,late25,False
B-G1.040-C2,23799,2,2810.5,1,26.5,late25,False
B-G1.040-C2,23799,2,2815.5,1,5.0,late25,False
B-G1.040-C2,23799,2,2820.0,6,4.5,late25,False
B-G1.040-C2,23799,2,2822.0,1,2.0,late25,False
B-G1.040-C2,23799,2,2824.0,1,2.0,late25,False
B-G1.040-C2,23799,2,2826.75,1,2.75,late25,False
B-G1.040-C2,23799,2,2832.5,2,5.75,late25,False
B-G1.040-C2,23799,2,2833.0,1,0.5,late25,False
B-G1.040-C2,23799,2,2837.75,1,4.75,late25,False
B-G1.040-C2,23799,2,2846.25,1,8.5,late25,False
B-G1.040-C2,23799,2,2851.75,1,5.5,late25,False
B-G1.040-C2,23799,2,2945.0,1,93.25,late25,False
B-G1.040-C2,23799,2,2950.25,1,5.25,late25,False
B-G1.040-C2,23799,3,2963.25,1,13.0,early25,True
B-G1.040-C2,23799,3,2965.25,1,2.0,early25,True
B-G1.040-C2,23799,3,2968.75,1,3.5,early25,True
B-G1.040-C2,23799,3,2971.5,1,2.75,early25,True
B-G1.040-C2,23799,3,2977.0,1,5.5,early25,True
B-G1.040-C2,23799,3,2980.5,1,3.5,early25,True
B-G1.040-C2,23799,3,2984.75,1,4.25,early25,True
B-G1.040-C2,23799,3,2988.75,1,4.0,early25,True
B-G1.040-C2,23799,3,2992.5,1,3.75,early25,True
B-G1.040-C2,23799,3,2995.5,1,3.0,early25,True
B-G1.040-C2,23799,3,3020.25,1,24.75,early25,True
B-G1.040-C2,23799,3,3023.75,10,3.5,early25,True
B-G1.040-C2,23799,3,3035.5,1,11.75,early25,True
B-G1.040-C2,23799,3,3039.75,1,4.25,early25,True
B-G1.040-C2,23799,3,3042.5,1,2.75,early25,True
B-G1.040-C2,23799,3,3044.25,1,1.75,early25,True
B-G1.040-C2,23799,3,3049.75,1,5.5,early25,True
B-G1.040-C2,23799,3,3067.5,1,17.75,early25,True
B-G1.040-C2,23799,3,3075.5,1,8.0,early25,True
B-G1.040-C2,23799,3,3079.5,1,4.0,early25,True
B-G1.040-C2,23799,3,3082.75,1,3.25,early25,True
B-G1.040-C2,23799,3,3085.75,1,3.0,early25,True
B-G1.040-C2,23799,3,3094.0,9,8.25,early25,True
B-G1.040-C2,23799,3,3127.5,1,33.5,middle50,True
B-G1.040-C2,23799,3,3134.25,1,6.75,middle50,True
B-G1.040-C2,23799,3,3137.25,1,3.0,middle50,True
B-G1.040-C2,23799,3,3150.5,1,13.25,middle50,True
B-G1.040-C2,23799,3,3160.0,1,9.5,middle50,True
B-G1.040-C2,23799,3,3186.75,1,26.75,middle50,True
B-G1.040-C2,23799,3,3193.5,1,6.75,middle50,True
B-G1.040-C2,23799,3,3199.25,1,5.75,middle50,True
B-G1.040-C2,23799,3,3215.0,1,15.75,middle50,True
B-G1.040-C2,23799,3,3238.5,1,23.5,middle50,True
B-G1.040-C2,23799,3,3241.5,1,3.0,middle50,True
B-G1.040-C2,23799,3,3246.5,6,5.0,middle50,True
B-G1.040-C2,23799,3,3252.5,1,6.0,middle50,True
B-G1.040-C2,23799,3,3260.0,1,7.5,middle50,True
B-G1.040-C2,23799,3,3283.5,1,23.5,middle50,True
B-G1.040-C2,23799,3,3294.75,1,11.25,middle50,True
B-G1.040-C2,23799,3,3301.0,1,6.25,middle50,True
B-G1.040-C2,23799,3,3307.0,1,6.0,middle50,True
B-G1.040-C2,23799,3,3311.5,1,4.5,middle50,True
B-G1.040-C2,23799,3,3352.0,1,40.5,middle50,True
B-G1.040-C2,23799,3,3357.0,1,5.0,middle50,True
B-G1.040-C2,23799,3,3365.5,1,8.5,middle50,True
B-G1.040-C2,23799,3,3370.75,1,5.25,middle50,True
B-G1.040-C2,23799,3,3381.5,4,10.75,middle50,True
B-G1.040-C2,23799,3,3390.75,2,9.25,middle50,True
B-G1.040-C2,23799,3,3395.75,1,5.0,middle50,True
B-G1.040-C2,23799,3,3409.5,1,13.75,middle50,True
B-G1.040-C2,23799,3,3417.75,1,8.25,middle50,True
B-G1.040-C2,23799,3,3426.0,1,8.25,middle50,True
B-G1.040-C2,23799,3,3454.25,1,28.25,late25,True
B-G1.040-C2,23799,3,3464.25,1,10.0,late25,True
B-G1.040-C2,23799,3,3469.25,1,5.0,late25,True
B-G1.040-C2,23799,3,3477.0,1,7.75,late25,True
B-G1.040-C2,23799,3,3496.5,1,19.5,late25,True
B-G1.040-C2,23799,3,3503.5,1,7.0,late25,True
B-G1.040-C2,23799,3,3509.75,1,6.25,late25,True
B-G1.040-C2,23799,3,3516.0,5,6.25,late25,True
B-G1.040-C2,23799,3,3522.25,1,6.25,late25,True
B-G1.040-C2,23799,3,3553.25,1,31.0,late25,True
B-G1.040-C2,23799,3,3560.25,1,7.0,late25,True
B-G1.040-C2,23799,3,3564.0,1,3.75,late25,True
B-G1.040-C2,23799,3,3580.25,1,16.25,late25,True
B-G1.040-C2,31718,0,0.25,3,,early25,False
B-G1.040-C2,31718,0,8.5,1,8.25,early25,False
B-G1.040-C2,31718,0,17.25,1,8.75,early25,False
B-G1.040-C2,31718,0,33.75,1,16.5,early25,False
B-G1.040-C2,31718,0,50.75,1,17.0,early25,False
B-G1.040-C2,31718,0,93.75,1,43.0,early25,False
B-G1.040-C2,31718,0,100.75,1,7.0,early25,False
B-G1.040-C2,31718,0,116.0,1,15.25,early25,False
B-G1.040-C2,31718,0,158.75,1,42.75,early25,False
B-G1.040-C2,31718,0,161.75,1,3.0,early25,False
B-G1.040-C2,31718,0,168.25,1,6.5,early25,False
B-G1.040-C2,31718,0,175.25,1,7.0,early25,False
B-G1.040-C2,31718,0,179.25,1,4.0,early25,False
B-G1.040-C2,31718,0,217.5,1,38.25,early25,False
B-G1.040-C2,31718,0,223.25,1,5.75,early25,False
B-G1.040-C2,31718,0,227.75,1,4.5,early25,False
B-G1.040-C2,31718,0,234.5,1,6.75,early25,False
B-G1.040-C2,31718,0,247.5,1,13.0,early25,False
B-G1.040-C2,31718,0,404.75,1,157.25,middle50,False
B-G1.040-C2,31718,0,410.0,1,5.25,middle50,False
B-G1.040-C2,31718,0,455.75,1,45.75,middle50,False
B-G1.040-C2,31718,0,460.75,1,5.0,middle50,False
B-G1.040-C2,31718,0,465.75,1,5.0,middle50,False
B-G1.040-C2,31718,0,470.0,1,4.25,middle50,False
B-G1.040-C2,31718,0,474.75,1,4.75,middle50,False
B-G1.040-C2,31718,0,478.5,1,3.75,middle50,False
B-G1.040-C2,31718,0,493.0,1,14.5,middle50,False
B-G1.040-C2,31718,0,649.0,1,156.0,middle50,False
B-G1.040-C2,31718,0,655.25,1,6.25,middle50,False
B-G1.040-C2,31718,0,657.5,1,2.25,middle50,False
B-G1.040-C2,31718,0,667.0,1,9.5,middle50,False
B-G1.040-C2,31718,0,699.5,1,32.5,middle50,False
B-G1.040-C2,31718,0,709.25,1,9.75,middle50,False
B-G1.040-C2,31718,0,715.25,1,6.0,middle50,False
B-G1.040-C2,31718,0,720.0,1,4.75,middle50,False
B-G1.040-C2,31718,0,870.0,1,150.0,late25,False
B-G1.040-C2,31718,0,887.25,1,17.25,late25,False
B-G1.040-C2,31718,0,894.5,1,7.25,late25,False
B-G1.040-C2,31718,0,926.5,1,32.0,late25,False
B-G1.040-C2,31718,0,930.5,1,4.0,late25,False
B-G1.040-C2,31718,0,934.25,1,3.75,late25,False
B-G1.040-C2,31718,0,938.5,1,4.25,late25,False
B-G1.040-C2,31718,0,943.75,1,5.25,late25,False
B-G1.040-C2,31718,0,948.25,1,4.5,late25,False
B-G1.040-C2,31718,0,953.0,1,4.75,late25,False
B-G1.040-C2,31718,0,963.25,1,10.25,late25,False
B-G1.040-C2,31718,1,1094.75,1,131.5,early25,False
B-G1.040-C2,31718,1,1098.5,1,3.75,early25,False
B-G1.040-C2,31718,1,1100.0,1,1.5,early25,False
B-G1.040-C2,31718,1,1104.0,2,4.0,early25,False
B-G1.040-C2,31718,1,1106.5,1,2.5,early25,False
B-G1.040-C2,31718,1,1111.25,2,4.75,early25,False
B-G1.040-C2,31718,1,1116.25,1,5.0,early25,False
B-G1.040-C2,31718,1,1121.5,2,5.25,early25,False
B-G1.040-C2,31718,1,1128.25,2,6.75,early25,False
B-G1.040-C2,31718,1,1152.0,2,23.75,early25,False
B-G1.040-C2,31718,1,1155.0,1,3.0,early25,False
B-G1.040-C2,31718,1,1159.25,1,4.25,early25,False
B-G1.040-C2,31718,1,1163.25,24,4.0,early25,False
B-G1.040-C2,31718,1,1164.25,1,1.0,early25,False
B-G1.040-C2,31718,1,1174.25,1,10.0,early25,False
B-G1.040-C2,31718,1,1180.25,1,6.0,early25,False
B-G1.040-C2,31718,1,1181.5,1,1.25,early25,False
B-G1.040-C2,31718,1,1333.25,1,151.75,middle50,False
B-G1.040-C2,31718,1,1338.5,1,5.25,middle50,False
B-G1.040-C2,31718,1,1343.25,2,4.75,middle50,False
B-G1.040-C2,31718,1,1348.25,1,5.0,middle50,False
B-G1.040-C2,31718,1,1354.75,2,6.5,middle50,False
B-G1.040-C2,31718,1,1360.25,1,5.5,middle50,False
B-G1.040-C2,31718,1,1383.25,1,23.0,middle50,False
B-G1.040-C2,31718,1,1387.25,1,4.0,middle50,False
B-G1.040-C2,31718,1,1390.75,18,3.5,middle50,False
B-G1.040-C2,31718,1,1400.0,1,9.25,middle50,False
B-G1.040-C2,31718,1,1402.0,1,2.0,middle50,False
B-G1.040-C2,31718,1,1405.5,1,3.5,middle50,False
B-G1.040-C2,31718,1,1407.5,1,2.0,middle50,False
B-G1.040-C2,31718,1,1410.5,1,3.0,middle50,False
B-G1.040-C2,31718,1,1413.0,1,2.5,middle50,False
B-G1.040-C2,31718,1,1422.5,4,9.5,middle50,False
B-G1.040-C2,31718,1,1549.0,1,126.5,middle50,False
B-G1.040-C2,31718,1,1551.75,1,2.75,middle50,False
B-G1.040-C2,31718,1,1554.75,1,3.0,middle50,False
B-G1.040-C2,31718,1,1557.75,1,3.0,middle50,False
B-G1.040-C2,31718,1,1561.25,1,3.5,middle50,False
B-G1.040-C2,31718,1,1564.25,1,3.0,middle50,False
B-G1.040-C2,31718,1,1568.75,1,4.5,middle50,False
B-G1.040-C2,31718,1,1572.25,2,3.5,middle50,False
B-G1.040-C2,31718,1,1578.25,1,6.0,late25,False
B-G1.040-C2,31718,1,1604.25,14,26.0,late25,False
B-G1.040-C2,31718,1,1609.25,1,5.0,late25,False
B-G1.040-C2,31718,1,1612.5,1,3.25,late25,False
B-G1.040-C2,31718,1,1619.75,1,7.25,late25,False
B-G1.040-C2,31718,1,1622.5,1,2.75,late25,False
B-G1.040-C2,31718,1,1624.75,1,2.25,late25,False
B-G1.040-C2,31718,1,1627.75,1,3.0,late25,False
B-G1.040-C2,31718,1,1631.0,1,3.25,late25,False
B-G1.040-C2,31718,1,1632.5,1,1.5,late25,False
B-G1.040-C2,31718,1,1634.5,1,2.0,late25,False
B-G1.040-C2,31718,1,1737.75,1,103.25,late25,False
B-G1.040-C2,31718,1,1740.25,1,2.5,late25,False
B-G1.040-C2,31718,1,1743.0,1,2.75,late25,False
B-G1.040-C2,31718,1,1744.5,1,1.5,late25,False
B-G1.040-C2,31718,2,1758.75,1,14.25,early25,False
B-G1.040-C2,31718,2,1761.25,2,2.5,early25,False
B-G1.040-C2,31718,2,1764.75,3,3.5,early25,False
B-G1.040-C2,31718,2,1768.0,2,3.25,early25,False
B-G1.040-C2,31718,2,1770.5,1,2.5,early25,False
B-G1.040-C2,31718,2,1773.25,2,2.75,early25,False
B-G1.040-C2,31718,2,1775.0,2,1.75,early25,False
B-G1.040-C2,31718,2,1777.75,1,2.75,early25,False
B-G1.040-C2,31718,2,1782.75,2,5.0,early25,False
B-G1.040-C2,31718,2,1787.5,2,4.75,early25,False
B-G1.040-C2,31718,2,1793.75,4,6.25,early25,False
B-G1.040-C2,31718,2,1815.5,2,21.75,early25,False
B-G1.040-C2,31718,2,1817.75,2,2.25,early25,False
B-G1.040-C2,31718,2,1819.5,1,1.75,early25,False
B-G1.040-C2,31718,2,1821.75,2,2.25,early25,False
B-G1.040-C2,31718,2,1823.5,2,1.75,early25,False
B-G1.040-C2,31718,2,1825.5,1,2.0,early25,False
B-G1.040-C2,31718,2,1828.75,1,3.25,early25,False
B-G1.040-C2,31718,2,1832.25,1,3.5,early25,False
B-G1.040-C2,31718,2,1837.25,2,5.0,early25,False
B-G1.040-C2,31718,2,1839.0,1,1.75,early25,False
B-G1.040-C2,31718,2,1845.0,2,6.0,early25,False
B-G1.040-C2,31718,2,1855.5,6,10.5,early25,False
B-G1.040-C2,31718,2,1866.25,1,10.75,early25,False
B-G1.040-C2,31718,2,1870.5,2,4.25,early25,False
B-G1.040-C2,31718,2,1874.75,1,4.25,early25,False
B-G1.040-C2,31718,2,1880.5,2,5.75,early25,False
B-G1.040-C2,31718,2,1886.5,2,6.0,early25,False
B-G1.040-C2,31718,2,1893.25,2,6.75,early25,False
B-G1.040-C2,31718,2,1899.75,2,6.5,early25,False
B-G1.040-C2,31718,2,1922.75,1,23.0,early25,False
B-G1.040-C2,31718,2,1927.0,19,4.25,early25,False
B-G1.040-C2,31718,2,1930.75,1,3.75,early25,False
B-G1.040-C2,31718,2,1934.5,2,3.75,early25,False
B-G1.040-C2,31718,2,1943.0,1,8.5,early25,False
B-G1.040-C2,31718,2,1946.75,2,3.75,early25,False
B-G1.040-C2,31718,2,2107.75,3,161.0,middle50,False
B-G1.040-C2,31718,2,2113.75,1,6.0,middle50,False
B-G1.040-C2,31718,2,2119.0,1,5.25,middle50,False
B-G1.040-C2,31718,2,2125.75,1,6.75,middle50,False
B-G1.040-C2,31718,2,2129.0,1,3.25,middle50,False
B-G1.040-C2,31718,2,2137.5,2,8.5,middle50,False
B-G1.040-C2,31718,2,2167.75,2,30.25,middle50,False
B-G1.040-C2,31718,2,2171.75,2,4.0,middle50,False
B-G1.040-C2,31718,2,2178.75,2,7.0,middle50,False
B-G1.040-C2,31718,2,2182.75,1,4.0,middle50,False
B-G1.040-C2,31718,2,2185.5,1,2.75,middle50,False
B-G1.040-C2,31718,2,2189.25,2,3.75,middle50,False
B-G1.040-C2,31718,2,2193.0,1,3.75,middle50,False
B-G1.040-C2,31718,2,2202.0,1,9.0,middle50,False
B-G1.040-C2,31718,2,2207.75,4,5.75,middle50,False
B-G1.040-C2,31718,2,2335.0,2,127.25,middle50,False
B-G1.040-C2,31718,2,2340.5,1,5.5,middle50,False
B-G1.040-C2,31718,2,2348.25,1,7.75,middle50,False
B-G1.040-C2,31718,2,2352.25,1,4.0,middle50,False
B-G1.040-C2,31718,2,2357.5,2,5.25,middle50,False
B-G1.040-C2,31718,2,2393.0,2,35.5,middle50,False
B-G1.040-C2,31718,2,2399.5,2,6.5,middle50,False
B-G1.040-C2,31718,2,2408.0,2,8.5,middle50,False
B-G1.040-C2,31718,2,2412.75,2,4.75,middle50,False
B-G1.040-C2,31718,2,2417.5,1,4.75,middle50,False
B-G1.040-C2,31718,2,2421.25,2,3.75,middle50,False
B-G1.040-C2,31718,2,2433.0,3,11.75,middle50,False
B-G1.040-C2,31718,2,2559.75,3,126.75,middle50,False
B-G1.040-C2,31718,2,2561.0,3,1.25,middle50,False
B-G1.040-C2,31718,2,2564.0,1,3.0,middle50,False
B-G1.040-C2,31718,2,2566.75,1,2.75,middle50,False
B-G1.040-C2,31718,2,2571.25,1,4.5,middle50,False
B-G1.040-C2,31718,2,2574.5,1,3.25,middle50,False
B-G1.040-C2,31718,2,2578.0,1,3.5,middle50,False
B-G1.040-C2,31718,2,2585.25,2,7.25,middle50,False
B-G1.040-C2,31718,2,2589.25,1,4.0,middle50,False
B-G1.040-C2,31718,2,2617.25,1,28.0,middle50,False
B-G1.040-C2,31718,2,2620.25,7,3.0,middle50,False
B-G1.040-C2,31718,2,2620.5,2,0.25,middle50,False
B-G1.040-C2,31718,2,2621.25,2,0.75,middle50,False
B-G1.040-C2,31718,2,2629.25,1,8.0,middle50,False
B-G1.040-C2,31718,2,2631.0,1,1.75,middle50,False
B-G1.040-C2,31718,2,2636.5,1,5.5,middle50,False
B-G1.040-C2,31718,2,2638.5,1,2.0,middle50,False
B-G1.040-C2,31718,2,2643.5,1,5.0,middle50,False
B-G1.040-C2,31718,2,2644.0,1,0.5,middle50,False
B-G1.040-C2,31718,2,2645.75,1,1.75,middle50,False
B-G1.040-C2,31718,2,2776.25,1,130.5,late25,False
B-G1.040-C2,31718,2,2778.5,1,2.25,late25,False
B-G1.040-C2,31718,2,2781.0,1,2.5,late25,False
B-G1.040-C2,31718,2,2788.25,1,7.25,late25,False
B-G1.040-C2,31718,2,2793.0,1,4.75,late25,False
B-G1.040-C2,31718,2,2797.75,1,4.75,late25,False
B-G1.040-C2,31718,2,2832.25,1,34.5,late25,False
B-G1.040-C2,31718,2,2834.75,1,2.5,late25,False
B-G1.040-C2,31718,2,2841.25,1,6.5,late25,False
B-G1.040-C2,31718,2,2848.25,1,7.0,late25,False
B-G1.040-C2,31718,2,2851.5,1,3.25,late25,False
B-G1.040-C2,31718,2,2853.75,1,2.25,late25,False
B-G1.040-C2,31718,2,2857.25,1,3.5,late25,False
B-G1.040-C2,31718,2,2864.75,1,7.5,late25,False
B-G1.040-C2,31718,3,2972.5,2,107.75,early25,True
B-G1.040-C2,31718,3,2982.0,1,9.5,early25,True
B-G1.040-C2,31718,3,2986.25,2,4.25,early25,True
B-G1.040-C2,31718,3,2992.0,2,5.75,early25,True
B-G1.040-C2,31718,3,2996.0,2,4.0,early25,True
B-G1.040-C2,31718,3,2999.25,2,3.25,early25,True
B-G1.040-C2,31718,3,3001.25,1,2.0,early25,True
B-G1.040-C2,31718,3,3010.0,1,8.75,early25,True
B-G1.040-C2,31718,3,3041.5,2,31.5,early25,True
B-G1.040-C2,31718,3,3047.5,2,6.0,early25,True
B-G1.040-C2,31718,3,3053.5,2,6.0,early25,True
B-G1.040-C2,31718,3,3061.75,2,8.25,early25,True
B-G1.040-C2,31718,3,3063.75,1,2.0,early25,True
B-G1.040-C2,31718,3,3064.75,1,1.0,early25,True
B-G1.040-C2,31718,3,3075.0,2,10.25,early25,True
B-G1.040-C2,31718,3,3099.5,1,24.5,early25,True
B-G1.040-C2,31718,3,3104.75,1,5.25,early25,True
B-G1.040-C2,31718,3,3110.75,1,6.0,early25,True
B-G1.040-C2,31718,3,3116.75,2,6.0,early25,True
B-G1.040-C2,31718,3,3121.75,1,5.0,early25,True
B-G1.040-C2,31718,3,3126.25,1,4.5,middle50,True
B-G1.040-C2,31718,3,3131.5,1,5.25,middle50,True
B-G1.040-C2,31718,3,3154.5,12,23.0,middle50,True
B-G1.040-C2,31718,3,3160.25,1,5.75,middle50,True
B-G1.040-C2,31718,3,3174.25,1,14.0,middle50,True
B-G1.040-C2,31718,3,3176.5,1,2.25,middle50,True
B-G1.040-C2,31718,3,3178.75,1,2.25,middle50,True
B-G1.040-C2,31718,3,3184.5,2,5.75,middle50,True
B-G1.040-C2,31718,3,3192.5,3,8.0,middle50,True
B-G1.040-C2,31718,3,3200.9999999999,1,8.499999999899956,middle50,True
B-G1.040-C2,31718,3,3202.9999999999,1,2.0,middle50,True
B-G1.040-C2,31718,3,3210.9999999999,1,8.0,middle50,True
B-G1.040-C2,31718,3,3217.2499999999,1,6.25,middle50,True
B-G1.040-C2,31718,3,3223.4999999999,1,6.25,middle50,True
B-G1.040-C2,31718,3,3230.2499999999,1,6.75,middle50,True
B-G1.040-C2,31718,3,3259.2499999999,1,29.0,middle50,True
B-G1.040-C2,31718,3,3263.2499999999,1,4.0,middle50,True
B-G1.040-C2,31718,3,3268.7499999999,1,5.5,middle50,True
B-G1.040-C2,31718,3,3274.2499999999,1,5.5,middle50,True
B-G1.040-C2,31718,3,3279.4999999999,1,5.25,middle50,True
B-G1.040-C2,31718,3,3284.9999999999,2,5.5,middle50,True
B-G1.040-C2,31718,3,3307.4999999999,1,22.5,middle50,True
B-G1.040-C2,31718,3,3313.4999999999,2,6.0,middle50,True
B-G1.040-C2,31718,3,3319.2499999999,1,5.75,middle50,True
B-G1.040-C2,31718,3,3330.4999999999,1,11.25,middle50,True
B-G1.040-C2,31718,3,3363.4999999999,1,33.0,middle50,True
B-G1.040-C2,31718,3,3369.4999999999,1,6.0,middle50,True
B-G1.040-C2,31718,3,3373.7499999999,1,4.25,middle50,True
B-G1.040-C2,31718,3,3382.7499999999,1,9.0,middle50,True
B-G1.040-C2,31718,3,3387.9999999999,1,5.25,middle50,True
B-G1.040-C2,31718,3,3391.4999999999,1,3.5,middle50,True
B-G1.040-C2,31718,3,3403.7499999999,2,12.25,middle50,True
B-G1.040-C2,31718,3,3414.9999999999,1,11.25,middle50,True
B-G1.040-C2,31718,3,3425.4999999999,1,10.5,middle50,True
B-G1.040-C2,31718,3,3430.9999999999,1,5.5,middle50,True
B-G1.040-C2,31718,3,3438.7499999999,1,7.75,middle50,True
B-G1.040-C2,31718,3,3469.9999999999,1,31.25,late25,True
B-G1.040-C2,31718,3,3474.7499999999,1,4.75,late25,True
B-G1.040-C2,31718,3,3478.2499999999,1,3.5,late25,True
B-G1.040-C2,31718,3,3482.4999999999,1,4.25,late25,True
B-G1.040-C2,31718,3,3487.7499999999,1,5.25,late25,True
B-G1.040-C2,31718,3,3490.4999999999,1,2.75,late25,True
B-G1.040-C2,31718,3,3498.2499999999,1,7.75,late25,True
B-G1.040-C2,31718,3,3519.2499999999,1,21.0,late25,True
B-G1.040-C2,31718,3,3522.4999999999,1,3.25,late25,True
B-G1.040-C2,31718,3,3528.2499999999,1,5.75,late25,True
B-G1.040-C2,31718,3,3537.9999999999,1,9.75,late25,True
B-G1.040-C2,31718,3,3544.2499999999,1,6.25,late25,True
B-G1.040-C2,31718,3,3574.2499999999,1,30.0,late25,True
B-G1.040-C2,31718,3,3579.2499999999,1,5.0,late25,True
B-G1.040-C2,31718,3,3586.9999999999,1,7.75,late25,True
B-G1.040-C2,31718,3,3591.9999999999,1,5.0,late25,True
B-G1.040-C2,39637,0,0.25,3,,early25,False
B-G1.040-C2,39637,0,9.5,1,9.25,early25,False
B-G1.040-C2,39637,0,18.0,1,8.5,early25,False
B-G1.040-C2,39637,0,29.0,1,11.0,early25,False
B-G1.040-C2,39637,0,33.75,1,4.75,early25,False
B-G1.040-C2,39637,0,50.4999999999,1,16.749999999899998,early25,False
B-G1.040-C2,39637,0,92.4999999999,1,42.0,early25,False
B-G1.040-C2,39637,0,102.4999999999,1,10.0,early25,False
B-G1.040-C2,39637,0,111.9999999999,1,9.5,early25,False
B-G1.040-C2,39637,0,156.4999999999,1,44.500000000000014,early25,False
B-G1.040-C2,39637,0,167.9999999999,1,11.5,early25,False
B-G1.040-C2,39637,0,171.9999999999,1,4.0,early25,False
B-G1.040-C2,39637,0,180.7499999999,1,8.75,early25,False
B-G1.040-C2,39637,0,215.9999999999,1,35.25,middle50,False
B-G1.040-C2,39637,0,222.7499999999,1,6.75,middle50,False
B-G1.040-C2,39637,0,225.2499999999,1,2.5,middle50,False
B-G1.040-C2,39637,0,230.7499999999,1,5.5,middle50,False
B-G1.040-C2,39637,0,234.9999999999,1,4.25,middle50,False
B-G1.040-C2,39637,0,238.2499999999,1,3.25,middle50,False
B-G1.040-C2,39637,0,245.4999999999,1,7.25,middle50,False
B-G1.040-C2,39637,0,398.7499999999,1,153.25,middle50,False
B-G1.040-C2,39637,0,410.4999999999,1,11.75,middle50,False
B-G1.040-C2,39637,0,415.4999999999,1,5.0,middle50,False
B-G1.040-C2,39637,0,454.7499999999,1,39.25,middle50,False
B-G1.040-C2,39637,0,457.2499999999,1,2.5,middle50,False
B-G1.040-C2,39637,0,463.4999999999,1,6.25,middle50,False
B-G1.040-C2,39637,0,467.7499999999,1,4.25,middle50,False
B-G1.040-C2,39637,0,473.4999999999,1,5.75,middle50,False
B-G1.040-C2,39637,0,477.9999999999,1,4.5,middle50,False
B-G1.040-C2,39637,0,482.4999999999,1,4.5,middle50,False
B-G1.040-C2,39637,0,490.7499999999,1,8.25,middle50,False
B-G1.040-C2,39637,0,637.2499999999,1,146.49999999999994,late25,False
B-G1.040-C2,39637,0,645.7499999999,1,8.5,late25,False
B-G1.040-C2,39637,0,650.9999999999,1,5.25,late25,False
B-G1.040-C2,39637,0,657.9999999999,1,7.0,late25,False
B-G1.040-C2,39637,0,666.2499999999,1,8.25,late25,False
B-G1.040-C2,39637,0,692.9999999999,1,26.75,late25,False
B-G1.040-C2,39637,0,696.4999999999,1,3.5,late25,False
B-G1.040-C2,39637,0,701.2499999999,1,4.75,late25,False
B-G1.040-C2,39637,0,706.7499999999,12,5.5,late25,False
B-G1.040-C2,39637,0,712.2499999999,1,5.5,late25,False
B-G1.040-C2,39637,0,713.4999999999,1,1.25,late25,False
B-G1.040-C2,39637,0,826.4999999999,1,113.0,late25,False
B-G1.040-C2,39637,1,853.7499999999,1,27.25,early25,False
B-G1.040-C2,39637,1,866.2499999999,1,12.5,early25,False
B-G1.040-C2,39637,1,869.7499999999,1,3.5,early25,False
B-G1.040-C2,39637,1,875.9999999999,2,6.25,early25,False
B-G1.040-C2,39637,1,882.9999999999,2,7.0,early25,False
B-G1.040-C2,39637,1,908.7499999999,1,25.75,early25,False
B-G1.040-C2,39637,1,915.9999999999,3,7.25,early25,False
B-G1.040-C2,39637,1,921.9999999999,2,6.0,early25,False
B-G1.040-C2,39637,1,925.4999999999,1,3.5,early25,False
B-G1.040-C2,39637,1,930.2499999999,2,4.75,early25,False
B-G1.040-C2,39637,1,935.4999999999,20,5.25,early25,False
B-G1.040-C2,39637,1,1085.4999999999,1,150.0,middle50,False
B-G1.040-C2,39637,1,1105.4999999999,1,20.0,middle50,False
B-G1.040-C2,39637,1,1110.2499999999,1,4.75,middle50,False
B-G1.040-C2,39637,1,1114.7499999999,2,4.5,middle50,False
B-G1.040-C2,39637,1,1140.4999999999,1,25.75,middle50,False
B-G1.040-C2,39637,1,1143.4999999999,1,3.0,middle50,False
B-G1.040-C2,39637,1,1147.9999999999,1,4.5,middle50,False
B-G1.040-C2,39637,1,1151.9999999999,2,4.0,middle50,False
B-G1.040-C2,39637,1,1155.2499999999,1,3.25,middle50,False
B-G1.040-C2,39637,1,1158.4999999999,2,3.25,middle50,False
B-G1.040-C2,39637,1,1161.7499999999,1,3.25,middle50,False
B-G1.040-C2,39637,1,1171.4999999999,2,9.75,middle50,False
B-G1.040-C2,39637,1,1312.2499999999,1,140.75,middle50,False
B-G1.040-C2,39637,1,1314.9999999999,2,2.75,middle50,False
B-G1.040-C2,39637,1,1317.4999999999,1,2.5,middle50,False
B-G1.040-C2,39637,1,1321.4999999999,1,4.0,middle50,False
B-G1.040-C2,39637,1,1324.2499999999,1,2.75,middle50,False
B-G1.040-C2,39637,1,1326.4999999999,1,2.25,middle50,False
B-G1.040-C2,39637,1,1328.9999999999,1,2.5,middle50,False
B-G1.040-C2,39637,1,1331.4999999999,1,2.5,middle50,False
B-G1.040-C2,39637,1,1335.2499999999,1,3.75,middle50,False
B-G1.040-C2,39637,1,1337.9999999999,1,2.75,middle50,False
B-G1.040-C2,39637,1,1368.2499999999,1,30.25,middle50,False
B-G1.040-C2,39637,1,1370.2499999999,1,2.0,middle50,False
B-G1.040-C2,39637,1,1372.4999999999,1,2.25,middle50,False
B-G1.040-C2,39637,1,1374.4999999999,1,2.0,middle50,False
B-G1.040-C2,39637,1,1379.2499999999,1,4.75,middle50,False
B-G1.040-C2,39637,1,1382.7499999999,1,3.5,middle50,False
B-G1.040-C2,39637,1,1387.2499999999,1,4.5,middle50,False
B-G1.040-C2,39637,1,1389.9999999999,1,2.75,middle50,False
B-G1.040-C2,39637,1,1392.4999999999,1,2.5,middle50,False
B-G1.040-C2,39637,1,1394.9999999999,1,2.5,middle50,False
B-G1.040-C2,39637,1,1397.4999999999,1,2.5,middle50,False
B-G1.040-C2,39637,1,1404.9999999999,1,7.5,middle50,False
B-G1.040-C2,39637,1,1541.7499999999,1,136.75,late25,False
B-G1.040-C2,39637,1,1547.4999999999,1,5.75,late25,False
B-G1.040-C2,39637,1,1550.9999999999,1,3.5,late25,False
B-G1.040-C2,39637,1,1553.4999999999,1,2.5,late25,False
B-G1.040-C2,39637,1,1559.2499999999,1,5.75,late25,False
B-G1.040-C2,39637,1,1561.7499999999,1,2.5,late25,False
B-G1.040-C2,39637,1,1566.9999999999,1,5.25,late25,False
B-G1.040-C2,39637,1,1598.2499999999,1,31.25,late25,False
B-G1.040-C2,39637,1,1600.9999999999,1,2.75,late25,False
B-G1.040-C2,39637,1,1603.7499999999,1,2.75,late25,False
B-G1.040-C2,39637,1,1606.2499999999,1,2.5,late25,False
B-G1.040-C2,39637,1,1611.4999999999,1,5.25,late25,False
B-G1.040-C2,39637,1,1613.2499999999,1,1.75,late25,False
B-G1.040-C2,39637,1,1614.9999999999,1,1.75,late25,False
B-G1.040-C2,39637,1,1618.4999999999,1,3.5,late25,False
B-G1.040-C2,39637,1,1621.7499999999,1,3.25,late25,False
B-G1.040-C2,39637,1,1623.4999999999,1,1.75,late25,False
B-G1.040-C2,39637,1,1625.4999999999,1,2.0,late25,False
B-G1.040-C2,39637,1,1637.4999999999,4,12.0,late25,False
B-G1.040-C2,39637,2,1755.2499999999,2,117.75,early25,False
B-G1.040-C2,39637,2,1757.7499999999,1,2.5,early25,False
B-G1.040-C2,39637,2,1758.9999999999,7,1.25,early25,False
B-G1.040-C2,39637,2,1760.4999999999,1,1.5,early25,False
B-G1.040-C2,39637,2,1761.9999999999,1,1.5,early25,False
B-G1.040-C2,39637,2,1765.7499999999,1,3.75,early25,False
B-G1.040-C2,39637,2,1769.4999999999,2,3.75,early25,False
B-G1.040-C2,39637,2,1772.2499999999,2,2.75,early25,False
B-G1.040-C2,39637,2,1776.7499999999,2,4.5,early25,False
B-G1.040-C2,39637,2,1781.7499999999,3,5.0,early25,False
B-G1.040-C2,39637,2,1785.4999999999,1,3.75,early25,False
B-G1.040-C2,39637,2,1812.75,3,27.250000000100044,early25,False
B-G1.040-C2,39637,2,1817.25,2,4.5,early25,False
B-G1.040-C2,39637,2,1822.0,3,4.75,early25,False
B-G1.040-C2,39637,2,1825.25,2,3.25,early25,False
B-G1.040-C2,39637,2,1829.25,24,4.0,early25,False
B-G1.040-C2,39637,2,1833.25,2,4.0,early25,False
B-G1.040-C2,39637,2,1835.0,1,1.75,early25,False
B-G1.040-C2,39637,2,1839.75,1,4.75,early25,False
B-G1.040-C2,39637,2,1841.25,2,1.5,early25,False
B-G1.040-C2,39637,2,1848.5,1,7.25,early25,False
B-G1.040-C2,39637,2,1855.0,6,6.5,early25,False
B-G1.040-C2,39637,2,1870.0,1,15.0,early25,False
B-G1.040-C2,39637,2,1874.25,4,4.25,early25,False
B-G1.040-C2,39637,2,1876.75,1,2.5,early25,False
B-G1.040-C2,39637,2,1882.0,2,5.25,early25,False
B-G1.040-C2,39637,2,1884.25,1,2.25,early25,False
B-G1.040-C2,39637,2,1887.0,1,2.75,early25,False
B-G1.040-C2,39637,2,1890.0,2,3.0,early25,False
B-G1.040-C2,39637,2,1893.75,1,3.75,early25,False
B-G1.040-C2,39637,2,1895.75,1,2.0,early25,False
B-G1.040-C2,39637,2,1921.25,1,25.5,early25,False
B-G1.040-C2,39637,2,1922.5,1,1.25,early25,False
B-G1.040-C2,39637,2,1923.75,1,1.25,early25,False
B-G1.040-C2,39637,2,1924.5,1,0.75,early25,False
B-G1.040-C2,39637,2,1928.75,1,4.25,early25,False
B-G1.040-C2,39637,2,1930.75,1,2.0,early25,False
B-G1.040-C2,39637,2,1932.0,1,1.25,early25,False
B-G1.040-C2,39637,2,1936.25,2,4.25,middle50,False
B-G1.040-C2,39637,2,1942.25,3,6.0,middle50,False
B-G1.040-C2,39637,2,1943.25,1,1.0,middle50,False
B-G1.040-C2,39637,2,1952.0,2,8.75,middle50,False
B-G1.040-C2,39637,2,2098.0,2,146.0,middle50,False
B-G1.040-C2,39637,2,2103.25,2,5.25,middle50,False
B-G1.040-C2,39637,2,2107.25,2,4.0,middle50,False
B-G1.040-C2,39637,2,2110.5,1,3.25,middle50,False
B-G1.040-C2,39637,2,2114.25,1,3.75,middle50,False
B-G1.040-C2,39637,2,2118.0,1,3.75,middle50,False
B-G1.040-C2,39637,2,2120.75,1,2.75,middle50,False
B-G1.040-C2,39637,2,2125.0,2,4.25,middle50,False
B-G1.040-C2,39637,2,2129.0,1,4.0,middle50,False
B-G1.040-C2,39637,2,2151.5,1,22.5,middle50,False
B-G1.040-C2,39637,2,2154.5,14,3.0,middle50,False
B-G1.040-C2,39637,2,2156.0,1,1.5,middle50,False
B-G1.040-C2,39637,2,2158.75,1,2.75,middle50,False
B-G1.040-C2,39637,2,2161.75,2,3.0,middle50,False
B-G1.040-C2,39637,2,2165.75,1,4.0,middle50,False
B-G1.040-C2,39637,2,2168.25,2,2.5,middle50,False
B-G1.040-C2,39637,2,2172.5,1,4.25,middle50,False
B-G1.040-C2,39637,2,2174.5,1,2.0,middle50,False
B-G1.040-C2,39637,2,2195.75,2,21.25,middle50,False
B-G1.040-C2,39637,2,2201.5,4,5.75,middle50,False
B-G1.040-C2,39637,2,2324.75,1,123.25,late25,False
B-G1.040-C2,39637,2,2329.5,1,4.75,late25,False
B-G1.040-C2,39637,2,2330.75,1,1.25,late25,False
B-G1.040-C2,39637,2,2333.25,1,2.5,late25,False
B-G1.040-C2,39637,2,2336.25,1,3.0,late25,False
B-G1.040-C2,39637,2,2338.0,1,1.75,late25,False
B-G1.040-C2,39637,2,2339.5,1,1.5,late25,False
B-G1.040-C2,39637,2,2343.5,1,4.0,late25,False
B-G1.040-C2,39637,2,2347.0,1,3.5,late25,False
B-G1.040-C2,39637,2,2351.5,1,4.5,late25,False
B-G1.040-C2,39637,2,2378.5,1,27.0,late25,False
B-G1.040-C2,39637,2,2383.0,2,4.5,late25,False
B-G1.040-C2,39637,2,2387.5,1,4.5,late25,False
B-G1.040-C2,39637,2,2391.25,1,3.75,late25,False
B-G1.040-C2,39637,2,2393.75,1,2.5,late25,False
B-G1.040-C2,39637,2,2397.5,1,3.75,late25,False
B-G1.040-C2,39637,2,2399.25,1,1.75,late25,False
B-G1.040-C2,39637,2,2404.25,1,5.0,late25,False
B-G1.040-C2,39637,2,2407.5,1,3.25,late25,False
B-G1.040-C2,39637,2,2415.5,1,8.0,late25,False
B-G1.040-C2,39637,2,2421.0,3,5.5,late25,False
B-G1.040-C2,39637,3,2538.0,2,117.0,early25,True
B-G1.040-C2,39637,3,2541.75,1,3.75,early25,True
B-G1.040-C2,39637,3,2544.5,2,2.75,early25,True
B-G1.040-C2,39637,3,2546.25,1,1.75,early25,True
B-G1.040-C2,39637,3,2548.0,1,1.75,early25,True
B-G1.040-C2,39637,3,2550.0,1,2.0,early25,True
B-G1.040-C2,39637,3,2552.5,2,2.5,early25,True
B-G1.040-C2,39637,3,2555.75,1,3.25,early25,True
B-G1.040-C2,39637,3,2558.5,1,2.75,early25,True
B-G1.040-C2,39637,3,2561.5,2,3.0,early25,True
B-G1.040-C2,39637,3,2565.5,2,4.0,early25,True
B-G1.040-C2,39637,3,2567.0,1,1.5,early25,True
B-G1.040-C2,39637,3,2593.75,3,26.75,early25,True
B-G1.040-C2,39637,3,2595.25,1,1.5,early25,True
B-G1.040-C2,39637,3,2598.25,1,3.0,early25,True
B-G1.040-C2,39637,3,2600.75,2,2.5,early25,True
B-G1.040-C2,39637,3,2604.0,1,3.25,early25,True
B-G1.040-C2,39637,3,2605.5,1,1.5,early25,True
B-G1.040-C2,39637,3,2611.75,2,6.25,early25,True
B-G1.040-C2,39637,3,2624.25,2,12.5,early25,True
B-G1.040-C2,39637,3,2630.0,1,5.75,early25,True
B-G1.040-C2,39637,3,2642.75,1,12.75,early25,True
B-G1.040-C2,39637,3,2651.5,2,8.75,early25,True
B-G1.040-C2,39637,3,2655.75,1,4.25,early25,True
B-G1.040-C2,39637,3,2666.5,2,10.75,early25,True
B-G1.040-C2,39637,3,2671.25,1,4.75,early25,True
B-G1.040-C2,39637,3,2703.0,2,31.75,early25,True
B-G1.040-C2,39637,3,2709.0,2,6.0,early25,True
B-G1.040-C2,39637,3,2715.0,2,6.0,early25,True
B-G1.040-C2,39637,3,2721.0,3,6.0,early25,True
B-G1.040-C2,39637,3,2727.0,2,6.0,early25,True
B-G1.040-C2,39637,3,2737.25,2,10.25,early25,True
B-G1.040-C2,39637,3,2768.5,1,31.25,early25,True
B-G1.040-C2,39637,3,2780.0,3,11.5,early25,True
B-G1.040-C2,39637,3,2818.75,2,38.75,middle50,True
B-G1.040-C2,39637,3,2823.5,2,4.75,middle50,True
B-G1.040-C2,39637,3,2829.25,2,5.75,middle50,True
B-G1.040-C2,39637,3,2837.75,2,8.5,middle50,True
B-G1.040-C2,39637,3,2851.25,2,13.5,middle50,True
B-G1.040-C2,39637,3,2869.0,2,17.75,middle50,True
B-G1.040-C2,39637,3,2880.0,1,11.0,middle50,True
B-G1.040-C2,39637,3,2920.25,1,40.25,middle50,True
B-G1.040-C2,39637,3,2928.75,2,8.5,middle50,True
B-G1.040-C2,39637,3,2931.75,1,3.0,middle50,True
B-G1.040-C2,39637,3,2948.0,1,16.25,middle50,True
B-G1.040-C2,39637,3,2980.5,2,32.5,middle50,True
B-G1.040-C2,39637,3,2987.25,2,6.75,middle50,True
B-G1.040-C2,39637,3,2994.0,1,6.75,middle50,True
B-G1.040-C2,39637,3,3005.25,2,11.25,middle50,True
B-G1.040-C2,39637,3,3035.25,1,30.0,middle50,True
B-G1.040-C2,39637,3,3040.75,2,5.5,middle50,True
B-G1.040-C2,39637,3,3043.5,1,2.75,middle50,True
B-G1.040-C2,39637,3,3049.0,1,5.5,middle50,True
B-G1.040-C2,39637,3,3054.5,2,5.5,middle50,True
B-G1.040-C2,39637,3,3060.0,1,5.5,middle50,True
B-G1.040-C2,39637,3,3069.25,1,9.25,middle50,True
B-G1.040-C2,39637,3,3083.25,1,14.0,middle50,True
B-G1.040-C2,39637,3,3090.75,1,7.5,middle50,True
B-G1.040-C2,39637,3,3094.5,1,3.75,middle50,True
B-G1.040-C2,39637,3,3098.0,1,3.5,middle50,True
B-G1.040-C2,39637,3,3101.5,1,3.5,middle50,True
B-G1.040-C2,39637,3,3109.0,9,7.5,middle50,True
B-G1.040-C2,39637,3,3138.5,1,29.5,middle50,True
B-G1.040-C2,39637,3,3145.5,1,7.0,middle50,True
B-G1.040-C2,39637,3,3149.5,1,4.0,middle50,True
B-G1.040-C2,39637,3,3158.5,2,9.0,middle50,True
B-G1.040-C2,39637,3,3163.25,1,4.75,middle50,True
B-G1.040-C2,39637,3,3175.5,1,12.25,middle50,True
B-G1.040-C2,39637,3,3183.75,5,8.25,middle50,True
B-G1.040-C2,39637,3,3199.5,1,15.75,middle50,True
B-G1.040-C2,39637,3,3205.75,2,6.25,middle50,True
B-G1.040-C2,39637,3,3212.75,1,7.0,middle50,True
B-G1.040-C2,39637,3,3219.75,1,7.0,middle50,True
B-G1.040-C2,39637,3,3251.0,1,31.25,middle50,True
B-G1.040-C2,39637,3,3259.75,1,8.75,middle50,True
B-G1.040-C2,39637,3,3266.5,1,6.75,middle50,True
B-G1.040-C2,39637,3,3269.25,1,2.75,middle50,True
B-G1.040-C2,39637,3,3276.5,1,7.25,middle50,True
B-G1.040-C2,39637,3,3280.0,1,3.5,middle50,True
B-G1.040-C2,39637,3,3288.0,1,8.0,middle50,True
B-G1.040-C2,39637,3,3296.5,1,8.5,middle50,True
B-G1.040-C2,39637,3,3302.5,1,6.0,middle50,True
B-G1.040-C2,39637,3,3308.5,1,6.0,middle50,True
B-G1.040-C2,39637,3,3318.0,1,9.5,middle50,True
B-G1.040-C2,39637,3,3324.0,1,6.0,middle50,True
B-G1.040-C2,39637,3,3360.75,1,36.75,late25,True
B-G1.040-C2,39637,3,3365.75,1,5.0,late25,True
B-G1.040-C2,39637,3,3370.75,1,5.0,late25,True
B-G1.040-C2,39637,3,3374.0,1,3.25,late25,True
B-G1.040-C2,39637,3,3379.75,1,5.75,late25,True
B-G1.040-C2,39637,3,3395.75,4,16.0,late25,True
B-G1.040-C2,39637,3,3409.25,1,13.5,late25,True
B-G1.040-C2,39637,3,3414.25,1,5.0,late25,True
B-G1.040-C2,39637,3,3426.0,1,11.75,late25,True
B-G1.040-C2,39637,3,3464.5,1,38.5,late25,True
B-G1.040-C2,39637,3,3472.75,1,8.25,late25,True
B-G1.040-C2,39637,3,3478.25,1,5.5,late25,True
B-G1.040-C2,39637,3,3485.0,1,6.75,late25,True
B-G1.040-C2,39637,3,3498.25,1,13.25,late25,True
B-G1.040-C2,39637,3,3522.5,1,24.25,late25,True
B-G1.040-C2,39637,3,3525.0,1,2.5,late25,True
B-G1.040-C2,39637,3,3538.5,1,13.5,late25,True
B-G1.040-C2,39637,3,3568.5,1,30.0,late25,True
B-G1.040-C2,39637,3,3572.25,1,3.75,late25,True
B-G1.040-C2,39637,3,3576.25,1,4.0,late25,True
B-G1.040-C2,39637,3,3594.25,1,18.0,late25,True
B-G1.040-C2,47556,0,0.25,3,,early25,False
B-G1.040-C2,47556,0,9.5,1,9.25,early25,False
B-G1.040-C2,47556,0,24.0,1,14.5,early25,False
B-G1.040-C2,47556,0,33.0,1,9.0,early25,False
B-G1.040-C2,47556,0,38.5,1,5.5,early25,False
B-G1.040-C2,47556,0,45.0,1,6.5,early25,False
B-G1.040-C2,47556,0,87.25,1,42.25,early25,False
B-G1.040-C2,47556,0,92.5,1,5.25,early25,False
B-G1.040-C2,47556,0,98.0,1,5.5,early25,False
B-G1.040-C2,47556,0,102.25,1,4.25,early25,False
B-G1.040-C2,47556,0,105.75,1,3.5,early25,False
B-G1.040-C2,47556,0,111.75,1,6.0,early25,False
B-G1.040-C2,47556,0,155.5,1,43.75,early25,False
B-G1.040-C2,47556,0,161.5,1,6.0,early25,False
B-G1.040-C2,47556,0,164.5,1,3.0,early25,False
B-G1.040-C2,47556,0,174.0,1,9.5,early25,False
B-G1.040-C2,47556,0,208.25,1,34.25,middle50,False
B-G1.040-C2,47556,0,212.25,1,4.0,middle50,False
B-G1.040-C2,47556,0,216.25,1,4.0,middle50,False
B-G1.040-C2,47556,0,221.25,1,5.0,middle50,False
B-G1.040-C2,47556,0,226.5,1,5.25,middle50,False
B-G1.040-C2,47556,0,228.75,1,2.25,middle50,False
B-G1.040-C2,47556,0,231.5,1,2.75,middle50,False
B-G1.040-C2,47556,0,237.0,1,5.5,middle50,False
B-G1.040-C2,47556,0,399.0,1,162.0,middle50,False
B-G1.040-C2,47556,0,403.0,1,4.0,middle50,False
B-G1.040-C2,47556,0,415.75,1,12.75,middle50,False
B-G1.040-C2,47556,0,418.5,1,2.75,middle50,False
B-G1.040-C2,47556,0,450.75,1,32.25,middle50,False
B-G1.040-C2,47556,0,454.5,1,3.75,middle50,False
B-G1.040-C2,47556,0,460.25,1,5.75,middle50,False
B-G1.040-C2,47556,0,466.5,1,6.25,middle50,False
B-G1.040-C2,47556,0,468.5,1,2.0,middle50,False
B-G1.040-C2,47556,0,475.25,1,6.75,middle50,False
B-G1.040-C2,47556,0,625.75,1,150.5,late25,False
B-G1.040-C2,47556,0,632.25,1,6.5,late25,False
B-G1.040-C2,47556,0,638.0,1,5.75,late25,False
B-G1.040-C2,47556,0,649.75,1,11.75,late25,False
B-G1.040-C2,47556,0,658.0,2,8.25,late25,False
B-G1.040-C2,47556,0,686.25,1,28.25,late25,False
B-G1.040-C2,47556,0,694.25,1,8.0,late25,False
B-G1.040-C2,47556,0,699.5,12,5.25,late25,False
B-G1.040-C2,47556,0,704.5,1,5.0,late25,False
B-G1.040-C2,47556,0,711.0,1,6.5,late25,False
B-G1.040-C2,47556,0,715.75,1,4.75,late25,False
B-G1.040-C2,47556,0,723.0,3,7.25,late25,False
B-G1.040-C2,47556,0,818.75,1,95.75,late25,False
B-G1.040-C2,47556,0,820.5,2,1.75,late25,False
B-G1.040-C2,47556,0,824.5,1,4.0,late25,False
B-G1.040-C2,47556,0,827.0,2,2.5,late25,False
B-G1.040-C2,47556,1,848.75,1,21.75,early25,False
B-G1.040-C2,47556,1,854.5,1,5.75,early25,False
B-G1.040-C2,47556,1,856.5,1,2.0,early25,False
B-G1.040-C2,47556,1,861.25,1,4.75,early25,False
B-G1.040-C2,47556,1,866.25,2,5.0,early25,False
B-G1.040-C2,47556,1,871.5,1,5.25,early25,False
B-G1.040-C2,47556,1,878.25,2,6.75,early25,False
B-G1.040-C2,47556,1,903.75,2,25.5,early25,False
B-G1.040-C2,47556,1,906.75,1,3.0,early25,False
B-G1.040-C2,47556,1,911.0,1,4.25,early25,False
B-G1.040-C2,47556,1,914.75,21,3.75,early25,False
B-G1.040-C2,47556,1,924.5,1,9.75,early25,False
B-G1.040-C2,47556,1,925.5,1,1.0,early25,False
B-G1.040-C2,47556,1,928.75,2,3.25,early25,False
B-G1.040-C2,47556,1,930.75,1,2.0,early25,False
B-G1.040-C2,47556,1,931.75,4,1.0,early25,False
B-G1.040-C2,47556,1,1071.75,1,140.0,middle50,False
B-G1.040-C2,47556,1,1075.0,1,3.25,middle50,False
B-G1.040-C2,47556,1,1078.25,2,3.25,middle50,False
B-G1.040-C2,47556,1,1082.5,1,4.25,middle50,False
B-G1.040-C2,47556,1,1085.5,2,3.0,middle50,False
B-G1.040-C2,47556,1,1090.75,2,5.25,middle50,False
B-G1.040-C2,47556,1,1094.75,1,4.0,middle50,False
B-G1.040-C2,47556,1,1098.5,1,3.75,middle50,False
B-G1.040-C2,47556,1,1101.5,1,3.0,middle50,False
B-G1.040-C2,47556,1,1127.5,1,26.0,middle50,False
B-G1.040-C2,47556,1,1130.25,1,2.75,middle50,False
B-G1.040-C2,47556,1,1134.0,2,3.75,middle50,False
B-G1.040-C2,47556,1,1137.25,1,3.25,middle50,False
B-G1.040-C2,47556,1,1139.25,1,2.0,middle50,False
B-G1.040-C2,47556,1,1142.25,1,3.0,middle50,False
B-G1.040-C2,47556,1,1145.0,14,2.75,middle50,False
B-G1.040-C2,47556,1,1146.75,1,1.75,middle50,False
B-G1.040-C2,47556,1,1155.25,1,8.5,middle50,False
B-G1.040-C2,47556,1,1158.25,1,3.0,middle50,False
B-G1.040-C2,47556,2,1292.0,1,133.75,early25,False
B-G1.040-C2,47556,2,1294.25,2,2.25,early25,False
B-G1.040-C2,47556,2,1296.0,1,1.75,early25,False
B-G1.040-C2,47556,2,1298.25,2,2.25,early25,False
B-G1.040-C2,47556,2,1300.0,1,1.75,early25,False
B-G1.040-C2,47556,2,1304.0,3,4.0,early25,False
B-G1.040-C2,47556,2,1307.0,2,3.0,early25,False
B-G1.040-C2,47556,2,1310.5,2,3.5,early25,False
B-G1.040-C2,47556,2,1315.25,2,4.75,early25,False
B-G1.040-C2,47556,2,1319.0,2,3.75,early25,False
B-G1.040-C2,47556,2,1323.25,2,4.25,early25,False
B-G1.040-C2,47556,2,1349.75,2,26.5,early25,False
B-G1.040-C2,47556,2,1353.25,2,3.5,early25,False
B-G1.040-C2,47556,2,1355.75,2,2.5,early25,False
B-G1.040-C2,47556,2,1359.25,1,3.5,early25,False
B-G1.040-C2,47556,2,1362.25,24,3.0,early25,False
B-G1.040-C2,47556,2,1364.25,1,2.0,early25,False
B-G1.040-C2,47556,2,1377.0,3,12.75,early25,False
B-G1.040-C2,47556,2,1380.25,2,3.25,early25,False
B-G1.040-C2,47556,2,1387.75,6,7.5,early25,False
B-G1.040-C2,47556,2,1399.5,5,11.75,early25,False
B-G1.040-C2,47556,2,1402.0,1,2.5,early25,False
B-G1.040-C2,47556,2,1404.25,2,2.25,early25,False
B-G1.040-C2,47556,2,1405.75,4,1.5,early25,False
B-G1.040-C2,47556,2,1417.5,4,11.75,early25,False
B-G1.040-C2,47556,2,1423.25,2,5.75,early25,False
B-G1.040-C2,47556,2,1457.5,1,34.25,early25,False
B-G1.040-C2,47556,2,1462.0,3,4.5,early25,False
B-G1.040-C2,47556,2,1465.5,1,3.5,early25,False
B-G1.040-C2,47556,2,1469.75,3,4.25,early25,False
B-G1.040-C2,47556,2,1474.25,2,4.5,early25,False
B-G1.040-C2,47556,2,1477.5,1,3.25,early25,False
B-G1.040-C2,47556,2,1482.0,2,4.5,early25,False
B-G1.040-C2,47556,2,1484.75,2,2.75,early25,False
B-G1.040-C2,47556,2,1642.5,2,157.75,middle50,False
B-G1.040-C2,47556,2,1646.0,1,3.5,middle50,False
B-G1.040-C2,47556,2,1649.5,2,3.5,middle50,False
B-G1.040-C2,47556,2,1652.0,1,2.5,middle50,False
B-G1.040-C2,47556,2,1656.0,1,4.0,middle50,False
B-G1.040-C2,47556,2,1659.75,1,3.75,middle50,False
B-G1.040-C2,47556,2,1662.75,1,3.0,middle50,False
B-G1.040-C2,47556,2,1667.0,1,4.25,middle50,False
B-G1.040-C2,47556,2,1672.0,2,5.0,middle50,False
B-G1.040-C2,47556,2,1698.75,2,26.75,middle50,False
B-G1.040-C2,47556,2,1703.75,1,5.0,middle50,False
B-G1.040-C2,47556,2,1707.25,12,3.5,middle50,False
B-G1.040-C2,47556,2,1713.75,1,6.5,middle50,False
B-G1.040-C2,47556,2,1719.5,2,5.75,middle50,False
B-G1.040-C2,47556,2,1724.75,1,5.25,middle50,False
B-G1.040-C2,47556,2,1727.5,1,2.75,middle50,False
B-G1.040-C2,47556,2,1873.5,1,146.0,middle50,False
B-G1.040-C2,47556,2,1876.75,1,3.25,middle50,False
B-G1.040-C2,47556,2,1879.0,1,2.25,middle50,False
B-G1.040-C2,47556,2,1881.0,1,2.0,middle50,False
B-G1.040-C2,47556,2,1888.25,1,7.25,middle50,False
B-G1.040-C2,47556,2,1891.25,2,3.0,middle50,False
B-G1.040-C2,47556,2,1896.25,1,5.0,middle50,False
B-G1.040-C2,47556,2,1899.75,1,3.5,middle50,False
B-G1.040-C2,47556,2,1903.25,1,3.5,middle50,False
B-G1.040-C2,47556,2,1930.0,1,26.75,middle50,False
B-G1.040-C2,47556,2,1934.0,2,4.0,middle50,False
B-G1.040-C2,47556,2,1937.25,1,3.25,middle50,False
B-G1.040-C2,47556,2,1944.5,2,7.25,middle50,False
B-G1.040-C2,47556,2,1950.0,1,5.5,middle50,False
B-G1.040-C2,47556,2,1952.5,1,2.5,middle50,False
B-G1.040-C2,47556,2,1955.75,1,3.25,middle50,False
B-G1.040-C2,47556,2,1960.25,1,4.5,middle50,False
B-G1.040-C2,47556,2,1969.75,2,9.5,middle50,False
B-G1.040-C2,47556,2,1975.75,4,6.0,middle50,False
B-G1.040-C2,47556,2,2100.25,1,124.5,late25,False
B-G1.040-C2,47556,2,2105.5,1,5.25,late25,False
B-G1.040-C2,47556,2,2108.75,1,3.25,late25,False
B-G1.040-C2,47556,2,2113.25,1,4.5,late25,False
B-G1.040-C2,47556,2,2117.0,2,3.75,late25,False
B-G1.040-C2,47556,2,2118.5,1,1.5,late25,False
B-G1.040-C2,47556,2,2124.25,1,5.75,late25,False
B-G1.040-C2,47556,2,2158.0,1,33.75,late25,False
B-G1.040-C2,47556,2,2161.0,1,3.0,late25,False
B-G1.040-C2,47556,2,2169.5,2,8.5,late25,False
B-G1.040-C2,47556,2,2176.5,1,7.0,late25,False
B-G1.040-C2,47556,2,2179.25,1,2.75,late25,False
B-G1.040-C2,47556,2,2183.0,1,3.75,late25,False
B-G1.040-C2,47556,2,2186.75,1,3.75,late25,False
B-G1.040-C2,47556,2,2200.25,6,13.5,late25,False
B-G1.040-C2,47556,3,2317.0,2,116.75,early25,True
B-G1.040-C2,47556,3,2319.0,1,2.0,early25,True
B-G1.040-C2,47556,3,2323.25,3,4.25,early25,True
B-G1.040-C2,47556,3,2327.0,2,3.75,early25,True
B-G1.040-C2,47556,3,2331.25,1,4.25,early25,True
B-G1.040-C2,47556,3,2336.0,2,4.75,early25,True
B-G1.040-C2,47556,3,2340.75,2,4.75,early25,True
B-G1.040-C2,47556,3,2344.75,2,4.0,early25,True
B-G1.040-C2,47556,3,2348.25,1,3.5,early25,True
B-G1.040-C2,47556,3,2372.25,2,24.0,early25,True
B-G1.040-C2,47556,3,2376.25,17,4.0,early25,True
B-G1.040-C2,47556,3,2378.25,1,2.0,early25,True
B-G1.040-C2,47556,3,2382.0,1,3.75,early25,True
B-G1.040-C2,47556,3,2383.5,1,1.5,early25,True
B-G1.040-C2,47556,3,2385.75,1,2.25,early25,True
B-G1.040-C2,47556,3,2387.75,1,2.0,early25,True
B-G1.040-C2,47556,3,2391.25,1,3.5,early25,True
B-G1.040-C2,47556,3,2400.0,2,8.75,early25,True
B-G1.040-C2,47556,3,2403.75,1,3.75,early25,True
B-G1.040-C2,47556,3,2422.0,2,18.25,early25,True
B-G1.040-C2,47556,3,2424.5,1,2.5,early25,True
B-G1.040-C2,47556,3,2428.75,1,4.25,early25,True
B-G1.040-C2,47556,3,2430.5,1,1.75,early25,True
B-G1.040-C2,47556,3,2444.75,2,14.25,early25,True
B-G1.040-C2,47556,3,2479.0,2,34.25,early25,True
B-G1.040-C2,47556,3,2484.75,2,5.75,early25,True
B-G1.040-C2,47556,3,2487.75,2,3.0,early25,True
B-G1.040-C2,47556,3,2494.5,2,6.75,early25,True
B-G1.040-C2,47556,3,2500.25,2,5.75,early25,True
B-G1.040-C2,47556,3,2510.0,1,9.75,early25,True
B-G1.040-C2,47556,3,2517.75,7,7.75,early25,True
B-G1.040-C2,47556,3,2540.25,1,22.5,early25,True
B-G1.040-C2,47556,3,2547.0,1,6.75,early25,True
B-G1.040-C2,47556,3,2552.5,1,5.5,early25,True
B-G1.040-C2,47556,3,2586.5,2,34.0,early25,True
B-G1.040-C2,47556,3,2590.0,1,3.5,early25,True
B-G1.040-C2,47556,3,2599.0,2,9.0,early25,True
B-G1.040-C2,47556,3,2604.75,1,5.75,early25,True
B-G1.040-C2,47556,3,2610.25,2,5.5,early25,True
B-G1.040-C2,47556,3,2630.25,1,20.0,middle50,True
B-G1.040-C2,47556,3,2650.25,2,20.0,middle50,True
B-G1.040-C2,47556,3,2687.5,1,37.25,middle50,True
B-G1.040-C2,47556,3,2691.75,1,4.25,middle50,True
B-G1.040-C2,47556,3,2699.5,1,7.75,middle50,True
B-G1.040-C2,47556,3,2706.75,1,7.25,middle50,True
B-G1.040-C2,47556,3,2712.25,2,5.5,middle50,True
B-G1.040-C2,47556,3,2721.75,2,9.5,middle50,True
B-G1.040-C2,47556,3,2743.0,2,21.25,middle50,True
B-G1.040-C2,47556,3,2747.0,1,4.0,middle50,True
B-G1.040-C2,47556,3,2759.25,1,12.25,middle50,True
B-G1.040-C2,47556,3,2792.25,1,33.0,middle50,True
B-G1.040-C2,47556,3,2796.0,1,3.75,middle50,True
B-G1.040-C2,47556,3,2801.75,2,5.75,middle50,True
B-G1.040-C2,47556,3,2807.75,1,6.0,middle50,True
B-G1.040-C2,47556,3,2813.5,2,5.75,middle50,True
B-G1.040-C2,47556,3,2832.25,4,18.75,middle50,True
B-G1.040-C2,47556,3,2841.75,1,9.5,middle50,True
B-G1.040-C2,47556,3,2845.0,1,3.25,middle50,True
B-G1.040-C2,47556,3,2853.5,1,8.5,middle50,True
B-G1.040-C2,47556,3,2857.0,1,3.5,middle50,True
B-G1.040-C2,47556,3,2863.75,1,6.75,middle50,True
B-G1.040-C2,47556,3,2868.25,7,4.5,middle50,True
B-G1.040-C2,47556,3,2899.25,1,31.0,middle50,True
B-G1.040-C2,47556,3,2905.75,1,6.5,middle50,True
B-G1.040-C2,47556,3,2920.25,1,14.5,middle50,True
B-G1.040-C2,47556,3,2923.25,1,3.0,middle50,True
B-G1.040-C2,47556,3,2926.5,1,3.25,middle50,True
B-G1.040-C2,47556,3,2942.25,4,15.75,middle50,True
B-G1.040-C2,47556,3,2962.0,1,19.75,middle50,True
B-G1.040-C2,47556,3,2967.5,1,5.5,middle50,True
B-G1.040-C2,47556,3,2977.25,1,9.75,middle50,True
B-G1.040-C2,47556,3,3009.75,1,32.5,middle50,True
B-G1.040-C2,47556,3,3017.5,1,7.75,middle50,True
B-G1.040-C2,47556,3,3026.5,1,9.0,middle50,True
B-G1.040-C2,47556,3,3031.5,1,5.0,middle50,True
B-G1.040-C2,47556,3,3051.5,4,20.0,middle50,True
B-G1.040-C2,47556,3,3063.5,1,12.0,middle50,True
B-G1.040-C2,47556,3,3071.0,1,7.5,middle50,True
B-G1.040-C2,47556,3,3078.25,1,7.25,middle50,True
B-G1.040-C2,47556,3,3084.75,1,6.5,middle50,True
B-G1.040-C2,47556,3,3088.75,5,4.0,middle50,True
B-G1.040-C2,47556,3,3125.5,1,36.75,middle50,True
B-G1.040-C2,47556,3,3135.5,1,10.0,middle50,True
B-G1.040-C2,47556,3,3144.0,1,8.5,middle50,True
B-G1.040-C2,47556,3,3152.75,1,8.75,middle50,True
B-G1.040-C2,47556,3,3160.0,3,7.25,middle50,True
B-G1.040-C2,47556,3,3306.0,1,146.0,late25,True
B-G1.040-C2,47556,3,3313.0,1,7.0,late25,True
B-G1.040-C2,47556,3,3325.25,1,12.25,late25,True
B-G1.040-C2,47556,3,3354.5,1,29.25,late25,True
B-G1.040-C2,47556,3,3358.0,4,3.5,late25,True
B-G1.040-C2,47556,3,3363.25,1,5.25,late25,True
B-G1.040-C2,47556,3,3376.75,1,13.5,late25,True
B-G1.040-C2,47556,3,3395.25,3,18.5,late25,True
B-G1.040-C2,47556,3,3536.5,1,141.25,late25,True
B-G1.040-C2,47556,3,3550.25,1,13.75,late25,True
B-G1.040-C2,47556,3,3555.75,1,5.5,late25,True
B-G1.040-C2,47556,3,3588.25,1,32.5,late25,True
B-G1.040-C2,47556,3,3593.75,3,5.5,late25,True
B-G1.040-C2,55475,0,0.25,3,,early25,False
B-G1.040-C2,55475,0,8.5,1,8.25,early25,False
B-G1.040-C2,55475,0,24.25,1,15.75,early25,False
B-G1.040-C2,55475,0,52.5,1,28.25,early25,False
B-G1.040-C2,55475,0,93.5,1,41.0,early25,False
B-G1.040-C2,55475,0,116.0,1,22.5,early25,False
B-G1.040-C2,55475,0,119.0,1,3.0,early25,False
B-G1.040-C2,55475,0,160.5,1,41.5,early25,False
B-G1.040-C2,55475,0,178.25,1,17.75,early25,False
B-G1.040-C2,55475,0,215.75,1,37.5,early25,False
B-G1.040-C2,55475,0,218.5,1,2.75,early25,False
B-G1.040-C2,55475,0,224.0,1,5.5,early25,False
B-G1.040-C2,55475,0,226.5,1,2.5,early25,False
B-G1.040-C2,55475,0,239.25,1,12.75,early25,False
B-G1.040-C2,55475,0,242.25,1,3.0,early25,False
B-G1.040-C2,55475,0,287.75,1,45.5,middle50,False
B-G1.040-C2,55475,0,300.25,1,12.5,middle50,False
B-G1.040-C2,55475,0,332.0,1,31.75,middle50,False
B-G1.040-C2,55475,0,347.25,1,15.25,middle50,False
B-G1.040-C2,55475,0,350.25,1,3.0,middle50,False
B-G1.040-C2,55475,0,361.0,1,10.75,middle50,False
B-G1.040-C2,55475,0,363.75,1,2.75,middle50,False
B-G1.040-C2,55475,0,525.5,1,161.75,middle50,False
B-G1.040-C2,55475,0,533.25,1,7.75,middle50,False
B-G1.040-C2,55475,0,535.25,1,2.0,middle50,False
B-G1.040-C2,55475,0,543.75,1,8.5,middle50,False
B-G1.040-C2,55475,0,581.25,1,37.5,middle50,False
B-G1.040-C2,55475,0,588.25,1,7.0,middle50,False
B-G1.040-C2,55475,0,591.25,1,3.0,middle50,False
B-G1.040-C2,55475,0,599.0,1,7.75,middle50,False
B-G1.040-C2,55475,0,608.25,1,9.25,middle50,False
B-G1.040-C2,55475,0,768.5,1,160.25,late25,False
B-G1.040-C2,55475,0,779.25,1,10.75,late25,False
B-G1.040-C2,55475,0,784.5,1,5.25,late25,False
B-G1.040-C2,55475,0,792.5,1,8.0,late25,False
B-G1.040-C2,55475,0,824.25,1,31.75,late25,False
B-G1.040-C2,55475,0,831.25,2,7.0,late25,False
B-G1.040-C2,55475,0,841.0,1,9.75,late25,False
B-G1.040-C2,55475,0,846.5,1,5.5,late25,False
B-G1.040-C2,55475,0,857.25,12,10.75,late25,False
B-G1.040-C2,55475,0,864.75,3,7.5,late25,False
B-G1.040-C2,55475,0,964.25,1,99.5,late25,False
B-G1.040-C2,55475,1,974.0,1,9.75,early25,False
B-G1.040-C2,55475,1,997.5,1,23.5,early25,False
B-G1.040-C2,55475,1,1016.75,2,19.25,early25,False
B-G1.040-C2,55475,1,1021.25,1,4.5,early25,False
B-G1.040-C2,55475,1,1044.75,1,23.5,early25,False
B-G1.040-C2,55475,1,1049.25,2,4.5,early25,False
B-G1.040-C2,55475,1,1052.75,1,3.5,early25,False
B-G1.040-C2,55475,1,1058.25,3,5.5,early25,False
B-G1.040-C2,55475,1,1063.25,2,5.0,early25,False
B-G1.040-C2,55475,1,1065.75,1,2.5,early25,False
B-G1.040-C2,55475,1,1069.5,2,3.75,early25,False
B-G1.040-C2,55475,1,1073.75,10,4.25,early25,False
B-G1.040-C2,55475,1,1076.5,1,2.75,early25,False
B-G1.040-C2,55475,1,1102.5,1,26.0,early25,False
B-G1.040-C2,55475,1,1105.75,1,3.25,early25,False
B-G1.040-C2,55475,1,1106.25,1,0.5,early25,False
B-G1.040-C2,55475,1,1110.0,2,3.75,early25,False
B-G1.040-C2,55475,1,1114.5,1,4.5,early25,False
B-G1.040-C2,55475,1,1117.5,1,3.0,early25,False
B-G1.040-C2,55475,1,1122.75,2,5.25,early25,False
B-G1.040-C2,55475,1,1153.25,1,30.5,early25,False
B-G1.040-C2,55475,1,1157.25,1,4.0,early25,False
B-G1.040-C2,55475,1,1160.0,1,2.75,early25,False
B-G1.040-C2,55475,1,1164.25,2,4.25,early25,False
B-G1.040-C2,55475,1,1166.25,1,2.0,early25,False
B-G1.040-C2,55475,1,1169.75,1,3.5,early25,False
B-G1.040-C2,55475,1,1173.25,2,3.5,early25,False
B-G1.040-C2,55475,1,1176.25,1,3.0,early25,False
B-G1.040-C2,55475,1,1182.75,1,6.5,early25,False
B-G1.040-C2,55475,1,1331.0,1,148.25,middle50,False
B-G1.040-C2,55475,1,1334.0,1,3.0,middle50,False
B-G1.040-C2,55475,1,1336.0,1,2.0,middle50,False
B-G1.040-C2,55475,1,1343.0,1,7.0,middle50,False
B-G1.040-C2,55475,1,1347.5,1,4.5,middle50,False
B-G1.040-C2,55475,1,1351.25,1,3.75,middle50,False
B-G1.040-C2,55475,1,1385.25,2,34.0,middle50,False
B-G1.040-C2,55475,1,1388.0,1,2.75,middle50,False
B-G1.040-C2,55475,1,1391.75,1,3.75,middle50,False
B-G1.040-C2,55475,1,1400.25,1,8.5,middle50,False
B-G1.040-C2,55475,1,1402.25,1,2.0,middle50,False
B-G1.040-C2,55475,1,1404.75,1,2.5,middle50,False
B-G1.040-C2,55475,1,1407.5,1,2.75,middle50,False
B-G1.040-C2,55475,1,1410.5,1,3.0,middle50,False
B-G1.040-C2,55475,1,1413.0,1,2.5,middle50,False
B-G1.040-C2,55475,1,1415.5,1,2.5,middle50,False
B-G1.040-C2,55475,1,1547.25,1,131.75,middle50,False
B-G1.040-C2,55475,1,1554.75,2,7.5,middle50,False
B-G1.040-C2,55475,1,1558.25,1,3.5,middle50,False
B-G1.040-C2,55475,1,1565.0,1,6.75,middle50,False
B-G1.040-C2,55475,1,1569.75,1,4.75,middle50,False
B-G1.040-C2,55475,1,1574.0,2,4.25,middle50,False
B-G1.040-C2,55475,1,1607.75,1,33.75,middle50,False
B-G1.040-C2,55475,1,1611.25,2,3.5,middle50,False
B-G1.040-C2,55475,1,1616.25,1,5.0,middle50,False
B-G1.040-C2,55475,1,1619.5,1,3.25,middle50,False
B-G1.040-C2,55475,1,1624.25,1,4.75,middle50,False
B-G1.040-C2,55475,1,1627.0,1,2.75,middle50,False
B-G1.040-C2,55475,1,1632.25,1,5.25,middle50,False
B-G1.040-C2,55475,1,1639.75,1,7.5,middle50,False
B-G1.040-C2,55475,1,1780.25,1,140.5,late25,False
B-G1.040-C2,55475,1,1787.5,1,7.25,late25,False
B-G1.040-C2,55475,1,1789.75,1,2.25,late25,False
B-G1.040-C2,55475,1,1793.0,1,3.25,late25,False
B-G1.040-C2,55475,1,1795.75,1,2.75,late25,False
B-G1.040-C2,55475,1,1798.25,1,2.5,late25,False
B-G1.040-C2,55475,1,1802.25,1,4.0,late25,False
B-G1.040-C2,55475,1,1805.0,1,2.75,late25,False
B-G1.040-C2,55475,1,1809.5,1,4.5,late25,False
B-G1.040-C2,55475,1,1837.25,1,27.75,late25,False
B-G1.040-C2,55475,1,1841.5,1,4.25,late25,False
B-G1.040-C2,55475,1,1844.75,1,3.25,late25,False
B-G1.040-C2,55475,1,1847.0,1,2.25,late25,False
B-G1.040-C2,55475,1,1849.25,1,2.25,late25,False
B-G1.040-C2,55475,1,1854.0,1,4.75,late25,False
B-G1.040-C2,55475,1,1858.5,1,4.5,late25,False
B-G1.040-C2,55475,1,1862.0,1,3.5,late25,False
B-G1.040-C2,55475,1,1864.75,1,2.75,late25,False
B-G1.040-C2,55475,1,1866.5,1,1.75,late25,False
B-G1.040-C2,55475,1,1970.5,1,104.0,late25,False
B-G1.040-C2,55475,1,1972.5,1,2.0,late25,False
B-G1.040-C2,55475,1,1976.5,1,4.0,late25,False
B-G1.040-C2,55475,2,1991.5,1,15.0,early25,False
B-G1.040-C2,55475,2,1993.5,2,2.0,early25,False
B-G1.040-C2,55475,2,1995.5,2,2.0,early25,False
B-G1.040-C2,55475,2,1997.75,1,2.25,early25,False
B-G1.040-C2,55475,2,2002.25,2,4.5,early25,False
B-G1.040-C2,55475,2,2007.0,2,4.75,early25,False
B-G1.040-C2,55475,2,2012.75,2,5.75,early25,False
B-G1.040-C2,55475,2,2016.5,2,3.75,early25,False
B-G1.040-C2,55475,2,2021.5,3,5.0,early25,False
B-G1.040-C2,55475,2,2049.75,2,28.25,early25,False
B-G1.040-C2,55475,2,2054.25,3,4.5,early25,False
B-G1.040-C2,55475,2,2057.75,1,3.5,early25,False
B-G1.040-C2,55475,2,2061.75,25,4.0,early25,False
B-G1.040-C2,55475,2,2063.75,1,2.0,early25,False
B-G1.040-C2,55475,2,2065.5,2,1.75,early25,False
B-G1.040-C2,55475,2,2072.25,1,6.75,early25,False
B-G1.040-C2,55475,2,2075.25,2,3.0,early25,False
B-G1.040-C2,55475,2,2076.5,1,1.25,early25,False
B-G1.040-C2,55475,2,2078.75,1,2.25,early25,False
B-G1.040-C2,55475,2,2109.0,1,30.25,early25,False
B-G1.040-C2,55475,2,2112.5,1,3.5,early25,False
B-G1.040-C2,55475,2,2116.25,1,3.75,early25,False
B-G1.040-C2,55475,2,2120.75,1,4.5,early25,False
B-G1.040-C2,55475,2,2155.25,2,34.5,early25,False
B-G1.040-C2,55475,2,2160.25,3,5.0,early25,False
B-G1.040-C2,55475,2,2165.25,3,5.0,early25,False
B-G1.040-C2,55475,2,2169.25,1,4.0,early25,False
B-G1.040-C2,55475,2,2172.0,1,2.75,early25,False
B-G1.040-C2,55475,2,2178.75,3,6.75,early25,False
B-G1.040-C2,55475,2,2191.0,1,12.25,early25,False
B-G1.040-C2,55475,2,2210.75,2,19.75,middle50,False
B-G1.040-C2,55475,2,2214.5,1,3.75,middle50,False
B-G1.040-C2,55475,2,2216.5,1,2.0,middle50,False
B-G1.040-C2,55475,2,2224.75,2,8.25,middle50,False
B-G1.040-C2,55475,2,2228.25,1,3.5,middle50,False
B-G1.040-C2,55475,2,2231.25,1,3.0,middle50,False
B-G1.040-C2,55475,2,2261.25,1,30.0,middle50,False
B-G1.040-C2,55475,2,2265.75,2,4.5,middle50,False
B-G1.040-C2,55475,2,2270.0,2,4.25,middle50,False
B-G1.040-C2,55475,2,2272.0,1,2.0,middle50,False
B-G1.040-C2,55475,2,2273.25,1,1.25,middle50,False
B-G1.040-C2,55475,2,2277.0,2,3.75,middle50,False
B-G1.040-C2,55475,2,2278.75,1,1.75,middle50,False
B-G1.040-C2,55475,2,2284.75,3,6.0,middle50,False
B-G1.040-C2,55475,2,2287.5,1,2.75,middle50,False
B-G1.040-C2,55475,2,2291.5,2,4.0,middle50,False
B-G1.040-C2,55475,2,2304.5,4,13.0,middle50,False
B-G1.040-C2,55475,2,2444.75,2,140.25,middle50,False
B-G1.040-C2,55475,2,2448.75,2,4.0,middle50,False
B-G1.040-C2,55475,2,2457.75,1,9.0,middle50,False
B-G1.040-C2,55475,2,2468.0,2,10.25,middle50,False
B-G1.040-C2,55475,2,2504.75,1,36.75,middle50,False
B-G1.040-C2,55475,2,2510.5,1,5.75,middle50,False
B-G1.040-C2,55475,2,2515.0,3,4.5,middle50,False
B-G1.040-C2,55475,2,2517.75,1,2.75,middle50,False
B-G1.040-C2,55475,2,2523.5,2,5.75,middle50,False
B-G1.040-C2,55475,2,2528.0,1,4.5,middle50,False
B-G1.040-C2,55475,2,2677.5,1,149.5,late25,False
B-G1.040-C2,55475,2,2682.25,1,4.75,late25,False
B-G1.040-C2,55475,2,2687.0,2,4.75,late25,False
B-G1.040-C2,55475,2,2691.25,1,4.25,late25,False
B-G1.040-C2,55475,2,2694.75,1,3.5,late25,False
B-G1.040-C2,55475,2,2697.5,1,2.75,late25,False
B-G1.040-C2,55475,2,2700.5,1,3.0,late25,False
B-G1.040-C2,55475,2,2704.0,1,3.5,late25,False
B-G1.040-C2,55475,2,2729.25,1,25.25,late25,False
B-G1.040-C2,55475,2,2732.5,1,3.25,late25,False
B-G1.040-C2,55475,2,2736.25,1,3.75,late25,False
B-G1.040-C2,55475,2,2738.25,1,2.0,late25,False
B-G1.040-C2,55475,2,2741.5,1,3.25,late25,False
B-G1.040-C2,55475,2,2745.0,1,3.5,late25,False
B-G1.040-C2,55475,2,2746.75,1,1.75,late25,False
B-G1.040-C2,55475,2,2750.0,1,3.25,late25,False
B-G1.040-C2,55475,2,2752.5,1,2.5,late25,False
B-G1.040-C2,55475,2,2755.0,1,2.5,late25,False
B-G1.040-C2,55475,2,2757.75,11,2.75,late25,False
B-G1.040-C2,55475,2,2760.75,7,3.0,late25,False
B-G1.040-C2,55475,2,2766.25,1,5.5,late25,False
B-G1.040-C2,55475,3,2889.5,2,123.25,early25,True
B-G1.040-C2,55475,3,2891.0,1,1.5,early25,True
B-G1.040-C2,55475,3,2897.5,1,6.5,early25,True
B-G1.040-C2,55475,3,2908.25,2,10.75,early25,True
B-G1.040-C2,55475,3,2912.75,2,4.5,early25,True
B-G1.040-C2,55475,3,2914.5,2,1.75,early25,True
B-G1.040-C2,55475,3,2916.75,1,2.25,early25,True
B-G1.040-C2,55475,3,2943.0,1,26.25,early25,True
B-G1.040-C2,55475,3,2946.0,1,3.0,early25,True
B-G1.040-C2,55475,3,2947.25,1,1.25,early25,True
B-G1.040-C2,55475,3,2951.0,1,3.75,early25,True
B-G1.040-C2,55475,3,2953.5,2,2.5,early25,True
B-G1.040-C2,55475,3,2955.25,2,1.75,early25,True
B-G1.040-C2,55475,3,2956.75,2,1.5,early25,True
B-G1.040-C2,55475,3,2959.0,1,2.25,early25,True
B-G1.040-C2,55475,3,2961.5,1,2.5,early25,True
B-G1.040-C2,55475,3,2963.25,2,1.75,early25,True
B-G1.040-C2,55475,3,2969.5,3,6.25,early25,True
B-G1.040-C2,55475,3,2979.5,2,10.0,early25,True
B-G1.040-C2,55475,3,2994.25,1,14.75,early25,True
B-G1.040-C2,55475,3,2997.5,1,3.25,early25,True
B-G1.040-C2,55475,3,3001.75,1,4.25,early25,True
B-G1.040-C2,55475,3,3006.0,2,4.25,early25,True
B-G1.040-C2,55475,3,3011.0,1,5.0,early25,True
B-G1.040-C2,55475,3,3015.75,2,4.75,early25,True
B-G1.040-C2,55475,3,3019.5,1,3.75,early25,True
B-G1.040-C2,55475,3,3023.75,13,4.25,early25,True
B-G1.040-C2,55475,3,3057.5,2,33.75,middle50,True
B-G1.040-C2,55475,3,3063.25,1,5.75,middle50,True
B-G1.040-C2,55475,3,3070.5,1,7.25,middle50,True
B-G1.040-C2,55475,3,3076.5,1,6.0,middle50,True
B-G1.040-C2,55475,3,3086.5,2,10.0,middle50,True
B-G1.040-C2,55475,3,3113.25,2,26.75,middle50,True
B-G1.040-C2,55475,3,3116.75,2,3.5,middle50,True
B-G1.040-C2,55475,3,3124.0,1,7.25,middle50,True
B-G1.040-C2,55475,3,3127.75,2,3.75,middle50,True
B-G1.040-C2,55475,3,3133.5,2,5.75,middle50,True
B-G1.040-C2,55475,3,3174.0,1,40.5,middle50,True
B-G1.040-C2,55475,3,3179.75,2,5.75,middle50,True
B-G1.040-C2,55475,3,3189.0,2,9.25,middle50,True
B-G1.040-C2,55475,3,3194.75,2,5.75,middle50,True
B-G1.040-C2,55475,3,3208.25,6,13.5,middle50,True
B-G1.040-C2,55475,3,3219.25,5,11.0,middle50,True
B-G1.040-C2,55475,3,3228.25,1,9.0,middle50,True
B-G1.040-C2,55475,3,3241.0,2,12.75,middle50,True
B-G1.040-C2,55475,3,3280.5,4,39.5,middle50,True
B-G1.040-C2,55475,3,3290.0,1,9.5,middle50,True
B-G1.040-C2,55475,3,3301.75,1,11.75,middle50,True
B-G1.040-C2,55475,3,3328.75,1,27.0,middle50,True
B-G1.040-C2,55475,3,3332.0,1,3.25,middle50,True
B-G1.040-C2,55475,3,3335.5,1,3.5,middle50,True
B-G1.040-C2,55475,3,3339.5,1,4.0,middle50,True
B-G1.040-C2,55475,3,3343.25,1,3.75,middle50,True
B-G1.040-C2,55475,3,3350.0,1,6.75,middle50,True
B-G1.040-C2,55475,3,3353.0,1,3.0,middle50,True
B-G1.040-C2,55475,3,3378.75,8,25.75,middle50,True
B-G1.040-C2,55475,3,3390.25,1,11.5,middle50,True
B-G1.040-C2,55475,3,3403.5,1,13.25,middle50,True
B-G1.040-C2,55475,3,3428.5,1,25.0,late25,True
B-G1.040-C2,55475,3,3434.75,1,6.25,late25,True
B-G1.040-C2,55475,3,3439.5,1,4.75,late25,True
B-G1.040-C2,55475,3,3454.5,1,15.0,late25,True
B-G1.040-C2,55475,3,3486.25,1,31.75,late25,True
B-G1.040-C2,55475,3,3489.0,1,2.75,late25,True
B-G1.040-C2,55475,3,3499.0,1,10.0,late25,True
B-G1.040-C2,55475,3,3508.75,1,9.75,late25,True
B-G1.040-C2,55475,3,3539.5,1,30.75,late25,True
B-G1.040-C2,55475,3,3545.5,1,6.0,late25,True
B-G1.040-C2,55475,3,3549.75,1,4.25,late25,True
B-G1.040-C2,55475,3,3555.75,1,6.0,late25,True
B-G1.040-C2,55475,3,3562.25,4,6.5,late25,True
B-G1.040-C2,55475,3,3565.25,1,3.0,late25,True
B-G1.040-C2,55475,3,3596.25,1,31.0,late25,True
B-G1.040-C2,63394,0,0.25,3,,early25,False
B-G1.040-C2,63394,0,8.25,1,8.0,early25,False
B-G1.040-C2,63394,0,34.25,1,26.0,early25,False
B-G1.040-C2,63394,0,39.25,1,5.0,early25,False
B-G1.040-C2,63394,0,46.5,1,7.25,early25,False
B-G1.040-C2,63394,0,97.5,1,51.0,early25,False
B-G1.040-C2,63394,0,112.4999999998,1,14.999999999799996,early25,False
B-G1.040-C2,63394,0,131.9999999998,5,19.5,early25,False
B-G1.040-C2,63394,0,164.2499999998,3,32.25,early25,False
B-G1.040-C2,63394,0,174.7499999998,1,10.5,early25,False
B-G1.040-C2,63394,0,221.4999999998,1,46.75,middle50,False
B-G1.040-C2,63394,0,233.4999999998,1,12.0,middle50,False
B-G1.040-C2,63394,0,239.2499999998,1,5.75,middle50,False
B-G1.040-C2,63394,0,242.9999999998,1,3.75,middle50,False
B-G1.040-C2,63394,0,407.9999999998,1,165.00000000000003,middle50,False
B-G1.040-C2,63394,0,413.4999999998,1,5.5,middle50,False
B-G1.040-C2,63394,0,415.9999999998,1,2.5,middle50,False
B-G1.040-C2,63394,0,430.4999999998,1,14.5,middle50,False
B-G1.040-C2,63394,0,435.9999999998,1,5.5,middle50,False
B-G1.040-C2,63394,0,462.4999999998,2,26.5,middle50,False
B-G1.040-C2,63394,0,469.2499999998,1,6.75,middle50,False
B-G1.040-C2,63394,0,472.9999999998,1,3.75,middle50,False
B-G1.040-C2,63394,0,483.9999999998,13,11.0,middle50,False
B-G1.040-C2,63394,0,638.4999999998,1,154.5,late25,False
B-G1.040-C2,63394,0,688.2499999998,1,49.75,late25,False
B-G1.040-C2,63394,0,692.4999999998,1,4.25,late25,False
B-G1.040-C2,63394,0,701.2499999998,1,8.75,late25,False
B-G1.040-C2,63394,0,709.7499999998,1,8.5,late25,False
B-G1.040-C2,63394,0,714.2499999998,1,4.5,late25,False
B-G1.040-C2,63394,0,829.4999999998,1,115.25,late25,False
B-G1.040-C2,63394,1,849.4999999998,1,20.0,early25,False
B-G1.040-C2,63394,1,852.2499999998,1,2.75,early25,False
B-G1.040-C2,63394,1,853.7499999998,1,1.5,early25,False
B-G1.040-C2,63394,1,855.4999999998,1,1.75,early25,False
B-G1.040-C2,63394,1,860.7499999998,2,5.25,early25,False
B-G1.040-C2,63394,1,869.7499999998,2,9.0,early25,False
B-G1.040-C2,63394,1,916.2499999998,2,46.5,early25,False
B-G1.040-C2,63394,1,921.2499999998,2,5.0,early25,False
B-G1.040-C2,63394,1,931.2499999998,2,10.0,early25,False
B-G1.040-C2,63394,1,977.4999999998,2,46.25,early25,False
B-G1.040-C2,63394,1,985.2499999998,1,7.75,early25,False
B-G1.040-C2,63394,1,988.9999999998,1,3.75,early25,False
B-G1.040-C2,63394,1,1018.4999999998,2,29.5,early25,False
B-G1.040-C2,63394,1,1022.7499999998,1,4.25,early25,False
B-G1.040-C2,63394,1,1025.4999999998,1,2.7499999999998863,early25,False
B-G1.040-C2,63394,1,1029.7499999998,2,4.25,early25,False
B-G1.040-C2,63394,1,1036.9999999998,1,7.25,early25,False
B-G1.040-C2,63394,1,1043.9999999998,2,7.0,early25,False
B-G1.040-C2,63394,1,1052.4999999998,1,8.5,early25,False
B-G1.040-C2,63394,1,1076.9999999998,2,24.5,middle50,False
B-G1.040-C2,63394,1,1080.4999999998,1,3.5,middle50,False
B-G1.040-C2,63394,1,1083.7499999998,1,3.25,middle50,False
B-G1.040-C2,63394,1,1092.9999999998,1,9.25,middle50,False
B-G1.040-C2,63394,1,1097.7499999998,2,4.75,middle50,False
B-G1.040-C2,63394,1,1130.2499999998,1,32.5,middle50,False
B-G1.040-C2,63394,1,1133.9999999998,2,3.75,middle50,False
B-G1.040-C2,63394,1,1141.9999999998,1,8.0,middle50,False
B-G1.040-C2,63394,1,1143.7499999998,1,1.75,middle50,False
B-G1.040-C2,63394,1,1146.2499999998,1,2.5,middle50,False
B-G1.040-C2,63394,1,1147.9999999998,1,1.75,middle50,False
B-G1.040-C2,63394,1,1150.9999999998,1,3.0,middle50,False
B-G1.040-C2,63394,1,1154.4999999998,1,3.5,middle50,False
B-G1.040-C2,63394,1,1165.9999999998,6,11.5,middle50,False
B-G1.040-C2,63394,1,1305.2499999998,1,139.25,middle50,False
B-G1.040-C2,63394,1,1310.4999999998,1,5.25,middle50,False
B-G1.040-C2,63394,1,1314.4999999998,1,4.0,middle50,False
B-G1.040-C2,63394,1,1318.7499999998,1,4.25,middle50,False
B-G1.040-C2,63394,1,1323.4999999998,2,4.75,middle50,False
B-G1.040-C2,63394,1,1326.4999999998,1,3.0,middle50,False
B-G1.040-C2,63394,1,1332.4999999998,1,6.0,middle50,False
B-G1.040-C2,63394,1,1361.7499999998,1,29.25,middle50,False
B-G1.040-C2,63394,1,1366.9999999998,2,5.25,middle50,False
B-G1.040-C2,63394,1,1369.4999999998,1,2.5,middle50,False
B-G1.040-C2,63394,1,1371.9999999998,1,2.5,middle50,False
B-G1.040-C2,63394,1,1374.4999999998,1,2.5,middle50,False
B-G1.040-C2,63394,1,1378.2499999998,1,3.75,middle50,False
B-G1.040-C2,63394,1,1382.2499999998,1,4.0,middle50,False
B-G1.040-C2,63394,1,1385.2499999998,2,3.0,middle50,False
B-G1.040-C2,63394,1,1387.7499999998,1,2.5,middle50,False
B-G1.040-C2,63394,1,1390.2499999998,1,2.5,middle50,False
B-G1.040-C2,63394,1,1398.7499999998,1,8.5,middle50,False
B-G1.040-C2,63394,1,1404.9999999998,4,6.25,middle50,False
B-G1.040-C2,63394,1,1527.4999999998,1,122.5,late25,False
B-G1.040-C2,63394,1,1529.4999999998,1,2.0,late25,False
B-G1.040-C2,63394,1,1533.7499999998,2,4.25,late25,False
B-G1.040-C2,63394,1,1539.7499999998,1,6.0,late25,False
B-G1.040-C2,63394,1,1552.2499999998,1,12.5,late25,False
B-G1.040-C2,63394,1,1556.7499999998,1,4.5,late25,False
B-G1.040-C2,63394,1,1586.7499999998,1,30.0,late25,False
B-G1.040-C2,63394,1,1588.9999999998,1,2.25,late25,False
B-G1.040-C2,63394,1,1592.9999999998,1,4.0,late25,False
B-G1.040-C2,63394,1,1595.4999999998,1,2.5,late25,False
B-G1.040-C2,63394,1,1598.4999999998,1,3.0,late25,False
B-G1.040-C2,63394,1,1602.4999999998,1,4.0,late25,False
B-G1.040-C2,63394,1,1607.2499999998,1,4.75,late25,False
B-G1.040-C2,63394,1,1611.7499999998,1,4.5,late25,False
B-G1.040-C2,63394,1,1613.7499999998,1,2.0,late25,False
B-G1.040-C2,63394,1,1615.4999999998,1,1.75,late25,False
B-G1.040-C2,63394,1,1724.9999999998,1,109.5,late25,False
B-G1.040-C2,63394,2,1731.7499999998,2,6.75,early25,False
B-G1.040-C2,63394,2,1744.9999999998,2,13.25,early25,False
B-G1.040-C2,63394,2,1746.9999999998,2,2.0,early25,False
B-G1.040-C2,63394,2,1749.2499999998,2,2.25,early25,False
B-G1.040-C2,63394,2,1751.7499999998,1,2.5,early25,False
B-G1.040-C2,63394,2,1754.2499999998,2,2.5,early25,False
B-G1.040-C2,63394,2,1756.9999999998,2,2.75,early25,False
B-G1.040-C2,63394,2,1760.2499999998,2,3.25,early25,False
B-G1.040-C2,63394,2,1764.7499999998,2,4.5,early25,False
B-G1.040-C2,63394,2,1768.7499999998,2,4.0,early25,False
B-G1.040-C2,63394,2,1773.7499999998,3,5.0,early25,False
B-G1.040-C2,63394,2,1798.7499999998,1,25.0,early25,False
B-G1.040-C2,63394,2,1803.5,3,4.750000000200089,early25,False
B-G1.040-C2,63394,2,1806.5,3,3.0,early25,False
B-G1.040-C2,63394,2,1809.25,2,2.75,early25,False
B-G1.040-C2,63394,2,1813.25,2,4.0,early25,False
B-G1.040-C2,63394,2,1815.0,1,1.75,early25,False
B-G1.040-C2,63394,2,1819.75,3,4.75,early25,False
B-G1.040-C2,63394,2,1822.25,2,2.5,early25,False
B-G1.040-C2,63394,2,1826.0,1,3.75,early25,False
B-G1.040-C2,63394,2,1828.25,11,2.25,early25,False
B-G1.040-C2,63394,2,1836.75,23,8.5,early25,False
B-G1.040-C2,63394,2,1851.75,1,15.0,early25,False
B-G1.040-C2,63394,2,1853.25,1,1.5,early25,False
B-G1.040-C2,63394,2,1856.0,1,2.75,early25,False
B-G1.040-C2,63394,2,1865.0,1,9.0,early25,False
B-G1.040-C2,63394,2,1870.5,1,5.5,early25,False
B-G1.040-C2,63394,2,1874.0,1,3.5,early25,False
B-G1.040-C2,63394,2,1880.0,2,6.0,early25,False
B-G1.040-C2,63394,2,1905.25,1,25.25,early25,False
B-G1.040-C2,63394,2,1907.5,1,2.25,early25,False
B-G1.040-C2,63394,2,1912.5,3,5.0,early25,False
B-G1.040-C2,63394,2,1916.0,1,3.5,early25,False
B-G1.040-C2,63394,2,1924.5,2,8.5,early25,False
B-G1.040-C2,63394,2,1927.25,1,2.75,early25,False
B-G1.040-C2,63394,2,1931.75,2,4.5,early25,False
B-G1.040-C2,63394,2,1938.0,2,6.25,early25,False
B-G1.040-C2,63394,2,1958.75,1,20.75,middle50,False
B-G1.040-C2,63394,2,1961.5,1,2.75,middle50,False
B-G1.040-C2,63394,2,1964.25,1,2.75,middle50,False
B-G1.040-C2,63394,2,1967.25,1,3.0,middle50,False
B-G1.040-C2,63394,2,1970.5,1,3.25,middle50,False
B-G1.040-C2,63394,2,1975.75,2,5.25,middle50,False
B-G1.040-C2,63394,2,1981.0,1,5.25,middle50,False
B-G1.040-C2,63394,2,1984.5,1,3.5,middle50,False
B-G1.040-C2,63394,2,1991.75,2,7.25,middle50,False
B-G1.040-C2,63394,2,2015.5,2,23.75,middle50,False
B-G1.040-C2,63394,2,2020.75,1,5.25,middle50,False
B-G1.040-C2,63394,2,2024.0,2,3.25,middle50,False
B-G1.040-C2,63394,2,2025.5,1,1.5,middle50,False
B-G1.040-C2,63394,2,2028.5,1,3.0,middle50,False
B-G1.040-C2,63394,2,2031.5,1,3.0,middle50,False
B-G1.040-C2,63394,2,2033.0,1,1.5,middle50,False
B-G1.040-C2,63394,2,2035.75,1,2.75,middle50,False
B-G1.040-C2,63394,2,2038.75,1,3.0,middle50,False
B-G1.040-C2,63394,2,2045.0,2,6.25,middle50,False
B-G1.040-C2,63394,2,2048.0,1,3.0,middle50,False
B-G1.040-C2,63394,2,2054.0,5,6.0,middle50,False
B-G1.040-C2,63394,2,2186.5,2,132.5,middle50,False
B-G1.040-C2,63394,2,2191.5,2,5.0,middle50,False
B-G1.040-C2,63394,2,2196.25,1,4.75,middle50,False
B-G1.040-C2,63394,2,2199.75,1,3.5,middle50,False
B-G1.040-C2,63394,2,2202.5,1,2.75,middle50,False
B-G1.040-C2,63394,2,2205.75,4,3.25,middle50,False
B-G1.040-C2,63394,2,2209.75,1,4.0,middle50,False
B-G1.040-C2,63394,2,2211.0,3,1.25,middle50,False
B-G1.040-C2,63394,2,2237.75,1,26.75,middle50,False
B-G1.040-C2,63394,2,2241.75,1,4.0,middle50,False
B-G1.040-C2,63394,2,2243.25,1,1.5,middle50,False
B-G1.040-C2,63394,2,2248.25,2,5.0,middle50,False
B-G1.040-C2,63394,2,2260.25,1,12.0,middle50,False
B-G1.040-C2,63394,2,2262.25,1,2.0,middle50,False
B-G1.040-C2,63394,2,2266.0,1,3.75,middle50,False
B-G1.040-C2,63394,2,2267.5,1,1.5,middle50,False
B-G1.040-C2,63394,2,2268.75,1,1.25,middle50,False
B-G1.040-C2,63394,2,2279.75,3,11.0,middle50,False
B-G1.040-C2,63394,2,2401.75,1,122.0,late25,False
B-G1.040-C2,63394,2,2406.25,1,4.5,late25,False
B-G1.040-C2,63394,2,2409.25,1,3.0,late25,False
B-G1.040-C2,63394,2,2412.5,1,3.25,late25,False
B-G1.040-C2,63394,2,2416.0,1,3.5,late25,False
B-G1.040-C2,63394,2,2418.5,1,2.5,late25,False
B-G1.040-C2,63394,2,2422.25,1,3.75,late25,False
B-G1.040-C2,63394,2,2426.25,1,4.0,late25,False
B-G1.040-C2,63394,2,2429.0,1,2.75,late25,False
B-G1.040-C2,63394,2,2432.5,10,3.5,late25,False
B-G1.040-C2,63394,2,2460.25,2,27.75,late25,False
B-G1.040-C2,63394,2,2464.25,1,4.0,late25,False
B-G1.040-C2,63394,2,2466.25,1,2.0,late25,False
B-G1.040-C2,63394,2,2468.75,1,2.5,late25,False
B-G1.040-C2,63394,2,2471.0,1,2.25,late25,False
B-G1.040-C2,63394,2,2473.75,1,2.75,late25,False
B-G1.040-C2,63394,2,2475.5,1,1.75,late25,False
B-G1.040-C2,63394,2,2478.5,1,3.0,late25,False
B-G1.040-C2,63394,2,2482.0,1,3.5,late25,False
B-G1.040-C2,63394,2,2486.0,1,4.0,late25,False
B-G1.040-C2,63394,2,2487.5,1,1.5,late25,False
B-G1.040-C2,63394,2,2489.75,1,2.25,late25,False
B-G1.040-C2,63394,3,2608.25,1,118.5,early25,True
B-G1.040-C2,63394,3,2612.0,2,3.75,early25,True
B-G1.040-C2,63394,3,2614.5,1,2.5,early25,True
B-G1.040-C2,63394,3,2622.25,3,7.75,early25,True
B-G1.040-C2,63394,3,2624.5,2,2.25,early25,True
B-G1.040-C2,63394,3,2632.25,3,7.75,early25,True
B-G1.040-C2,63394,3,2674.5,3,42.25,early25,True
B-G1.040-C2,63394,3,2682.0,3,7.5,early25,True
B-G1.040-C2,63394,3,2689.25,3,7.25,early25,True
B-G1.040-C2,63394,3,2696.5,2,7.25,early25,True
B-G1.040-C2,63394,3,2707.25,9,10.75,early25,True
B-G1.040-C2,63394,3,2718.75,2,11.5,early25,True
B-G1.040-C2,63394,3,2723.5,1,4.75,early25,True
B-G1.040-C2,63394,3,2726.75,1,3.25,early25,True
B-G1.040-C2,63394,3,2734.0,2,7.25,early25,True
B-G1.040-C2,63394,3,2741.25,2,7.25,early25,True
B-G1.040-C2,63394,3,2778.5,2,37.25,early25,True
B-G1.040-C2,63394,3,2784.25,2,5.75,early25,True
B-G1.040-C2,63394,3,2790.0,2,5.75,early25,True
B-G1.040-C2,63394,3,2798.0,2,8.0,early25,True
B-G1.040-C2,63394,3,2823.0,1,25.0,early25,True
B-G1.040-C2,63394,3,2826.75,1,3.75,early25,True
B-G1.040-C2,63394,3,2831.0,2,4.25,early25,True
B-G1.040-C2,63394,3,2835.25,1,4.25,early25,True
B-G1.040-C2,63394,3,2838.75,1,3.5,early25,True
B-G1.040-C2,63394,3,2842.5,1,3.75,early25,True
B-G1.040-C2,63394,3,2845.5,1,3.0,middle50,True
B-G1.040-C2,63394,3,2850.0,11,4.5,middle50,True
B-G1.040-C2,63394,3,2881.75,1,31.75,middle50,True
B-G1.040-C2,63394,3,2887.0,1,5.25,middle50,True
B-G1.040-C2,63394,3,2891.25,1,4.25,middle50,True
B-G1.040-C2,63394,3,2893.25,1,2.0,middle50,True
B-G1.040-C2,63394,3,2899.25,1,6.0,middle50,True
B-G1.040-C2,63394,3,2904.75,1,5.5,middle50,True
B-G1.040-C2,63394,3,2932.75,2,28.0,middle50,True
B-G1.040-C2,63394,3,2938.0,1,5.25,middle50,True
B-G1.040-C2,63394,3,2952.0,2,14.0,middle50,True
B-G1.040-C2,63394,3,2987.5,2,35.5,middle50,True
B-G1.040-C2,63394,3,2998.75,1,11.25,middle50,True
B-G1.040-C2,63394,3,3002.75,1,4.0,middle50,True
B-G1.040-C2,63394,3,3008.25,1,5.5,middle50,True
B-G1.040-C2,63394,3,3013.5,2,5.25,middle50,True
B-G1.040-C2,63394,3,3032.0,1,18.5,middle50,True
B-G1.040-C2,63394,3,3039.5,1,7.5,middle50,True
B-G1.040-C2,63394,3,3042.25,1,2.75,middle50,True
B-G1.040-C2,63394,3,3046.5,1,4.25,middle50,True
B-G1.040-C2,63394,3,3054.0,1,7.5,middle50,True
B-G1.040-C2,63394,3,3057.75,7,3.75,middle50,True
B-G1.040-C2,63394,3,3092.75,2,35.0,middle50,True
B-G1.040-C2,63394,3,3098.0,1,5.25,middle50,True
B-G1.040-C2,63394,3,3105.75,1,7.75,middle50,True
B-G1.040-C2,63394,3,3111.0,1,5.25,middle50,True
B-G1.040-C2,63394,3,3116.25,1,5.25,middle50,True
B-G1.040-C2,63394,3,3117.75,1,1.5,middle50,True
B-G1.040-C2,63394,3,3129.0,2,11.25,middle50,True
B-G1.040-C2,63394,3,3142.5,1,13.5,middle50,True
B-G1.040-C2,63394,3,3148.75,1,6.25,middle50,True
B-G1.040-C2,63394,3,3150.25,2,1.5,middle50,True
B-G1.040-C2,63394,3,3156.75,1,6.5,middle50,True
B-G1.040-C2,63394,3,3158.5,2,1.75,middle50,True
B-G1.040-C2,63394,3,3160.0,1,1.5,middle50,True
B-G1.040-C2,63394,3,3165.75,1,5.75,middle50,True
B-G1.040-C2,63394,3,3205.75,1,40.0,middle50,True
B-G1.040-C2,63394,3,3214.75,1,9.0,middle50,True
B-G1.040-C2,63394,3,3220.25,1,5.5,middle50,True
B-G1.040-C2,63394,3,3253.25,1,33.0,middle50,True
B-G1.040-C2,63394,3,3263.25,1,10.0,middle50,True
B-G1.040-C2,63394,3,3269.5,1,6.25,middle50,True
B-G1.040-C2,63394,3,3299.0,1,29.5,middle50,True
B-G1.040-C2,63394,3,3307.5,1,8.5,middle50,True
B-G1.040-C2,63394,3,3319.0,1,11.5,middle50,True
B-G1.040-C2,63394,3,3322.75,1,3.75,middle50,True
B-G1.040-C2,63394,3,3336.0,2,13.25,middle50,True
B-G1.040-C2,63394,3,3348.0,1,12.0,middle50,True
B-G1.040-C2,63394,3,3355.0,1,7.0,late25,True
B-G1.040-C2,63394,3,3362.75,1,7.75,late25,True
B-G1.040-C2,63394,3,3369.25,5,6.5,late25,True
B-G1.040-C2,63394,3,3370.5,1,1.25,late25,True
B-G1.040-C2,63394,3,3402.5,1,32.0,late25,True
B-G1.040-C2,63394,3,3408.0,1,5.5,late25,True
B-G1.040-C2,63394,3,3419.0,1,11.0,late25,True
B-G1.040-C2,63394,3,3428.5,1,9.5,late25,True
B-G1.040-C2,63394,3,3437.75,1,9.25,late25,True
B-G1.040-C2,63394,3,3467.25,1,29.5,late25,True
B-G1.040-C2,63394,3,3478.0,1,10.75,late25,True
B-G1.040-C2,63394,3,3484.5,1,6.5,late25,True
B-G1.040-C2,63394,3,3520.5,1,36.0,late25,True
B-G1.040-C2,63394,3,3541.75,1,21.25,late25,True
B-G1.040-C2,63394,3,3545.0,1,3.25,late25,True
B-G1.040-C2,71313,0,0.25,3,,early25,False
B-G1.040-C2,71313,0,8.5,1,8.25,early25,False
B-G1.040-C2,71313,0,18.25,1,9.75,early25,False
B-G1.040-C2,71313,0,45.75,1,27.5,early25,False
B-G1.040-C2,71313,0,63.5,1,17.75,early25,False
B-G1.040-C2,71313,0,101.25,1,37.75,early25,False
B-G1.040-C2,71313,0,104.25,1,3.0,early25,False
B-G1.040-C2,71313,0,159.75,1,55.5,early25,False
B-G1.040-C2,71313,0,163.75,1,4.0,early25,False
B-G1.040-C2,71313,0,172.25,1,8.5,early25,False
B-G1.040-C2,71313,0,175.5,1,3.25,early25,False
B-G1.040-C2,71313,0,182.25,1,6.75,middle50,False
B-G1.040-C2,71313,0,219.5,1,37.25,middle50,False
B-G1.040-C2,71313,0,225.5,1,6.0,middle50,False
B-G1.040-C2,71313,0,230.75,1,5.25,middle50,False
B-G1.040-C2,71313,0,238.25,1,7.5,middle50,False
B-G1.040-C2,71313,0,276.75,1,38.5,middle50,False
B-G1.040-C2,71313,0,286.0,1,9.25,middle50,False
B-G1.040-C2,71313,0,292.0,1,6.0,middle50,False
B-G1.040-C2,71313,0,300.75,1,8.75,middle50,False
B-G1.040-C2,71313,0,336.5,1,35.75,middle50,False
B-G1.040-C2,71313,0,345.0,1,8.5,middle50,False
B-G1.040-C2,71313,0,350.75,1,5.75,middle50,False
B-G1.040-C2,71313,0,355.25,1,4.5,middle50,False
B-G1.040-C2,71313,0,366.75,1,11.5,middle50,False
B-G1.040-C2,71313,0,520.5,1,153.75,middle50,False
B-G1.040-C2,71313,0,525.0,1,4.5,middle50,False
B-G1.040-C2,71313,0,532.0,1,7.0,middle50,False
B-G1.040-C2,71313,0,534.25,1,2.25,middle50,False
B-G1.040-C2,71313,0,548.0,1,13.75,late25,False
B-G1.040-C2,71313,0,575.0,1,27.0,late25,False
B-G1.040-C2,71313,0,582.25,2,7.25,late25,False
B-G1.040-C2,71313,0,588.75,1,6.5,late25,False
B-G1.040-C2,71313,0,597.25,1,8.5,late25,False
B-G1.040-C2,71313,0,602.75,12,5.5,late25,False
B-G1.040-C2,71313,0,604.0,1,1.25,late25,False
B-G1.040-C2,71313,0,718.75,1,114.75,late25,False
B-G1.040-C2,71313,1,747.25,1,28.5,early25,False
B-G1.040-C2,71313,1,761.25,1,14.0,early25,False
B-G1.040-C2,71313,1,798.0,2,36.75,early25,False
B-G1.040-C2,71313,1,799.25,1,1.25,early25,False
B-G1.040-C2,71313,1,807.5,2,8.25,early25,False
B-G1.040-C2,71313,1,818.25,1,10.75,early25,False
B-G1.040-C2,71313,1,821.75,1,3.5,early25,False
B-G1.040-C2,71313,1,827.0,2,5.25,early25,False
B-G1.040-C2,71313,1,851.5,1,24.5,early25,False
B-G1.040-C2,71313,1,855.75,1,4.25,early25,False
B-G1.040-C2,71313,1,859.0,2,3.25,early25,False
B-G1.040-C2,71313,1,864.5,1,5.5,early25,False
B-G1.040-C2,71313,1,867.5,1,3.0,early25,False
B-G1.040-C2,71313,1,876.25,2,8.75,early25,False
B-G1.040-C2,71313,1,908.25,2,32.0,early25,False
B-G1.040-C2,71313,1,913.5,2,5.25,early25,False
B-G1.040-C2,71313,1,918.0,2,4.5,early25,False
B-G1.040-C2,71313,1,921.75,1,3.75,early25,False
B-G1.040-C2,71313,1,928.25,2,6.5,early25,False
B-G1.040-C2,71313,1,931.5,1,3.25,early25,False
B-G1.040-C2,71313,1,941.0,2,9.5,early25,False
B-G1.040-C2,71313,1,976.75,1,35.75,early25,False
B-G1.040-C2,71313,1,987.0,1,10.25,early25,False
B-G1.040-C2,71313,1,992.0,2,5.0,early25,False
B-G1.040-C2,71313,1,996.25,1,4.25,early25,False
B-G1.040-C2,71313,1,1028.75,1,32.5,middle50,False
B-G1.040-C2,71313,1,1035.25,2,6.5,middle50,False
B-G1.040-C2,71313,1,1038.75,2,3.5,middle50,False
B-G1.040-C2,71313,1,1046.0,2,7.25,middle50,False
B-G1.040-C2,71313,1,1053.5,1,7.5,middle50,False
B-G1.040-C2,71313,1,1204.5,1,151.0,middle50,False
B-G1.040-C2,71313,1,1209.25,1,4.75,middle50,False
B-G1.040-C2,71313,1,1211.75,1,2.5,middle50,False
B-G1.040-C2,71313,1,1214.25,1,2.5,middle50,False
B-G1.040-C2,71313,1,1217.75,1,3.5,middle50,False
B-G1.040-C2,71313,1,1221.0,1,3.25,middle50,False
B-G1.040-C2,71313,1,1226.75,1,5.75,middle50,False
B-G1.040-C2,71313,1,1260.75,2,34.0,middle50,False
B-G1.040-C2,71313,1,1264.5,1,3.75,middle50,False
B-G1.040-C2,71313,1,1266.0,1,1.5,middle50,False
B-G1.040-C2,71313,1,1269.25,1,3.25,middle50,False
B-G1.040-C2,71313,1,1270.75,1,1.5,middle50,False
B-G1.040-C2,71313,1,1274.0,1,3.25,middle50,False
B-G1.040-C2,71313,1,1278.75,1,4.75,middle50,False
B-G1.040-C2,71313,1,1279.75,1,1.0,middle50,False
B-G1.040-C2,71313,1,1284.25,1,4.5,middle50,False
B-G1.040-C2,71313,1,1289.25,1,5.0,middle50,False
B-G1.040-C2,71313,1,1291.5,1,2.25,middle50,False
B-G1.040-C2,71313,1,1428.75,1,137.25,middle50,False
B-G1.040-C2,71313,1,1434.5,1,5.75,middle50,False
B-G1.040-C2,71313,1,1439.0,1,4.5,middle50,False
B-G1.040-C2,71313,1,1442.5,1,3.5,middle50,False
B-G1.040-C2,71313,1,1453.0,2,10.5,middle50,False
B-G1.040-C2,71313,1,1488.0,1,35.0,middle50,False
B-G1.040-C2,71313,1,1493.5,1,5.5,middle50,False
B-G1.040-C2,71313,1,1497.5,1,4.0,middle50,False
B-G1.040-C2,71313,1,1500.75,1,3.25,middle50,False
B-G1.040-C2,71313,1,1504.5,1,3.75,middle50,False
B-G1.040-C2,71313,1,1507.0,1,2.5,middle50,False
B-G1.040-C2,71313,1,1513.25,2,6.25,middle50,False
B-G1.040-C2,71313,1,1649.5,1,136.25,late25,False
B-G1.040-C2,71313,1,1651.5,1,2.0,late25,False
B-G1.040-C2,71313,1,1658.5,1,7.0,late25,False
B-G1.040-C2,71313,1,1672.0,1,13.5,late25,False
B-G1.040-C2,71313,1,1677.25,1,5.25,late25,False
B-G1.040-C2,71313,1,1681.0,1,3.75,late25,False
B-G1.040-C2,71313,1,1706.5,2,25.5,late25,False
B-G1.040-C2,71313,1,1711.25,1,4.75,late25,False
B-G1.040-C2,71313,1,1713.75,1,2.5,late25,False
B-G1.040-C2,71313,1,1717.25,1,3.5,late25,False
B-G1.040-C2,71313,1,1721.25,12,4.0,late25,False
B-G1.040-C2,71313,1,1723.25,1,2.0,late25,False
B-G1.040-C2,71313,1,1725.25,1,2.0,late25,False
B-G1.040-C2,71313,1,1726.75,1,1.5,late25,False
B-G1.040-C2,71313,1,1732.0,1,5.25,late25,False
B-G1.040-C2,71313,1,1736.0,1,4.0,late25,False
B-G1.040-C2,71313,2,1857.0,1,121.0,early25,False
B-G1.040-C2,71313,2,1859.75,1,2.75,early25,False
B-G1.040-C2,71313,2,1861.75,1,2.0,early25,False
B-G1.040-C2,71313,2,1864.0,1,2.25,early25,False
B-G1.040-C2,71313,2,1867.25,2,3.25,early25,False
B-G1.040-C2,71313,2,1870.75,2,3.5,early25,False
B-G1.040-C2,71313,2,1880.5,4,9.75,early25,False
B-G1.040-C2,71313,2,1915.25,3,34.75,early25,False
B-G1.040-C2,71313,2,1917.25,1,2.0,early25,False
B-G1.040-C2,71313,2,1919.0,1,1.75,early25,False
B-G1.040-C2,71313,2,1924.25,2,5.25,early25,False
B-G1.040-C2,71313,2,1925.0,1,0.75,early25,False
B-G1.040-C2,71313,2,1930.25,2,5.25,early25,False
B-G1.040-C2,71313,2,1933.5,1,3.25,early25,False
B-G1.040-C2,71313,2,1939.0,3,5.5,early25,False
B-G1.040-C2,71313,2,1950.0,1,11.0,early25,False
B-G1.040-C2,71313,2,1956.25,8,6.25,early25,False
B-G1.040-C2,71313,2,1968.5,2,12.25,early25,False
B-G1.040-C2,71313,2,1971.75,1,3.25,early25,False
B-G1.040-C2,71313,2,1976.5,2,4.75,early25,False
B-G1.040-C2,71313,2,1981.75,2,5.25,early25,False
B-G1.040-C2,71313,2,1986.25,2,4.5,early25,False
B-G1.040-C2,71313,2,1991.5,3,5.25,early25,False
B-G1.040-C2,71313,2,1995.25,1,3.75,early25,False
B-G1.040-C2,71313,2,1999.75,22,4.5,early25,False
B-G1.040-C2,71313,2,2022.0,1,22.25,early25,False
B-G1.040-C2,71313,2,2025.25,1,3.25,early25,False
B-G1.040-C2,71313,2,2028.0,1,2.75,early25,False
B-G1.040-C2,71313,2,2031.75,2,3.75,early25,False
B-G1.040-C2,71313,2,2043.75,1,12.0,early25,False
B-G1.040-C2,71313,2,2048.75,2,5.0,early25,False
B-G1.040-C2,71313,2,2053.25,1,4.5,early25,False
B-G1.040-C2,71313,2,2071.25,1,18.0,middle50,False
B-G1.040-C2,71313,2,2076.75,2,5.5,middle50,False
B-G1.040-C2,71313,2,2080.0,2,3.25,middle50,False
B-G1.040-C2,71313,2,2082.75,1,2.75,middle50,False
B-G1.040-C2,71313,2,2086.0,1,3.25,middle50,False
B-G1.040-C2,71313,2,2088.75,1,2.75,middle50,False
B-G1.040-C2,71313,2,2092.75,2,4.0,middle50,False
B-G1.040-C2,71313,2,2096.25,1,3.5,middle50,False
B-G1.040-C2,71313,2,2098.5,1,2.25,middle50,False
B-G1.040-C2,71313,2,2101.5,1,3.0,middle50,False
B-G1.040-C2,71313,2,2126.25,13,24.75,middle50,False
B-G1.040-C2,71313,2,2131.5,1,5.25,middle50,False
B-G1.040-C2,71313,2,2133.25,1,1.75,middle50,False
B-G1.040-C2,71313,2,2136.5,2,3.25,middle50,False
B-G1.040-C2,71313,2,2138.5,1,2.0,middle50,False
B-G1.040-C2,71313,2,2142.25,1,3.75,middle50,False
B-G1.040-C2,71313,2,2145.5,2,3.25,middle50,False
B-G1.040-C2,71313,2,2147.5,1,2.0,middle50,False
B-G1.040-C2,71313,2,2151.0,1,3.5,middle50,False
B-G1.040-C2,71313,2,2154.75,2,3.75,middle50,False
B-G1.040-C2,71313,2,2165.25,2,10.5,middle50,False
B-G1.040-C2,71313,2,2303.5,1,138.25,middle50,False
B-G1.040-C2,71313,2,2306.0,1,2.5,middle50,False
B-G1.040-C2,71313,2,2307.75,1,1.75,middle50,False
B-G1.040-C2,71313,2,2313.5,1,5.75,middle50,False
B-G1.040-C2,71313,2,2317.0,1,3.5,middle50,False
B-G1.040-C2,71313,2,2320.75,1,3.75,middle50,False
B-G1.040-C2,71313,2,2325.5,2,4.75,middle50,False
B-G1.040-C2,71313,2,2328.75,1,3.25,middle50,False
B-G1.040-C2,71313,2,2332.25,1,3.5,middle50,False
B-G1.040-C2,71313,2,2334.75,1,2.5,middle50,False
B-G1.040-C2,71313,2,2361.0,1,26.25,middle50,False
B-G1.040-C2,71313,2,2363.75,1,2.75,middle50,False
B-G1.040-C2,71313,2,2367.0,1,3.25,middle50,False
B-G1.040-C2,71313,2,2369.5,1,2.5,middle50,False
B-G1.040-C2,71313,2,2372.5,12,3.0,middle50,False
B-G1.040-C2,71313,2,2379.5,1,7.0,middle50,False
B-G1.040-C2,71313,2,2382.5,1,3.0,middle50,False
B-G1.040-C2,71313,2,2385.5,1,3.0,middle50,False
B-G1.040-C2,71313,2,2387.25,1,1.75,middle50,False
B-G1.040-C2,71313,2,2390.25,1,3.0,middle50,False
B-G1.040-C2,71313,2,2392.25,1,2.0,middle50,False
B-G1.040-C2,71313,2,2403.25,3,11.0,middle50,False
B-G1.040-C2,71313,2,2522.75,1,119.5,late25,False
B-G1.040-C2,71313,2,2527.5,1,4.75,late25,False
B-G1.040-C2,71313,2,2533.0,1,5.5,late25,False
B-G1.040-C2,71313,2,2536.25,1,3.25,late25,False
B-G1.040-C2,71313,2,2540.0,1,3.75,late25,False
B-G1.040-C2,71313,2,2543.5,1,3.5,late25,False
B-G1.040-C2,71313,2,2550.25,1,6.75,late25,False
B-G1.040-C2,71313,2,2554.5,1,4.25,late25,False
B-G1.040-C2,71313,2,2577.0,1,22.5,late25,False
B-G1.040-C2,71313,2,2579.5,9,2.5,late25,False
B-G1.040-C2,71313,2,2585.75,1,6.25,late25,False
B-G1.040-C2,71313,2,2588.0,1,2.25,late25,False
B-G1.040-C2,71313,2,2590.0,1,2.0,late25,False
B-G1.040-C2,71313,2,2593.0,1,3.0,late25,False
B-G1.040-C2,71313,2,2596.5,1,3.5,late25,False
B-G1.040-C2,71313,2,2598.75,1,2.25,late25,False
B-G1.040-C2,71313,2,2606.5,1,7.75,late25,False
B-G1.040-C2,71313,2,2609.0,1,2.5,late25,False
B-G1.040-C2,71313,3,2726.0,1,117.0,early25,True
B-G1.040-C2,71313,3,2727.75,1,1.75,early25,True
B-G1.040-C2,71313,3,2729.5,1,1.75,early25,True
B-G1.040-C2,71313,3,2731.5,2,2.0,early25,True
B-G1.040-C2,71313,3,2735.75,2,4.25,early25,True
B-G1.040-C2,71313,3,2739.75,2,4.0,early25,True
B-G1.040-C2,71313,3,2743.0,1,3.25,early25,True
B-G1.040-C2,71313,3,2743.75,1,0.75,early25,True
B-G1.040-C2,71313,3,2754.0,2,10.25,early25,True
B-G1.040-C2,71313,3,2782.75,1,28.75,early25,True
B-G1.040-C2,71313,3,2785.25,1,2.5,early25,True
B-G1.040-C2,71313,3,2790.5,2,5.25,early25,True
B-G1.040-C2,71313,3,2793.25,1,2.75,early25,True
B-G1.040-C2,71313,3,2795.75,2,2.5,early25,True
B-G1.040-C2,71313,3,2803.75,1,8.0,early25,True
B-G1.040-C2,71313,3,2809.25,1,5.5,early25,True
B-G1.040-C2,71313,3,2820.5,2,11.25,early25,True
B-G1.040-C2,71313,3,2826.5,4,6.0,early25,True
B-G1.040-C2,71313,3,2836.5,1,10.0,early25,True
B-G1.040-C2,71313,3,2840.0,1,3.5,early25,True
B-G1.040-C2,71313,3,2846.0,1,6.0,early25,True
B-G1.040-C2,71313,3,2855.0,1,9.0,early25,True
B-G1.040-C2,71313,3,2863.0,2,8.0,early25,True
B-G1.040-C2,71313,3,2898.25,2,35.25,early25,True
B-G1.040-C2,71313,3,2906.5,1,8.25,early25,True
B-G1.040-C2,71313,3,2918.25,2,11.75,early25,True
B-G1.040-C2,71313,3,2934.0,7,15.75,early25,True
B-G1.040-C2,71313,3,2944.5,1,10.5,middle50,True
B-G1.040-C2,71313,3,2949.0,1,4.5,middle50,True
B-G1.040-C2,71313,3,2953.25,1,4.25,middle50,True
B-G1.040-C2,71313,3,2956.5,1,3.25,middle50,True
B-G1.040-C2,71313,3,2960.75,1,4.25,middle50,True
B-G1.040-C2,71313,3,2964.75,1,4.0,middle50,True
B-G1.040-C2,71313,3,2968.0,1,3.25,middle50,True
B-G1.040-C2,71313,3,2971.5,9,3.5,middle50,True
B-G1.040-C2,71313,3,2998.25,1,26.75,middle50,True
B-G1.040-C2,71313,3,3005.0,1,6.75,middle50,True
B-G1.040-C2,71313,3,3008.5,1,3.5,middle50,True
B-G1.040-C2,71313,3,3013.0,1,4.5,middle50,True
B-G1.040-C2,71313,3,3019.0,1,6.0,middle50,True
B-G1.040-C2,71313,3,3021.0,1,2.0,middle50,True
B-G1.040-C2,71313,3,3027.75,1,6.75,middle50,True
B-G1.040-C2,71313,3,3029.5,1,1.75,middle50,True
B-G1.040-C2,71313,3,3059.5,1,30.0,middle50,True
B-G1.040-C2,71313,3,3067.0,2,7.5,middle50,True
B-G1.040-C2,71313,3,3074.0,1,7.0,middle50,True
B-G1.040-C2,71313,3,3077.75,1,3.75,middle50,True
B-G1.040-C2,71313,3,3085.0,1,7.25,middle50,True
B-G1.040-C2,71313,3,3111.75,1,26.75,middle50,True
B-G1.040-C2,71313,3,3114.25,1,2.5,middle50,True
B-G1.040-C2,71313,3,3117.0,7,2.75,middle50,True
B-G1.040-C2,71313,3,3121.25,1,4.25,middle50,True
B-G1.040-C2,71313,3,3127.25,1,6.0,middle50,True
B-G1.040-C2,71313,3,3131.75,1,4.5,middle50,True
B-G1.040-C2,71313,3,3136.0,1,4.25,middle50,True
B-G1.040-C2,71313,3,3140.25,1,4.25,middle50,True
B-G1.040-C2,71313,3,3149.75,2,9.5,middle50,True
B-G1.040-C2,71313,3,3159.5,1,9.75,middle50,True
B-G1.040-C2,71313,3,3162.75,1,3.25,middle50,True
B-G1.040-C2,71313,3,3170.5,1,7.75,middle50,True
B-G1.040-C2,71313,3,3173.75,1,3.25,middle50,True
B-G1.040-C2,71313,3,3179.75,1,6.0,middle50,True
B-G1.040-C2,71313,3,3183.75,7,4.0,middle50,True
B-G1.040-C2,71313,3,3216.5,1,32.75,middle50,True
B-G1.040-C2,71313,3,3217.25,1,0.75,middle50,True
B-G1.040-C2,71313,3,3217.75,1,0.5,middle50,True
B-G1.040-C2,71313,3,3221.75,1,4.0,middle50,True
B-G1.040-C2,71313,3,3232.0,1,10.25,middle50,True
B-G1.040-C2,71313,3,3234.25,1,2.25,middle50,True
B-G1.040-C2,71313,3,3244.25,2,10.0,middle50,True
B-G1.040-C2,71313,3,3256.25,3,12.0,middle50,True
B-G1.040-C2,71313,3,3271.25,1,15.0,middle50,True
B-G1.040-C2,71313,3,3279.75,1,8.5,middle50,True
B-G1.040-C2,71313,3,3282.0,3,2.25,middle50,True
B-G1.040-C2,71313,3,3285.5,3,3.5,middle50,True
B-G1.040-C2,71313,3,3287.25,1,1.75,middle50,True
B-G1.040-C2,71313,3,3288.0,1,0.75,middle50,True
B-G1.040-C2,71313,3,3294.0,1,6.0,middle50,True
B-G1.040-C2,71313,3,3323.5,1,29.5,middle50,True
B-G1.040-C2,71313,3,3332.5,1,9.0,middle50,True
B-G1.040-C2,71313,3,3341.25,1,8.75,middle50,True
B-G1.040-C2,71313,3,3344.75,1,3.5,middle50,True
B-G1.040-C2,71313,3,3351.25,1,6.5,middle50,True
B-G1.040-C2,71313,3,3362.0,1,10.75,middle50,True
B-G1.040-C2,71313,3,3369.75,3,7.75,middle50,True
B-G1.040-C2,71313,3,3385.5,1,15.75,late25,True
B-G1.040-C2,71313,3,3394.0,1,8.5,late25,True
B-G1.040-C2,71313,3,3402.75,1,8.75,late25,True
B-G1.040-C2,71313,3,3439.75,1,37.0,late25,True
B-G1.040-C2,71313,3,3444.5,1,4.75,late25,True
B-G1.040-C2,71313,3,3449.5,1,5.0,late25,True
B-G1.040-C2,71313,3,3454.25,1,4.75,late25,True
B-G1.040-C2,71313,3,3466.0,1,11.75,late25,True
B-G1.040-C2,71313,3,3479.0,3,13.0,late25,True
B-G1.040-C3,42,0,0.25,3,,early25,False
B-G1.040-C3,42,0,8.25,1,8.0,early25,False
B-G1.040-C3,42,0,22.0,1,13.75,early25,False
B-G1.040-C3,42,0,46.75,1,24.75,early25,False
B-G1.040-C3,42,0,58.0,1,11.25,early25,False
B-G1.040-C3,42,0,98.25,1,40.25,early25,False
B-G1.040-C3,42,0,108.25,1,10.0,early25,False
B-G1.040-C3,42,0,159.25,1,51.0,early25,False
B-G1.040-C3,42,0,169.75,1,10.5,early25,False
B-G1.040-C3,42,0,173.75,1,4.0,early25,False
B-G1.040-C3,42,0,215.25,1,41.5,middle50,False
B-G1.040-C3,42,0,223.0,1,7.75,middle50,False
B-G1.040-C3,42,0,232.5,1,9.5,middle50,False
B-G1.040-C3,42,0,241.0,1,8.5,middle50,False
B-G1.040-C3,42,0,247.25,1,6.25,middle50,False
B-G1.040-C3,42,0,278.25,1,31.0,middle50,False
B-G1.040-C3,42,0,284.25,1,6.0,middle50,False
B-G1.040-C3,42,0,290.75,1,6.5,middle50,False
B-G1.040-C3,42,0,295.0,1,4.25,middle50,False
B-G1.040-C3,42,0,299.75,1,4.75,middle50,False
B-G1.040-C3,42,0,335.25,1,35.5,middle50,False
B-G1.040-C3,42,0,338.25,1,3.0,middle50,False
B-G1.040-C3,42,0,346.75,1,8.5,middle50,False
B-G1.040-C3,42,0,351.0,1,4.25,middle50,False
B-G1.040-C3,42,0,356.5,1,5.5,middle50,False
B-G1.040-C3,42,0,359.25,1,2.75,middle50,False
B-G1.040-C3,42,0,362.5,1,3.25,middle50,False
B-G1.040-C3,42,0,376.25,4,13.75,middle50,False
B-G1.040-C3,42,0,531.75,1,155.5,middle50,False
B-G1.040-C3,42,0,537.0,3,5.25,middle50,False
B-G1.040-C3,42,0,539.5,3,2.5,middle50,False
B-G1.040-C3,42,0,543.0,1,3.5,middle50,False
B-G1.040-C3,42,0,549.5,1,6.5,middle50,False
B-G1.040-C3,42,0,582.75,1,33.25,middle50,False
B-G1.040-C3,42,0,587.5,1,4.75,middle50,False
B-G1.040-C3,42,0,593.25,1,5.75,middle50,False
B-G1.040-C3,42,0,595.75,1,2.5,middle50,False
B-G1.040-C3,42,0,599.25,1,3.5,middle50,False
B-G1.040-C3,42,0,603.0,1,3.75,middle50,False
B-G1.040-C3,42,0,607.75,1,4.75,middle50,False
B-G1.040-C3,42,0,637.75,1,30.0,late25,False
B-G1.040-C3,42,0,644.75,1,7.0,late25,False
B-G1.040-C3,42,0,650.0,1,5.25,late25,False
B-G1.040-C3,42,0,658.5,1,8.5,late25,False
B-G1.040-C3,42,0,689.25,1,30.75,late25,False
B-G1.040-C3,42,0,694.75,1,5.5,late25,False
B-G1.040-C3,42,0,700.0,1,5.25,late25,False
B-G1.040-C3,42,0,704.5,1,4.5,late25,False
B-G1.040-C3,42,0,708.0,1,3.5,late25,False
B-G1.040-C3,42,0,713.0,1,5.0,late25,False
B-G1.040-C3,42,0,718.75,1,5.75,late25,False
B-G1.040-C3,42,0,831.5,1,112.75,late25,False
B-G1.040-C3,42,1,854.0,1,22.5,early25,False
B-G1.040-C3,42,1,858.5,2,4.5,early25,False
B-G1.040-C3,42,1,863.5,1,5.0,early25,False
B-G1.040-C3,42,1,868.25,2,4.75,early25,False
B-G1.040-C3,42,1,874.5,2,6.25,early25,False
B-G1.040-C3,42,1,880.0,1,5.5,early25,False
B-G1.040-C3,42,1,883.75,2,3.75,early25,False
B-G1.040-C3,42,1,910.5,1,26.75,early25,False
B-G1.040-C3,42,1,914.0,22,3.5,early25,False
B-G1.040-C3,42,1,927.0,2,13.0,early25,False
B-G1.040-C3,42,1,929.75,1,2.75,early25,False
B-G1.040-C3,42,1,932.5,1,2.75,early25,False
B-G1.040-C3,42,1,934.75,1,2.25,early25,False
B-G1.040-C3,42,1,939.25,1,4.5,early25,False
B-G1.040-C3,42,1,940.75,1,1.5,early25,False
B-G1.040-C3,42,1,1088.25,1,147.5,middle50,False
B-G1.040-C3,42,1,1092.25,1,4.0,middle50,False
B-G1.040-C3,42,1,1096.25,1,4.0,middle50,False
B-G1.040-C3,42,1,1099.25,1,3.0,middle50,False
B-G1.040-C3,42,1,1102.25,1,3.0,middle50,False
B-G1.040-C3,42,1,1105.5,1,3.25,middle50,False
B-G1.040-C3,42,1,1108.75,1,3.25,middle50,False
B-G1.040-C3,42,1,1112.0,2,3.25,middle50,False
B-G1.040-C3,42,1,1142.5,1,30.5,middle50,False
B-G1.040-C3,42,1,1145.75,1,3.25,middle50,False
B-G1.040-C3,42,1,1147.0,1,1.25,middle50,False
B-G1.040-C3,42,1,1152.5,2,5.5,middle50,False
B-G1.040-C3,42,1,1158.0,1,5.5,middle50,False
B-G1.040-C3,42,1,1162.25,1,4.25,middle50,False
B-G1.040-C3,42,1,1164.5,1,2.25,middle50,False
B-G1.040-C3,42,1,1168.0,1,3.5,middle50,False
B-G1.040-C3,42,1,1172.5,1,4.5,middle50,False
B-G1.040-C3,42,1,1178.75,1,6.25,middle50,False
B-G1.040-C3,42,1,1198.25,2,19.5,middle50,False
B-G1.040-C3,42,1,1202.5,1,4.25,middle50,False
B-G1.040-C3,42,1,1205.25,1,2.75,middle50,False
B-G1.040-C3,42,1,1211.25,1,6.0,middle50,False
B-G1.040-C3,42,1,1214.75,1,3.5,middle50,False
B-G1.040-C3,42,1,1250.25,1,35.5,middle50,False
B-G1.040-C3,42,1,1254.25,2,4.0,late25,False
B-G1.040-C3,42,1,1258.25,1,4.0,late25,False
B-G1.040-C3,42,1,1261.75,1,3.5,late25,False
B-G1.040-C3,42,1,1264.25,1,2.5,late25,False
B-G1.040-C3,42,1,1271.0,1,6.75,late25,False
B-G1.040-C3,42,1,1272.25,1,1.25,late25,False
B-G1.040-C3,42,1,1275.75,1,3.5,late25,False
B-G1.040-C3,42,1,1278.25,1,2.5,late25,False
B-G1.040-C3,42,1,1281.5,2,3.25,late25,False
B-G1.040-C3,42,1,1292.75,4,11.25,late25,False
B-G1.040-C3,42,1,1392.0,1,99.25,late25,False
B-G1.040-C3,42,2,1409.0,2,17.0,early25,False
B-G1.040-C3,42,2,1411.0,2,2.0,early25,False
B-G1.040-C3,42,2,1413.0,2,2.0,early25,False
B-G1.040-C3,42,2,1416.0,2,3.0,early25,False
B-G1.040-C3,42,2,1418.25,2,2.25,early25,False
B-G1.040-C3,42,2,1419.25,1,1.0,early25,False
B-G1.040-C3,42,2,1425.0,2,5.75,early25,False
B-G1.040-C3,42,2,1427.5,1,2.5,early25,False
B-G1.040-C3,42,2,1430.25,2,2.75,early25,False
B-G1.040-C3,42,2,1433.25,2,3.0,early25,False
B-G1.040-C3,42,2,1438.75,2,5.5,early25,False
B-G1.040-C3,42,2,1466.0,1,27.25,early25,False
B-G1.040-C3,42,2,1470.5,3,4.5,early25,False
B-G1.040-C3,42,2,1476.25,3,5.75,early25,False
B-G1.040-C3,42,2,1481.0,3,4.75,early25,False
B-G1.040-C3,42,2,1483.75,1,2.75,early25,False
B-G1.040-C3,42,2,1487.75,2,4.0,early25,False
B-G1.040-C3,42,2,1492.0,20,4.25,early25,False
B-G1.040-C3,42,2,1501.0,2,9.0,early25,False
B-G1.040-C3,42,2,1513.75,1,12.75,early25,False
B-G1.040-C3,42,2,1517.5,1,3.75,early25,False
B-G1.040-C3,42,2,1519.25,1,1.75,early25,False
B-G1.040-C3,42,2,1526.5,1,7.25,early25,False
B-G1.040-C3,42,2,1530.5,2,4.0,early25,False
B-G1.040-C3,42,2,1533.25,1,2.75,early25,False
B-G1.040-C3,42,2,1535.0,1,1.75,early25,False
B-G1.040-C3,42,2,1538.75,2,3.75,early25,False
B-G1.040-C3,42,2,1545.5,3,6.75,early25,False
B-G1.040-C3,42,2,1571.0,1,25.5,early25,False
B-G1.040-C3,42,2,1576.25,3,5.25,early25,False
B-G1.040-C3,42,2,1589.25,1,13.0,early25,False
B-G1.040-C3,42,2,1593.0,2,3.75,middle50,False
B-G1.040-C3,42,2,1596.75,1,3.75,middle50,False
B-G1.040-C3,42,2,1601.5,2,4.75,middle50,False
B-G1.040-C3,42,2,1632.0,1,30.5,middle50,False
B-G1.040-C3,42,2,1636.5,2,4.5,middle50,False
B-G1.040-C3,42,2,1641.25,1,4.75,middle50,False
B-G1.040-C3,42,2,1644.5,2,3.25,middle50,False
B-G1.040-C3,42,2,1649.75,2,5.25,middle50,False
B-G1.040-C3,42,2,1654.5,1,4.75,middle50,False
B-G1.040-C3,42,2,1658.25,2,3.75,middle50,False
B-G1.040-C3,42,2,1684.75,17,26.5,middle50,False
B-G1.040-C3,42,2,1688.25,1,3.5,middle50,False
B-G1.040-C3,42,2,1697.25,1,9.0,middle50,False
B-G1.040-C3,42,2,1699.5,1,2.25,middle50,False
B-G1.040-C3,42,2,1703.5,1,4.0,middle50,False
B-G1.040-C3,42,2,1705.75,1,2.25,middle50,False
B-G1.040-C3,42,2,1709.75,1,4.0,middle50,False
B-G1.040-C3,42,2,1713.25,1,3.5,middle50,False
B-G1.040-C3,42,2,1720.25,1,7.0,middle50,False
B-G1.040-C3,42,2,1871.25,1,151.0,middle50,False
B-G1.040-C3,42,2,1874.25,1,3.0,middle50,False
B-G1.040-C3,42,2,1876.25,1,2.0,middle50,False
B-G1.040-C3,42,2,1878.5,1,2.25,middle50,False
B-G1.040-C3,42,2,1883.75,1,5.25,middle50,False
B-G1.040-C3,42,2,1887.25,2,3.5,middle50,False
B-G1.040-C3,42,2,1893.0,1,5.75,middle50,False
B-G1.040-C3,42,2,1897.0,2,4.0,middle50,False
B-G1.040-C3,42,2,1900.25,1,3.25,middle50,False
B-G1.040-C3,42,2,1926.75,1,26.5,middle50,False
B-G1.040-C3,42,2,1930.5,1,3.75,middle50,False
B-G1.040-C3,42,2,1934.0,2,3.5,middle50,False
B-G1.040-C3,42,2,1937.0,1,3.0,middle50,False
B-G1.040-C3,42,2,1940.25,13,3.25,middle50,False
B-G1.040-C3,42,2,1942.75,1,2.5,middle50,False
B-G1.040-C3,42,2,1947.75,1,5.0,middle50,False
B-G1.040-C3,42,2,1950.0,1,2.25,middle50,False
B-G1.040-C3,42,2,1952.25,1,2.25,middle50,False
B-G1.040-C3,42,2,1957.0,1,4.75,middle50,False
B-G1.040-C3,42,2,1968.75,4,11.75,middle50,False
B-G1.040-C3,42,2,1981.5,1,12.75,middle50,False
B-G1.040-C3,42,2,1986.0,1,4.5,late25,False
B-G1.040-C3,42,2,1989.25,1,3.25,late25,False
B-G1.040-C3,42,2,1992.0,1,2.75,late25,False
B-G1.040-C3,42,2,1996.0,1,4.0,late25,False
B-G1.040-C3,42,2,2000.25,1,4.25,late25,False
B-G1.040-C3,42,2,2003.75,1,3.5,late25,False
B-G1.040-C3,42,2,2007.5,1,3.75,late25,False
B-G1.040-C3,42,2,2010.5,1,3.0,late25,False
B-G1.040-C3,42,2,2034.5,10,24.0,late25,False
B-G1.040-C3,42,2,2037.5,2,3.0,late25,False
B-G1.040-C3,42,2,2039.0,2,1.5,late25,False
B-G1.040-C3,42,2,2040.25,1,1.25,late25,False
B-G1.040-C3,42,2,2043.25,3,3.0,late25,False
B-G1.040-C3,42,2,2046.75,1,3.5,late25,False
B-G1.040-C3,42,2,2050.25,1,3.5,late25,False
B-G1.040-C3,42,2,2053.75,1,3.5,late25,False
B-G1.040-C3,42,2,2056.5,1,2.75,late25,False
B-G1.040-C3,42,2,2060.0,1,3.5,late25,False
B-G1.040-C3,42,2,2064.5,1,4.5,late25,False
B-G1.040-C3,42,2,2067.25,1,2.75,late25,False
B-G1.040-C3,42,3,2193.75,2,126.5,early25,True
B-G1.040-C3,42,3,2195.75,1,2.0,early25,True
B-G1.040-C3,42,3,2197.5,1,1.75,early25,True
B-G1.040-C3,42,3,2201.75,3,4.25,early25,True
B-G1.040-C3,42,3,2205.75,2,4.0,early25,True
B-G1.040-C3,42,3,2208.5,1,2.75,early25,True
B-G1.040-C3,42,3,2212.0,2,3.5,early25,True
B-G1.040-C3,42,3,2216.0,1,4.0,early25,True
B-G1.040-C3,42,3,2218.75,1,2.75,early25,True
B-G1.040-C3,42,3,2223.25,2,4.5,early25,True
B-G1.040-C3,42,3,2250.25,1,27.0,early25,True
B-G1.040-C3,42,3,2254.0,2,3.75,early25,True
B-G1.040-C3,42,3,2256.75,1,2.75,early25,True
B-G1.040-C3,42,3,2260.0,14,3.25,early25,True
B-G1.040-C3,42,3,2262.5,1,2.5,early25,True
B-G1.040-C3,42,3,2264.25,1,1.75,early25,True
B-G1.040-C3,42,3,2270.5,3,6.25,early25,True
B-G1.040-C3,42,3,2278.25,1,7.75,early25,True
B-G1.040-C3,42,3,2289.0,4,10.75,early25,True
B-G1.040-C3,42,3,2298.25,1,9.25,early25,True
B-G1.040-C3,42,3,2301.0,1,2.75,early25,True
B-G1.040-C3,42,3,2303.75,1,2.75,early25,True
B-G1.040-C3,42,3,2307.5,1,3.75,early25,True
B-G1.040-C3,42,3,2310.75,1,3.25,early25,True
B-G1.040-C3,42,3,2315.75,1,5.0,early25,True
B-G1.040-C3,42,3,2318.5,9,2.75,early25,True
B-G1.040-C3,42,3,2322.75,1,4.25,early25,True
B-G1.040-C3,42,3,2325.25,1,2.5,early25,True
B-G1.040-C3,42,3,2327.5,1,2.25,early25,True
B-G1.040-C3,42,3,2362.25,2,34.75,early25,True
B-G1.040-C3,42,3,2364.75,1,2.5,early25,True
B-G1.040-C3,42,3,2373.5,1,8.75,early25,True
B-G1.040-C3,42,3,2379.0,1,5.5,early25,True
B-G1.040-C3,42,3,2380.5,1,1.5,early25,True
B-G1.040-C3,42,3,2390.5,1,10.0,early25,True
B-G1.040-C3,42,3,2398.0,6,7.5,early25,True
B-G1.040-C3,42,3,2410.25,1,12.25,early25,True
B-G1.040-C3,42,3,2413.75,1,3.5,early25,True
B-G1.040-C3,42,3,2417.5,1,3.75,early25,True
B-G1.040-C3,42,3,2421.0,1,3.5,early25,True
B-G1.040-C3,42,3,2424.75,1,3.75,early25,True
B-G1.040-C3,42,3,2431.25,8,6.5,early25,True
B-G1.040-C3,42,3,2461.75,1,30.5,early25,True
B-G1.040-C3,42,3,2465.0,1,3.25,early25,True
B-G1.040-C3,42,3,2466.25,3,1.25,early25,True
B-G1.040-C3,42,3,2471.25,1,5.0,early25,True
B-G1.040-C3,42,3,2475.5,1,4.25,early25,True
B-G1.040-C3,42,3,2483.0,2,7.5,early25,True
B-G1.040-C3,42,3,2486.5,1,3.5,early25,True
B-G1.040-C3,42,3,2491.75,1,5.25,early25,True
B-G1.040-C3,42,3,2502.25,2,10.5,early25,True
B-G1.040-C3,42,3,2513.0,1,10.75,early25,True
B-G1.040-C3,42,3,2521.75,1,8.75,early25,True
B-G1.040-C3,42,3,2528.25,1,6.5,early25,True
B-G1.040-C3,42,3,2538.5,1,10.25,middle50,True
B-G1.040-C3,42,3,2576.25,1,37.75,middle50,True
B-G1.040-C3,42,3,2581.25,1,5.0,middle50,True
B-G1.040-C3,42,3,2591.5,2,10.25,middle50,True
B-G1.040-C3,42,3,2596.75,1,5.25,middle50,True
B-G1.040-C3,42,3,2610.5,4,13.75,middle50,True
B-G1.040-C3,42,3,2625.0,1,14.5,middle50,True
B-G1.040-C3,42,3,2630.5,1,5.5,middle50,True
B-G1.040-C3,42,3,2635.75,3,5.25,middle50,True
B-G1.040-C3,42,3,2642.75,1,7.0,middle50,True
B-G1.040-C3,42,3,2674.25,2,31.5,middle50,True
B-G1.040-C3,42,3,2675.5,2,1.25,middle50,True
B-G1.040-C3,42,3,2677.0,1,1.5,middle50,True
B-G1.040-C3,42,3,2681.0,1,4.0,middle50,True
B-G1.040-C3,42,3,2687.5,1,6.5,middle50,True
B-G1.040-C3,42,3,2701.25,1,13.75,middle50,True
B-G1.040-C3,42,3,2711.0,1,9.75,middle50,True
B-G1.040-C3,42,3,2718.75,3,7.75,middle50,True
B-G1.040-C3,42,3,2730.0,1,11.25,middle50,True
B-G1.040-C3,42,3,2736.5,1,6.5,middle50,True
B-G1.040-C3,42,3,2744.75,1,8.25,middle50,True
B-G1.040-C3,42,3,2747.75,1,3.0,middle50,True
B-G1.040-C3,42,3,2791.75,1,44.0,middle50,True
B-G1.040-C3,42,3,2796.25,1,4.5,middle50,True
B-G1.040-C3,42,3,2805.0,1,8.75,middle50,True
B-G1.040-C3,42,3,2809.75,1,4.75,middle50,True
B-G1.040-C3,42,3,2827.0,3,17.25,middle50,True
B-G1.040-C3,42,3,2841.75,1,14.75,middle50,True
B-G1.040-C3,42,3,2844.5,1,2.75,middle50,True
B-G1.040-C3,42,3,2863.75,1,19.25,middle50,True
B-G1.040-C3,42,3,2894.25,1,30.5,middle50,True
B-G1.040-C3,42,3,2904.25,1,10.0,middle50,True
B-G1.040-C3,42,3,2907.5,1,3.25,middle50,True
B-G1.040-C3,42,3,2919.0,1,11.5,middle50,True
B-G1.040-C3,42,3,2932.75,3,13.75,middle50,True
B-G1.040-C3,42,3,3077.0,1,144.25,middle50,True
B-G1.040-C3,42,3,3083.5,1,6.5,middle50,True
B-G1.040-C3,42,3,3093.75,1,10.25,middle50,True
B-G1.040-C3,42,3,3126.75,1,33.0,middle50,True
B-G1.040-C3,42,3,3131.5,1,4.75,middle50,True
B-G1.040-C3,42,3,3132.75,1,1.25,middle50,True
B-G1.040-C3,42,3,3137.75,1,5.0,middle50,True
B-G1.040-C3,42,3,3143.5,1,5.75,middle50,True
B-G1.040-C3,42,3,3155.0,1,11.5,middle50,True
B-G1.040-C3,42,3,3165.0,3,10.0,middle50,True
B-G1.040-C3,42,3,3181.5,1,16.5,middle50,True
B-G1.040-C3,42,3,3191.5,1,10.0,middle50,True
B-G1.040-C3,42,3,3198.25,4,6.75,middle50,True
B-G1.040-C3,42,3,3235.5,1,37.25,middle50,True
B-G1.040-C3,42,3,3240.5,2,5.0,middle50,True
B-G1.040-C3,42,3,3250.0,1,9.5,late25,True
B-G1.040-C3,42,3,3254.5,1,4.5,late25,True
B-G1.040-C3,42,3,3423.5,1,169.0,late25,True
B-G1.040-C3,42,3,3442.0,1,18.5,late25,True
B-G1.040-C3,42,3,3477.5,1,35.5,late25,True
B-G1.040-C3,42,3,3483.25,1,5.75,late25,True
B-G1.040-C3,42,3,3490.0,1,6.75,late25,True
B-G1.040-C3,42,3,3500.25,1,10.25,late25,True
B-G1.040-C3,42,3,3540.75,1,40.5,late25,True
B-G1.040-C3,42,3,3583.5,1,42.75,late25,True
B-G1.040-C3,42,3,3596.5,1,13.0,late25,True
B-G1.040-C3,7961,0,0.25,3,,early25,False
B-G1.040-C3,7961,0,8.25,1,8.0,early25,False
B-G1.040-C3,7961,0,17.25,1,9.0,early25,False
B-G1.040-C3,7961,0,39.25,1,22.0,early25,False
B-G1.040-C3,7961,0,54.5,1,15.25,early25,False
B-G1.040-C3,7961,0,109.0,1,54.5,early25,False
B-G1.040-C3,7961,0,112.25,1,3.25,early25,False
B-G1.040-C3,7961,0,116.75,1,4.5,early25,False
B-G1.040-C3,7961,0,174.5,1,57.75,early25,False
B-G1.040-C3,7961,0,181.75,1,7.25,early25,False
B-G1.040-C3,7961,0,213.25,1,31.5,middle50,False
B-G1.040-C3,7961,0,222.25,1,9.0,middle50,False
B-G1.040-C3,7961,0,233.0,1,10.75,middle50,False
B-G1.040-C3,7961,0,239.0,1,6.0,middle50,False
B-G1.040-C3,7961,0,242.0,1,3.0,middle50,False
B-G1.040-C3,7961,0,278.25,1,36.25,middle50,False
B-G1.040-C3,7961,0,285.25,1,7.0,middle50,False
B-G1.040-C3,7961,0,290.75,1,5.5,middle50,False
B-G1.040-C3,7961,0,298.0,1,7.25,middle50,False
B-G1.040-C3,7961,0,306.25,1,8.25,middle50,False
B-G1.040-C3,7961,0,340.25,1,34.0,middle50,False
B-G1.040-C3,7961,0,344.5,1,4.25,middle50,False
B-G1.040-C3,7961,0,350.75,1,6.25,middle50,False
B-G1.040-C3,7961,0,356.5,1,5.75,middle50,False
B-G1.040-C3,7961,0,364.0,1,7.5,middle50,False
B-G1.040-C3,7961,0,371.0,1,7.0,middle50,False
B-G1.040-C3,7961,0,530.25,1,159.25,middle50,False
B-G1.040-C3,7961,0,534.75,1,4.5,middle50,False
B-G1.040-C3,7961,0,539.25,1,4.5,middle50,False
B-G1.040-C3,7961,0,544.75,1,5.5,middle50,False
B-G1.040-C3,7961,0,548.5,1,3.75,middle50,False
B-G1.040-C3,7961,0,584.25,1,35.75,middle50,False
B-G1.040-C3,7961,0,588.25,1,4.0,middle50,False
B-G1.040-C3,7961,0,592.5,1,4.25,middle50,False
B-G1.040-C3,7961,0,597.5,1,5.0,middle50,False
B-G1.040-C3,7961,0,600.0,1,2.5,middle50,False
B-G1.040-C3,7961,0,615.5,1,15.5,middle50,False
B-G1.040-C3,7961,0,636.5,1,21.0,late25,False
B-G1.040-C3,7961,0,640.25,1,3.75,late25,False
B-G1.040-C3,7961,0,646.5,1,6.25,late25,False
B-G1.040-C3,7961,0,652.0,1,5.5,late25,False
B-G1.040-C3,7961,0,659.75,1,7.75,late25,False
B-G1.040-C3,7961,0,665.0,1,5.25,late25,False
B-G1.040-C3,7961,0,694.5,1,29.5,late25,False
B-G1.040-C3,7961,0,702.75,1,8.25,late25,False
B-G1.040-C3,7961,0,709.0,1,6.25,late25,False
B-G1.040-C3,7961,0,714.25,1,5.25,late25,False
B-G1.040-C3,7961,0,718.75,1,4.5,late25,False
B-G1.040-C3,7961,0,728.75,1,10.0,late25,False
B-G1.040-C3,7961,1,857.25,1,128.5,early25,False
B-G1.040-C3,7961,1,859.0,1,1.75,early25,False
B-G1.040-C3,7961,1,860.5,1,1.5,early25,False
B-G1.040-C3,7961,1,863.25,1,2.75,early25,False
B-G1.040-C3,7961,1,866.0,1,2.75,early25,False
B-G1.040-C3,7961,1,868.5,2,2.5,early25,False
B-G1.040-C3,7961,1,869.75,1,1.25,early25,False
B-G1.040-C3,7961,1,875.0,1,5.25,early25,False
B-G1.040-C3,7961,1,879.0,1,4.0,early25,False
B-G1.040-C3,7961,1,884.25,2,5.25,early25,False
B-G1.040-C3,7961,1,913.25,1,29.0,early25,False
B-G1.040-C3,7961,1,919.5,2,6.25,early25,False
B-G1.040-C3,7961,1,927.5,2,8.0,early25,False
B-G1.040-C3,7961,1,931.75,2,4.25,early25,False
B-G1.040-C3,7961,1,933.0,1,1.25,early25,False
B-G1.040-C3,7961,1,934.25,1,1.25,early25,False
B-G1.040-C3,7961,1,936.5,1,2.25,early25,False
B-G1.040-C3,7961,1,939.25,1,2.75,early25,False
B-G1.040-C3,7961,1,943.0,1,3.75,early25,False
B-G1.040-C3,7961,1,950.75,2,7.75,early25,False
B-G1.040-C3,7961,1,982.0,2,31.25,early25,False
B-G1.040-C3,7961,1,985.5,1,3.5,early25,False
B-G1.040-C3,7961,1,990.25,2,4.75,early25,False
B-G1.040-C3,7961,1,995.0,1,4.75,early25,False
B-G1.040-C3,7961,1,1036.5,1,41.5,middle50,False
B-G1.040-C3,7961,1,1045.5,2,9.0,middle50,False
B-G1.040-C3,7961,1,1053.0,2,7.5,middle50,False
B-G1.040-C3,7961,1,1055.5,1,2.5,middle50,False
B-G1.040-C3,7961,1,1079.25,2,23.75,middle50,False
B-G1.040-C3,7961,1,1083.5,1,4.25,middle50,False
B-G1.040-C3,7961,1,1089.25,2,5.75,middle50,False
B-G1.040-C3,7961,1,1096.5,2,7.25,middle50,False
B-G1.040-C3,7961,1,1099.25,1,2.75,middle50,False
B-G1.040-C3,7961,1,1130.5,1,31.25,middle50,False
B-G1.040-C3,7961,1,1132.75,1,2.25,middle50,False
B-G1.040-C3,7961,1,1136.25,1,3.5,middle50,False
B-G1.040-C3,7961,1,1138.0,1,1.75,middle50,False
B-G1.040-C3,7961,1,1144.25,1,6.25,middle50,False
B-G1.040-C3,7961,1,1148.75,1,4.5,middle50,False
B-G1.040-C3,7961,1,1151.75,1,3.0,middle50,False
B-G1.040-C3,7961,1,1155.75,2,4.0,middle50,False
B-G1.040-C3,7961,1,1166.5,1,10.75,middle50,False
B-G1.040-C3,7961,1,1309.5,1,143.0,middle50,False
B-G1.040-C3,7961,1,1313.5,1,4.0,middle50,False
B-G1.040-C3,7961,1,1321.0,1,7.5,middle50,False
B-G1.040-C3,7961,1,1326.75,1,5.75,middle50,False
B-G1.040-C3,7961,1,1335.0,1,8.25,middle50,False
B-G1.040-C3,7961,1,1366.25,1,31.25,middle50,False
B-G1.040-C3,7961,1,1370.25,1,4.0,middle50,False
B-G1.040-C3,7961,1,1377.5,1,7.25,middle50,False
B-G1.040-C3,7961,1,1380.5,1,3.0,middle50,False
B-G1.040-C3,7961,1,1384.75,1,4.25,middle50,False
B-G1.040-C3,7961,1,1387.25,1,2.5,middle50,False
B-G1.040-C3,7961,1,1403.25,2,16.0,middle50,False
B-G1.040-C3,7961,1,1410.25,4,7.0,middle50,False
B-G1.040-C3,7961,1,1421.25,1,11.0,middle50,False
B-G1.040-C3,7961,1,1422.75,1,1.5,middle50,False
B-G1.040-C3,7961,1,1424.25,4,1.5,middle50,False
B-G1.040-C3,7961,1,1430.0,1,5.75,late25,False
B-G1.040-C3,7961,1,1435.0,1,5.0,late25,False
B-G1.040-C3,7961,1,1439.75,1,4.75,late25,False
B-G1.040-C3,7961,1,1443.5,1,3.75,late25,False
B-G1.040-C3,7961,1,1448.5,1,5.0,late25,False
B-G1.040-C3,7961,1,1476.25,3,27.75,late25,False
B-G1.040-C3,7961,1,1477.25,1,1.0,late25,False
B-G1.040-C3,7961,1,1482.25,1,5.0,late25,False
B-G1.040-C3,7961,1,1485.25,1,3.0,late25,False
B-G1.040-C3,7961,1,1488.5,2,3.25,late25,False
B-G1.040-C3,7961,1,1491.25,1,2.75,late25,False
B-G1.040-C3,7961,1,1495.75,1,4.5,late25,False
B-G1.040-C3,7961,1,1499.25,1,3.5,late25,False
B-G1.040-C3,7961,1,1501.0,1,1.75,late25,False
B-G1.040-C3,7961,1,1504.25,1,3.25,late25,False
B-G1.040-C3,7961,1,1506.5,1,2.25,late25,False
B-G1.040-C3,7961,1,1515.0,1,8.5,late25,False
B-G1.040-C3,7961,1,1521.0,4,6.0,late25,False
B-G1.040-C3,7961,2,1639.25,2,118.25,early25,False
B-G1.040-C3,7961,2,1640.75,1,1.5,early25,False
B-G1.040-C3,7961,2,1643.0,1,2.25,early25,False
B-G1.040-C3,7961,2,1644.75,2,1.75,early25,False
B-G1.040-C3,7961,2,1646.25,7,1.5,early25,False
B-G1.040-C3,7961,2,1647.5,6,1.25,early25,False
B-G1.040-C3,7961,2,1650.5,2,3.0,early25,False
B-G1.040-C3,7961,2,1653.75,2,3.25,early25,False
B-G1.040-C3,7961,2,1655.5,1,1.75,early25,False
B-G1.040-C3,7961,2,1657.25,2,1.75,early25,False
B-G1.040-C3,7961,2,1660.0,2,2.75,early25,False
B-G1.040-C3,7961,2,1664.75,1,4.75,early25,False
B-G1.040-C3,7961,2,1668.5,2,3.75,early25,False
B-G1.040-C3,7961,2,1674.0,2,5.5,early25,False
B-G1.040-C3,7961,2,1697.75,3,23.75,early25,False
B-G1.040-C3,7961,2,1701.25,1,3.5,early25,False
B-G1.040-C3,7961,2,1705.5,2,4.25,early25,False
B-G1.040-C3,7961,2,1709.75,2,4.25,early25,False
B-G1.040-C3,7961,2,1714.25,3,4.5,early25,False
B-G1.040-C3,7961,2,1718.25,2,4.0,early25,False
B-G1.040-C3,7961,2,1721.0,1,2.75,early25,False
B-G1.040-C3,7961,2,1724.25,2,3.25,early25,False
B-G1.040-C3,7961,2,1728.5,2,4.25,early25,False
B-G1.040-C3,7961,2,1737.5,2,9.0,early25,False
B-G1.040-C3,7961,2,1755.0,2,17.5,early25,False
B-G1.040-C3,7961,2,1763.75,6,8.75,early25,False
B-G1.040-C3,7961,2,1774.25,1,10.5,early25,False
B-G1.040-C3,7961,2,1778.5,1,4.25,early25,False
B-G1.040-C3,7961,2,1779.5,1,1.0,early25,False
B-G1.040-C3,7961,2,1806.0,1,26.5,early25,False
B-G1.040-C3,7961,2,1810.5,1,4.5,early25,False
B-G1.040-C3,7961,2,1814.0,20,3.5,early25,False
B-G1.040-C3,7961,2,1817.25,16,3.25,early25,False
B-G1.040-C3,7961,2,1819.5,1,2.25,early25,False
B-G1.040-C3,7961,2,1821.25,1,1.75,early25,False
B-G1.040-C3,7961,2,1823.25,1,2.0,early25,False
B-G1.040-C3,7961,2,1825.5,1,2.25,early25,False
B-G1.040-C3,7961,2,1827.5,1,2.0,early25,False
B-G1.040-C3,7961,2,1829.5,1,2.0,early25,False
B-G1.040-C3,7961,2,1834.0,1,4.5,early25,False
B-G1.040-C3,7961,2,1987.0,2,153.0,middle50,False
B-G1.040-C3,7961,2,1990.25,1,3.25,middle50,False
B-G1.040-C3,7961,2,1995.25,2,5.0,middle50,False
B-G1.040-C3,7961,2,1997.75,1,2.5,middle50,False
B-G1.040-C3,7961,2,2000.25,1,2.5,middle50,False
B-G1.040-C3,7961,2,2003.25,1,3.0,middle50,False
B-G1.040-C3,7961,2,2007.0,1,3.75,middle50,False
B-G1.040-C3,7961,2,2010.0,1,3.0,middle50,False
B-G1.040-C3,7961,2,2012.25,1,2.25,middle50,False
B-G1.040-C3,7961,2,2038.25,1,26.0,middle50,False
B-G1.040-C3,7961,2,2040.75,11,2.5,middle50,False
B-G1.040-C3,7961,2,2043.5,1,2.75,middle50,False
B-G1.040-C3,7961,2,2048.0,1,4.5,middle50,False
B-G1.040-C3,7961,2,2050.0,1,2.0,middle50,False
B-G1.040-C3,7961,2,2055.0,1,5.0,middle50,False
B-G1.040-C3,7961,2,2059.25,1,4.25,middle50,False
B-G1.040-C3,7961,2,2063.75,1,4.5,middle50,False
B-G1.040-C3,7961,2,2069.25,2,5.5,middle50,False
B-G1.040-C3,7961,2,2095.25,1,26.0,middle50,False
B-G1.040-C3,7961,2,2097.0,1,1.75,middle50,False
B-G1.040-C3,7961,2,2100.0,1,3.0,middle50,False
B-G1.040-C3,7961,2,2106.0,1,6.0,middle50,False
B-G1.040-C3,7961,2,2112.0,1,6.0,middle50,False
B-G1.040-C3,7961,2,2116.5,2,4.5,middle50,False
B-G1.040-C3,7961,2,2120.75,1,4.25,middle50,False
B-G1.040-C3,7961,2,2156.0,1,35.25,middle50,False
B-G1.040-C3,7961,2,2163.75,2,7.75,middle50,False
B-G1.040-C3,7961,2,2169.25,2,5.5,middle50,False
B-G1.040-C3,7961,2,2172.5,1,3.25,middle50,False
B-G1.040-C3,7961,2,2175.75,1,3.25,middle50,False
B-G1.040-C3,7961,2,2180.0,1,4.25,middle50,False
B-G1.040-C3,7961,2,2187.5,1,7.5,middle50,False
B-G1.040-C3,7961,2,2328.5,1,141.0,middle50,False
B-G1.040-C3,7961,2,2339.25,1,10.75,middle50,False
B-G1.040-C3,7961,2,2342.25,1,3.0,middle50,False
B-G1.040-C3,7961,2,2345.5,1,3.25,middle50,False
B-G1.040-C3,7961,2,2350.5,1,5.0,middle50,False
B-G1.040-C3,7961,2,2385.25,1,34.75,late25,False
B-G1.040-C3,7961,2,2389.25,2,4.0,late25,False
B-G1.040-C3,7961,2,2393.25,1,4.0,late25,False
B-G1.040-C3,7961,2,2396.25,1,3.0,late25,False
B-G1.040-C3,7961,2,2400.25,1,4.0,late25,False
B-G1.040-C3,7961,2,2408.0,1,7.75,late25,False
B-G1.040-C3,7961,2,2410.5,1,2.5,late25,False
B-G1.040-C3,7961,2,2413.0,1,2.5,late25,False
B-G1.040-C3,7961,2,2421.0,1,8.0,late25,False
B-G1.040-C3,7961,2,2437.5,1,16.5,late25,False
B-G1.040-C3,7961,2,2441.5,1,4.0,late25,False
B-G1.040-C3,7961,2,2449.75,1,8.25,late25,False
B-G1.040-C3,7961,2,2454.5,1,4.75,late25,False
B-G1.040-C3,7961,2,2457.0,1,2.5,late25,False
B-G1.040-C3,7961,2,2464.75,6,7.75,late25,False
B-G1.040-C3,7961,2,2490.0,1,25.25,late25,False
B-G1.040-C3,7961,2,2495.5,1,5.5,late25,False
B-G1.040-C3,7961,2,2500.0,1,4.5,late25,False
B-G1.040-C3,7961,2,2502.25,1,2.25,late25,False
B-G1.040-C3,7961,2,2504.25,1,2.0,late25,False
B-G1.040-C3,7961,2,2513.0,1,8.75,late25,False
B-G1.040-C3,7961,2,2515.0,1,2.0,late25,False
B-G1.040-C3,7961,2,2518.5,1,3.5,late25,False
B-G1.040-C3,7961,2,2522.0,1,3.5,late25,False
B-G1.040-C3,7961,3,2633.75,1,111.75,early25,True
B-G1.040-C3,7961,3,2644.25,1,10.5,early25,True
B-G1.040-C3,7961,3,2646.75,2,2.5,early25,True
B-G1.040-C3,7961,3,2648.75,1,2.0,early25,True
B-G1.040-C3,7961,3,2651.25,1,2.5,early25,True
B-G1.040-C3,7961,3,2653.5,1,2.25,early25,True
B-G1.040-C3,7961,3,2656.75,1,3.25,early25,True
B-G1.040-C3,7961,3,2659.75,1,3.0,early25,True
B-G1.040-C3,7961,3,2663.5,1,3.75,early25,True
B-G1.040-C3,7961,3,2667.5,2,4.0,early25,True
B-G1.040-C3,7961,3,2670.25,1,2.75,early25,True
B-G1.040-C3,7961,3,2673.0,1,2.75,early25,True
B-G1.040-C3,7961,3,2698.5,1,25.5,early25,True
B-G1.040-C3,7961,3,2702.5,1,4.0,early25,True
B-G1.040-C3,7961,3,2704.75,1,2.25,early25,True
B-G1.040-C3,7961,3,2706.75,5,2.0,early25,True
B-G1.040-C3,7961,3,2711.0,2,4.25,early25,True
B-G1.040-C3,7961,3,2714.0,1,3.0,early25,True
B-G1.040-C3,7961,3,2726.5,11,12.5,early25,True
B-G1.040-C3,7961,3,2730.75,1,4.25,early25,True
B-G1.040-C3,7961,3,2742.0,4,11.25,early25,True
B-G1.040-C3,7961,3,2756.5,1,14.5,early25,True
B-G1.040-C3,7961,3,2758.0,1,1.5,early25,True
B-G1.040-C3,7961,3,2764.0,1,6.0,early25,True
B-G1.040-C3,7961,3,2766.0,2,2.0,early25,True
B-G1.040-C3,7961,3,2768.5,1,2.5,early25,True
B-G1.040-C3,7961,3,2782.25,1,13.75,early25,True
B-G1.040-C3,7961,3,2806.25,1,24.0,early25,True
B-G1.040-C3,7961,3,2808.5,1,2.25,early25,True
B-G1.040-C3,7961,3,2812.25,1,3.75,early25,True
B-G1.040-C3,7961,3,2813.75,1,1.5,early25,True
B-G1.040-C3,7961,3,2817.5,1,3.75,early25,True
B-G1.040-C3,7961,3,2820.0,1,2.5,early25,True
B-G1.040-C3,7961,3,2823.25,1,3.25,early25,True
B-G1.040-C3,7961,3,2825.25,3,2.0,early25,True
B-G1.040-C3,7961,3,2830.75,1,5.5,early25,True
B-G1.040-C3,7961,3,2839.75,1,9.0,early25,True
B-G1.040-C3,7961,3,2855.0,1,15.25,early25,True
B-G1.040-C3,7961,3,2858.75,1,3.75,early25,True
B-G1.040-C3,7961,3,2864.0,1,5.25,early25,True
B-G1.040-C3,7961,3,2869.0,1,5.0,early25,True
B-G1.040-C3,7961,3,2873.5,1,4.5,middle50,True
B-G1.040-C3,7961,3,2881.5,1,8.0,middle50,True
B-G1.040-C3,7961,3,2886.75,9,5.25,middle50,True
B-G1.040-C3,7961,3,2911.25,1,24.5,middle50,True
B-G1.040-C3,7961,3,2923.25,1,12.0,middle50,True
B-G1.040-C3,7961,3,2930.75,1,7.5,middle50,True
B-G1.040-C3,7961,3,2938.0,1,7.25,middle50,True
B-G1.040-C3,7961,3,2969.25,1,31.25,middle50,True
B-G1.040-C3,7961,3,2975.75,1,6.5,middle50,True
B-G1.040-C3,7961,3,2981.5,1,5.75,middle50,True
B-G1.040-C3,7961,3,2988.0,1,6.5,middle50,True
B-G1.040-C3,7961,3,2998.5,1,10.5,middle50,True
B-G1.040-C3,7961,3,3029.5,1,31.0,middle50,True
B-G1.040-C3,7961,3,3036.5,2,7.0,middle50,True
B-G1.040-C3,7961,3,3041.75,1,5.25,middle50,True
B-G1.040-C3,7961,3,3052.5,1,10.75,middle50,True
B-G1.040-C3,7961,3,3073.75,1,21.25,middle50,True
B-G1.040-C3,7961,3,3084.0,2,10.25,middle50,True
B-G1.040-C3,7961,3,3091.0,1,7.0,middle50,True
B-G1.040-C3,7961,3,3128.5,1,37.5,middle50,True
B-G1.040-C3,7961,3,3133.5,1,5.0,middle50,True
B-G1.040-C3,7961,3,3142.0,1,8.5,middle50,True
B-G1.040-C3,7961,3,3147.0,1,5.0,middle50,True
B-G1.040-C3,7961,3,3149.75,1,2.75,middle50,True
B-G1.040-C3,7961,3,3189.25,1,39.5,middle50,True
B-G1.040-C3,7961,3,3195.5,1,6.25,middle50,True
B-G1.040-C3,7961,3,3201.5,1,6.0,middle50,True
B-G1.040-C3,7961,3,3232.0,1,30.5,middle50,True
B-G1.040-C3,7961,3,3237.0,1,5.0,middle50,True
B-G1.040-C3,7961,3,3242.0,1,5.0,middle50,True
B-G1.040-C3,7961,3,3247.0,1,5.0,middle50,True
B-G1.040-C3,7961,3,3257.0,1,10.0,middle50,True
B-G1.040-C3,7961,3,3266.25,1,9.25,middle50,True
B-G1.040-C3,7961,3,3273.25,4,7.0,middle50,True
B-G1.040-C3,7961,3,3286.0,1,12.75,middle50,True
B-G1.040-C3,7961,3,3290.25,3,4.25,middle50,True
B-G1.040-C3,7961,3,3298.0,1,7.75,middle50,True
B-G1.040-C3,7961,3,3306.25,1,8.25,middle50,True
B-G1.040-C3,7961,3,3340.0,3,33.75,middle50,True
B-G1.040-C3,7961,3,3344.75,1,4.75,middle50,True
B-G1.040-C3,7961,3,3357.0,1,12.25,late25,True
B-G1.040-C3,7961,3,3361.75,1,4.75,late25,True
B-G1.040-C3,7961,3,3364.25,1,2.5,late25,True
B-G1.040-C3,7961,3,3394.5,1,30.25,late25,True
B-G1.040-C3,7961,3,3403.25,1,8.75,late25,True
B-G1.040-C3,7961,3,3411.25,1,8.0,late25,True
B-G1.040-C3,7961,3,3449.0,1,37.75,late25,True
B-G1.040-C3,7961,3,3453.75,1,4.75,late25,True
B-G1.040-C3,7961,3,3463.5,1,9.75,late25,True
B-G1.040-C3,7961,3,3469.5,1,6.0,late25,True
B-G1.040-C3,7961,3,3484.5,3,15.0,late25,True
B-G1.040-C3,15880,0,0.25,3,,early25,False
B-G1.040-C3,15880,0,9.5,1,9.25,early25,False
B-G1.040-C3,15880,0,25.5,1,16.0,early25,False
B-G1.040-C3,15880,0,40.0,1,14.5,early25,False
B-G1.040-C3,15880,0,43.0,1,3.0,early25,False
B-G1.040-C3,15880,0,91.0,1,48.0,early25,False
B-G1.040-C3,15880,0,95.5,1,4.5,early25,False
B-G1.040-C3,15880,0,98.75,1,3.25,early25,False
B-G1.040-C3,15880,0,102.75,1,4.0,early25,False
B-G1.040-C3,15880,0,117.25,1,14.5,early25,False
B-G1.040-C3,15880,0,161.0,1,43.75,early25,False
B-G1.040-C3,15880,0,174.25,1,13.25,early25,False
B-G1.040-C3,15880,0,180.0,1,5.75,early25,False
B-G1.040-C3,15880,0,212.5,1,32.5,early25,False
B-G1.040-C3,15880,0,222.25,1,9.75,early25,False
B-G1.040-C3,15880,0,228.75,1,6.5,early25,False
B-G1.040-C3,15880,0,236.0,1,7.25,early25,False
B-G1.040-C3,15880,0,400.75,1,164.75,middle50,False
B-G1.040-C3,15880,0,409.5,1,8.75,middle50,False
B-G1.040-C3,15880,0,424.0,1,14.5,middle50,False
B-G1.040-C3,15880,0,426.75,1,2.75,middle50,False
B-G1.040-C3,15880,0,457.0,1,30.25,middle50,False
B-G1.040-C3,15880,0,463.75,1,6.75,middle50,False
B-G1.040-C3,15880,0,469.75,1,6.0,middle50,False
B-G1.040-C3,15880,0,474.5,1,4.75,middle50,False
B-G1.040-C3,15880,0,478.75,1,4.25,middle50,False
B-G1.040-C3,15880,0,486.25,1,7.5,middle50,False
B-G1.040-C3,15880,0,519.0,1,32.75,middle50,False
B-G1.040-C3,15880,0,533.75,1,14.75,middle50,False
B-G1.040-C3,15880,0,543.0,1,9.25,middle50,False
B-G1.040-C3,15880,0,574.25,1,31.25,middle50,False
B-G1.040-C3,15880,0,577.0,1,2.75,middle50,False
B-G1.040-C3,15880,0,580.75,1,3.75,middle50,False
B-G1.040-C3,15880,0,584.5,1,3.75,middle50,False
B-G1.040-C3,15880,0,589.75,1,5.25,middle50,False
B-G1.040-C3,15880,0,593.25,1,3.5,middle50,False
B-G1.040-C3,15880,0,598.75,1,5.5,middle50,False
B-G1.040-C3,15880,0,609.0,1,10.25,middle50,False
B-G1.040-C3,15880,0,755.5,1,146.5,middle50,False
B-G1.040-C3,15880,0,761.0,1,5.5,middle50,False
B-G1.040-C3,15880,0,768.5,1,7.5,middle50,False
B-G1.040-C3,15880,0,772.5,1,4.0,middle50,False
B-G1.040-C3,15880,0,781.0,1,8.5,middle50,False
B-G1.040-C3,15880,0,814.25,1,33.25,late25,False
B-G1.040-C3,15880,0,817.75,1,3.5,late25,False
B-G1.040-C3,15880,0,820.5,1,2.75,late25,False
B-G1.040-C3,15880,0,825.5,1,5.0,late25,False
B-G1.040-C3,15880,0,828.5,1,3.0,late25,False
B-G1.040-C3,15880,0,836.25,1,7.75,late25,False
B-G1.040-C3,15880,0,876.25,1,40.0,late25,False
B-G1.040-C3,15880,0,882.25,1,6.0,late25,False
B-G1.040-C3,15880,0,886.5,1,4.25,late25,False
B-G1.040-C3,15880,0,894.0,1,7.5,late25,False
B-G1.040-C3,15880,0,900.75,1,6.75,late25,False
B-G1.040-C3,15880,0,904.25,1,3.5,late25,False
B-G1.040-C3,15880,0,934.75,11,30.5,late25,False
B-G1.040-C3,15880,0,940.25,1,5.5,late25,False
B-G1.040-C3,15880,0,953.75,1,13.5,late25,False
B-G1.040-C3,15880,0,957.75,1,4.0,late25,False
B-G1.040-C3,15880,0,1069.5,1,111.75,late25,False
B-G1.040-C3,15880,0,1074.0,1,4.5,late25,False
B-G1.040-C3,15880,1,1099.5,2,25.5,early25,False
B-G1.040-C3,15880,1,1101.75,1,2.25,early25,False
B-G1.040-C3,15880,1,1104.0,1,2.25,early25,False
B-G1.040-C3,15880,1,1108.75,1,4.75,early25,False
B-G1.040-C3,15880,1,1112.25,1,3.5,early25,False
B-G1.040-C3,15880,1,1116.75,1,4.5,early25,False
B-G1.040-C3,15880,1,1123.0,1,6.25,early25,False
B-G1.040-C3,15880,1,1158.5,2,35.5,early25,False
B-G1.040-C3,15880,1,1167.5,1,9.0,early25,False
B-G1.040-C3,15880,1,1172.5,2,5.0,early25,False
B-G1.040-C3,15880,1,1174.25,1,1.75,early25,False
B-G1.040-C3,15880,1,1176.75,1,2.5,early25,False
B-G1.040-C3,15880,1,1215.25,1,38.5,early25,False
B-G1.040-C3,15880,1,1227.25,1,12.0,early25,False
B-G1.040-C3,15880,1,1228.25,1,1.0,early25,False
B-G1.040-C3,15880,1,1232.75,1,4.5,early25,False
B-G1.040-C3,15880,1,1238.0,2,5.25,early25,False
B-G1.040-C3,15880,1,1242.75,1,4.75,middle50,False
B-G1.040-C3,15880,1,1264.75,1,22.0,middle50,False
B-G1.040-C3,15880,1,1268.25,2,3.5,middle50,False
B-G1.040-C3,15880,1,1271.5,18,3.25,middle50,False
B-G1.040-C3,15880,1,1276.25,1,4.75,middle50,False
B-G1.040-C3,15880,1,1278.5,1,2.25,middle50,False
B-G1.040-C3,15880,1,1285.0,1,6.5,middle50,False
B-G1.040-C3,15880,1,1287.75,1,2.75,middle50,False
B-G1.040-C3,15880,1,1290.75,1,3.0,middle50,False
B-G1.040-C3,15880,1,1293.5,1,2.75,middle50,False
B-G1.040-C3,15880,1,1431.25,1,137.75,middle50,False
B-G1.040-C3,15880,1,1433.25,1,2.0,middle50,False
B-G1.040-C3,15880,1,1435.25,1,2.0,middle50,False
B-G1.040-C3,15880,1,1439.5,1,4.25,middle50,False
B-G1.040-C3,15880,1,1443.0,1,3.5,middle50,False
B-G1.040-C3,15880,1,1447.75,1,4.75,middle50,False
B-G1.040-C3,15880,1,1453.75,2,6.0,middle50,False
B-G1.040-C3,15880,1,1459.25,1,5.5,middle50,False
B-G1.040-C3,15880,1,1484.5,1,25.25,middle50,False
B-G1.040-C3,15880,1,1488.0,1,3.5,middle50,False
B-G1.040-C3,15880,1,1491.75,13,3.75,middle50,False
B-G1.040-C3,15880,1,1494.25,1,2.5,middle50,False
B-G1.040-C3,15880,1,1496.5,1,2.25,middle50,False
B-G1.040-C3,15880,1,1503.5,1,7.0,middle50,False
B-G1.040-C3,15880,1,1505.25,1,1.75,middle50,False
B-G1.040-C3,15880,1,1512.5,2,7.25,middle50,False
B-G1.040-C3,15880,1,1516.5,1,4.0,middle50,False
B-G1.040-C3,15880,1,1533.75,1,17.25,middle50,False
B-G1.040-C3,15880,1,1536.75,1,3.0,middle50,False
B-G1.040-C3,15880,1,1539.75,1,3.0,middle50,False
B-G1.040-C3,15880,1,1544.75,1,5.0,middle50,False
B-G1.040-C3,15880,1,1549.0,1,4.25,middle50,False
B-G1.040-C3,15880,1,1553.0,1,4.0,middle50,False
B-G1.040-C3,15880,1,1556.25,1,3.25,middle50,False
B-G1.040-C3,15880,1,1559.0,1,2.75,middle50,False
B-G1.040-C3,15880,1,1591.0,1,32.0,late25,False
B-G1.040-C3,15880,1,1592.75,1,1.75,late25,False
B-G1.040-C3,15880,1,1595.25,1,2.5,late25,False
B-G1.040-C3,15880,1,1597.5,1,2.25,late25,False
B-G1.040-C3,15880,1,1605.25,1,7.75,late25,False
B-G1.040-C3,15880,1,1607.25,1,2.0,late25,False
B-G1.040-C3,15880,1,1610.5,1,3.25,late25,False
B-G1.040-C3,15880,1,1614.25,1,3.75,late25,False
B-G1.040-C3,15880,1,1624.75,1,10.5,late25,False
B-G1.040-C3,15880,1,1631.0,3,6.25,late25,False
B-G1.040-C3,15880,1,1723.5,1,92.5,late25,False
B-G1.040-C3,15880,1,1726.5,1,3.0,late25,False
B-G1.040-C3,15880,2,1744.75,1,18.25,early25,False
B-G1.040-C3,15880,2,1746.25,1,1.5,early25,False
B-G1.040-C3,15880,2,1748.75,1,2.5,early25,False
B-G1.040-C3,15880,2,1750.0,1,1.25,early25,False
B-G1.040-C3,15880,2,1752.5,1,2.5,early25,False
B-G1.040-C3,15880,2,1754.75,1,2.25,early25,False
B-G1.040-C3,15880,2,1759.0,2,4.25,early25,False
B-G1.040-C3,15880,2,1763.75,2,4.75,early25,False
B-G1.040-C3,15880,2,1767.25,2,3.5,early25,False
B-G1.040-C3,15880,2,1772.75,2,5.5,early25,False
B-G1.040-C3,15880,2,1777.5,2,4.75,early25,False
B-G1.040-C3,15880,2,1804.0,3,26.5,early25,False
B-G1.040-C3,15880,2,1807.25,2,3.25,early25,False
B-G1.040-C3,15880,2,1811.0,23,3.75,early25,False
B-G1.040-C3,15880,2,1814.0,1,3.0,early25,False
B-G1.040-C3,15880,2,1819.25,1,5.25,early25,False
B-G1.040-C3,15880,2,1823.75,1,4.5,early25,False
B-G1.040-C3,15880,2,1825.25,1,1.5,early25,False
B-G1.040-C3,15880,2,1826.25,1,1.0,early25,False
B-G1.040-C3,15880,2,1840.25,3,14.0,early25,False
B-G1.040-C3,15880,2,1846.25,5,6.0,early25,False
B-G1.040-C3,15880,2,1858.25,1,12.0,early25,False
B-G1.040-C3,15880,2,1862.0,4,3.75,early25,False
B-G1.040-C3,15880,2,1864.25,1,2.25,early25,False
B-G1.040-C3,15880,2,1867.25,1,3.0,early25,False
B-G1.040-C3,15880,2,1872.5,2,5.25,early25,False
B-G1.040-C3,15880,2,1875.5,1,3.0,early25,False
B-G1.040-C3,15880,2,1880.75,2,5.25,early25,False
B-G1.040-C3,15880,2,1885.75,1,5.0,early25,False
B-G1.040-C3,15880,2,1891.0,3,5.25,early25,False
B-G1.040-C3,15880,2,1919.25,2,28.25,early25,False
B-G1.040-C3,15880,2,1922.25,2,3.0,early25,False
B-G1.040-C3,15880,2,1925.0,1,2.75,early25,False
B-G1.040-C3,15880,2,1929.25,2,4.25,early25,False
B-G1.040-C3,15880,2,1931.25,2,2.0,early25,False
B-G1.040-C3,15880,2,1939.0,2,7.75,early25,False
B-G1.040-C3,15880,2,1955.0,1,16.0,early25,False
B-G1.040-C3,15880,2,2109.75,1,154.75,middle50,False
B-G1.040-C3,15880,2,2112.25,1,2.5,middle50,False
B-G1.040-C3,15880,2,2116.5,1,4.25,middle50,False
B-G1.040-C3,15880,2,2122.0,1,5.5,middle50,False
B-G1.040-C3,15880,2,2125.0,1,3.0,middle50,False
B-G1.040-C3,15880,2,2128.0,1,3.0,middle50,False
B-G1.040-C3,15880,2,2131.0,1,3.0,middle50,False
B-G1.040-C3,15880,2,2133.75,1,2.75,middle50,False
B-G1.040-C3,15880,2,2136.75,1,3.0,middle50,False
B-G1.040-C3,15880,2,2143.5,2,6.75,middle50,False
B-G1.040-C3,15880,2,2166.0,1,22.5,middle50,False
B-G1.040-C3,15880,2,2170.0,2,4.0,middle50,False
B-G1.040-C3,15880,2,2176.5,2,6.5,middle50,False
B-G1.040-C3,15880,2,2180.25,1,3.75,middle50,False
B-G1.040-C3,15880,2,2184.25,1,4.0,middle50,False
B-G1.040-C3,15880,2,2189.25,1,5.0,middle50,False
B-G1.040-C3,15880,2,2193.0,2,3.75,middle50,False
B-G1.040-C3,15880,2,2194.75,1,1.75,middle50,False
B-G1.040-C3,15880,2,2196.75,1,2.0,middle50,False
B-G1.040-C3,15880,2,2205.5,3,8.75,middle50,False
B-G1.040-C3,15880,2,2215.25,1,9.75,middle50,False
B-G1.040-C3,15880,2,2218.5,2,3.25,middle50,False
B-G1.040-C3,15880,2,2231.0,1,12.5,middle50,False
B-G1.040-C3,15880,2,2237.0,2,6.0,middle50,False
B-G1.040-C3,15880,2,2238.0,2,1.0,middle50,False
B-G1.040-C3,15880,2,2241.5,1,3.5,middle50,False
B-G1.040-C3,15880,2,2244.5,1,3.0,middle50,False
B-G1.040-C3,15880,2,2271.0,1,26.5,middle50,False
B-G1.040-C3,15880,2,2276.0,2,5.0,middle50,False
B-G1.040-C3,15880,2,2280.0,3,4.0,middle50,False
B-G1.040-C3,15880,2,2282.0,1,2.0,middle50,False
B-G1.040-C3,15880,2,2282.75,3,0.75,middle50,False
B-G1.040-C3,15880,2,2284.75,1,2.0,middle50,False
B-G1.040-C3,15880,2,2286.0,1,1.25,middle50,False
B-G1.040-C3,15880,2,2288.25,1,2.25,middle50,False
B-G1.040-C3,15880,2,2292.0,1,3.75,middle50,False
B-G1.040-C3,15880,2,2299.5,2,7.5,middle50,False
B-G1.040-C3,15880,2,2302.5,1,3.0,middle50,False
B-G1.040-C3,15880,2,2433.0,2,130.5,middle50,False
B-G1.040-C3,15880,2,2436.5,1,3.5,middle50,False
B-G1.040-C3,15880,2,2442.5,1,6.0,middle50,False
B-G1.040-C3,15880,2,2446.75,1,4.25,middle50,False
B-G1.040-C3,15880,2,2450.5,1,3.75,middle50,False
B-G1.040-C3,15880,2,2461.0,2,10.5,middle50,False
B-G1.040-C3,15880,2,2485.0,1,24.0,late25,False
B-G1.040-C3,15880,2,2490.75,1,5.75,late25,False
B-G1.040-C3,15880,2,2495.5,1,4.75,late25,False
B-G1.040-C3,15880,2,2497.25,1,1.75,late25,False
B-G1.040-C3,15880,2,2502.25,1,5.0,late25,False
B-G1.040-C3,15880,2,2506.75,1,4.5,late25,False
B-G1.040-C3,15880,2,2512.5,1,5.75,late25,False
B-G1.040-C3,15880,2,2521.5,3,9.0,late25,False
B-G1.040-C3,15880,2,2532.25,1,10.75,late25,False
B-G1.040-C3,15880,2,2537.75,1,5.5,late25,False
B-G1.040-C3,15880,2,2541.25,1,3.5,late25,False
B-G1.040-C3,15880,2,2544.5,1,3.25,late25,False
B-G1.040-C3,15880,2,2548.0,1,3.5,late25,False
B-G1.040-C3,15880,2,2553.75,8,5.75,late25,False
B-G1.040-C3,15880,2,2595.75,1,42.0,late25,False
B-G1.040-C3,15880,2,2598.0,1,2.25,late25,False
B-G1.040-C3,15880,2,2606.25,1,8.25,late25,False
B-G1.040-C3,15880,2,2608.0,1,1.75,late25,False
B-G1.040-C3,15880,2,2610.25,1,2.25,late25,False
B-G1.040-C3,15880,2,2613.75,1,3.5,late25,False
B-G1.040-C3,15880,2,2617.0,1,3.25,late25,False
B-G1.040-C3,15880,2,2624.75,1,7.75,late25,False
B-G1.040-C3,15880,2,2631.75,4,7.0,late25,False
B-G1.040-C3,15880,3,2735.0,1,103.25,early25,True
B-G1.040-C3,15880,3,2743.75,1,8.75,early25,True
B-G1.040-C3,15880,3,2747.75,2,4.0,early25,True
B-G1.040-C3,15880,3,2751.75,2,4.0,early25,True
B-G1.040-C3,15880,3,2753.75,1,2.0,early25,True
B-G1.040-C3,15880,3,2757.0,1,3.25,early25,True
B-G1.040-C3,15880,3,2760.0,1,3.0,early25,True
B-G1.040-C3,15880,3,2763.75,1,3.75,early25,True
B-G1.040-C3,15880,3,2766.25,1,2.5,early25,True
B-G1.040-C3,15880,3,2768.0,1,1.75,early25,True
B-G1.040-C3,15880,3,2771.5,1,3.5,early25,True
B-G1.040-C3,15880,3,2776.5,1,5.0,early25,True
B-G1.040-C3,15880,3,2800.25,1,23.75,early25,True
B-G1.040-C3,15880,3,2803.75,1,3.5,early25,True
B-G1.040-C3,15880,3,2807.75,2,4.0,early25,True
B-G1.040-C3,15880,3,2809.75,4,2.0,early25,True
B-G1.040-C3,15880,3,2812.75,1,3.0,early25,True
B-G1.040-C3,15880,3,2816.25,10,3.5,early25,True
B-G1.040-C3,15880,3,2818.25,1,2.0,early25,True
B-G1.040-C3,15880,3,2822.0,1,3.75,early25,True
B-G1.040-C3,15880,3,2825.25,1,3.25,early25,True
B-G1.040-C3,15880,3,2832.5,1,7.25,early25,True
B-G1.040-C3,15880,3,2842.25,6,9.75,early25,True
B-G1.040-C3,15880,3,2851.5,1,9.25,early25,True
B-G1.040-C3,15880,3,2853.25,1,1.75,early25,True
B-G1.040-C3,15880,3,2858.25,1,5.0,early25,True
B-G1.040-C3,15880,3,2862.75,1,4.5,early25,True
B-G1.040-C3,15880,3,2873.0,2,10.25,early25,True
B-G1.040-C3,15880,3,2876.25,1,3.25,early25,True
B-G1.040-C3,15880,3,2910.25,2,34.0,early25,True
B-G1.040-C3,15880,3,2917.75,1,7.5,early25,True
B-G1.040-C3,15880,3,2923.0,1,5.25,early25,True
B-G1.040-C3,15880,3,2926.75,1,3.75,early25,True
B-G1.040-C3,15880,3,2935.5,1,8.75,early25,True
B-G1.040-C3,15880,3,2951.25,1,15.75,middle50,True
B-G1.040-C3,15880,3,2967.9999999999,1,16.749999999899956,middle50,True
B-G1.040-C3,15880,3,2970.4999999999,1,2.5,middle50,True
B-G1.040-C3,15880,3,2974.4999999999,1,4.0,middle50,True
B-G1.040-C3,15880,3,2981.7499999999,1,7.25,middle50,True
B-G1.040-C3,15880,3,2984.4999999999,1,2.75,middle50,True
B-G1.040-C3,15880,3,2987.9999999999,7,3.5,middle50,True
B-G1.040-C3,15880,3,3021.2499999999,1,33.25,middle50,True
B-G1.040-C3,15880,3,3026.4999999999,1,5.25,middle50,True
B-G1.040-C3,15880,3,3031.7499999999,1,5.25,middle50,True
B-G1.040-C3,15880,3,3036.9999999999,2,5.25,middle50,True
B-G1.040-C3,15880,3,3045.4999999999,1,8.5,middle50,True
B-G1.040-C3,15880,3,3050.7499999999,1,5.25,middle50,True
B-G1.040-C3,15880,3,3070.7499999999,1,20.0,middle50,True
B-G1.040-C3,15880,3,3081.2499999999,2,10.5,middle50,True
B-G1.040-C3,15880,3,3087.4999999999,1,6.25,middle50,True
B-G1.040-C3,15880,3,3093.7499999999,1,6.25,middle50,True
B-G1.040-C3,15880,3,3129.7499999999,1,36.0,middle50,True
B-G1.040-C3,15880,3,3140.4999999999,1,10.75,middle50,True
B-G1.040-C3,15880,3,3145.4999999999,1,5.0,middle50,True
B-G1.040-C3,15880,3,3150.7499999999,1,5.25,middle50,True
B-G1.040-C3,15880,3,3153.2499999999,1,2.5,middle50,True
B-G1.040-C3,15880,3,3162.4999999999,1,9.25,middle50,True
B-G1.040-C3,15880,3,3176.9999999999,1,14.5,middle50,True
B-G1.040-C3,15880,3,3188.4999999999,1,11.5,middle50,True
B-G1.040-C3,15880,3,3194.7499999999,1,6.25,middle50,True
B-G1.040-C3,15880,3,3202.4999999999,1,7.75,middle50,True
B-G1.040-C3,15880,3,3206.9999999999,1,4.5,middle50,True
B-G1.040-C3,15880,3,3234.9999999999,1,28.0,middle50,True
B-G1.040-C3,15880,3,3238.2499999999,5,3.25,middle50,True
B-G1.040-C3,15880,3,3242.2499999999,1,4.0,middle50,True
B-G1.040-C3,15880,3,3256.9999999999,1,14.75,middle50,True
B-G1.040-C3,15880,3,3263.2499999999,1,6.25,middle50,True
B-G1.040-C3,15880,3,3279.9999999999,1,16.75,middle50,True
B-G1.040-C3,15880,3,3287.9999999999,1,8.0,middle50,True
B-G1.040-C3,15880,3,3298.2499999999,1,10.25,middle50,True
B-G1.040-C3,15880,3,3304.2499999999,1,6.0,middle50,True
B-G1.040-C3,15880,3,3336.4999999999,1,32.25,middle50,True
B-G1.040-C3,15880,3,3345.4999999999,1,9.0,middle50,True
B-G1.040-C3,15880,3,3350.4999999999,1,5.0,middle50,True
B-G1.040-C3,15880,3,3355.2499999999,1,4.75,middle50,True
B-G1.040-C3,15880,3,3360.2499999999,1,5.0,middle50,True
B-G1.040-C3,15880,3,3378.4999999999,4,18.25,middle50,True
B-G1.040-C3,15880,3,3405.9999999999,1,27.5,late25,True
B-G1.040-C3,15880,3,3412.4999999999,1,6.5,late25,True
B-G1.040-C3,15880,3,3444.9999999999,1,32.5,late25,True
B-G1.040-C3,15880,3,3457.4999999999,1,12.5,late25,True
B-G1.040-C3,15880,3,3462.2499999999,1,4.75,late25,True
B-G1.040-C3,15880,3,3471.9999999999,1,9.75,late25,True
B-G1.040-C3,15880,3,3474.2499999999,1,2.25,late25,True
B-G1.040-C3,23799,0,0.25,3,,early25,False
B-G1.040-C3,23799,0,8.25,1,8.0,early25,False
B-G1.040-C3,23799,0,16.5,1,8.25,early25,False
B-G1.040-C3,23799,0,45.75,1,29.25,early25,False
B-G1.040-C3,23799,0,58.0,1,12.25,early25,False
B-G1.040-C3,23799,0,88.75,1,30.75,early25,False
B-G1.040-C3,23799,0,112.25,1,23.5,early25,False
B-G1.040-C3,23799,0,123.75,1,11.5,middle50,False
B-G1.040-C3,23799,0,164.5,1,40.75,middle50,False
B-G1.040-C3,23799,0,214.0,1,49.5,middle50,False
B-G1.040-C3,23799,0,223.75,1,9.75,middle50,False
B-G1.040-C3,23799,0,237.75,1,14.0,middle50,False
B-G1.040-C3,23799,0,240.75,1,3.0,middle50,False
B-G1.040-C3,23799,0,244.5,1,3.75,middle50,False
B-G1.040-C3,23799,0,288.25,1,43.75,middle50,False
B-G1.040-C3,23799,0,297.75,1,9.5,middle50,False
B-G1.040-C3,23799,0,304.75,1,7.0,middle50,False
B-G1.040-C3,23799,0,315.75,1,11.0,middle50,False
B-G1.040-C3,23799,0,341.5,2,25.75,middle50,False
B-G1.040-C3,23799,0,352.25,1,10.75,middle50,False
B-G1.040-C3,23799,0,359.0,14,6.75,middle50,False
B-G1.040-C3,23799,1,525.5,1,166.5,early25,False
B-G1.040-C3,23799,1,538.5,1,13.0,early25,False
B-G1.040-C3,23799,1,570.5,1,32.0,early25,False
B-G1.040-C3,23799,1,574.75,1,4.25,early25,False
B-G1.040-C3,23799,1,582.5,2,7.75,early25,False
B-G1.040-C3,23799,1,587.75,1,5.25,early25,False
B-G1.040-C3,23799,1,595.25,2,7.5,early25,False
B-G1.040-C3,23799,1,604.25,3,9.0,early25,False
B-G1.040-C3,23799,1,618.0,3,13.75,early25,False
B-G1.040-C3,23799,1,655.25,1,37.25,early25,False
B-G1.040-C3,23799,1,663.25,2,8.0,early25,False
B-G1.040-C3,23799,1,672.25,22,9.0,middle50,False
B-G1.040-C3,23799,1,696.25,2,24.0,middle50,False
B-G1.040-C3,23799,1,702.25,2,6.0,middle50,False
B-G1.040-C3,23799,1,706.75,1,4.5,middle50,False
B-G1.040-C3,23799,1,712.75,2,6.0,middle50,False
B-G1.040-C3,23799,1,718.5,2,5.75,middle50,False
B-G1.040-C3,23799,1,721.5,1,3.0,middle50,False
B-G1.040-C3,23799,1,725.75,1,4.25,middle50,False
B-G1.040-C3,23799,1,735.5,18,9.75,middle50,False
B-G1.040-C3,23799,1,887.25,1,151.75,middle50,False
B-G1.040-C3,23799,1,943.25,1,56.0,middle50,False
B-G1.040-C3,23799,1,949.5,1,6.25,middle50,False
B-G1.040-C3,23799,1,950.5,1,1.0,middle50,False
B-G1.040-C3,23799,1,951.75,1,1.25,middle50,False
B-G1.040-C3,23799,1,956.75,1,5.0,middle50,False
B-G1.040-C3,23799,1,961.0,2,4.25,middle50,False
B-G1.040-C3,23799,1,965.25,1,4.25,middle50,False
B-G1.040-C3,23799,1,965.75,1,0.5,middle50,False
B-G1.040-C3,23799,1,970.0,1,4.25,middle50,False
B-G1.040-C3,23799,1,975.25,1,5.25,middle50,False
B-G1.040-C3,23799,1,975.75,1,0.5,middle50,False
B-G1.040-C3,23799,1,993.75,1,18.0,middle50,False
B-G1.040-C3,23799,1,998.25,1,4.5,middle50,False
B-G1.040-C3,23799,1,1002.0,1,3.75,middle50,False
B-G1.040-C3,23799,1,1006.75,1,4.75,middle50,False
B-G1.040-C3,23799,1,1013.0,2,6.25,late25,False
B-G1.040-C3,23799,1,1018.5,2,5.5,late25,False
B-G1.040-C3,23799,1,1021.5,1,3.0,late25,False
B-G1.040-C3,23799,1,1025.5,1,4.0,late25,False
B-G1.040-C3,23799,1,1049.75,13,24.25,late25,False
B-G1.040-C3,23799,1,1053.0,1,3.25,late25,False
B-G1.040-C3,23799,1,1057.0,1,4.0,late25,False
B-G1.040-C3,23799,1,1058.5,1,1.5,late25,False
B-G1.040-C3,23799,1,1065.25,1,6.75,late25,False
B-G1.040-C3,23799,1,1067.75,1,2.5,late25,False
B-G1.040-C3,23799,1,1070.25,1,2.5,late25,False
B-G1.040-C3,23799,1,1073.5,1,3.25,late25,False
B-G1.040-C3,23799,1,1078.75,1,5.25,late25,False
B-G1.040-C3,23799,1,1185.5,1,106.75,late25,False
B-G1.040-C3,23799,2,1206.25,2,20.75,early25,False
B-G1.040-C3,23799,2,1209.75,2,3.5,early25,False
B-G1.040-C3,23799,2,1214.0,3,4.25,early25,False
B-G1.040-C3,23799,2,1217.5,3,3.5,early25,False
B-G1.040-C3,23799,2,1219.5,1,2.0,early25,False
B-G1.040-C3,23799,2,1221.25,1,1.75,early25,False
B-G1.040-C3,23799,2,1224.25,2,3.0,early25,False
B-G1.040-C3,23799,2,1257.5,2,33.25,early25,False
B-G1.040-C3,23799,2,1259.5,2,2.0,early25,False
B-G1.040-C3,23799,2,1261.5,2,2.0,early25,False
B-G1.040-C3,23799,2,1267.75,4,6.25,early25,False
B-G1.040-C3,23799,2,1273.25,1,5.5,early25,False
B-G1.040-C3,23799,2,1277.25,1,4.0,early25,False
B-G1.040-C3,23799,2,1280.0,1,2.75,early25,False
B-G1.040-C3,23799,2,1281.0,1,1.0,early25,False
B-G1.040-C3,23799,2,1286.75,4,5.75,early25,False
B-G1.040-C3,23799,2,1306.5,1,19.75,early25,False
B-G1.040-C3,23799,2,1310.25,2,3.75,early25,False
B-G1.040-C3,23799,2,1314.0,1,3.75,early25,False
B-G1.040-C3,23799,2,1318.75,3,4.75,early25,False
B-G1.040-C3,23799,2,1322.75,1,4.0,early25,False
B-G1.040-C3,23799,2,1325.75,2,3.0,early25,False
B-G1.040-C3,23799,2,1329.25,1,3.5,early25,False
B-G1.040-C3,23799,2,1332.75,20,3.5,early25,False
B-G1.040-C3,23799,2,1361.75,2,29.0,early25,False
B-G1.040-C3,23799,2,1371.0,2,9.25,early25,False
B-G1.040-C3,23799,2,1374.75,3,3.75,early25,False
B-G1.040-C3,23799,2,1382.5,2,7.75,early25,False
B-G1.040-C3,23799,2,1384.25,1,1.75,early25,False
B-G1.040-C3,23799,2,1389.75,3,5.5,early25,False
B-G1.040-C3,23799,2,1398.5,2,8.75,early25,False
B-G1.040-C3,23799,2,1414.25,2,15.75,early25,False
B-G1.040-C3,23799,2,1418.0,1,3.75,early25,False
B-G1.040-C3,23799,2,1420.5,1,2.5,early25,False
B-G1.040-C3,23799,2,1423.5,1,3.0,early25,False
B-G1.040-C3,23799,2,1426.75,1,3.25,early25,False
B-G1.040-C3,23799,2,1430.75,2,4.0,early25,False
B-G1.040-C3,23799,2,1434.25,1,3.5,early25,False
B-G1.040-C3,23799,2,1436.75,1,2.5,early25,False
B-G1.040-C3,23799,2,1440.25,1,3.5,early25,False
B-G1.040-C3,23799,2,1443.5,15,3.25,early25,False
B-G1.040-C3,23799,2,1474.5,2,31.0,middle50,False
B-G1.040-C3,23799,2,1478.25,1,3.75,middle50,False
B-G1.040-C3,23799,2,1483.25,1,5.0,middle50,False
B-G1.040-C3,23799,2,1485.5,1,2.25,middle50,False
B-G1.040-C3,23799,2,1491.25,2,5.75,middle50,False
B-G1.040-C3,23799,2,1493.5,1,2.25,middle50,False
B-G1.040-C3,23799,2,1499.75,2,6.25,middle50,False
B-G1.040-C3,23799,2,1645.0,1,145.25,middle50,False
B-G1.040-C3,23799,2,1648.75,1,3.75,middle50,False
B-G1.040-C3,23799,2,1652.0,1,3.25,middle50,False
B-G1.040-C3,23799,2,1658.25,1,6.25,middle50,False
B-G1.040-C3,23799,2,1663.0,2,4.75,middle50,False
B-G1.040-C3,23799,2,1671.25,2,8.25,middle50,False
B-G1.040-C3,23799,2,1698.25,1,27.0,middle50,False
B-G1.040-C3,23799,2,1700.25,1,2.0,middle50,False
B-G1.040-C3,23799,2,1705.25,1,5.0,middle50,False
B-G1.040-C3,23799,2,1711.5,2,6.25,middle50,False
B-G1.040-C3,23799,2,1718.0,2,6.5,middle50,False
B-G1.040-C3,23799,2,1724.0,2,6.0,middle50,False
B-G1.040-C3,23799,2,1726.5,1,2.5,middle50,False
B-G1.040-C3,23799,2,1730.0,1,3.5,middle50,False
B-G1.040-C3,23799,2,1750.25,1,20.25,middle50,False
B-G1.040-C3,23799,2,1752.25,1,2.0,middle50,False
B-G1.040-C3,23799,2,1755.25,1,3.0,middle50,False
B-G1.040-C3,23799,2,1759.0,2,3.75,middle50,False
B-G1.040-C3,23799,2,1762.75,2,3.75,middle50,False
B-G1.040-C3,23799,2,1769.25,1,6.5,middle50,False
B-G1.040-C3,23799,2,1771.25,1,2.0,middle50,False
B-G1.040-C3,23799,2,1774.25,1,3.0,middle50,False
B-G1.040-C3,23799,2,1807.25,2,33.0,middle50,False
B-G1.040-C3,23799,2,1810.25,1,3.0,middle50,False
B-G1.040-C3,23799,2,1814.5,2,4.25,middle50,False
B-G1.040-C3,23799,2,1821.25,1,6.75,middle50,False
B-G1.040-C3,23799,2,1823.25,1,2.0,middle50,False
B-G1.040-C3,23799,2,1825.5,2,2.25,middle50,False
B-G1.040-C3,23799,2,1827.5,1,2.0,middle50,False
B-G1.040-C3,23799,2,1833.75,2,6.25,middle50,False
B-G1.040-C3,23799,2,1836.5,1,2.75,middle50,False
B-G1.040-C3,23799,2,1971.5,1,135.0,middle50,False
B-G1.040-C3,23799,2,1975.5,1,4.0,middle50,False
B-G1.040-C3,23799,2,1980.0,2,4.5,middle50,False
B-G1.040-C3,23799,2,1984.5,1,4.5,middle50,False
B-G1.040-C3,23799,2,1993.75,2,9.25,middle50,False
B-G1.040-C3,23799,2,1999.25,1,5.5,middle50,False
B-G1.040-C3,23799,2,2029.0,1,29.75,late25,False
B-G1.040-C3,23799,2,2031.0,1,2.0,late25,False
B-G1.040-C3,23799,2,2034.5,1,3.5,late25,False
B-G1.040-C3,23799,2,2039.25,1,4.75,late25,False
B-G1.040-C3,23799,2,2042.75,1,3.5,late25,False
B-G1.040-C3,23799,2,2046.0,1,3.25,late25,False
B-G1.040-C3,23799,2,2048.75,1,2.75,late25,False
B-G1.040-C3,23799,2,2053.5,1,4.75,late25,False
B-G1.040-C3,23799,2,2055.75,1,2.25,late25,False
B-G1.040-C3,23799,2,2058.0,1,2.25,late25,False
B-G1.040-C3,23799,2,2064.75,1,6.75,late25,False
B-G1.040-C3,23799,2,2070.5,3,5.75,late25,False
B-G1.040-C3,23799,2,2080.0,1,9.5,late25,False
B-G1.040-C3,23799,2,2083.0,1,3.0,late25,False
B-G1.040-C3,23799,2,2085.75,1,2.75,late25,False
B-G1.040-C3,23799,2,2092.0,1,6.25,late25,False
B-G1.040-C3,23799,2,2096.5,1,4.5,late25,False
B-G1.040-C3,23799,2,2102.5,1,6.0,late25,False
B-G1.040-C3,23799,2,2107.5,2,5.0,late25,False
B-G1.040-C3,23799,2,2138.75,1,31.25,late25,False
B-G1.040-C3,23799,2,2143.0,1,4.25,late25,False
B-G1.040-C3,23799,2,2148.5,1,5.5,late25,False
B-G1.040-C3,23799,2,2154.5,1,6.0,late25,False
B-G1.040-C3,23799,2,2158.5,1,4.0,late25,False
B-G1.040-C3,23799,2,2163.0,1,4.5,late25,False
B-G1.040-C3,23799,2,2172.75,1,9.75,late25,False
B-G1.040-C3,23799,2,2179.0,2,6.25,late25,False
B-G1.040-C3,23799,2,2277.5,2,98.5,late25,False
B-G1.040-C3,23799,3,2294.0,1,16.5,early25,True
B-G1.040-C3,23799,3,2298.0,2,4.0,early25,True
B-G1.040-C3,23799,3,2302.0,2,4.0,early25,True
B-G1.040-C3,23799,3,2306.25,2,4.25,early25,True
B-G1.040-C3,23799,3,2308.75,1,2.5,early25,True
B-G1.040-C3,23799,3,2311.25,1,2.5,early25,True
B-G1.040-C3,23799,3,2313.75,1,2.5,early25,True
B-G1.040-C3,23799,3,2317.75,1,4.0,early25,True
B-G1.040-C3,23799,3,2350.75,2,33.0,early25,True
B-G1.040-C3,23799,3,2356.5,1,5.75,early25,True
B-G1.040-C3,23799,3,2363.5,2,7.0,early25,True
B-G1.040-C3,23799,3,2366.0,2,2.5,early25,True
B-G1.040-C3,23799,3,2374.75,1,8.75,early25,True
B-G1.040-C3,23799,3,2406.0,1,31.25,early25,True
B-G1.040-C3,23799,3,2409.25,1,3.25,early25,True
B-G1.040-C3,23799,3,2413.0,1,3.75,early25,True
B-G1.040-C3,23799,3,2415.75,1,2.75,early25,True
B-G1.040-C3,23799,3,2419.5,1,3.75,early25,True
B-G1.040-C3,23799,3,2423.75,1,4.25,early25,True
B-G1.040-C3,23799,3,2428.0,2,4.25,early25,True
B-G1.040-C3,23799,3,2431.25,1,3.25,early25,True
B-G1.040-C3,23799,3,2434.75,10,3.5,early25,True
B-G1.040-C3,23799,3,2462.75,1,28.0,early25,True
B-G1.040-C3,23799,3,2468.25,1,5.5,early25,True
B-G1.040-C3,23799,3,2472.75,2,4.5,early25,True
B-G1.040-C3,23799,3,2478.0,1,5.25,early25,True
B-G1.040-C3,23799,3,2484.0,1,6.0,early25,True
B-G1.040-C3,23799,3,2485.75,1,1.75,early25,True
B-G1.040-C3,23799,3,2488.25,1,2.5,early25,True
B-G1.040-C3,23799,3,2490.75,1,2.5,early25,True
B-G1.040-C3,23799,3,2515.25,1,24.5,early25,True
B-G1.040-C3,23799,3,2524.5,1,9.25,early25,True
B-G1.040-C3,23799,3,2534.0,2,9.5,early25,True
B-G1.040-C3,23799,3,2538.5,1,4.5,early25,True
B-G1.040-C3,23799,3,2568.0,1,29.5,early25,True
B-G1.040-C3,23799,3,2580.25,1,12.25,early25,True
B-G1.040-C3,23799,3,2583.0,1,2.75,early25,True
B-G1.040-C3,23799,3,2585.5,1,2.5,early25,True
B-G1.040-C3,23799,3,2588.5,1,3.0,early25,True
B-G1.040-C3,23799,3,2591.75,9,3.25,early25,True
B-G1.040-C3,23799,3,2595.25,1,3.5,early25,True
B-G1.040-C3,23799,3,2601.0,1,5.75,early25,True
B-G1.040-C3,23799,3,2630.5,1,29.5,middle50,True
B-G1.040-C3,23799,3,2634.0,1,3.5,middle50,True
B-G1.040-C3,23799,3,2637.75,1,3.75,middle50,True
B-G1.040-C3,23799,3,2641.75,1,4.0,middle50,True
B-G1.040-C3,23799,3,2670.5,1,28.75,middle50,True
B-G1.040-C3,23799,3,2672.75,1,2.25,middle50,True
B-G1.040-C3,23799,3,2675.5,1,2.75,middle50,True
B-G1.040-C3,23799,3,2678.75,7,3.25,middle50,True
B-G1.040-C3,23799,3,2680.5,1,1.75,middle50,True
B-G1.040-C3,23799,3,2684.5,1,4.0,middle50,True
B-G1.040-C3,23799,3,2698.5,1,14.0,middle50,True
B-G1.040-C3,23799,3,2711.0,5,12.5,middle50,True
B-G1.040-C3,23799,3,2729.25,1,18.25,middle50,True
B-G1.040-C3,23799,3,2733.0,1,3.75,middle50,True
B-G1.040-C3,23799,3,2740.0,1,7.0,middle50,True
B-G1.040-C3,23799,3,2746.0,1,6.0,middle50,True
B-G1.040-C3,23799,3,2749.75,6,3.75,middle50,True
B-G1.040-C3,23799,3,2781.0,1,31.25,middle50,True
B-G1.040-C3,23799,3,2787.25,1,6.25,middle50,True
B-G1.040-C3,23799,3,2791.25,1,4.0,middle50,True
B-G1.040-C3,23799,3,2796.25,1,5.0,middle50,True
B-G1.040-C3,23799,3,2801.25,1,5.0,middle50,True
B-G1.040-C3,23799,3,2819.5,3,18.25,middle50,True
B-G1.040-C3,23799,3,2828.25,1,8.75,middle50,True
B-G1.040-C3,23799,3,2836.75,1,8.5,middle50,True
B-G1.040-C3,23799,3,2839.5,1,2.75,middle50,True
B-G1.040-C3,23799,3,2841.75,2,2.25,middle50,True
B-G1.040-C3,23799,3,2848.25,1,6.5,middle50,True
B-G1.040-C3,23799,3,2854.75,1,6.5,middle50,True
B-G1.040-C3,23799,3,2883.25,2,28.5,middle50,True
B-G1.040-C3,23799,3,2884.75,2,1.5,middle50,True
B-G1.040-C3,23799,3,2889.5,1,4.75,middle50,True
B-G1.040-C3,23799,3,2893.25,1,3.75,middle50,True
B-G1.040-C3,23799,3,2904.25,1,11.0,middle50,True
B-G1.040-C3,23799,3,2921.5,1,17.25,middle50,True
B-G1.040-C3,23799,3,2928.5,3,7.0,middle50,True
B-G1.040-C3,23799,3,2947.0,3,18.5,middle50,True
B-G1.040-C3,23799,3,2953.0,3,6.0,middle50,True
B-G1.040-C3,23799,3,2965.5,1,12.5,middle50,True
B-G1.040-C3,23799,3,2992.75,2,27.25,middle50,True
B-G1.040-C3,23799,3,3000.25,1,7.5,middle50,True
B-G1.040-C3,23799,3,3017.25,1,17.0,middle50,True
B-G1.040-C3,23799,3,3178.25,1,161.0,middle50,True
B-G1.040-C3,23799,3,3184.75,1,6.5,middle50,True
B-G1.040-C3,23799,3,3192.25,1,7.5,middle50,True
B-G1.040-C3,23799,3,3201.75,1,9.5,middle50,True
B-G1.040-C3,23799,3,3225.75,4,24.0,middle50,True
B-G1.040-C3,23799,3,3236.25,1,10.5,middle50,True
B-G1.040-C3,23799,3,3244.25,1,8.0,middle50,True
B-G1.040-C3,23799,3,3276.75,1,32.5,late25,True
B-G1.040-C3,23799,3,3291.75,1,15.0,late25,True
B-G1.040-C3,23799,3,3297.25,1,5.5,late25,True
B-G1.040-C3,23799,3,3339.25,1,42.0,late25,True
B-G1.040-C3,23799,3,3351.5,1,12.25,late25,True
B-G1.040-C3,23799,3,3356.0,1,4.5,late25,True
B-G1.040-C3,23799,3,3368.25,2,12.25,late25,True
B-G1.040-C3,23799,3,3506.75,1,138.5,late25,True
B-G1.040-C3,23799,3,3515.75,1,9.0,late25,True
B-G1.040-C3,23799,3,3527.0,1,11.25,late25,True
B-G1.040-C3,23799,3,3535.75,1,8.75,late25,True
B-G1.040-C3,23799,3,3564.5,1,28.75,late25,True
B-G1.040-C3,23799,3,3569.75,3,5.25,late25,True
B-G1.040-C3,23799,3,3578.0,1,8.25,late25,True
B-G1.040-C3,23799,3,3580.0,2,2.0,late25,True
B-G1.040-C3,23799,3,3588.5,2,8.5,late25,True
B-G1.040-C3,31718,0,0.25,3,,early25,False
B-G1.040-C3,31718,0,8.5,1,8.25,early25,False
B-G1.040-C3,31718,0,17.25,1,8.75,early25,False
B-G1.040-C3,31718,0,33.75,1,16.5,early25,False
B-G1.040-C3,31718,0,50.75,1,17.0,early25,False
B-G1.040-C3,31718,0,93.75,1,43.0,early25,False
B-G1.040-C3,31718,0,100.75,1,7.0,early25,False
B-G1.040-C3,31718,0,116.0,1,15.25,early25,False
B-G1.040-C3,31718,0,158.75,1,42.75,early25,False
B-G1.040-C3,31718,0,161.75,1,3.0,early25,False
B-G1.040-C3,31718,0,168.25,1,6.5,early25,False
B-G1.040-C3,31718,0,175.25,1,7.0,early25,False
B-G1.040-C3,31718,0,179.25,1,4.0,early25,False
B-G1.040-C3,31718,0,217.5,1,38.25,early25,False
B-G1.040-C3,31718,0,223.25,1,5.75,early25,False
B-G1.040-C3,31718,0,227.75,1,4.5,early25,False
B-G1.040-C3,31718,0,234.5,1,6.75,early25,False
B-G1.040-C3,31718,0,247.5,1,13.0,early25,False
B-G1.040-C3,31718,0,404.75,1,157.25,middle50,False
B-G1.040-C3,31718,0,410.0,1,5.25,middle50,False
B-G1.040-C3,31718,0,455.75,1,45.75,middle50,False
B-G1.040-C3,31718,0,460.75,1,5.0,middle50,False
B-G1.040-C3,31718,0,465.75,1,5.0,middle50,False
B-G1.040-C3,31718,0,470.0,1,4.25,middle50,False
B-G1.040-C3,31718,0,474.75,1,4.75,middle50,False
B-G1.040-C3,31718,0,478.5,1,3.75,middle50,False
B-G1.040-C3,31718,0,493.0,1,14.5,middle50,False
B-G1.040-C3,31718,0,519.25,1,26.25,middle50,False
B-G1.040-C3,31718,0,527.25,1,8.0,middle50,False
B-G1.040-C3,31718,0,533.0,1,5.75,middle50,False
B-G1.040-C3,31718,0,541.25,1,8.25,middle50,False
B-G1.040-C3,31718,0,543.75,1,2.5,middle50,False
B-G1.040-C3,31718,0,579.0,1,35.25,middle50,False
B-G1.040-C3,31718,0,583.0,1,4.0,middle50,False
B-G1.040-C3,31718,0,589.75,1,6.75,middle50,False
B-G1.040-C3,31718,0,593.5,1,3.75,middle50,False
B-G1.040-C3,31718,0,598.0,1,4.5,middle50,False
B-G1.040-C3,31718,0,604.0,1,6.0,middle50,False
B-G1.040-C3,31718,0,753.75,1,149.75,middle50,False
B-G1.040-C3,31718,0,756.5,1,2.75,middle50,False
B-G1.040-C3,31718,0,763.25,1,6.75,middle50,False
B-G1.040-C3,31718,0,769.5,1,6.25,middle50,False
B-G1.040-C3,31718,0,776.75,1,7.25,middle50,False
B-G1.040-C3,31718,0,791.0,2,14.25,middle50,False
B-G1.040-C3,31718,0,813.0,1,22.0,late25,False
B-G1.040-C3,31718,0,820.5,1,7.5,late25,False
B-G1.040-C3,31718,0,825.5,11,5.0,late25,False
B-G1.040-C3,31718,0,832.25,1,6.75,late25,False
B-G1.040-C3,31718,0,841.0,1,8.75,late25,False
B-G1.040-C3,31718,0,849.25,3,8.25,late25,False
B-G1.040-C3,31718,0,862.75,1,13.5,late25,False
B-G1.040-C3,31718,0,875.75,1,13.0,late25,False
B-G1.040-C3,31718,0,883.0,1,7.25,late25,False
B-G1.040-C3,31718,0,885.5,3,2.5,late25,False
B-G1.040-C3,31718,0,891.5,1,6.0,late25,False
B-G1.040-C3,31718,0,921.0,1,29.5,late25,False
B-G1.040-C3,31718,0,924.5,1,3.5,late25,False
B-G1.040-C3,31718,0,927.25,1,2.75,late25,False
B-G1.040-C3,31718,0,930.75,1,3.5,late25,False
B-G1.040-C3,31718,0,935.5,1,4.75,late25,False
B-G1.040-C3,31718,0,939.25,1,3.75,late25,False
B-G1.040-C3,31718,0,942.75,1,3.5,late25,False
B-G1.040-C3,31718,0,947.75,1,5.0,late25,False
B-G1.040-C3,31718,0,951.0,1,3.25,late25,False
B-G1.040-C3,31718,0,1046.75,1,95.75,late25,False
B-G1.040-C3,31718,0,1053.75,1,7.0,late25,False
B-G1.040-C3,31718,0,1058.0,1,4.25,late25,False
B-G1.040-C3,31718,0,1063.25,1,5.25,late25,False
B-G1.040-C3,31718,1,1080.25,1,17.0,early25,False
B-G1.040-C3,31718,1,1083.75,1,3.5,early25,False
B-G1.040-C3,31718,1,1085.5,1,1.75,early25,False
B-G1.040-C3,31718,1,1088.5,1,3.0,early25,False
B-G1.040-C3,31718,1,1089.5,1,1.0,early25,False
B-G1.040-C3,31718,1,1095.0,1,5.5,early25,False
B-G1.040-C3,31718,1,1107.75,1,12.75,early25,False
B-G1.040-C3,31718,1,1140.0,2,32.25,early25,False
B-G1.040-C3,31718,1,1144.5,1,4.5,early25,False
B-G1.040-C3,31718,1,1145.5,1,1.0,early25,False
B-G1.040-C3,31718,1,1148.25,1,2.75,early25,False
B-G1.040-C3,31718,1,1151.5,1,3.25,early25,False
B-G1.040-C3,31718,1,1154.75,2,3.25,early25,False
B-G1.040-C3,31718,1,1156.5,1,1.75,early25,False
B-G1.040-C3,31718,1,1165.0,1,8.5,early25,False
B-G1.040-C3,31718,1,1174.5,1,9.5,early25,False
B-G1.040-C3,31718,1,1314.9999999999,1,140.49999999989996,middle50,False
B-G1.040-C3,31718,1,1319.9999999999,2,5.0,middle50,False
B-G1.040-C3,31718,1,1327.9999999999,1,8.0,middle50,False
B-G1.040-C3,31718,1,1332.7499999999,2,4.75,middle50,False
B-G1.040-C3,31718,1,1337.2499999999,1,4.5,middle50,False
B-G1.040-C3,31718,1,1343.2499999999,1,6.0,middle50,False
B-G1.040-C3,31718,1,1371.2499999999,2,28.0,middle50,False
B-G1.040-C3,31718,1,1377.7499999999,2,6.5,middle50,False
B-G1.040-C3,31718,1,1380.9999999999,16,3.25,middle50,False
B-G1.040-C3,31718,1,1385.4999999999,1,4.5,middle50,False
B-G1.040-C3,31718,1,1396.2499999999,1,10.75,middle50,False
B-G1.040-C3,31718,1,1405.2499999999,1,9.0,middle50,False
B-G1.040-C3,31718,1,1411.4999999999,4,6.25,middle50,False
B-G1.040-C3,31718,1,1423.2499999999,1,11.75,middle50,False
B-G1.040-C3,31718,1,1426.4999999999,4,3.25,middle50,False
B-G1.040-C3,31718,1,1429.2499999999,1,2.75,middle50,False
B-G1.040-C3,31718,1,1431.4999999999,4,2.25,middle50,False
B-G1.040-C3,31718,1,1439.2499999999,1,7.75,middle50,False
B-G1.040-C3,31718,1,1442.7499999999,1,3.5,middle50,False
B-G1.040-C3,31718,1,1445.7499999999,1,3.0,middle50,False
B-G1.040-C3,31718,1,1447.4999999999,1,1.75,middle50,False
B-G1.040-C3,31718,1,1452.2499999999,1,4.75,middle50,False
B-G1.040-C3,31718,1,1480.7499999999,1,28.5,middle50,False
B-G1.040-C3,31718,1,1483.7499999999,1,3.0,late25,False
B-G1.040-C3,31718,1,1486.2499999999,1,2.5,late25,False
B-G1.040-C3,31718,1,1488.7499999999,1,2.5,late25,False
B-G1.040-C3,31718,1,1489.7499999999,2,1.0,late25,False
B-G1.040-C3,31718,1,1490.4999999999,3,0.75,late25,False
B-G1.040-C3,31718,1,1492.2499999999,1,1.75,late25,False
B-G1.040-C3,31718,1,1494.7499999999,1,2.5,late25,False
B-G1.040-C3,31718,1,1499.4999999999,1,4.75,late25,False
B-G1.040-C3,31718,1,1502.4999999999,1,3.0,late25,False
B-G1.040-C3,31718,1,1504.7499999999,1,2.25,late25,False
B-G1.040-C3,31718,1,1506.2499999999,1,1.5,late25,False
B-G1.040-C3,31718,1,1507.9999999999,1,1.75,late25,False
B-G1.040-C3,31718,1,1516.2499999999,1,8.25,late25,False
B-G1.040-C3,31718,1,1613.2499999999,1,97.0,late25,False
B-G1.040-C3,31718,1,1615.2499999999,1,2.0,late25,False
B-G1.040-C3,31718,1,1619.7499999999,1,4.5,late25,False
B-G1.040-C3,31718,2,1637.9999999999,1,18.25,early25,False
B-G1.040-C3,31718,2,1642.4999999999,2,4.5,early25,False
B-G1.040-C3,31718,2,1648.4999999999,2,6.0,early25,False
B-G1.040-C3,31718,2,1655.7499999999,3,7.25,early25,False
B-G1.040-C3,31718,2,1662.2499999999,3,6.5,early25,False
B-G1.040-C3,31718,2,1665.7499999999,1,3.5,early25,False
B-G1.040-C3,31718,2,1692.9999999999,1,27.25,early25,False
B-G1.040-C3,31718,2,1697.4999999999,20,4.5,early25,False
B-G1.040-C3,31718,2,1705.9999999999,2,8.5,early25,False
B-G1.040-C3,31718,2,1706.9999999999,1,1.0,early25,False
B-G1.040-C3,31718,2,1712.4999999999,2,5.5,early25,False
B-G1.040-C3,31718,2,1717.9999999999,1,5.5,early25,False
B-G1.040-C3,31718,2,1718.9999999999,1,1.0,early25,False
B-G1.040-C3,31718,2,1720.2499999999,1,1.25,early25,False
B-G1.040-C3,31718,2,1722.2499999999,1,2.0,early25,False
B-G1.040-C3,31718,2,1727.9999999999,1,5.75,early25,False
B-G1.040-C3,31718,2,1741.7499999999,2,13.75,early25,False
B-G1.040-C3,31718,2,1743.4999999999,1,1.75,early25,False
B-G1.040-C3,31718,2,1752.2499999999,2,8.75,early25,False
B-G1.040-C3,31718,2,1757.9999999999,3,5.75,early25,False
B-G1.040-C3,31718,2,1763.7499999999,2,5.75,early25,False
B-G1.040-C3,31718,2,1769.9999999999,2,6.25,early25,False
B-G1.040-C3,31718,2,1803.25,3,33.250000000100044,early25,False
B-G1.040-C3,31718,2,1807.5,2,4.25,early25,False
B-G1.040-C3,31718,2,1812.5,2,5.0,early25,False
B-G1.040-C3,31718,2,1817.5,1,5.0,early25,False
B-G1.040-C3,31718,2,1834.5,1,17.0,early25,False
B-G1.040-C3,31718,2,1841.0,5,6.5,early25,False
B-G1.040-C3,31718,2,1984.25,2,143.25,middle50,False
B-G1.040-C3,31718,2,1987.5,1,3.25,middle50,False
B-G1.040-C3,31718,2,1991.0,1,3.5,middle50,False
B-G1.040-C3,31718,2,1994.75,1,3.75,middle50,False
B-G1.040-C3,31718,2,1999.5,1,4.75,middle50,False
B-G1.040-C3,31718,2,2003.5,2,4.0,middle50,False
B-G1.040-C3,31718,2,2010.0,1,6.5,middle50,False
B-G1.040-C3,31718,2,2034.0,14,24.0,middle50,False
B-G1.040-C3,31718,2,2043.0,1,9.0,middle50,False
B-G1.040-C3,31718,2,2048.75,2,5.75,middle50,False
B-G1.040-C3,31718,2,2054.75,1,6.0,middle50,False
B-G1.040-C3,31718,2,2058.75,2,4.0,middle50,False
B-G1.040-C3,31718,2,2066.0,1,7.25,middle50,False
B-G1.040-C3,31718,2,2073.0,4,7.0,middle50,False
B-G1.040-C3,31718,2,2083.25,1,10.25,middle50,False
B-G1.040-C3,31718,2,2086.25,1,3.0,middle50,False
B-G1.040-C3,31718,2,2089.0,1,2.75,middle50,False
B-G1.040-C3,31718,2,2092.5,1,3.5,middle50,False
B-G1.040-C3,31718,2,2096.5,1,4.0,middle50,False
B-G1.040-C3,31718,2,2100.0,2,3.5,middle50,False
B-G1.040-C3,31718,2,2104.0,1,4.0,middle50,False
B-G1.040-C3,31718,2,2107.25,1,3.25,middle50,False
B-G1.040-C3,31718,2,2110.75,12,3.5,middle50,False
B-G1.040-C3,31718,2,2111.5,2,0.75,middle50,False
B-G1.040-C3,31718,2,2139.75,1,28.25,middle50,False
B-G1.040-C3,31718,2,2143.0,1,3.25,middle50,False
B-G1.040-C3,31718,2,2149.0,1,6.0,middle50,False
B-G1.040-C3,31718,2,2151.0,1,2.0,middle50,False
B-G1.040-C3,31718,2,2154.75,1,3.75,middle50,False
B-G1.040-C3,31718,2,2164.25,2,9.5,middle50,False
B-G1.040-C3,31718,2,2168.0,1,3.75,middle50,False
B-G1.040-C3,31718,2,2295.75,1,127.75,middle50,False
B-G1.040-C3,31718,2,2298.5,1,2.75,middle50,False
B-G1.040-C3,31718,2,2301.75,1,3.25,middle50,False
B-G1.040-C3,31718,2,2305.0,1,3.25,middle50,False
B-G1.040-C3,31718,2,2310.25,1,5.25,middle50,False
B-G1.040-C3,31718,2,2315.5,1,5.25,middle50,False
B-G1.040-C3,31718,2,2320.5,1,5.0,middle50,False
B-G1.040-C3,31718,2,2325.0,2,4.5,middle50,False
B-G1.040-C3,31718,2,2354.25,1,29.25,middle50,False
B-G1.040-C3,31718,2,2358.0,1,3.75,late25,False
B-G1.040-C3,31718,2,2360.25,1,2.25,late25,False
B-G1.040-C3,31718,2,2363.75,1,3.5,late25,False
B-G1.040-C3,31718,2,2367.5,1,3.75,late25,False
B-G1.040-C3,31718,2,2370.5,1,3.0,late25,False
B-G1.040-C3,31718,2,2374.0,1,3.5,late25,False
B-G1.040-C3,31718,2,2377.25,1,3.25,late25,False
B-G1.040-C3,31718,2,2383.5,2,6.25,late25,False
B-G1.040-C3,31718,2,2404.25,1,20.75,late25,False
B-G1.040-C3,31718,2,2411.0,1,6.75,late25,False
B-G1.040-C3,31718,2,2414.75,1,3.75,late25,False
B-G1.040-C3,31718,2,2417.75,1,3.0,late25,False
B-G1.040-C3,31718,2,2426.0,1,8.25,late25,False
B-G1.040-C3,31718,2,2430.25,1,4.25,late25,False
B-G1.040-C3,31718,2,2433.75,1,3.5,late25,False
B-G1.040-C3,31718,2,2459.25,7,25.5,late25,False
B-G1.040-C3,31718,2,2461.5,1,2.25,late25,False
B-G1.040-C3,31718,2,2463.75,1,2.25,late25,False
B-G1.040-C3,31718,2,2469.25,1,5.5,late25,False
B-G1.040-C3,31718,2,2475.25,1,6.0,late25,False
B-G1.040-C3,31718,2,2479.0,1,3.75,late25,False
B-G1.040-C3,31718,2,2484.0,1,5.0,late25,False
B-G1.040-C3,31718,2,2487.5,1,3.5,late25,False
B-G1.040-C3,31718,2,2489.0,1,1.5,late25,False
B-G1.040-C3,31718,2,2503.0,5,14.0,late25,False
B-G1.040-C3,31718,3,2606.25,2,103.25,early25,True
B-G1.040-C3,31718,3,2618.75,2,12.5,early25,True
B-G1.040-C3,31718,3,2621.5,1,2.75,early25,True
B-G1.040-C3,31718,3,2624.0,8,2.5,early25,True
B-G1.040-C3,31718,3,2626.25,7,2.25,early25,True
B-G1.040-C3,31718,3,2635.0,2,8.75,early25,True
B-G1.040-C3,31718,3,2644.0,1,9.0,early25,True
B-G1.040-C3,31718,3,2671.0,1,27.0,early25,True
B-G1.040-C3,31718,3,2672.75,1,1.75,early25,True
B-G1.040-C3,31718,3,2681.25,2,8.5,early25,True
B-G1.040-C3,31718,3,2687.0,2,5.75,early25,True
B-G1.040-C3,31718,3,2688.0,1,1.0,early25,True
B-G1.040-C3,31718,3,2689.0,1,1.0,early25,True
B-G1.040-C3,31718,3,2690.25,5,1.25,early25,True
B-G1.040-C3,31718,3,2691.5,4,1.25,early25,True
B-G1.040-C3,31718,3,2697.0,2,5.5,early25,True
B-G1.040-C3,31718,3,2722.0,2,25.0,early25,True
B-G1.040-C3,31718,3,2726.5,1,4.5,early25,True
B-G1.040-C3,31718,3,2728.0,1,1.5,early25,True
B-G1.040-C3,31718,3,2735.5,2,7.5,early25,True
B-G1.040-C3,31718,3,2742.25,1,6.75,early25,True
B-G1.040-C3,31718,3,2780.5,1,38.25,early25,True
B-G1.040-C3,31718,3,2786.25,1,5.75,early25,True
B-G1.040-C3,31718,3,2791.75,2,5.5,early25,True
B-G1.040-C3,31718,3,2797.25,1,5.5,early25,True
B-G1.040-C3,31718,3,2802.75,2,5.5,early25,True
B-G1.040-C3,31718,3,2812.0,1,9.25,early25,True
B-G1.040-C3,31718,3,2841.75,1,29.75,early25,True
B-G1.040-C3,31718,3,2846.75,1,5.0,early25,True
B-G1.040-C3,31718,3,2851.0,1,4.25,early25,True
B-G1.040-C3,31718,3,2885.25,1,34.25,middle50,True
B-G1.040-C3,31718,3,2888.5,1,3.25,middle50,True
B-G1.040-C3,31718,3,2895.75,1,7.25,middle50,True
B-G1.040-C3,31718,3,2903.0,1,7.25,middle50,True
B-G1.040-C3,31718,3,2916.75,1,13.75,middle50,True
B-G1.040-C3,31718,3,2936.5,1,19.75,middle50,True
B-G1.040-C3,31718,3,2945.75,1,9.25,middle50,True
B-G1.040-C3,31718,3,2952.25,1,6.5,middle50,True
B-G1.040-C3,31718,3,2958.5,2,6.25,middle50,True
B-G1.040-C3,31718,3,2988.25,1,29.75,middle50,True
B-G1.040-C3,31718,3,2995.75,1,7.5,middle50,True
B-G1.040-C3,31718,3,3006.0,2,10.25,middle50,True
B-G1.040-C3,31718,3,3015.25,1,9.25,middle50,True
B-G1.040-C3,31718,3,3037.0,1,21.75,middle50,True
B-G1.040-C3,31718,3,3041.75,1,4.75,middle50,True
B-G1.040-C3,31718,3,3053.75,1,12.0,middle50,True
B-G1.040-C3,31718,3,3059.0,1,5.25,middle50,True
B-G1.040-C3,31718,3,3091.5,1,32.5,middle50,True
B-G1.040-C3,31718,3,3101.25,1,9.75,middle50,True
B-G1.040-C3,31718,3,3110.0,1,8.75,middle50,True
B-G1.040-C3,31718,3,3115.25,2,5.25,middle50,True
B-G1.040-C3,31718,3,3133.75,1,18.5,middle50,True
B-G1.040-C3,31718,3,3169.0,1,35.25,middle50,True
B-G1.040-C3,31718,3,3181.25,1,12.25,middle50,True
B-G1.040-C3,31718,3,3187.5,1,6.25,middle50,True
B-G1.040-C3,31718,3,3222.5,1,35.0,middle50,True
B-G1.040-C3,31718,3,3227.5,2,5.0,middle50,True
B-G1.040-C3,31718,3,3232.5,1,5.0,middle50,True
B-G1.040-C3,31718,3,3251.5,1,19.0,middle50,True
B-G1.040-C3,31718,3,3258.75,4,7.25,middle50,True
B-G1.040-C3,31718,3,3270.5,1,11.75,middle50,True
B-G1.040-C3,31718,3,3276.5,1,6.0,middle50,True
B-G1.040-C3,31718,3,3281.5,1,5.0,middle50,True
B-G1.040-C3,31718,3,3287.0,4,5.5,middle50,True
B-G1.040-C3,31718,3,3291.25,2,4.25,middle50,True
B-G1.040-C3,31718,3,3296.5,3,5.25,middle50,True
B-G1.040-C3,31718,3,3323.5,3,27.0,middle50,True
B-G1.040-C3,31718,3,3335.0,1,11.5,middle50,True
B-G1.040-C3,31718,3,3345.5,1,10.5,middle50,True
B-G1.040-C3,31718,3,3353.25,1,7.75,late25,True
B-G1.040-C3,31718,3,3374.25,1,21.0,late25,True
B-G1.040-C3,31718,3,3380.5,1,6.25,late25,True
B-G1.040-C3,31718,3,3387.5,1,7.0,late25,True
B-G1.040-C3,31718,3,3396.5,1,9.0,late25,True
B-G1.040-C3,31718,3,3400.5,4,4.0,late25,True
B-G1.040-C3,31718,3,3426.25,1,25.75,late25,True
B-G1.040-C3,31718,3,3433.25,1,7.0,late25,True
B-G1.040-C3,31718,3,3448.25,1,15.0,late25,True
B-G1.040-C3,31718,3,3453.5,1,5.25,late25,True
B-G1.040-C3,39637,0,0.25,3,,early25,False
B-G1.040-C3,39637,0,9.5,1,9.25,early25,False
B-G1.040-C3,39637,0,18.0,1,8.5,early25,False
B-G1.040-C3,39637,0,29.0,1,11.0,early25,False
B-G1.040-C3,39637,0,33.75,1,4.75,early25,False
B-G1.040-C3,39637,0,50.4999999999,1,16.749999999899998,early25,False
B-G1.040-C3,39637,0,92.4999999999,1,42.0,early25,False
B-G1.040-C3,39637,0,102.4999999999,1,10.0,early25,False
B-G1.040-C3,39637,0,111.9999999999,1,9.5,early25,False
B-G1.040-C3,39637,0,156.4999999999,1,44.500000000000014,early25,False
B-G1.040-C3,39637,0,167.9999999999,1,11.5,early25,False
B-G1.040-C3,39637,0,171.9999999999,1,4.0,early25,False
B-G1.040-C3,39637,0,180.7499999999,1,8.75,middle50,False
B-G1.040-C3,39637,0,215.9999999999,1,35.25,middle50,False
B-G1.040-C3,39637,0,222.7499999999,1,6.75,middle50,False
B-G1.040-C3,39637,0,225.2499999999,1,2.5,middle50,False
B-G1.040-C3,39637,0,230.7499999999,1,5.5,middle50,False
B-G1.040-C3,39637,0,234.9999999999,1,4.25,middle50,False
B-G1.040-C3,39637,0,238.2499999999,1,3.25,middle50,False
B-G1.040-C3,39637,0,245.4999999999,1,7.25,middle50,False
B-G1.040-C3,39637,0,398.7499999999,1,153.25,middle50,False
B-G1.040-C3,39637,0,410.4999999999,1,11.75,middle50,False
B-G1.040-C3,39637,0,415.4999999999,1,5.0,middle50,False
B-G1.040-C3,39637,0,454.7499999999,1,39.25,middle50,False
B-G1.040-C3,39637,0,457.2499999999,1,2.5,middle50,False
B-G1.040-C3,39637,0,463.4999999999,1,6.25,middle50,False
B-G1.040-C3,39637,0,467.7499999999,1,4.25,middle50,False
B-G1.040-C3,39637,0,473.4999999999,1,5.75,middle50,False
B-G1.040-C3,39637,0,477.9999999999,1,4.5,middle50,False
B-G1.040-C3,39637,0,482.4999999999,1,4.5,middle50,False
B-G1.040-C3,39637,0,490.7499999999,1,8.25,middle50,False
B-G1.040-C3,39637,0,516.7499999999,1,25.999999999999943,middle50,False
B-G1.040-C3,39637,0,524.2499999999,1,7.5,middle50,False
B-G1.040-C3,39637,0,539.7499999999,2,15.5,late25,False
B-G1.040-C3,39637,0,548.2499999999,1,8.5,late25,False
B-G1.040-C3,39637,0,570.4999999999,1,22.25,late25,False
B-G1.040-C3,39637,0,581.7499999999,12,11.25,late25,False
B-G1.040-C3,39637,0,582.9999999999,1,1.25,late25,False
B-G1.040-C3,39637,0,589.4999999999,1,6.5,late25,False
B-G1.040-C3,39637,0,598.7499999999,1,9.25,late25,False
B-G1.040-C3,39637,0,601.2499999999,1,2.5,late25,False
B-G1.040-C3,39637,0,709.4999999999,1,108.25,late25,False
B-G1.040-C3,39637,1,733.4999999999,1,24.0,early25,False
B-G1.040-C3,39637,1,735.4999999999,1,2.0,early25,False
B-G1.040-C3,39637,1,742.4999999999,1,7.0,early25,False
B-G1.040-C3,39637,1,745.9999999999,1,3.5,early25,False
B-G1.040-C3,39637,1,747.4999999999,1,1.5,early25,False
B-G1.040-C3,39637,1,749.4999999999,1,2.0,early25,False
B-G1.040-C3,39637,1,750.9999999999,1,1.5,early25,False
B-G1.040-C3,39637,1,755.9999999999,2,5.0,early25,False
B-G1.040-C3,39637,1,760.7499999999,1,4.75,early25,False
B-G1.040-C3,39637,1,788.4999999999,2,27.75,early25,False
B-G1.040-C3,39637,1,792.7499999999,1,4.25,early25,False
B-G1.040-C3,39637,1,797.7499999999,2,5.0,early25,False
B-G1.040-C3,39637,1,802.2499999999,2,4.5,early25,False
B-G1.040-C3,39637,1,805.4999999999,1,3.25,early25,False
B-G1.040-C3,39637,1,809.7499999999,2,4.25,early25,False
B-G1.040-C3,39637,1,812.7499999999,1,3.0,early25,False
B-G1.040-C3,39637,1,816.4999999999,1,3.75,early25,False
B-G1.040-C3,39637,1,826.2499999999,3,9.75,early25,False
B-G1.040-C3,39637,1,858.7499999999,1,32.5,early25,False
B-G1.040-C3,39637,1,869.9999999999,21,11.25,early25,False
B-G1.040-C3,39637,1,875.4999999999,1,5.5,middle50,False
B-G1.040-C3,39637,1,899.2499999999,1,23.75,middle50,False
B-G1.040-C3,39637,1,902.4999999999,2,3.25,middle50,False
B-G1.040-C3,39637,1,905.9999999999,8,3.5,middle50,False
B-G1.040-C3,39637,1,908.4999999999,1,2.5,middle50,False
B-G1.040-C3,39637,1,910.7499999999,1,2.25,middle50,False
B-G1.040-C3,39637,1,912.7499999999,1,2.0,middle50,False
B-G1.040-C3,39637,1,914.7499999999,1,2.0,middle50,False
B-G1.040-C3,39637,1,916.9999999999,1,2.25,middle50,False
B-G1.040-C3,39637,1,920.4999999999,1,3.5,middle50,False
B-G1.040-C3,39637,1,924.4999999999,2,4.0,middle50,False
B-G1.040-C3,39637,1,931.7499999999,2,7.25,middle50,False
B-G1.040-C3,39637,1,1063.9999999999,1,132.25,middle50,False
B-G1.040-C3,39637,1,1068.7499999999,1,4.75,middle50,False
B-G1.040-C3,39637,1,1072.4999999999,2,3.75,middle50,False
B-G1.040-C3,39637,1,1075.9999999999,1,3.5,middle50,False
B-G1.040-C3,39637,1,1080.2499999999,1,4.25,middle50,False
B-G1.040-C3,39637,1,1083.2499999999,1,3.0,middle50,False
B-G1.040-C3,39637,1,1086.2499999999,2,3.0,middle50,False
B-G1.040-C3,39637,1,1089.7499999999,1,3.5,middle50,False
B-G1.040-C3,39637,1,1120.2499999999,1,30.5,middle50,False
B-G1.040-C3,39637,1,1122.9999999999,2,2.75,middle50,False
B-G1.040-C3,39637,1,1128.2499999999,1,5.25,middle50,False
B-G1.040-C3,39637,1,1132.9999999999,1,4.75,middle50,False
B-G1.040-C3,39637,1,1136.2499999999,2,3.25,middle50,False
B-G1.040-C3,39637,1,1139.7499999999,1,3.5,middle50,False
B-G1.040-C3,39637,1,1142.2499999999,1,2.5,middle50,False
B-G1.040-C3,39637,1,1145.4999999999,1,3.25,middle50,False
B-G1.040-C3,39637,1,1154.9999999999,1,9.5,middle50,False
B-G1.040-C3,39637,1,1172.7499999999,1,17.75,middle50,False
B-G1.040-C3,39637,1,1176.4999999999,1,3.75,middle50,False
B-G1.040-C3,39637,1,1179.7499999999,1,3.25,middle50,False
B-G1.040-C3,39637,1,1184.2499999999,1,4.5,middle50,False
B-G1.040-C3,39637,1,1188.2499999999,1,4.0,middle50,False
B-G1.040-C3,39637,1,1190.7499999999,1,2.5,middle50,False
B-G1.040-C3,39637,1,1194.4999999999,1,3.75,middle50,False
B-G1.040-C3,39637,1,1197.7499999999,12,3.25,middle50,False
B-G1.040-C3,39637,1,1199.2499999999,1,1.5,middle50,False
B-G1.040-C3,39637,1,1229.2499999999,1,30.0,late25,False
B-G1.040-C3,39637,1,1241.9999999999,1,12.75,late25,False
B-G1.040-C3,39637,1,1246.2499999999,1,4.25,late25,False
B-G1.040-C3,39637,1,1248.9999999999,1,2.75,late25,False
B-G1.040-C3,39637,1,1252.4999999999,1,3.5,late25,False
B-G1.040-C3,39637,1,1256.7499999999,1,4.25,late25,False
B-G1.040-C3,39637,2,1372.7499999999,2,116.0,early25,False
B-G1.040-C3,39637,2,1385.2499999999,1,12.5,early25,False
B-G1.040-C3,39637,2,1389.4999999999,2,4.25,early25,False
B-G1.040-C3,39637,2,1394.4999999999,2,5.0,early25,False
B-G1.040-C3,39637,2,1397.9999999999,2,3.5,early25,False
B-G1.040-C3,39637,2,1403.7499999999,2,5.75,early25,False
B-G1.040-C3,39637,2,1408.4999999999,3,4.75,early25,False
B-G1.040-C3,39637,2,1413.9999999999,2,5.5,early25,False
B-G1.040-C3,39637,2,1440.2499999999,2,26.25,early25,False
B-G1.040-C3,39637,2,1444.2499999999,24,4.0,early25,False
B-G1.040-C3,39637,2,1447.7499999999,1,3.5,early25,False
B-G1.040-C3,39637,2,1451.9999999999,1,4.25,early25,False
B-G1.040-C3,39637,2,1453.9999999999,1,2.0,early25,False
B-G1.040-C3,39637,2,1454.7499999999,1,0.75,early25,False
B-G1.040-C3,39637,2,1465.4999999999,1,10.75,early25,False
B-G1.040-C3,39637,2,1468.2499999999,2,2.75,early25,False
B-G1.040-C3,39637,2,1476.2499999999,2,8.0,early25,False
B-G1.040-C3,39637,2,1490.4999999999,1,14.25,early25,False
B-G1.040-C3,39637,2,1493.2499999999,1,2.75,early25,False
B-G1.040-C3,39637,2,1495.7499999999,1,2.5,early25,False
B-G1.040-C3,39637,2,1498.4999999999,1,2.75,early25,False
B-G1.040-C3,39637,2,1503.9999999999,3,5.5,early25,False
B-G1.040-C3,39637,2,1509.4999999999,2,5.5,early25,False
B-G1.040-C3,39637,2,1514.4999999999,1,5.0,early25,False
B-G1.040-C3,39637,2,1518.7499999999,2,4.25,early25,False
B-G1.040-C3,39637,2,1549.2499999999,2,30.5,early25,False
B-G1.040-C3,39637,2,1556.2499999999,2,7.0,early25,False
B-G1.040-C3,39637,2,1560.7499999999,2,4.5,early25,False
B-G1.040-C3,39637,2,1562.7499999999,2,2.0,early25,False
B-G1.040-C3,39637,2,1569.2499999999,1,6.5,early25,False
B-G1.040-C3,39637,2,1573.4999999999,2,4.25,early25,False
B-G1.040-C3,39637,2,1585.7499999999,5,12.25,early25,False
B-G1.040-C3,39637,2,1726.4999999999,2,140.75,middle50,False
B-G1.040-C3,39637,2,1731.2499999999,2,4.75,middle50,False
B-G1.040-C3,39637,2,1736.2499999999,2,5.0,middle50,False
B-G1.040-C3,39637,2,1738.7499999999,1,2.5,middle50,False
B-G1.040-C3,39637,2,1741.7499999999,1,3.0,middle50,False
B-G1.040-C3,39637,2,1744.4999999999,1,2.75,middle50,False
B-G1.040-C3,39637,2,1748.2499999999,1,3.75,middle50,False
B-G1.040-C3,39637,2,1751.4999999999,1,3.25,middle50,False
B-G1.040-C3,39637,2,1753.7499999999,1,2.25,middle50,False
B-G1.040-C3,39637,2,1778.4999999999,1,24.75,middle50,False
B-G1.040-C3,39637,2,1780.7499999999,12,2.25,middle50,False
B-G1.040-C3,39637,2,1782.4999999999,1,1.75,middle50,False
B-G1.040-C3,39637,2,1785.4999999999,1,3.0,middle50,False
B-G1.040-C3,39637,2,1788.4999999999,1,3.0,middle50,False
B-G1.040-C3,39637,2,1790.9999999999,1,2.5,middle50,False
B-G1.040-C3,39637,2,1794.9999999999,2,4.0,middle50,False
B-G1.040-C3,39637,2,1798.9999999999,2,4.0,middle50,False
B-G1.040-C3,39637,2,1804.75,1,5.750000000100044,middle50,False
B-G1.040-C3,39637,2,1807.5,1,2.75,middle50,False
B-G1.040-C3,39637,2,1809.5,1,2.0,middle50,False
B-G1.040-C3,39637,2,1818.0,3,8.5,middle50,False
B-G1.040-C3,39637,2,1827.0,1,9.0,middle50,False
B-G1.040-C3,39637,2,1829.0,1,2.0,middle50,False
B-G1.040-C3,39637,2,1832.0,1,3.0,middle50,False
B-G1.040-C3,39637,2,1834.75,1,2.75,middle50,False
B-G1.040-C3,39637,2,1836.25,1,1.5,middle50,False
B-G1.040-C3,39637,2,1837.5,3,1.25,middle50,False
B-G1.040-C3,39637,2,1842.25,1,4.75,middle50,False
B-G1.040-C3,39637,2,1844.5,1,2.25,middle50,False
B-G1.040-C3,39637,2,1845.75,3,1.25,middle50,False
B-G1.040-C3,39637,2,1850.5,2,4.75,middle50,False
B-G1.040-C3,39637,2,1854.5,3,4.0,middle50,False
B-G1.040-C3,39637,2,1884.75,2,30.25,middle50,False
B-G1.040-C3,39637,2,1891.0,2,6.25,middle50,False
B-G1.040-C3,39637,2,1897.0,1,6.0,middle50,False
B-G1.040-C3,39637,2,1900.75,1,3.75,middle50,False
B-G1.040-C3,39637,2,1904.5,2,3.75,middle50,False
B-G1.040-C3,39637,2,1910.0,1,5.5,middle50,False
B-G1.040-C3,39637,2,1919.75,1,9.75,middle50,False
B-G1.040-C3,39637,2,1925.5,3,5.75,middle50,False
B-G1.040-C3,39637,2,2050.75,1,125.25,middle50,False
B-G1.040-C3,39637,2,2054.25,1,3.5,middle50,False
B-G1.040-C3,39637,2,2057.5,1,3.25,middle50,False
B-G1.040-C3,39637,2,2061.0,1,3.5,middle50,False
B-G1.040-C3,39637,2,2067.5,1,6.5,middle50,False
B-G1.040-C3,39637,2,2070.25,1,2.75,middle50,False
B-G1.040-C3,39637,2,2074.25,1,4.0,middle50,False
B-G1.040-C3,39637,2,2101.75,1,27.5,middle50,False
B-G1.040-C3,39637,2,2104.0,1,2.25,late25,False
B-G1.040-C3,39637,2,2107.0,1,3.0,late25,False
B-G1.040-C3,39637,2,2111.0,1,4.0,late25,False
B-G1.040-C3,39637,2,2114.0,1,3.0,late25,False
B-G1.040-C3,39637,2,2118.25,1,4.25,late25,False
B-G1.040-C3,39637,2,2120.25,6,2.0,late25,False
B-G1.040-C3,39637,2,2123.0,8,2.75,late25,False
B-G1.040-C3,39637,2,2142.25,3,19.25,late25,False
B-G1.040-C3,39637,2,2160.25,1,18.0,late25,False
B-G1.040-C3,39637,2,2175.5,1,15.25,late25,False
B-G1.040-C3,39637,2,2210.0,1,34.5,late25,False
B-G1.040-C3,39637,2,2213.25,1,3.25,late25,False
B-G1.040-C3,39637,2,2219.0,1,5.75,late25,False
B-G1.040-C3,39637,2,2222.75,1,3.75,late25,False
B-G1.040-C3,39637,2,2227.5,1,4.75,late25,False
B-G1.040-C3,39637,2,2237.75,1,10.25,late25,False
B-G1.040-C3,39637,2,2244.25,1,6.5,late25,False
B-G1.040-C3,39637,3,2365.5,2,121.25,early25,True
B-G1.040-C3,39637,3,2369.25,1,3.75,early25,True
B-G1.040-C3,39637,3,2373.25,2,4.0,early25,True
B-G1.040-C3,39637,3,2378.0,1,4.75,early25,True
B-G1.040-C3,39637,3,2383.25,1,5.25,early25,True
B-G1.040-C3,39637,3,2390.5,2,7.25,early25,True
B-G1.040-C3,39637,3,2420.5,2,30.0,early25,True
B-G1.040-C3,39637,3,2423.75,1,3.25,early25,True
B-G1.040-C3,39637,3,2428.5,2,4.75,early25,True
B-G1.040-C3,39637,3,2434.25,2,5.75,early25,True
B-G1.040-C3,39637,3,2437.5,1,3.25,early25,True
B-G1.040-C3,39637,3,2445.75,3,8.25,early25,True
B-G1.040-C3,39637,3,2459.25,4,13.5,early25,True
B-G1.040-C3,39637,3,2470.5,2,11.25,early25,True
B-G1.040-C3,39637,3,2480.0,1,9.5,early25,True
B-G1.040-C3,39637,3,2487.0,2,7.0,early25,True
B-G1.040-C3,39637,3,2497.0,1,10.0,early25,True
B-G1.040-C3,39637,3,2534.0,1,37.0,early25,True
B-G1.040-C3,39637,3,2544.25,2,10.25,early25,True
B-G1.040-C3,39637,3,2548.25,1,4.0,early25,True
B-G1.040-C3,39637,3,2552.0,1,3.75,early25,True
B-G1.040-C3,39637,3,2561.25,1,9.25,early25,True
B-G1.040-C3,39637,3,2575.0,1,13.75,early25,True
B-G1.040-C3,39637,3,2578.5,1,3.5,early25,True
B-G1.040-C3,39637,3,2582.75,1,4.25,early25,True
B-G1.040-C3,39637,3,2586.75,1,4.0,early25,True
B-G1.040-C3,39637,3,2590.25,1,3.5,early25,True
B-G1.040-C3,39637,3,2593.25,1,3.0,early25,True
B-G1.040-C3,39637,3,2601.0,10,7.75,early25,True
B-G1.040-C3,39637,3,2630.0,1,29.0,early25,True
B-G1.040-C3,39637,3,2633.5,1,3.5,early25,True
B-G1.040-C3,39637,3,2643.0,1,9.5,early25,True
B-G1.040-C3,39637,3,2651.25,1,8.25,early25,True
B-G1.040-C3,39637,3,2658.75,2,7.5,early25,True
B-G1.040-C3,39637,3,2672.0,2,13.25,middle50,True
B-G1.040-C3,39637,3,2695.5,2,23.5,middle50,True
B-G1.040-C3,39637,3,2702.0,1,6.5,middle50,True
B-G1.040-C3,39637,3,2705.0,1,3.0,middle50,True
B-G1.040-C3,39637,3,2712.5,1,7.5,middle50,True
B-G1.040-C3,39637,3,2737.75,1,25.25,middle50,True
B-G1.040-C3,39637,3,2740.5,1,2.75,middle50,True
B-G1.040-C3,39637,3,2745.5,1,5.0,middle50,True
B-G1.040-C3,39637,3,2748.75,7,3.25,middle50,True
B-G1.040-C3,39637,3,2764.75,1,16.0,middle50,True
B-G1.040-C3,39637,3,2769.5,1,4.75,middle50,True
B-G1.040-C3,39637,3,2797.75,1,28.25,middle50,True
B-G1.040-C3,39637,3,2807.5,1,9.75,middle50,True
B-G1.040-C3,39637,3,2813.75,1,6.25,middle50,True
B-G1.040-C3,39637,3,2851.25,1,37.5,middle50,True
B-G1.040-C3,39637,3,2853.25,1,2.0,middle50,True
B-G1.040-C3,39637,3,2860.5,1,7.25,middle50,True
B-G1.040-C3,39637,3,2861.5,1,1.0,middle50,True
B-G1.040-C3,39637,3,2875.5,1,14.0,middle50,True
B-G1.040-C3,39637,3,2898.25,1,22.75,middle50,True
B-G1.040-C3,39637,3,2904.25,1,6.0,middle50,True
B-G1.040-C3,39637,3,2908.25,1,4.0,middle50,True
B-G1.040-C3,39637,3,2915.75,1,7.5,middle50,True
B-G1.040-C3,39637,3,2922.25,5,6.5,middle50,True
B-G1.040-C3,39637,3,2953.25,1,31.0,middle50,True
B-G1.040-C3,39637,3,2956.5,1,3.25,middle50,True
B-G1.040-C3,39637,3,2962.25,1,5.75,middle50,True
B-G1.040-C3,39637,3,2967.0,1,4.75,middle50,True
B-G1.040-C3,39637,3,2972.0,1,5.0,middle50,True
B-G1.040-C3,39637,3,3002.5,1,30.5,middle50,True
B-G1.040-C3,39637,3,3009.25,1,6.75,middle50,True
B-G1.040-C3,39637,3,3017.0,1,7.75,middle50,True
B-G1.040-C3,39637,3,3024.75,1,7.75,middle50,True
B-G1.040-C3,39637,3,3062.0,1,37.25,middle50,True
B-G1.040-C3,39637,3,3067.25,1,5.25,middle50,True
B-G1.040-C3,39637,3,3074.0,1,6.75,middle50,True
B-G1.040-C3,39637,3,3079.25,1,5.25,middle50,True
B-G1.040-C3,39637,3,3084.75,1,5.5,middle50,True
B-G1.040-C3,39637,3,3110.75,1,26.0,middle50,True
B-G1.040-C3,39637,3,3121.5,1,10.75,middle50,True
B-G1.040-C3,39637,3,3134.25,1,12.75,middle50,True
B-G1.040-C3,39637,3,3171.75,1,37.5,middle50,True
B-G1.040-C3,39637,3,3176.5,1,4.75,middle50,True
B-G1.040-C3,39637,3,3189.75,1,13.25,middle50,True
B-G1.040-C3,39637,3,3212.0,1,22.25,middle50,True
B-G1.040-C3,39637,3,3219.5,1,7.5,middle50,True
B-G1.040-C3,39637,3,3227.0,1,7.5,middle50,True
B-G1.040-C3,39637,3,3239.0,1,12.0,middle50,True
B-G1.040-C3,39637,3,3276.0,1,37.0,middle50,True
B-G1.040-C3,39637,3,3284.0,1,8.0,middle50,True
B-G1.040-C3,39637,3,3289.5,1,5.5,late25,True
B-G1.040-C3,39637,3,3460.0,1,170.5,late25,True
B-G1.040-C3,39637,3,3465.75,1,5.75,late25,True
B-G1.040-C3,39637,3,3475.5,1,9.75,late25,True
B-G1.040-C3,39637,3,3481.0,1,5.5,late25,True
B-G1.040-C3,39637,3,3484.75,4,3.75,late25,True
B-G1.040-C3,39637,3,3518.5,1,33.75,late25,True
B-G1.040-C3,39637,3,3530.25,1,11.75,late25,True
B-G1.040-C3,39637,3,3540.5,1,10.25,late25,True
B-G1.040-C3,39637,3,3570.75,1,30.25,late25,True
B-G1.040-C3,39637,3,3577.0,1,6.25,late25,True
B-G1.040-C3,39637,3,3586.75,3,9.75,late25,True
B-G1.040-C3,39637,3,3588.25,1,1.5,late25,True
B-G1.040-C3,47556,0,0.25,3,,early25,False
B-G1.040-C3,47556,0,9.5,1,9.25,early25,False
B-G1.040-C3,47556,0,24.0,1,14.5,early25,False
B-G1.040-C3,47556,0,33.0,1,9.0,early25,False
B-G1.040-C3,47556,0,38.5,1,5.5,early25,False
B-G1.040-C3,47556,0,45.0,1,6.5,early25,False
B-G1.040-C3,47556,0,87.25,1,42.25,early25,False
B-G1.040-C3,47556,0,92.5,1,5.25,early25,False
B-G1.040-C3,47556,0,98.0,1,5.5,early25,False
B-G1.040-C3,47556,0,102.25,1,4.25,early25,False
B-G1.040-C3,47556,0,105.75,1,3.5,early25,False
B-G1.040-C3,47556,0,111.75,1,6.0,early25,False
B-G1.040-C3,47556,0,155.5,1,43.75,early25,False
B-G1.040-C3,47556,0,161.5,1,6.0,early25,False
B-G1.040-C3,47556,0,164.5,1,3.0,early25,False
B-G1.040-C3,47556,0,174.0,1,9.5,early25,False
B-G1.040-C3,47556,0,208.25,1,34.25,middle50,False
B-G1.040-C3,47556,0,212.25,1,4.0,middle50,False
B-G1.040-C3,47556,0,216.25,1,4.0,middle50,False
B-G1.040-C3,47556,0,221.25,1,5.0,middle50,False
B-G1.040-C3,47556,0,226.5,1,5.25,middle50,False
B-G1.040-C3,47556,0,228.75,1,2.25,middle50,False
B-G1.040-C3,47556,0,231.5,1,2.75,middle50,False
B-G1.040-C3,47556,0,237.0,1,5.5,middle50,False
B-G1.040-C3,47556,0,399.0,1,162.0,middle50,False
B-G1.040-C3,47556,0,403.0,1,4.0,middle50,False
B-G1.040-C3,47556,0,415.75,1,12.75,middle50,False
B-G1.040-C3,47556,0,418.5,1,2.75,middle50,False
B-G1.040-C3,47556,0,450.75,1,32.25,middle50,False
B-G1.040-C3,47556,0,454.5,1,3.75,middle50,False
B-G1.040-C3,47556,0,460.25,1,5.75,middle50,False
B-G1.040-C3,47556,0,466.5,1,6.25,middle50,False
B-G1.040-C3,47556,0,468.5,1,2.0,middle50,False
B-G1.040-C3,47556,0,475.25,1,6.75,middle50,False
B-G1.040-C3,47556,0,506.75,1,31.5,middle50,False
B-G1.040-C3,47556,0,514.0,1,7.25,middle50,False
B-G1.040-C3,47556,0,520.5,1,6.5,middle50,False
B-G1.040-C3,47556,0,534.0,2,13.5,late25,False
B-G1.040-C3,47556,0,541.5,1,7.5,late25,False
B-G1.040-C3,47556,0,564.5,1,23.0,late25,False
B-G1.040-C3,47556,0,574.25,12,9.75,late25,False
B-G1.040-C3,47556,0,585.5,1,11.25,late25,False
B-G1.040-C3,47556,1,731.25,1,145.75,early25,False
B-G1.040-C3,47556,1,738.75,2,7.5,early25,False
B-G1.040-C3,47556,1,748.0,2,9.25,early25,False
B-G1.040-C3,47556,1,781.0,1,33.0,early25,False
B-G1.040-C3,47556,1,793.0,3,12.0,early25,False
B-G1.040-C3,47556,1,800.75,1,7.75,early25,False
B-G1.040-C3,47556,1,804.25,2,3.5,early25,False
B-G1.040-C3,47556,1,811.0,2,6.75,early25,False
B-G1.040-C3,47556,1,895.25,2,84.25,early25,False
B-G1.040-C3,47556,1,901.0,1,5.75,middle50,False
B-G1.040-C3,47556,1,906.5,1,5.5,middle50,False
B-G1.040-C3,47556,1,910.5,2,4.0,middle50,False
B-G1.040-C3,47556,1,918.5,2,8.0,middle50,False
B-G1.040-C3,47556,1,923.75,1,5.25,middle50,False
B-G1.040-C3,47556,1,947.0,1,23.25,middle50,False
B-G1.040-C3,47556,1,953.25,2,6.25,middle50,False
B-G1.040-C3,47556,1,960.0,1,6.75,middle50,False
B-G1.040-C3,47556,1,965.0,2,5.0,middle50,False
B-G1.040-C3,47556,1,973.0,2,8.0,middle50,False
B-G1.040-C3,47556,1,979.5,2,6.5,middle50,False
B-G1.040-C3,47556,1,1001.75,1,22.25,middle50,False
B-G1.040-C3,47556,1,1006.75,1,5.0,middle50,False
B-G1.040-C3,47556,1,1012.5,18,5.75,middle50,False
B-G1.040-C3,47556,1,1017.0,1,4.5,middle50,False
B-G1.040-C3,47556,1,1023.5,1,6.5,middle50,False
B-G1.040-C3,47556,1,1031.75,1,8.25,middle50,False
B-G1.040-C3,47556,1,1167.25,1,135.5,middle50,False
B-G1.040-C3,47556,1,1180.0,1,12.75,middle50,False
B-G1.040-C3,47556,1,1183.0,1,3.0,middle50,False
B-G1.040-C3,47556,1,1186.25,1,3.25,middle50,False
B-G1.040-C3,47556,1,1189.75,1,3.5,middle50,False
B-G1.040-C3,47556,1,1194.5,1,4.75,middle50,False
B-G1.040-C3,47556,1,1198.75,1,4.25,middle50,False
B-G1.040-C3,47556,1,1225.5,2,26.75,middle50,False
B-G1.040-C3,47556,1,1231.25,2,5.75,middle50,False
B-G1.040-C3,47556,1,1236.5,1,5.25,middle50,False
B-G1.040-C3,47556,1,1239.5,1,3.0,middle50,False
B-G1.040-C3,47556,1,1243.5,1,4.0,middle50,False
B-G1.040-C3,47556,1,1248.25,14,4.75,middle50,False
B-G1.040-C3,47556,1,1253.75,1,5.5,middle50,False
B-G1.040-C3,47556,1,1264.0,4,10.25,middle50,False
B-G1.040-C3,47556,1,1276.75,1,12.75,middle50,False
B-G1.040-C3,47556,1,1280.0,4,3.25,middle50,False
B-G1.040-C3,47556,1,1289.25,2,9.25,late25,False
B-G1.040-C3,47556,1,1291.75,3,2.5,late25,False
B-G1.040-C3,47556,1,1297.0,1,5.25,late25,False
B-G1.040-C3,47556,1,1304.25,1,7.25,late25,False
B-G1.040-C3,47556,1,1332.25,1,28.0,late25,False
B-G1.040-C3,47556,1,1338.25,1,6.0,late25,False
B-G1.040-C3,47556,1,1340.5,1,2.25,late25,False
B-G1.040-C3,47556,1,1343.25,1,2.75,late25,False
B-G1.040-C3,47556,1,1345.25,1,2.0,late25,False
B-G1.040-C3,47556,1,1347.5,1,2.25,late25,False
B-G1.040-C3,47556,1,1349.5,1,2.0,late25,False
B-G1.040-C3,47556,1,1352.25,3,2.75,late25,False
B-G1.040-C3,47556,1,1354.25,2,2.0,late25,False
B-G1.040-C3,47556,1,1358.0,1,3.75,late25,False
B-G1.040-C3,47556,1,1360.0,1,2.0,late25,False
B-G1.040-C3,47556,1,1362.0,1,2.0,late25,False
B-G1.040-C3,47556,1,1373.5,3,11.5,late25,False
B-G1.040-C3,47556,1,1472.75,1,99.25,late25,False
B-G1.040-C3,47556,2,1487.75,1,15.0,early25,False
B-G1.040-C3,47556,2,1489.25,2,1.5,early25,False
B-G1.040-C3,47556,2,1495.0,2,5.75,early25,False
B-G1.040-C3,47556,2,1497.5,2,2.5,early25,False
B-G1.040-C3,47556,2,1499.5,1,2.0,early25,False
B-G1.040-C3,47556,2,1502.75,1,3.25,early25,False
B-G1.040-C3,47556,2,1506.75,2,4.0,early25,False
B-G1.040-C3,47556,2,1510.0,1,3.25,early25,False
B-G1.040-C3,47556,2,1514.75,3,4.75,early25,False
B-G1.040-C3,47556,2,1519.0,1,4.25,early25,False
B-G1.040-C3,47556,2,1544.25,2,25.25,early25,False
B-G1.040-C3,47556,2,1547.5,1,3.25,early25,False
B-G1.040-C3,47556,2,1550.25,20,2.75,early25,False
B-G1.040-C3,47556,2,1560.5,4,10.25,early25,False
B-G1.040-C3,47556,2,1566.5,2,6.0,early25,False
B-G1.040-C3,47556,2,1568.0,1,1.5,early25,False
B-G1.040-C3,47556,2,1569.75,1,1.75,early25,False
B-G1.040-C3,47556,2,1571.5,1,1.75,early25,False
B-G1.040-C3,47556,2,1573.0,1,1.5,early25,False
B-G1.040-C3,47556,2,1576.25,1,3.25,early25,False
B-G1.040-C3,47556,2,1584.25,6,8.0,early25,False
B-G1.040-C3,47556,2,1594.5,1,10.25,early25,False
B-G1.040-C3,47556,2,1596.75,1,2.25,early25,False
B-G1.040-C3,47556,2,1599.0,1,2.25,early25,False
B-G1.040-C3,47556,2,1602.0,1,3.0,early25,False
B-G1.040-C3,47556,2,1606.0,2,4.0,early25,False
B-G1.040-C3,47556,2,1612.25,3,6.25,early25,False
B-G1.040-C3,47556,2,1617.5,2,5.25,early25,False
B-G1.040-C3,47556,2,1652.5,1,35.0,early25,False
B-G1.040-C3,47556,2,1657.0,2,4.5,early25,False
B-G1.040-C3,47556,2,1665.75,2,8.75,early25,False
B-G1.040-C3,47556,2,1671.0,2,5.25,early25,False
B-G1.040-C3,47556,2,1676.75,2,5.75,early25,False
B-G1.040-C3,47556,2,1827.0,1,150.25,middle50,False
B-G1.040-C3,47556,2,1833.5,2,6.5,middle50,False
B-G1.040-C3,47556,2,1838.5,2,5.0,middle50,False
B-G1.040-C3,47556,2,1841.75,1,3.25,middle50,False
B-G1.040-C3,47556,2,1844.5,1,2.75,middle50,False
B-G1.040-C3,47556,2,1848.25,1,3.75,middle50,False
B-G1.040-C3,47556,2,1852.5,2,4.25,middle50,False
B-G1.040-C3,47556,2,1856.25,1,3.75,middle50,False
B-G1.040-C3,47556,2,1881.5,2,25.25,middle50,False
B-G1.040-C3,47556,2,1884.25,1,2.75,middle50,False
B-G1.040-C3,47556,2,1887.25,14,3.0,middle50,False
B-G1.040-C3,47556,2,1889.5,1,2.25,middle50,False
B-G1.040-C3,47556,2,1895.0,1,5.5,middle50,False
B-G1.040-C3,47556,2,1898.5,1,3.5,middle50,False
B-G1.040-C3,47556,2,1901.0,1,2.5,middle50,False
B-G1.040-C3,47556,2,1905.5,2,4.5,middle50,False
B-G1.040-C3,47556,2,1912.25,1,6.75,middle50,False
B-G1.040-C3,47556,2,1946.25,1,34.0,middle50,False
B-G1.040-C3,47556,2,1950.0,1,3.75,middle50,False
B-G1.040-C3,47556,2,1956.5,2,6.5,middle50,False
B-G1.040-C3,47556,2,1963.25,1,6.75,middle50,False
B-G1.040-C3,47556,2,1998.25,2,35.0,middle50,False
B-G1.040-C3,47556,2,2002.25,1,4.0,middle50,False
B-G1.040-C3,47556,2,2006.5,1,4.25,middle50,False
B-G1.040-C3,47556,2,2010.5,2,4.0,middle50,False
B-G1.040-C3,47556,2,2013.75,1,3.25,middle50,False
B-G1.040-C3,47556,2,2017.5,1,3.75,middle50,False
B-G1.040-C3,47556,2,2030.25,2,12.75,middle50,False
B-G1.040-C3,47556,2,2181.25,1,151.0,middle50,False
B-G1.040-C3,47556,2,2185.5,1,4.25,middle50,False
B-G1.040-C3,47556,2,2188.5,1,3.0,middle50,False
B-G1.040-C3,47556,2,2192.75,1,4.25,middle50,False
B-G1.040-C3,47556,2,2197.25,2,4.5,middle50,False
B-G1.040-C3,47556,2,2205.5,1,8.25,middle50,False
B-G1.040-C3,47556,2,2235.5,1,30.0,late25,False
B-G1.040-C3,47556,2,2239.0,2,3.5,late25,False
B-G1.040-C3,47556,2,2242.75,1,3.75,late25,False
B-G1.040-C3,47556,2,2246.25,1,3.5,late25,False
B-G1.040-C3,47556,2,2249.25,1,3.0,late25,False
B-G1.040-C3,47556,2,2252.75,2,3.5,late25,False
B-G1.040-C3,47556,2,2254.75,1,2.0,late25,False
B-G1.040-C3,47556,2,2260.5,1,5.75,late25,False
B-G1.040-C3,47556,2,2263.25,1,2.75,late25,False
B-G1.040-C3,47556,2,2273.5,1,10.25,late25,False
B-G1.040-C3,47556,2,2287.0,1,13.5,late25,False
B-G1.040-C3,47556,2,2289.75,1,2.75,late25,False
B-G1.040-C3,47556,2,2293.25,1,3.5,late25,False
B-G1.040-C3,47556,2,2296.75,1,3.5,late25,False
B-G1.040-C3,47556,2,2303.25,1,6.5,late25,False
B-G1.040-C3,47556,2,2307.25,1,4.0,late25,False
B-G1.040-C3,47556,2,2310.5,1,3.25,late25,False
B-G1.040-C3,47556,2,2315.0,1,4.5,late25,False
B-G1.040-C3,47556,2,2345.5,1,30.5,late25,False
B-G1.040-C3,47556,2,2349.0,1,3.5,late25,False
B-G1.040-C3,47556,2,2351.0,1,2.0,late25,False
B-G1.040-C3,47556,2,2354.25,1,3.25,late25,False
B-G1.040-C3,47556,2,2361.25,1,7.0,late25,False
B-G1.040-C3,47556,2,2371.75,2,10.5,late25,False
B-G1.040-C3,47556,2,2379.25,1,7.5,late25,False
B-G1.040-C3,47556,3,2497.5,2,118.25,early25,True
B-G1.040-C3,47556,3,2500.0,1,2.5,early25,True
B-G1.040-C3,47556,3,2504.25,2,4.25,early25,True
B-G1.040-C3,47556,3,2506.0,1,1.75,early25,True
B-G1.040-C3,47556,3,2517.25,3,11.25,early25,True
B-G1.040-C3,47556,3,2555.5,3,38.25,early25,True
B-G1.040-C3,47556,3,2561.5,1,6.0,early25,True
B-G1.040-C3,47556,3,2565.0,2,3.5,early25,True
B-G1.040-C3,47556,3,2567.5,1,2.5,early25,True
B-G1.040-C3,47556,3,2569.75,2,2.25,early25,True
B-G1.040-C3,47556,3,2571.0,1,1.25,early25,True
B-G1.040-C3,47556,3,2579.0,2,8.0,early25,True
B-G1.040-C3,47556,3,2617.0,1,38.0,early25,True
B-G1.040-C3,47556,3,2623.0,1,6.0,early25,True
B-G1.040-C3,47556,3,2629.0,2,6.0,early25,True
B-G1.040-C3,47556,3,2636.25,1,7.25,early25,True
B-G1.040-C3,47556,3,2670.25,3,34.0,early25,True
B-G1.040-C3,47556,3,2679.5,2,9.25,early25,True
B-G1.040-C3,47556,3,2689.75,2,10.25,early25,True
B-G1.040-C3,47556,3,2703.5,1,13.75,early25,True
B-G1.040-C3,47556,3,2709.75,4,6.25,early25,True
B-G1.040-C3,47556,3,2721.25,2,11.5,early25,True
B-G1.040-C3,47556,3,2731.0,2,9.75,early25,True
B-G1.040-C3,47556,3,2734.25,1,3.25,early25,True
B-G1.040-C3,47556,3,2740.75,1,6.5,early25,True
B-G1.040-C3,47556,3,2744.75,2,4.0,early25,True
B-G1.040-C3,47556,3,2748.5,1,3.75,early25,True
B-G1.040-C3,47556,3,2752.5,1,4.0,early25,True
B-G1.040-C3,47556,3,2775.0,1,22.5,middle50,True
B-G1.040-C3,47556,3,2778.0,9,3.0,middle50,True
B-G1.040-C3,47556,3,2779.25,1,1.25,middle50,True
B-G1.040-C3,47556,3,2787.0,1,7.75,middle50,True
B-G1.040-C3,47556,3,2792.25,1,5.25,middle50,True
B-G1.040-C3,47556,3,2794.5,1,2.25,middle50,True
B-G1.040-C3,47556,3,2802.0,1,7.5,middle50,True
B-G1.040-C3,47556,3,2804.5,1,2.5,middle50,True
B-G1.040-C3,47556,3,2807.25,1,2.75,middle50,True
B-G1.040-C3,47556,3,2826.0,2,18.75,middle50,True
B-G1.040-C3,47556,3,2834.0,1,8.0,middle50,True
B-G1.040-C3,47556,3,2840.75,1,6.75,middle50,True
B-G1.040-C3,47556,3,2847.25,2,6.5,middle50,True
B-G1.040-C3,47556,3,2884.25,2,37.0,middle50,True
B-G1.040-C3,47556,3,2889.75,1,5.5,middle50,True
B-G1.040-C3,47556,3,2895.0,2,5.25,middle50,True
B-G1.040-C3,47556,3,2904.0,1,9.0,middle50,True
B-G1.040-C3,47556,3,2913.25,2,9.25,middle50,True
B-G1.040-C3,47556,3,2928.75,1,15.5,middle50,True
B-G1.040-C3,47556,3,2939.0,1,10.25,middle50,True
B-G1.040-C3,47556,3,2943.75,1,4.75,middle50,True
B-G1.040-C3,47556,3,2951.0,1,7.25,middle50,True
B-G1.040-C3,47556,3,2954.75,1,3.75,middle50,True
B-G1.040-C3,47556,3,2987.0,1,32.25,middle50,True
B-G1.040-C3,47556,3,2990.5,1,3.5,middle50,True
B-G1.040-C3,47556,3,2997.5,1,7.0,middle50,True
B-G1.040-C3,47556,3,3004.25,2,6.75,middle50,True
B-G1.040-C3,47556,3,3014.0,1,9.75,middle50,True
B-G1.040-C3,47556,3,3024.25,4,10.25,middle50,True
B-G1.040-C3,47556,3,3037.75,1,13.5,middle50,True
B-G1.040-C3,47556,3,3043.0,2,5.25,middle50,True
B-G1.040-C3,47556,3,3048.0,1,5.0,middle50,True
B-G1.040-C3,47556,3,3053.0,1,5.0,middle50,True
B-G1.040-C3,47556,3,3058.0,1,5.0,middle50,True
B-G1.040-C3,47556,3,3062.25,3,4.25,middle50,True
B-G1.040-C3,47556,3,3094.0,1,31.75,middle50,True
B-G1.040-C3,47556,3,3099.0,1,5.0,middle50,True
B-G1.040-C3,47556,3,3106.0,1,7.0,middle50,True
B-G1.040-C3,47556,3,3111.0,1,5.0,middle50,True
B-G1.040-C3,47556,3,3116.0,1,5.0,middle50,True
B-G1.040-C3,47556,3,3138.75,1,22.75,middle50,True
B-G1.040-C3,47556,3,3141.75,1,3.0,middle50,True
B-G1.040-C3,47556,3,3149.25,1,7.5,middle50,True
B-G1.040-C3,47556,3,3155.5,1,6.25,middle50,True
B-G1.040-C3,47556,3,3162.25,6,6.75,middle50,True
B-G1.040-C3,47556,3,3195.75,1,33.5,middle50,True
B-G1.040-C3,47556,3,3199.5,1,3.75,middle50,True
B-G1.040-C3,47556,3,3215.0,1,15.5,middle50,True
B-G1.040-C3,47556,3,3223.0,1,8.0,middle50,True
B-G1.040-C3,47556,3,3244.25,1,21.25,middle50,True
B-G1.040-C3,47556,3,3251.5,1,7.25,middle50,True
B-G1.040-C3,47556,3,3261.0,1,9.5,middle50,True
B-G1.040-C3,47556,3,3268.5,1,7.5,middle50,True
B-G1.040-C3,47556,3,3303.75,1,35.25,middle50,True
B-G1.040-C3,47556,3,3309.5,1,5.75,middle50,True
B-G1.040-C3,47556,3,3315.0,1,5.5,middle50,True
B-G1.040-C3,47556,3,3324.5,1,9.5,late25,True
B-G1.040-C3,47556,3,3338.25,3,13.75,late25,True
B-G1.040-C3,47556,3,3354.25,1,16.0,late25,True
B-G1.040-C3,47556,3,3362.25,1,8.0,late25,True
B-G1.040-C3,47556,3,3372.25,1,10.0,late25,True
B-G1.040-C3,47556,3,3376.25,4,4.0,late25,True
B-G1.040-C3,47556,3,3405.25,1,29.0,late25,True
B-G1.040-C3,47556,3,3409.5,1,4.25,late25,True
B-G1.040-C3,47556,3,3420.0,1,10.5,late25,True
B-G1.040-C3,47556,3,3423.75,1,3.75,late25,True
B-G1.040-C3,47556,3,3431.0,1,7.25,late25,True
B-G1.040-C3,47556,3,3589.75,1,158.75,late25,True
B-G1.040-C3,47556,3,3593.5,1,3.75,late25,True
B-G1.040-C3,55475,0,0.25,3,,early25,False
B-G1.040-C3,55475,0,8.5,1,8.25,early25,False
B-G1.040-C3,55475,0,24.25,1,15.75,early25,False
B-G1.040-C3,55475,0,52.5,1,28.25,early25,False
B-G1.040-C3,55475,0,93.5,1,41.0,early25,False
B-G1.040-C3,55475,0,116.0,1,22.5,early25,False
B-G1.040-C3,55475,0,119.0,1,3.0,early25,False
B-G1.040-C3,55475,0,160.5,1,41.5,early25,False
B-G1.040-C3,55475,0,178.25,1,17.75,early25,False
B-G1.040-C3,55475,0,215.75,1,37.5,middle50,False
B-G1.040-C3,55475,0,218.5,1,2.75,middle50,False
B-G1.040-C3,55475,0,224.0,1,5.5,middle50,False
B-G1.040-C3,55475,0,226.5,1,2.5,middle50,False
B-G1.040-C3,55475,0,239.25,1,12.75,middle50,False
B-G1.040-C3,55475,0,242.25,1,3.0,middle50,False
B-G1.040-C3,55475,0,287.75,1,45.5,middle50,False
B-G1.040-C3,55475,0,300.25,1,12.5,middle50,False
B-G1.040-C3,55475,0,332.0,1,31.75,middle50,False
B-G1.040-C3,55475,0,347.25,1,15.25,middle50,False
B-G1.040-C3,55475,0,350.25,1,3.0,middle50,False
B-G1.040-C3,55475,0,361.0,1,10.75,middle50,False
B-G1.040-C3,55475,0,363.75,1,2.75,middle50,False
B-G1.040-C3,55475,0,525.5,1,161.75,middle50,False
B-G1.040-C3,55475,0,533.25,1,7.75,middle50,False
B-G1.040-C3,55475,0,535.25,1,2.0,middle50,False
B-G1.040-C3,55475,0,543.75,1,8.5,middle50,False
B-G1.040-C3,55475,0,581.25,1,37.5,middle50,False
B-G1.040-C3,55475,0,588.25,1,7.0,middle50,False
B-G1.040-C3,55475,0,591.25,1,3.0,middle50,False
B-G1.040-C3,55475,0,599.0,1,7.75,middle50,False
B-G1.040-C3,55475,0,608.25,1,9.25,middle50,False
B-G1.040-C3,55475,0,645.25,1,37.0,late25,False
B-G1.040-C3,55475,0,652.0,1,6.75,late25,False
B-G1.040-C3,55475,0,659.75,1,7.75,late25,False
B-G1.040-C3,55475,0,669.5,1,9.75,late25,False
B-G1.040-C3,55475,0,696.0,1,26.5,late25,False
B-G1.040-C3,55475,0,699.75,1,3.75,late25,False
B-G1.040-C3,55475,0,704.75,1,5.0,late25,False
B-G1.040-C3,55475,0,710.75,12,6.0,late25,False
B-G1.040-C3,55475,0,716.75,1,6.0,late25,False
B-G1.040-C3,55475,0,724.75,1,8.0,late25,False
B-G1.040-C3,55475,0,732.0,3,7.25,late25,False
B-G1.040-C3,55475,0,834.5,1,102.5,late25,False
B-G1.040-C3,55475,1,858.0,1,23.5,early25,False
B-G1.040-C3,55475,1,868.0,1,10.0,early25,False
B-G1.040-C3,55475,1,873.25,2,5.25,early25,False
B-G1.040-C3,55475,1,875.0,1,1.75,early25,False
B-G1.040-C3,55475,1,881.5,1,6.5,early25,False
B-G1.040-C3,55475,1,887.25,2,5.75,early25,False
B-G1.040-C3,55475,1,915.5,1,28.25,early25,False
B-G1.040-C3,55475,1,923.0,3,7.5,early25,False
B-G1.040-C3,55475,1,929.75,2,6.75,early25,False
B-G1.040-C3,55475,1,933.25,1,3.5,early25,False
B-G1.040-C3,55475,1,938.5,2,5.25,early25,False
B-G1.040-C3,55475,1,944.25,19,5.75,early25,False
B-G1.040-C3,55475,1,1095.0,1,150.75,middle50,False
B-G1.040-C3,55475,1,1112.5,1,17.5,middle50,False
B-G1.040-C3,55475,1,1117.75,1,5.25,middle50,False
B-G1.040-C3,55475,1,1146.0,2,28.25,middle50,False
B-G1.040-C3,55475,1,1152.75,1,6.75,middle50,False
B-G1.040-C3,55475,1,1158.5,1,5.75,middle50,False
B-G1.040-C3,55475,1,1162.25,2,3.75,middle50,False
B-G1.040-C3,55475,1,1172.75,2,10.5,middle50,False
B-G1.040-C3,55475,1,1183.25,1,10.5,middle50,False
B-G1.040-C3,55475,1,1190.0,5,6.75,middle50,False
B-G1.040-C3,55475,1,1203.0,1,13.0,middle50,False
B-G1.040-C3,55475,1,1206.75,2,3.75,middle50,False
B-G1.040-C3,55475,1,1210.25,1,3.5,middle50,False
B-G1.040-C3,55475,1,1215.25,1,5.0,middle50,False
B-G1.040-C3,55475,1,1219.25,1,4.0,middle50,False
B-G1.040-C3,55475,1,1222.0,1,2.75,middle50,False
B-G1.040-C3,55475,1,1225.75,1,3.75,middle50,False
B-G1.040-C3,55475,1,1229.25,16,3.5,middle50,False
B-G1.040-C3,55475,1,1261.75,1,32.5,late25,False
B-G1.040-C3,55475,1,1265.5,1,3.75,late25,False
B-G1.040-C3,55475,1,1274.0,1,8.5,late25,False
B-G1.040-C3,55475,1,1276.75,1,2.75,late25,False
B-G1.040-C3,55475,1,1279.25,1,2.5,late25,False
B-G1.040-C3,55475,1,1281.75,1,2.5,late25,False
B-G1.040-C3,55475,1,1284.0,1,2.25,late25,False
B-G1.040-C3,55475,1,1288.5,1,4.5,late25,False
B-G1.040-C3,55475,1,1301.75,5,13.25,late25,False
B-G1.040-C3,55475,2,1409.75,2,108.0,early25,False
B-G1.040-C3,55475,2,1422.0,1,12.25,early25,False
B-G1.040-C3,55475,2,1427.5,2,5.5,early25,False
B-G1.040-C3,55475,2,1433.5,3,6.0,early25,False
B-G1.040-C3,55475,2,1437.75,2,4.25,early25,False
B-G1.040-C3,55475,2,1444.5,3,6.75,early25,False
B-G1.040-C3,55475,2,1450.5,2,6.0,early25,False
B-G1.040-C3,55475,2,1479.75,3,29.25,early25,False
B-G1.040-C3,55475,2,1483.5,2,3.75,early25,False
B-G1.040-C3,55475,2,1487.75,28,4.25,early25,False
B-G1.040-C3,55475,2,1501.25,2,13.5,early25,False
B-G1.040-C3,55475,2,1508.25,4,7.0,early25,False
B-G1.040-C3,55475,2,1529.25,1,21.0,early25,False
B-G1.040-C3,55475,2,1533.75,2,4.5,early25,False
B-G1.040-C3,55475,2,1538.25,3,4.5,early25,False
B-G1.040-C3,55475,2,1548.25,3,10.0,early25,False
B-G1.040-C3,55475,2,1585.75,3,37.5,early25,False
B-G1.040-C3,55475,2,1590.5,3,4.75,early25,False
B-G1.040-C3,55475,2,1596.5,2,6.0,early25,False
B-G1.040-C3,55475,2,1603.5,2,7.0,early25,False
B-G1.040-C3,55475,2,1611.75,2,8.25,early25,False
B-G1.040-C3,55475,2,1641.25,2,29.5,early25,False
B-G1.040-C3,55475,2,1648.75,2,7.5,early25,False
B-G1.040-C3,55475,2,1654.25,2,5.5,early25,False
B-G1.040-C3,55475,2,1659.75,2,5.5,early25,False
B-G1.040-C3,55475,2,1662.5,2,2.75,early25,False
B-G1.040-C3,55475,2,1691.0,1,28.5,middle50,False
B-G1.040-C3,55475,2,1694.25,2,3.25,middle50,False
B-G1.040-C3,55475,2,1700.75,2,6.5,middle50,False
B-G1.040-C3,55475,2,1705.0,1,4.25,middle50,False
B-G1.040-C3,55475,2,1711.25,1,6.25,middle50,False
B-G1.040-C3,55475,2,1714.0,1,2.75,middle50,False
B-G1.040-C3,55475,2,1718.5,3,4.5,middle50,False
B-G1.040-C3,55475,2,1727.0,2,8.5,middle50,False
B-G1.040-C3,55475,2,1869.25,1,142.25,middle50,False
B-G1.040-C3,55475,2,1872.25,2,3.0,middle50,False
B-G1.040-C3,55475,2,1877.75,1,5.5,middle50,False
B-G1.040-C3,55475,2,1885.75,3,8.0,middle50,False
B-G1.040-C3,55475,2,1890.0,1,4.25,middle50,False
B-G1.040-C3,55475,2,1893.5,1,3.5,middle50,False
B-G1.040-C3,55475,2,1897.25,1,3.75,middle50,False
B-G1.040-C3,55475,2,1923.5,2,26.25,middle50,False
B-G1.040-C3,55475,2,1927.25,1,3.75,middle50,False
B-G1.040-C3,55475,2,1930.25,1,3.0,middle50,False
B-G1.040-C3,55475,2,1932.5,1,2.25,middle50,False
B-G1.040-C3,55475,2,1937.5,1,5.0,middle50,False
B-G1.040-C3,55475,2,1941.5,3,4.0,middle50,False
B-G1.040-C3,55475,2,1944.25,1,2.75,middle50,False
B-G1.040-C3,55475,2,1946.75,1,2.5,middle50,False
B-G1.040-C3,55475,2,1950.75,2,4.0,middle50,False
B-G1.040-C3,55475,2,1952.75,1,2.0,middle50,False
B-G1.040-C3,55475,2,1960.25,1,7.5,middle50,False
B-G1.040-C3,55475,2,1976.75,1,16.5,middle50,False
B-G1.040-C3,55475,2,1980.25,1,3.5,middle50,False
B-G1.040-C3,55475,2,1986.75,2,6.5,middle50,False
B-G1.040-C3,55475,2,1992.0,2,5.25,middle50,False
B-G1.040-C3,55475,2,1997.5,2,5.5,middle50,False
B-G1.040-C3,55475,2,2007.5,3,10.0,middle50,False
B-G1.040-C3,55475,2,2038.5,2,31.0,middle50,False
B-G1.040-C3,55475,2,2042.75,2,4.25,middle50,False
B-G1.040-C3,55475,2,2051.0,2,8.25,middle50,False
B-G1.040-C3,55475,2,2054.0,1,3.0,middle50,False
B-G1.040-C3,55475,2,2056.25,1,2.25,middle50,False
B-G1.040-C3,55475,2,2059.75,1,3.5,middle50,False
B-G1.040-C3,55475,2,2069.25,4,9.5,middle50,False
B-G1.040-C3,55475,2,2211.0,1,141.75,middle50,False
B-G1.040-C3,55475,2,2214.0,1,3.0,middle50,False
B-G1.040-C3,55475,2,2215.75,1,1.75,middle50,False
B-G1.040-C3,55475,2,2218.0,1,2.25,middle50,False
B-G1.040-C3,55475,2,2222.5,1,4.5,middle50,False
B-G1.040-C3,55475,2,2227.0,1,4.5,middle50,False
B-G1.040-C3,55475,2,2230.0,1,3.0,late25,False
B-G1.040-C3,55475,2,2233.5,1,3.5,late25,False
B-G1.040-C3,55475,2,2236.0,1,2.5,late25,False
B-G1.040-C3,55475,2,2262.0,1,26.0,late25,False
B-G1.040-C3,55475,2,2265.0,1,3.0,late25,False
B-G1.040-C3,55475,2,2268.25,1,3.25,late25,False
B-G1.040-C3,55475,2,2270.5,1,2.25,late25,False
B-G1.040-C3,55475,2,2273.25,10,2.75,late25,False
B-G1.040-C3,55475,2,2286.25,2,13.0,late25,False
B-G1.040-C3,55475,2,2292.5,1,6.25,late25,False
B-G1.040-C3,55475,2,2315.5,1,23.0,late25,False
B-G1.040-C3,55475,2,2319.75,2,4.25,late25,False
B-G1.040-C3,55475,2,2327.25,1,7.5,late25,False
B-G1.040-C3,55475,2,2334.0,1,6.75,late25,False
B-G1.040-C3,55475,2,2366.5,1,32.5,late25,False
B-G1.040-C3,55475,2,2376.5,1,10.0,late25,False
B-G1.040-C3,55475,2,2383.0,1,6.5,late25,False
B-G1.040-C3,55475,2,2390.75,1,7.75,late25,False
B-G1.040-C3,55475,2,2395.0,2,4.25,late25,False
B-G1.040-C3,55475,3,2518.25,1,123.25,early25,True
B-G1.040-C3,55475,3,2522.75,2,4.5,early25,True
B-G1.040-C3,55475,3,2527.75,1,5.0,early25,True
B-G1.040-C3,55475,3,2531.0,2,3.25,early25,True
B-G1.040-C3,55475,3,2536.25,3,5.25,early25,True
B-G1.040-C3,55475,3,2539.75,1,3.5,early25,True
B-G1.040-C3,55475,3,2544.75,2,5.0,early25,True
B-G1.040-C3,55475,3,2549.0,1,4.25,early25,True
B-G1.040-C3,55475,3,2576.0,2,27.0,early25,True
B-G1.040-C3,55475,3,2580.0,1,4.0,early25,True
B-G1.040-C3,55475,3,2583.0,1,3.0,early25,True
B-G1.040-C3,55475,3,2588.0,2,5.0,early25,True
B-G1.040-C3,55475,3,2592.75,1,4.75,early25,True
B-G1.040-C3,55475,3,2596.5,2,3.75,early25,True
B-G1.040-C3,55475,3,2600.5,13,4.0,early25,True
B-G1.040-C3,55475,3,2606.75,2,6.25,early25,True
B-G1.040-C3,55475,3,2628.25,1,21.5,early25,True
B-G1.040-C3,55475,3,2640.75,1,12.5,early25,True
B-G1.040-C3,55475,3,2644.5,1,3.75,early25,True
B-G1.040-C3,55475,3,2649.0,2,4.5,early25,True
B-G1.040-C3,55475,3,2653.25,1,4.25,early25,True
B-G1.040-C3,55475,3,2656.75,1,3.5,early25,True
B-G1.040-C3,55475,3,2681.5,1,24.75,early25,True
B-G1.040-C3,55475,3,2684.5,1,3.0,early25,True
B-G1.040-C3,55475,3,2688.0,12,3.5,early25,True
B-G1.040-C3,55475,3,2693.25,1,5.25,early25,True
B-G1.040-C3,55475,3,2696.0,1,2.75,early25,True
B-G1.040-C3,55475,3,2701.5,1,5.5,early25,True
B-G1.040-C3,55475,3,2705.75,1,4.25,early25,True
B-G1.040-C3,55475,3,2711.0,1,5.25,early25,True
B-G1.040-C3,55475,3,2722.5,6,11.5,early25,True
B-G1.040-C3,55475,3,2731.7499999999,1,9.249999999899956,early25,True
B-G1.040-C3,55475,3,2736.7499999999,1,5.0,early25,True
B-G1.040-C3,55475,3,2739.2499999999,1,2.5,early25,True
B-G1.040-C3,55475,3,2745.7499999999,1,6.5,early25,True
B-G1.040-C3,55475,3,2747.7499999999,1,2.0,early25,True
B-G1.040-C3,55475,3,2752.9999999999,7,5.25,early25,True
B-G1.040-C3,55475,3,2760.9999999999,1,8.0,early25,True
B-G1.040-C3,55475,3,2787.7499999999,5,26.75,middle50,True
B-G1.040-C3,55475,3,2792.4999999999,4,4.75,middle50,True
B-G1.040-C3,55475,3,2793.7499999999,1,1.25,middle50,True
B-G1.040-C3,55475,3,2796.4999999999,4,2.75,middle50,True
B-G1.040-C3,55475,3,2800.4999999999,1,4.0,middle50,True
B-G1.040-C3,55475,3,2809.2499999999,1,8.75,middle50,True
B-G1.040-C3,55475,3,2813.2499999999,1,4.0,middle50,True
B-G1.040-C3,55475,3,2823.4999999999,1,10.25,middle50,True
B-G1.040-C3,55475,3,2831.4999999999,4,8.0,middle50,True
B-G1.040-C3,55475,3,2844.7499999999,1,13.25,middle50,True
B-G1.040-C3,55475,3,2850.9999999999,1,6.25,middle50,True
B-G1.040-C3,55475,3,2852.7499999999,3,1.75,middle50,True
B-G1.040-C3,55475,3,2858.4999999999,3,5.75,middle50,True
B-G1.040-C3,55475,3,2864.7499999999,1,6.25,middle50,True
B-G1.040-C3,55475,3,2869.2499999999,1,4.5,middle50,True
B-G1.040-C3,55475,3,2899.9999999999,1,30.75,middle50,True
B-G1.040-C3,55475,3,2909.4999999999,1,9.5,middle50,True
B-G1.040-C3,55475,3,2912.7499999999,1,3.25,middle50,True
B-G1.040-C3,55475,3,2921.2499999999,1,8.5,middle50,True
B-G1.040-C3,55475,3,2932.7499999999,1,11.5,middle50,True
B-G1.040-C3,55475,3,2939.9999999999,4,7.25,middle50,True
B-G1.040-C3,55475,3,2952.9999999999,1,13.0,middle50,True
B-G1.040-C3,55475,3,2959.2499999999,1,6.25,middle50,True
B-G1.040-C3,55475,3,2964.9999999999,1,5.75,middle50,True
B-G1.040-C3,55475,3,2971.2499999999,1,6.25,middle50,True
B-G1.040-C3,55475,3,2974.4999999999,4,3.25,middle50,True
B-G1.040-C3,55475,3,3005.2499999999,1,30.75,middle50,True
B-G1.040-C3,55475,3,3012.4999999999,1,7.25,middle50,True
B-G1.040-C3,55475,3,3018.2499999999,1,5.75,middle50,True
B-G1.040-C3,55475,3,3023.9999999999,1,5.75,middle50,True
B-G1.040-C3,55475,3,3029.9999999999,1,6.0,middle50,True
B-G1.040-C3,55475,3,3064.9999999999,1,35.0,middle50,True
B-G1.040-C3,55475,3,3067.7499999999,1,2.75,middle50,True
B-G1.040-C3,55475,3,3083.4999999999,1,15.75,middle50,True
B-G1.040-C3,55475,3,3089.9999999999,1,6.5,middle50,True
B-G1.040-C3,55475,3,3117.4999999999,1,27.5,middle50,True
B-G1.040-C3,55475,3,3120.4999999999,4,3.0,middle50,True
B-G1.040-C3,55475,3,3125.4999999999,1,5.0,middle50,True
B-G1.040-C3,55475,3,3130.9999999999,1,5.5,middle50,True
B-G1.040-C3,55475,3,3134.4999999999,1,3.5,middle50,True
B-G1.040-C3,55475,3,3142.2499999999,1,7.75,middle50,True
B-G1.040-C3,55475,3,3150.4999999999,1,8.25,middle50,True
B-G1.040-C3,55475,3,3158.7499999999,2,8.25,middle50,True
B-G1.040-C3,55475,3,3303.7499999999,1,145.0,middle50,True
B-G1.040-C3,55475,3,3320.9999999999,1,17.25,middle50,True
B-G1.040-C3,55475,3,3327.7499999999,1,6.75,late25,True
B-G1.040-C3,55475,3,3358.7499999999,1,31.0,late25,True
B-G1.040-C3,55475,3,3367.7499999999,1,9.0,late25,True
B-G1.040-C3,55475,3,3373.7499999999,1,6.0,late25,True
B-G1.040-C3,55475,3,3381.7499999999,1,8.0,late25,True
B-G1.040-C3,55475,3,3387.2499999999,4,5.5,late25,True
B-G1.040-C3,55475,3,3396.4999999999,4,9.25,late25,True
B-G1.040-C3,55475,3,3403.4999999999,2,7.0,late25,True
B-G1.040-C3,55475,3,3421.9999999999,1,18.5,late25,True
B-G1.040-C3,55475,3,3427.2499999999,2,5.25,late25,True
B-G1.040-C3,55475,3,3430.9999999999,1,3.75,late25,True
B-G1.040-C3,55475,3,3434.4999999999,1,3.5,late25,True
B-G1.040-C3,55475,3,3439.4999999999,2,5.0,late25,True
B-G1.040-C3,55475,3,3467.7499999999,1,28.25,late25,True
B-G1.040-C3,55475,3,3468.7499999999,1,1.0,late25,True
B-G1.040-C3,55475,3,3473.7499999999,1,5.0,late25,True
B-G1.040-C3,55475,3,3482.7499999999,1,9.0,late25,True
B-G1.040-C3,55475,3,3493.7499999999,1,11.0,late25,True
B-G1.040-C3,55475,3,3505.2499999999,1,11.5,late25,True
B-G1.040-C3,55475,3,3513.4999999999,3,8.25,late25,True
B-G1.040-C3,63394,0,0.25,3,,early25,False
B-G1.040-C3,63394,0,8.25,1,8.0,early25,False
B-G1.040-C3,63394,0,34.25,1,26.0,early25,False
B-G1.040-C3,63394,0,39.25,1,5.0,early25,False
B-G1.040-C3,63394,0,46.5,1,7.25,early25,False
B-G1.040-C3,63394,0,97.5,1,51.0,early25,False
B-G1.040-C3,63394,0,112.4999999998,1,14.999999999799996,early25,False
B-G1.040-C3,63394,0,131.9999999998,5,19.5,early25,False
B-G1.040-C3,63394,0,164.2499999998,3,32.25,early25,False
B-G1.040-C3,63394,0,174.7499999998,1,10.5,early25,False
B-G1.040-C3,63394,0,221.4999999998,1,46.75,middle50,False
B-G1.040-C3,63394,0,233.4999999998,1,12.0,middle50,False
B-G1.040-C3,63394,0,239.2499999998,1,5.75,middle50,False
B-G1.040-C3,63394,0,242.9999999998,1,3.75,middle50,False
B-G1.040-C3,63394,0,407.9999999998,1,165.00000000000003,middle50,False
B-G1.040-C3,63394,0,413.4999999998,1,5.5,middle50,False
B-G1.040-C3,63394,0,415.9999999998,1,2.5,middle50,False
B-G1.040-C3,63394,0,430.4999999998,1,14.5,middle50,False
B-G1.040-C3,63394,0,435.9999999998,1,5.5,middle50,False
B-G1.040-C3,63394,0,462.4999999998,2,26.5,middle50,False
B-G1.040-C3,63394,0,469.2499999998,1,6.75,middle50,False
B-G1.040-C3,63394,0,472.9999999998,1,3.75,middle50,False
B-G1.040-C3,63394,0,483.9999999998,13,11.0,middle50,False
B-G1.040-C3,63394,0,513.9999999998,1,30.0,middle50,False
B-G1.040-C3,63394,0,528.9999999998,1,15.0,middle50,False
B-G1.040-C3,63394,0,572.7499999998,1,43.75,late25,False
B-G1.040-C3,63394,0,576.9999999998,1,4.25,late25,False
B-G1.040-C3,63394,0,583.2499999998,1,6.25,late25,False
B-G1.040-C3,63394,0,585.7499999998,1,2.5,late25,False
B-G1.040-C3,63394,0,590.7499999998,1,5.0,late25,False
B-G1.040-C3,63394,0,593.9999999998,1,3.25,late25,False
B-G1.040-C3,63394,0,597.7499999998,1,3.75,late25,False
B-G1.040-C3,63394,1,732.4999999998,1,134.75,early25,False
B-G1.040-C3,63394,1,736.9999999998,1,4.5,early25,False
B-G1.040-C3,63394,1,738.9999999998,1,2.0,early25,False
B-G1.040-C3,63394,1,740.9999999998,1,2.0,early25,False
B-G1.040-C3,63394,1,742.4999999998,1,1.5,early25,False
B-G1.040-C3,63394,1,750.9999999998,2,8.5,early25,False
B-G1.040-C3,63394,1,756.2499999998,1,5.25,early25,False
B-G1.040-C3,63394,1,757.9999999998,1,1.75,early25,False
B-G1.040-C3,63394,1,787.4999999998,1,29.5,early25,False
B-G1.040-C3,63394,1,788.2499999998,1,0.75,early25,False
B-G1.040-C3,63394,1,792.4999999998,1,4.25,early25,False
B-G1.040-C3,63394,1,798.4999999998,1,6.0,early25,False
B-G1.040-C3,63394,1,802.4999999998,1,4.0,early25,False
B-G1.040-C3,63394,1,807.4999999998,1,5.0,early25,False
B-G1.040-C3,63394,1,811.4999999998,1,4.0,early25,False
B-G1.040-C3,63394,1,815.2499999998,2,3.75,early25,False
B-G1.040-C3,63394,1,823.7499999998,1,8.5,early25,False
B-G1.040-C3,63394,1,836.7499999998,1,13.0,early25,False
B-G1.040-C3,63394,1,851.4999999998,1,14.75,early25,False
B-G1.040-C3,63394,1,866.4999999998,2,15.0,early25,False
B-G1.040-C3,63394,1,874.2499999998,2,7.75,early25,False
B-G1.040-C3,63394,1,878.4999999998,1,4.25,early25,False
B-G1.040-C3,63394,1,907.2499999998,1,28.75,early25,False
B-G1.040-C3,63394,1,911.2499999998,1,4.0,early25,False
B-G1.040-C3,63394,1,914.7499999998,2,3.5,early25,False
B-G1.040-C3,63394,1,923.7499999998,2,9.0,early25,False
B-G1.040-C3,63394,1,926.9999999998,2,3.25,early25,False
B-G1.040-C3,63394,1,934.2499999998,1,7.25,early25,False
B-G1.040-C3,63394,1,937.2499999998,1,3.0,early25,False
B-G1.040-C3,63394,1,950.2499999998,6,13.0,early25,False
B-G1.040-C3,63394,1,1098.9999999998,1,148.7499999999999,middle50,False
B-G1.040-C3,63394,1,1102.9999999998,1,4.0,middle50,False
B-G1.040-C3,63394,1,1109.7499999998,2,6.75,middle50,False
B-G1.040-C3,63394,1,1117.9999999998,2,8.25,middle50,False
B-G1.040-C3,63394,1,1122.2499999998,1,4.25,middle50,False
B-G1.040-C3,63394,1,1151.4999999998,1,29.25,middle50,False
B-G1.040-C3,63394,1,1156.2499999998,1,4.75,middle50,False
B-G1.040-C3,63394,1,1159.2499999998,1,3.0,middle50,False
B-G1.040-C3,63394,1,1162.7499999998,1,3.5,middle50,False
B-G1.040-C3,63394,1,1169.7499999998,1,7.0,middle50,False
B-G1.040-C3,63394,1,1173.7499999998,1,4.0,middle50,False
B-G1.040-C3,63394,1,1175.2499999998,1,1.5,middle50,False
B-G1.040-C3,63394,1,1180.4999999998,1,5.25,middle50,False
B-G1.040-C3,63394,1,1187.9999999998,2,7.5,middle50,False
B-G1.040-C3,63394,1,1212.9999999998,1,25.0,middle50,False
B-G1.040-C3,63394,1,1220.2499999998,2,7.25,middle50,False
B-G1.040-C3,63394,1,1222.2499999998,1,2.0,middle50,False
B-G1.040-C3,63394,1,1226.4999999998,1,4.25,middle50,False
B-G1.040-C3,63394,1,1233.2499999998,2,6.75,middle50,False
B-G1.040-C3,63394,1,1240.7499999998,1,7.5,middle50,False
B-G1.040-C3,63394,1,1269.9999999998,1,29.25,middle50,False
B-G1.040-C3,63394,1,1272.9999999998,1,3.0,middle50,False
B-G1.040-C3,63394,1,1277.7499999998,1,4.75,middle50,False
B-G1.040-C3,63394,1,1281.2499999998,1,3.5,middle50,False
B-G1.040-C3,63394,1,1288.9999999998,2,7.75,middle50,False
B-G1.040-C3,63394,1,1290.9999999998,1,2.0,middle50,False
B-G1.040-C3,63394,1,1294.4999999998,1,3.5,middle50,False
B-G1.040-C3,63394,1,1299.2499999998,1,4.75,middle50,False
B-G1.040-C3,63394,1,1306.7499999998,1,7.5,middle50,False
B-G1.040-C3,63394,1,1434.7499999998,1,128.0,middle50,False
B-G1.040-C3,63394,1,1441.2499999998,2,6.5,middle50,False
B-G1.040-C3,63394,1,1444.2499999998,1,3.0,middle50,False
B-G1.040-C3,63394,1,1451.4999999998,1,7.25,middle50,False
B-G1.040-C3,63394,1,1454.9999999998,1,3.5,middle50,False
B-G1.040-C3,63394,1,1456.7499999998,1,1.75,middle50,False
B-G1.040-C3,63394,1,1493.7499999998,1,37.0,late25,False
B-G1.040-C3,63394,1,1494.9999999998,1,1.25,late25,False
B-G1.040-C3,63394,1,1499.2499999998,1,4.25,late25,False
B-G1.040-C3,63394,1,1502.9999999998,1,3.75,late25,False
B-G1.040-C3,63394,1,1507.7499999998,1,4.75,late25,False
B-G1.040-C3,63394,1,1510.4999999998,1,2.75,late25,False
B-G1.040-C3,63394,1,1516.2499999998,1,5.75,late25,False
B-G1.040-C3,63394,1,1522.4999999998,1,6.25,late25,False
B-G1.040-C3,63394,1,1539.2499999998,1,16.75,late25,False
B-G1.040-C3,63394,1,1542.9999999998,1,3.75,late25,False
B-G1.040-C3,63394,1,1546.7499999998,1,3.75,late25,False
B-G1.040-C3,63394,1,1550.4999999998,1,3.75,late25,False
B-G1.040-C3,63394,1,1553.9999999998,1,3.5,late25,False
B-G1.040-C3,63394,1,1556.9999999998,1,3.0,late25,False
B-G1.040-C3,63394,1,1560.4999999998,1,3.5,late25,False
B-G1.040-C3,63394,1,1565.2499999998,1,4.75,late25,False
B-G1.040-C3,63394,1,1594.4999999998,1,29.25,late25,False
B-G1.040-C3,63394,1,1595.7499999998,1,1.25,late25,False
B-G1.040-C3,63394,1,1600.2499999998,1,4.5,late25,False
B-G1.040-C3,63394,1,1606.2499999998,1,6.0,late25,False
B-G1.040-C3,63394,1,1608.7499999998,1,2.5,late25,False
B-G1.040-C3,63394,1,1610.9999999998,1,2.25,late25,False
B-G1.040-C3,63394,1,1614.7499999998,1,3.75,late25,False
B-G1.040-C3,63394,1,1619.7499999998,1,5.0,late25,False
B-G1.040-C3,63394,1,1621.4999999998,1,1.75,late25,False
B-G1.040-C3,63394,1,1625.7499999998,1,4.25,late25,False
B-G1.040-C3,63394,1,1637.4999999998,4,11.75,late25,False
B-G1.040-C3,63394,1,1733.4999999998,1,96.0,late25,False
B-G1.040-C3,63394,2,1752.7499999998,2,19.25,early25,False
B-G1.040-C3,63394,2,1755.2499999998,2,2.5,early25,False
B-G1.040-C3,63394,2,1758.2499999998,2,3.0,early25,False
B-G1.040-C3,63394,2,1762.4999999998,1,4.25,early25,False
B-G1.040-C3,63394,2,1770.7499999998,4,8.25,early25,False
B-G1.040-C3,63394,2,1775.4999999998,2,4.75,early25,False
B-G1.040-C3,63394,2,1786.4999999998,4,11.0,early25,False
B-G1.040-C3,63394,2,1810.75,3,24.25000000020009,early25,False
B-G1.040-C3,63394,2,1812.75,1,2.0,early25,False
B-G1.040-C3,63394,2,1817.75,1,5.0,early25,False
B-G1.040-C3,63394,2,1821.75,1,4.0,early25,False
B-G1.040-C3,63394,2,1823.25,2,1.5,early25,False
B-G1.040-C3,63394,2,1832.5,2,9.25,early25,False
B-G1.040-C3,63394,2,1838.25,3,5.75,early25,False
B-G1.040-C3,63394,2,1841.0,2,2.75,early25,False
B-G1.040-C3,63394,2,1848.75,6,7.75,early25,False
B-G1.040-C3,63394,2,1867.75,2,19.0,early25,False
B-G1.040-C3,63394,2,1875.75,1,8.0,early25,False
B-G1.040-C3,63394,2,1885.75,3,10.0,early25,False
B-G1.040-C3,63394,2,1917.25,2,31.5,early25,False
B-G1.040-C3,63394,2,1921.0,3,3.75,early25,False
B-G1.040-C3,63394,2,1924.75,2,3.75,early25,False
B-G1.040-C3,63394,2,1940.0,3,15.25,early25,False
B-G1.040-C3,63394,2,1944.25,1,4.25,early25,False
B-G1.040-C3,63394,2,1946.5,1,2.25,early25,False
B-G1.040-C3,63394,2,1965.75,1,19.25,early25,False
B-G1.040-C3,63394,2,1977.25,1,11.5,early25,False
B-G1.040-C3,63394,2,1981.75,2,4.5,early25,False
B-G1.040-C3,63394,2,1986.5,1,4.75,early25,False
B-G1.040-C3,63394,2,1990.5,2,4.0,early25,False
B-G1.040-C3,63394,2,1997.5,2,7.0,early25,False
B-G1.040-C3,63394,2,2003.5,3,6.0,early25,False
B-G1.040-C3,63394,2,2009.75,3,6.25,early25,False
B-G1.040-C3,63394,2,2034.0,2,24.25,middle50,False
B-G1.040-C3,63394,2,2039.75,2,5.75,middle50,False
B-G1.040-C3,63394,2,2044.0,3,4.25,middle50,False
B-G1.040-C3,63394,2,2047.75,2,3.75,middle50,False
B-G1.040-C3,63394,2,2050.0,1,2.25,middle50,False
B-G1.040-C3,63394,2,2053.0,1,3.0,middle50,False
B-G1.040-C3,63394,2,2057.25,3,4.25,middle50,False
B-G1.040-C3,63394,2,2059.5,1,2.25,middle50,False
B-G1.040-C3,63394,2,2205.25,1,145.75,middle50,False
B-G1.040-C3,63394,2,2206.75,1,1.5,middle50,False
B-G1.040-C3,63394,2,2213.75,2,7.0,middle50,False
B-G1.040-C3,63394,2,2217.0,1,3.25,middle50,False
B-G1.040-C3,63394,2,2219.75,1,2.75,middle50,False
B-G1.040-C3,63394,2,2222.75,1,3.0,middle50,False
B-G1.040-C3,63394,2,2226.25,1,3.5,middle50,False
B-G1.040-C3,63394,2,2230.25,1,4.0,middle50,False
B-G1.040-C3,63394,2,2233.75,1,3.5,middle50,False
B-G1.040-C3,63394,2,2236.25,1,2.5,middle50,False
B-G1.040-C3,63394,2,2262.25,1,26.0,middle50,False
B-G1.040-C3,63394,2,2264.5,12,2.25,middle50,False
B-G1.040-C3,63394,2,2269.75,2,5.25,middle50,False
B-G1.040-C3,63394,2,2274.25,2,4.5,middle50,False
B-G1.040-C3,63394,2,2276.75,1,2.5,middle50,False
B-G1.040-C3,63394,2,2285.25,2,8.5,middle50,False
B-G1.040-C3,63394,2,2290.75,1,5.5,middle50,False
B-G1.040-C3,63394,2,2293.0,1,2.25,middle50,False
B-G1.040-C3,63394,2,2313.75,1,20.75,middle50,False
B-G1.040-C3,63394,2,2322.75,2,9.0,middle50,False
B-G1.040-C3,63394,2,2335.25,1,12.5,middle50,False
B-G1.040-C3,63394,2,2340.25,2,5.0,middle50,False
B-G1.040-C3,63394,2,2373.75,2,33.5,middle50,False
B-G1.040-C3,63394,2,2377.25,1,3.5,middle50,False
B-G1.040-C3,63394,2,2380.25,1,3.0,middle50,False
B-G1.040-C3,63394,2,2381.5,1,1.25,middle50,False
B-G1.040-C3,63394,2,2385.5,1,4.0,middle50,False
B-G1.040-C3,63394,2,2389.0,1,3.5,middle50,False
B-G1.040-C3,63394,2,2391.25,1,2.25,middle50,False
B-G1.040-C3,63394,2,2395.0,1,3.75,middle50,False
B-G1.040-C3,63394,2,2400.25,1,5.25,middle50,False
B-G1.040-C3,63394,2,2408.75,2,8.5,middle50,False
B-G1.040-C3,63394,2,2414.5,3,5.75,middle50,False
B-G1.040-C3,63394,2,2533.0,1,118.5,middle50,False
B-G1.040-C3,63394,2,2536.25,1,3.25,middle50,False
B-G1.040-C3,63394,2,2539.5,1,3.25,middle50,False
B-G1.040-C3,63394,2,2544.5,1,5.0,middle50,False
B-G1.040-C3,63394,2,2549.5,2,5.0,middle50,False
B-G1.040-C3,63394,2,2554.5,1,5.0,middle50,False
B-G1.040-C3,63394,2,2559.75,1,5.25,middle50,False
B-G1.040-C3,63394,2,2589.75,1,30.0,late25,False
B-G1.040-C3,63394,2,2595.25,1,5.5,late25,False
B-G1.040-C3,63394,2,2600.0,1,4.75,late25,False
B-G1.040-C3,63394,2,2603.5,2,3.5,late25,False
B-G1.040-C3,63394,2,2609.75,2,6.25,late25,False
B-G1.040-C3,63394,2,2614.75,1,5.0,late25,False
B-G1.040-C3,63394,2,2619.75,1,5.0,late25,False
B-G1.040-C3,63394,2,2626.25,1,6.5,late25,False
B-G1.040-C3,63394,2,2631.75,2,5.5,late25,False
B-G1.040-C3,63394,2,2641.5,1,9.75,late25,False
B-G1.040-C3,63394,2,2646.25,1,4.75,late25,False
B-G1.040-C3,63394,2,2654.0,1,7.75,late25,False
B-G1.040-C3,63394,2,2660.5,1,6.5,late25,False
B-G1.040-C3,63394,2,2668.25,1,7.75,late25,False
B-G1.040-C3,63394,2,2697.25,1,29.0,late25,False
B-G1.040-C3,63394,2,2701.0,1,3.75,late25,False
B-G1.040-C3,63394,2,2707.25,2,6.25,late25,False
B-G1.040-C3,63394,2,2711.0,1,3.75,late25,False
B-G1.040-C3,63394,2,2716.75,1,5.75,late25,False
B-G1.040-C3,63394,2,2718.5,1,1.75,late25,False
B-G1.040-C3,63394,2,2722.0,1,3.5,late25,False
B-G1.040-C3,63394,2,2727.5,1,5.5,late25,False
B-G1.040-C3,63394,3,2859.75,2,132.25,early25,True
B-G1.040-C3,63394,3,2862.5,1,2.75,early25,True
B-G1.040-C3,63394,3,2867.25,2,4.75,early25,True
B-G1.040-C3,63394,3,2887.25,2,20.0,early25,True
B-G1.040-C3,63394,3,2919.25,3,32.0,early25,True
B-G1.040-C3,63394,3,2926.5,1,7.25,early25,True
B-G1.040-C3,63394,3,2927.75,1,1.25,early25,True
B-G1.040-C3,63394,3,2934.0,2,6.25,early25,True
B-G1.040-C3,63394,3,2940.0,3,6.0,early25,True
B-G1.040-C3,63394,3,2946.0,2,6.0,early25,True
B-G1.040-C3,63394,3,2973.5,2,27.5,early25,True
B-G1.040-C3,63394,3,2980.25,1,6.75,early25,True
B-G1.040-C3,63394,3,2985.0,2,4.75,early25,True
B-G1.040-C3,63394,3,2987.25,1,2.25,early25,True
B-G1.040-C3,63394,3,2994.5,3,7.25,early25,True
B-G1.040-C3,63394,3,3030.25,2,35.75,early25,True
B-G1.040-C3,63394,3,3035.75,2,5.5,middle50,True
B-G1.040-C3,63394,3,3038.75,1,3.0,middle50,True
B-G1.040-C3,63394,3,3043.5,2,4.75,middle50,True
B-G1.040-C3,63394,3,3050.25,2,6.75,middle50,True
B-G1.040-C3,63394,3,3057.25,2,7.0,middle50,True
B-G1.040-C3,63394,3,3069.75,4,12.5,middle50,True
B-G1.040-C3,63394,3,3090.25,2,20.5,middle50,True
B-G1.040-C3,63394,3,3097.25,1,7.0,middle50,True
B-G1.040-C3,63394,3,3107.25,2,10.0,middle50,True
B-G1.040-C3,63394,3,3137.5,2,30.25,middle50,True
B-G1.040-C3,63394,3,3142.5,2,5.0,middle50,True
B-G1.040-C3,63394,3,3150.75,1,8.25,middle50,True
B-G1.040-C3,63394,3,3163.75,1,13.0,middle50,True
B-G1.040-C3,63394,3,3186.0,1,22.25,middle50,True
B-G1.040-C3,63394,3,3191.25,1,5.25,middle50,True
B-G1.040-C3,63394,3,3198.0,1,6.75,middle50,True
B-G1.040-C3,63394,3,3203.0,1,5.0,middle50,True
B-G1.040-C3,63394,3,3209.75,2,6.75,middle50,True
B-G1.040-C3,63394,3,3244.25,2,34.5,middle50,True
B-G1.040-C3,63394,3,3253.5,1,9.25,middle50,True
B-G1.040-C3,63394,3,3261.0,1,7.5,middle50,True
B-G1.040-C3,63394,3,3274.25,2,13.25,middle50,True
B-G1.040-C3,63394,3,3299.75,1,25.5,middle50,True
B-G1.040-C3,63394,3,3307.0,1,7.25,middle50,True
B-G1.040-C3,63394,3,3314.25,1,7.25,middle50,True
B-G1.040-C3,63394,3,3346.75,1,32.5,middle50,True
B-G1.040-C3,63394,3,3350.75,1,4.0,middle50,True
B-G1.040-C3,63394,3,3356.75,1,6.0,middle50,True
B-G1.040-C3,63394,3,3360.5,1,3.75,middle50,True
B-G1.040-C3,63394,3,3368.5,1,8.0,middle50,True
B-G1.040-C3,63394,3,3387.0,5,18.5,middle50,True
B-G1.040-C3,63394,3,3400.5,1,13.5,middle50,True
B-G1.040-C3,63394,3,3404.25,1,3.75,middle50,True
B-G1.040-C3,63394,3,3411.0,1,6.75,middle50,True
B-G1.040-C3,63394,3,3415.25,1,4.25,late25,True
B-G1.040-C3,63394,3,3422.75,7,7.5,late25,True
B-G1.040-C3,63394,3,3454.0,1,31.25,late25,True
B-G1.040-C3,63394,3,3460.5,1,6.5,late25,True
B-G1.040-C3,63394,3,3464.75,1,4.25,late25,True
B-G1.040-C3,63394,3,3468.75,1,4.0,late25,True
B-G1.040-C3,63394,3,3481.25,2,12.5,late25,True
B-G1.040-C3,63394,3,3505.75,1,24.5,late25,True
B-G1.040-C3,63394,3,3512.75,1,7.0,late25,True
B-G1.040-C3,63394,3,3518.0,1,5.25,late25,True
B-G1.040-C3,63394,3,3523.75,1,5.75,late25,True
B-G1.040-C3,63394,3,3528.5,1,4.75,late25,True
B-G1.040-C3,63394,3,3556.25,4,27.75,late25,True
B-G1.040-C3,63394,3,3568.25,1,12.0,late25,True
B-G1.040-C3,63394,3,3579.25,1,11.0,late25,True
B-G1.040-C3,63394,3,3581.5,1,2.25,late25,True
B-G1.040-C3,63394,3,3587.5,1,6.0,late25,True
B-G1.040-C3,71313,0,0.25,3,,early25,False
B-G1.040-C3,71313,0,8.5,1,8.25,early25,False
B-G1.040-C3,71313,0,18.25,1,9.75,early25,False
B-G1.040-C3,71313,0,45.75,1,27.5,early25,False
B-G1.040-C3,71313,0,63.5,1,17.75,early25,False
B-G1.040-C3,71313,0,101.25,1,37.75,early25,False
B-G1.040-C3,71313,0,104.25,1,3.0,early25,False
B-G1.040-C3,71313,0,159.75,1,55.5,early25,False
B-G1.040-C3,71313,0,163.75,1,4.0,early25,False
B-G1.040-C3,71313,0,172.25,1,8.5,early25,False
B-G1.040-C3,71313,0,175.5,1,3.25,early25,False
B-G1.040-C3,71313,0,182.25,1,6.75,early25,False
B-G1.040-C3,71313,0,219.5,1,37.25,middle50,False
B-G1.040-C3,71313,0,225.5,1,6.0,middle50,False
B-G1.040-C3,71313,0,230.75,1,5.25,middle50,False
B-G1.040-C3,71313,0,238.25,1,7.5,middle50,False
B-G1.040-C3,71313,0,276.75,1,38.5,middle50,False
B-G1.040-C3,71313,0,286.0,1,9.25,middle50,False
B-G1.040-C3,71313,0,292.0,1,6.0,middle50,False
B-G1.040-C3,71313,0,300.75,1,8.75,middle50,False
B-G1.040-C3,71313,0,336.5,1,35.75,middle50,False
B-G1.040-C3,71313,0,345.0,1,8.5,middle50,False
B-G1.040-C3,71313,0,350.75,1,5.75,middle50,False
B-G1.040-C3,71313,0,355.25,1,4.5,middle50,False
B-G1.040-C3,71313,0,366.75,1,11.5,middle50,False
B-G1.040-C3,71313,0,520.5,1,153.75,middle50,False
B-G1.040-C3,71313,0,525.0,1,4.5,middle50,False
B-G1.040-C3,71313,0,532.0,1,7.0,middle50,False
B-G1.040-C3,71313,0,534.25,1,2.25,middle50,False
B-G1.040-C3,71313,0,548.0,1,13.75,middle50,False
B-G1.040-C3,71313,0,575.0,1,27.0,middle50,False
B-G1.040-C3,71313,0,582.25,2,7.25,middle50,False
B-G1.040-C3,71313,0,588.75,1,6.5,middle50,False
B-G1.040-C3,71313,0,597.25,1,8.5,middle50,False
B-G1.040-C3,71313,0,602.75,12,5.5,middle50,False
B-G1.040-C3,71313,0,604.0,1,1.25,middle50,False
B-G1.040-C3,71313,0,630.0,1,26.0,late25,False
B-G1.040-C3,71313,0,641.0,1,11.0,late25,False
B-G1.040-C3,71313,0,693.0,1,52.0,late25,False
B-G1.040-C3,71313,0,696.5,1,3.5,late25,False
B-G1.040-C3,71313,0,705.0,1,8.5,late25,False
B-G1.040-C3,71313,0,707.5,1,2.5,late25,False
B-G1.040-C3,71313,0,711.75,1,4.25,late25,False
B-G1.040-C3,71313,0,717.25,1,5.5,late25,False
B-G1.040-C3,71313,1,832.75,2,115.5,early25,False
B-G1.040-C3,71313,1,848.25,1,15.5,early25,False
B-G1.040-C3,71313,1,852.0,1,3.75,early25,False
B-G1.040-C3,71313,1,854.0,1,2.0,early25,False
B-G1.040-C3,71313,1,857.5,1,3.5,early25,False
B-G1.040-C3,71313,1,863.0,2,5.5,early25,False
B-G1.040-C3,71313,1,870.0,2,7.0,early25,False
B-G1.040-C3,71313,1,876.0,3,6.0,early25,False
B-G1.040-C3,71313,1,879.25,1,3.25,early25,False
B-G1.040-C3,71313,1,904.75,1,25.5,early25,False
B-G1.040-C3,71313,1,909.0,11,4.25,early25,False
B-G1.040-C3,71313,1,912.75,1,3.75,early25,False
B-G1.040-C3,71313,1,916.25,2,3.5,early25,False
B-G1.040-C3,71313,1,922.75,1,6.5,early25,False
B-G1.040-C3,71313,1,927.25,1,4.5,early25,False
B-G1.040-C3,71313,1,928.0,1,0.75,early25,False
B-G1.040-C3,71313,1,952.25,1,24.25,early25,False
B-G1.040-C3,71313,1,959.25,1,7.0,early25,False
B-G1.040-C3,71313,1,963.5,2,4.25,early25,False
B-G1.040-C3,71313,1,973.25,1,9.75,early25,False
B-G1.040-C3,71313,1,976.25,1,3.0,early25,False
B-G1.040-C3,71313,1,983.25,2,7.0,early25,False
B-G1.040-C3,71313,1,1011.25,1,28.0,middle50,False
B-G1.040-C3,71313,1,1017.5,1,6.25,middle50,False
B-G1.040-C3,71313,1,1021.0,1,3.5,middle50,False
B-G1.040-C3,71313,1,1025.0,2,4.0,middle50,False
B-G1.040-C3,71313,1,1028.0,1,3.0,middle50,False
B-G1.040-C3,71313,1,1033.5,1,5.5,middle50,False
B-G1.040-C3,71313,1,1039.25,1,5.75,middle50,False
B-G1.040-C3,71313,1,1040.75,1,1.5,middle50,False
B-G1.040-C3,71313,1,1190.5,1,149.75,middle50,False
B-G1.040-C3,71313,1,1200.0,2,9.5,middle50,False
B-G1.040-C3,71313,1,1202.75,1,2.75,middle50,False
B-G1.040-C3,71313,1,1205.25,1,2.5,middle50,False
B-G1.040-C3,71313,1,1211.75,1,6.5,middle50,False
B-G1.040-C3,71313,1,1217.0,2,5.25,middle50,False
B-G1.040-C3,71313,1,1247.75,2,30.75,middle50,False
B-G1.040-C3,71313,1,1255.0,1,7.25,middle50,False
B-G1.040-C3,71313,1,1258.5,1,3.5,middle50,False
B-G1.040-C3,71313,1,1260.0,1,1.5,middle50,False
B-G1.040-C3,71313,1,1264.0,1,4.0,middle50,False
B-G1.040-C3,71313,1,1265.75,1,1.75,middle50,False
B-G1.040-C3,71313,1,1271.25,1,5.5,middle50,False
B-G1.040-C3,71313,1,1275.25,1,4.0,middle50,False
B-G1.040-C3,71313,1,1282.75,1,7.5,middle50,False
B-G1.040-C3,71313,1,1289.25,4,6.5,middle50,False
B-G1.040-C3,71313,1,1302.75,1,13.5,middle50,False
B-G1.040-C3,71313,1,1304.25,1,1.5,middle50,False
B-G1.040-C3,71313,1,1308.0,1,3.75,middle50,False
B-G1.040-C3,71313,1,1310.25,1,2.25,middle50,False
B-G1.040-C3,71313,1,1314.25,1,4.0,middle50,False
B-G1.040-C3,71313,1,1317.0,1,2.75,middle50,False
B-G1.040-C3,71313,1,1319.25,1,2.25,middle50,False
B-G1.040-C3,71313,1,1324.25,1,5.0,middle50,False
B-G1.040-C3,71313,1,1327.5,1,3.25,middle50,False
B-G1.040-C3,71313,1,1330.0,1,2.5,middle50,False
B-G1.040-C3,71313,1,1358.0,1,28.0,late25,False
B-G1.040-C3,71313,1,1360.5,1,2.5,late25,False
B-G1.040-C3,71313,1,1363.5,1,3.0,late25,False
B-G1.040-C3,71313,1,1365.5,1,2.0,late25,False
B-G1.040-C3,71313,1,1368.75,1,3.25,late25,False
B-G1.040-C3,71313,1,1371.0,1,2.25,late25,False
B-G1.040-C3,71313,1,1373.25,1,2.25,late25,False
B-G1.040-C3,71313,1,1376.0,1,2.75,late25,False
B-G1.040-C3,71313,1,1378.0,1,2.0,late25,False
B-G1.040-C3,71313,1,1380.25,1,2.25,late25,False
B-G1.040-C3,71313,1,1384.75,1,4.5,late25,False
B-G1.040-C3,71313,1,1387.25,1,2.5,late25,False
B-G1.040-C3,71313,1,1495.5,1,108.25,late25,False
B-G1.040-C3,71313,2,1512.75,2,17.25,early25,False
B-G1.040-C3,71313,2,1515.5,2,2.75,early25,False
B-G1.040-C3,71313,2,1519.0,2,3.5,early25,False
B-G1.040-C3,71313,2,1520.75,2,1.75,early25,False
B-G1.040-C3,71313,2,1528.75,2,8.0,early25,False
B-G1.040-C3,71313,2,1536.5,3,7.75,early25,False
B-G1.040-C3,71313,2,1541.5,2,5.0,early25,False
B-G1.040-C3,71313,2,1570.0,1,28.5,early25,False
B-G1.040-C3,71313,2,1571.75,2,1.75,early25,False
B-G1.040-C3,71313,2,1578.0,3,6.25,early25,False
B-G1.040-C3,71313,2,1581.5,1,3.5,early25,False
B-G1.040-C3,71313,2,1590.0,3,8.5,early25,False
B-G1.040-C3,71313,2,1595.5,3,5.5,early25,False
B-G1.040-C3,71313,2,1624.75,2,29.25,early25,False
B-G1.040-C3,71313,2,1628.5,2,3.75,early25,False
B-G1.040-C3,71313,2,1633.75,2,5.25,early25,False
B-G1.040-C3,71313,2,1640.25,2,6.5,early25,False
B-G1.040-C3,71313,2,1645.75,3,5.5,early25,False
B-G1.040-C3,71313,2,1649.0,1,3.25,early25,False
B-G1.040-C3,71313,2,1675.0,2,26.0,early25,False
B-G1.040-C3,71313,2,1679.75,18,4.75,early25,False
B-G1.040-C3,71313,2,1683.25,1,3.5,early25,False
B-G1.040-C3,71313,2,1684.5,1,1.25,early25,False
B-G1.040-C3,71313,2,1688.75,2,4.25,early25,False
B-G1.040-C3,71313,2,1698.5,1,9.75,early25,False
B-G1.040-C3,71313,2,1702.75,1,4.25,early25,False
B-G1.040-C3,71313,2,1706.75,1,4.0,early25,False
B-G1.040-C3,71313,2,1713.5,6,6.75,early25,False
B-G1.040-C3,71313,2,1724.75,2,11.25,early25,False
B-G1.040-C3,71313,2,1733.75,3,9.0,early25,False
B-G1.040-C3,71313,2,1737.75,1,4.0,early25,False
B-G1.040-C3,71313,2,1743.5,2,5.75,early25,False
B-G1.040-C3,71313,2,1746.5,1,3.0,early25,False
B-G1.040-C3,71313,2,1749.25,1,2.75,early25,False
B-G1.040-C3,71313,2,1783.75,1,34.5,middle50,False
B-G1.040-C3,71313,2,1787.0,2,3.25,middle50,False
B-G1.040-C3,71313,2,1791.0,1,4.0,middle50,False
B-G1.040-C3,71313,2,1795.5,3,4.5,middle50,False
B-G1.040-C3,71313,2,1799.75,2,4.25,middle50,False
B-G1.040-C3,71313,2,1804.25,2,4.5,middle50,False
B-G1.040-C3,71313,2,1809.0,2,4.75,middle50,False
B-G1.040-C3,71313,2,1817.0,1,8.0,middle50,False
B-G1.040-C3,71313,2,1823.25,5,6.25,middle50,False
B-G1.040-C3,71313,2,1961.5,2,138.25,middle50,False
B-G1.040-C3,71313,2,1965.5,1,4.0,middle50,False
B-G1.040-C3,71313,2,1973.5,2,8.0,middle50,False
B-G1.040-C3,71313,2,1977.5,1,4.0,middle50,False
B-G1.040-C3,71313,2,1981.0,1,3.5,middle50,False
B-G1.040-C3,71313,2,1985.5,1,4.5,middle50,False
B-G1.040-C3,71313,2,1990.5,2,5.0,middle50,False
B-G1.040-C3,71313,2,2017.0,1,26.5,middle50,False
B-G1.040-C3,71313,2,2021.0,2,4.0,middle50,False
B-G1.040-C3,71313,2,2024.0,1,3.0,middle50,False
B-G1.040-C3,71313,2,2027.5,13,3.5,middle50,False
B-G1.040-C3,71313,2,2029.5,2,2.0,middle50,False
B-G1.040-C3,71313,2,2036.25,1,6.75,middle50,False
B-G1.040-C3,71313,2,2041.5,1,5.25,middle50,False
B-G1.040-C3,71313,2,2044.75,1,3.25,middle50,False
B-G1.040-C3,71313,2,2048.5,2,3.75,middle50,False
B-G1.040-C3,71313,2,2055.25,4,6.75,middle50,False
B-G1.040-C3,71313,2,2068.0,1,12.75,middle50,False
B-G1.040-C3,71313,2,2070.5,1,2.5,middle50,False
B-G1.040-C3,71313,2,2073.0,1,2.5,middle50,False
B-G1.040-C3,71313,2,2078.0,1,5.0,middle50,False
B-G1.040-C3,71313,2,2081.25,1,3.25,middle50,False
B-G1.040-C3,71313,2,2084.0,1,2.75,middle50,False
B-G1.040-C3,71313,2,2088.5,2,4.5,middle50,False
B-G1.040-C3,71313,2,2126.0,2,37.5,middle50,False
B-G1.040-C3,71313,2,2130.25,1,4.25,middle50,False
B-G1.040-C3,71313,2,2135.75,2,5.5,middle50,False
B-G1.040-C3,71313,2,2140.0,1,4.25,middle50,False
B-G1.040-C3,71313,2,2146.75,2,6.75,middle50,False
B-G1.040-C3,71313,2,2150.75,2,4.0,middle50,False
B-G1.040-C3,71313,2,2285.0,1,134.25,middle50,False
B-G1.040-C3,71313,2,2287.5,1,2.5,middle50,False
B-G1.040-C3,71313,2,2310.0,1,22.5,middle50,False
B-G1.040-C3,71313,2,2314.25,2,4.25,late25,False
B-G1.040-C3,71313,2,2340.25,1,26.0,late25,False
B-G1.040-C3,71313,2,2342.5,1,2.25,late25,False
B-G1.040-C3,71313,2,2345.25,1,2.75,late25,False
B-G1.040-C3,71313,2,2349.0,1,3.75,late25,False
B-G1.040-C3,71313,2,2351.25,1,2.25,late25,False
B-G1.040-C3,71313,2,2353.25,7,2.0,late25,False
B-G1.040-C3,71313,2,2356.75,1,3.5,late25,False
B-G1.040-C3,71313,2,2359.25,1,2.5,late25,False
B-G1.040-C3,71313,2,2360.5,1,1.25,late25,False
B-G1.040-C3,71313,2,2363.25,1,2.75,late25,False
B-G1.040-C3,71313,2,2368.0,1,4.75,late25,False
B-G1.040-C3,71313,2,2373.5,1,5.5,late25,False
B-G1.040-C3,71313,2,2388.5,1,15.0,late25,False
B-G1.040-C3,71313,2,2391.5,1,3.0,late25,False
B-G1.040-C3,71313,2,2394.0,1,2.5,late25,False
B-G1.040-C3,71313,2,2401.5,1,7.5,late25,False
B-G1.040-C3,71313,2,2404.5,1,3.0,late25,False
B-G1.040-C3,71313,2,2407.5,1,3.0,late25,False
B-G1.040-C3,71313,2,2410.5,1,3.0,late25,False
B-G1.040-C3,71313,2,2445.0,1,34.5,late25,False
B-G1.040-C3,71313,2,2448.5,1,3.5,late25,False
B-G1.040-C3,71313,2,2451.75,1,3.25,late25,False
B-G1.040-C3,71313,2,2456.0,1,4.25,late25,False
B-G1.040-C3,71313,2,2461.75,1,5.75,late25,False
B-G1.040-C3,71313,2,2468.75,1,7.0,late25,False
B-G1.040-C3,71313,2,2473.25,1,4.5,late25,False
B-G1.040-C3,71313,2,2481.0,1,7.75,late25,False
B-G1.040-C3,71313,3,2590.75,2,109.75,early25,True
B-G1.040-C3,71313,3,2602.25,1,11.5,early25,True
B-G1.040-C3,71313,3,2605.25,2,3.0,early25,True
B-G1.040-C3,71313,3,2613.0,1,7.75,early25,True
B-G1.040-C3,71313,3,2616.5,2,3.5,early25,True
B-G1.040-C3,71313,3,2619.75,1,3.25,early25,True
B-G1.040-C3,71313,3,2622.25,1,2.5,early25,True
B-G1.040-C3,71313,3,2626.0,2,3.75,early25,True
B-G1.040-C3,71313,3,2629.75,1,3.75,early25,True
B-G1.040-C3,71313,3,2655.75,1,26.0,early25,True
B-G1.040-C3,71313,3,2658.5,7,2.75,early25,True
B-G1.040-C3,71313,3,2662.0,1,3.5,early25,True
B-G1.040-C3,71313,3,2664.25,1,2.25,early25,True
B-G1.040-C3,71313,3,2669.25,1,5.0,early25,True
B-G1.040-C3,71313,3,2671.25,1,2.0,early25,True
B-G1.040-C3,71313,3,2678.25,1,7.0,early25,True
B-G1.040-C3,71313,3,2680.0,1,1.75,early25,True
B-G1.040-C3,71313,3,2681.5,1,1.5,early25,True
B-G1.040-C3,71313,3,2687.25,2,5.75,early25,True
B-G1.040-C3,71313,3,2697.25,7,10.0,early25,True
B-G1.040-C3,71313,3,2711.25,1,14.0,early25,True
B-G1.040-C3,71313,3,2718.75,1,7.5,early25,True
B-G1.040-C3,71313,3,2725.75,1,7.0,early25,True
B-G1.040-C3,71313,3,2729.0,1,3.25,early25,True
B-G1.040-C3,71313,3,2765.75,2,36.75,early25,True
B-G1.040-C3,71313,3,2771.25,2,5.5,early25,True
B-G1.040-C3,71313,3,2778.5,2,7.25,early25,True
B-G1.040-C3,71313,3,2784.0,1,5.5,early25,True
B-G1.040-C3,71313,3,2792.0,1,8.0,early25,True
B-G1.040-C3,71313,3,2794.0,1,2.0,early25,True
B-G1.040-C3,71313,3,2802.0,3,8.0,early25,True
B-G1.040-C3,71313,3,2815.5,1,13.5,early25,True
B-G1.040-C3,71313,3,2819.0,1,3.5,early25,True
B-G1.040-C3,71313,3,2823.25,1,4.25,early25,True
B-G1.040-C3,71313,3,2828.5,1,5.25,early25,True
B-G1.040-C3,71313,3,2833.25,1,4.75,early25,True
B-G1.040-C3,71313,3,2837.5,1,4.25,early25,True
B-G1.040-C3,71313,3,2867.5,1,30.0,middle50,True
B-G1.040-C3,71313,3,2871.5,9,4.0,middle50,True
B-G1.040-C3,71313,3,2874.0,1,2.5,middle50,True
B-G1.040-C3,71313,3,2883.25,1,9.25,middle50,True
B-G1.040-C3,71313,3,2890.25,2,7.0,middle50,True
B-G1.040-C3,71313,3,2894.75,1,4.5,middle50,True
B-G1.040-C3,71313,3,2912.5,5,17.75,middle50,True
B-G1.040-C3,71313,3,2929.0,1,16.5,middle50,True
B-G1.040-C3,71313,3,2934.25,1,5.25,middle50,True
B-G1.040-C3,71313,3,2937.0,1,2.75,middle50,True
B-G1.040-C3,71313,3,2944.0,1,7.0,middle50,True
B-G1.040-C3,71313,3,2949.0,1,5.0,middle50,True
B-G1.040-C3,71313,3,2951.75,5,2.75,middle50,True
B-G1.040-C3,71313,3,2984.0,3,32.25,middle50,True
B-G1.040-C3,71313,3,2986.75,1,2.75,middle50,True
B-G1.040-C3,71313,3,2998.25,3,11.5,middle50,True
B-G1.040-C3,71313,3,3004.25,1,6.0,middle50,True
B-G1.040-C3,71313,3,3006.25,1,2.0,middle50,True
B-G1.040-C3,71313,3,3018.75,4,12.5,middle50,True
B-G1.040-C3,71313,3,3028.25,1,9.5,middle50,True
B-G1.040-C3,71313,3,3035.25,1,7.0,middle50,True
B-G1.040-C3,71313,3,3041.75,1,6.5,middle50,True
B-G1.040-C3,71313,3,3047.75,1,6.0,middle50,True
B-G1.040-C3,71313,3,3051.5,5,3.75,middle50,True
B-G1.040-C3,71313,3,3052.5,1,1.0,middle50,True
B-G1.040-C3,71313,3,3086.0,1,33.5,middle50,True
B-G1.040-C3,71313,3,3092.0,1,6.0,middle50,True
B-G1.040-C3,71313,3,3096.75,1,4.75,middle50,True
B-G1.040-C3,71313,3,3100.75,1,4.0,middle50,True
B-G1.040-C3,71313,3,3104.75,1,4.0,middle50,True
B-G1.040-C3,71313,3,3112.75,1,8.0,middle50,True
B-G1.040-C3,71313,3,3122.25,1,9.5,middle50,True
B-G1.040-C3,71313,3,3138.5,1,16.25,middle50,True
B-G1.040-C3,71313,3,3151.0,1,12.5,middle50,True
B-G1.040-C3,71313,3,3195.0,1,44.0,middle50,True
B-G1.040-C3,71313,3,3207.5,1,12.5,middle50,True
B-G1.040-C3,71313,3,3211.0,1,3.5,middle50,True
B-G1.040-C3,71313,3,3219.0,1,8.0,middle50,True
B-G1.040-C3,71313,3,3256.5,1,37.5,middle50,True
B-G1.040-C3,71313,3,3271.25,1,14.75,middle50,True
B-G1.040-C3,71313,3,3309.0,1,37.75,middle50,True
B-G1.040-C3,71313,3,3327.75,1,18.75,middle50,True
B-G1.040-C3,71313,3,3490.75,1,163.0,late25,True
B-G1.040-C3,71313,3,3501.5,1,10.75,late25,True
B-G1.040-C3,71313,3,3548.0,1,46.5,late25,True
B-G1.040-C3,71313,3,3556.5,1,8.5,late25,True
B-G1.040-C3,71313,3,3566.0,1,9.5,late25,True
B-G1.040-C3,71313,3,3571.75,1,5.75,late25,True
B-G1.040-C3,71313,3,3586.0,2,14.25,late25,True
B-G1.040-C3,71313,3,3595.0,1,9.0,late25,True
B-G1.042-C2,42,0,0.25,3,,early25,False
B-G1.042-C2,42,0,8.25,1,8.0,early25,False
B-G1.042-C2,42,0,22.0,1,13.75,early25,False
B-G1.042-C2,42,0,46.75,1,24.75,early25,False
B-G1.042-C2,42,0,58.0,1,11.25,early25,False
B-G1.042-C2,42,0,98.25,1,40.25,early25,False
B-G1.042-C2,42,0,108.25,1,10.0,early25,False
B-G1.042-C2,42,0,159.25,1,51.0,early25,False
B-G1.042-C2,42,0,170.25,1,11.0,early25,False
B-G1.042-C2,42,0,174.5,1,4.25,early25,False
B-G1.042-C2,42,0,216.5,1,42.0,middle50,False
B-G1.042-C2,42,0,219.25,1,2.75,middle50,False
B-G1.042-C2,42,0,227.0,1,7.75,middle50,False
B-G1.042-C2,42,0,232.5,1,5.5,middle50,False
B-G1.042-C2,42,0,235.5,1,3.0,middle50,False
B-G1.042-C2,42,0,241.25,1,5.75,middle50,False
B-G1.042-C2,42,0,275.5,1,34.25,middle50,False
B-G1.042-C2,42,0,291.0,1,15.5,middle50,False
B-G1.042-C2,42,0,294.5,1,3.5,middle50,False
B-G1.042-C2,42,0,331.0,1,36.5,middle50,False
B-G1.042-C2,42,0,340.25,1,9.25,middle50,False
B-G1.042-C2,42,0,342.25,1,2.0,middle50,False
B-G1.042-C2,42,0,350.5,1,8.25,middle50,False
B-G1.042-C2,42,0,353.25,1,2.75,middle50,False
B-G1.042-C2,42,0,366.75,1,13.5,middle50,False
B-G1.042-C2,42,0,520.25,1,153.5,middle50,False
B-G1.042-C2,42,0,525.75,1,5.5,middle50,False
B-G1.042-C2,42,0,532.5,1,6.75,middle50,False
B-G1.042-C2,42,0,544.0,1,11.5,late25,False
B-G1.042-C2,42,0,553.25,1,9.25,late25,False
B-G1.042-C2,42,0,575.75,1,22.5,late25,False
B-G1.042-C2,42,0,584.0,1,8.25,late25,False
B-G1.042-C2,42,0,591.5,2,7.5,late25,False
B-G1.042-C2,42,0,601.0,1,9.5,late25,False
B-G1.042-C2,42,0,607.5,12,6.5,late25,False
B-G1.042-C2,42,1,754.25,1,146.75,early25,False
B-G1.042-C2,42,1,766.25,1,12.0,early25,False
B-G1.042-C2,42,1,800.25,1,34.0,early25,False
B-G1.042-C2,42,1,802.0,1,1.75,early25,False
B-G1.042-C2,42,1,807.75,2,5.75,early25,False
B-G1.042-C2,42,1,813.0,3,5.25,early25,False
B-G1.042-C2,42,1,823.25,2,10.25,early25,False
B-G1.042-C2,42,1,839.0,6,15.75,early25,False
B-G1.042-C2,42,1,853.75,1,14.75,early25,False
B-G1.042-C2,42,1,861.5,1,7.75,early25,False
B-G1.042-C2,42,1,869.25,1,7.75,early25,False
B-G1.042-C2,42,1,876.75,1,7.5,early25,False
B-G1.042-C2,42,1,881.75,2,5.0,early25,False
B-G1.042-C2,42,1,916.5,1,34.75,middle50,False
B-G1.042-C2,42,1,924.0,2,7.5,middle50,False
B-G1.042-C2,42,1,928.5,1,4.5,middle50,False
B-G1.042-C2,42,1,936.75,2,8.25,middle50,False
B-G1.042-C2,42,1,945.0,1,8.25,middle50,False
B-G1.042-C2,42,1,964.0,1,19.0,middle50,False
B-G1.042-C2,42,1,968.75,2,4.75,middle50,False
B-G1.042-C2,42,1,973.0,1,4.25,middle50,False
B-G1.042-C2,42,1,978.75,2,5.75,middle50,False
B-G1.042-C2,42,1,983.75,1,5.0,middle50,False
B-G1.042-C2,42,1,987.25,1,3.5,middle50,False
B-G1.042-C2,42,1,991.75,2,4.5,middle50,False
B-G1.042-C2,42,1,995.75,19,4.0,middle50,False
B-G1.042-C2,42,1,1022.25,1,26.5,middle50,False
B-G1.042-C2,42,1,1024.5,1,2.25,middle50,False
B-G1.042-C2,42,1,1037.0,1,12.5,middle50,False
B-G1.042-C2,42,1,1040.25,1,3.25,middle50,False
B-G1.042-C2,42,1,1046.0,2,5.75,middle50,False
B-G1.042-C2,42,1,1052.0,1,6.0,middle50,False
B-G1.042-C2,42,1,1192.75,1,140.75,middle50,False
B-G1.042-C2,42,1,1197.5,2,4.75,middle50,False
B-G1.042-C2,42,1,1202.0,1,4.5,middle50,False
B-G1.042-C2,42,1,1205.25,1,3.25,middle50,False
B-G1.042-C2,42,1,1208.25,1,3.0,middle50,False
B-G1.042-C2,42,1,1211.75,1,3.5,middle50,False
B-G1.042-C2,42,1,1215.5,1,3.75,middle50,False
B-G1.042-C2,42,1,1242.0,2,26.5,late25,False
B-G1.042-C2,42,1,1245.25,1,3.25,late25,False
B-G1.042-C2,42,1,1250.5,1,5.25,late25,False
B-G1.042-C2,42,1,1253.25,15,2.75,late25,False
B-G1.042-C2,42,1,1260.0,1,6.75,late25,False
B-G1.042-C2,42,1,1262.25,1,2.25,late25,False
B-G1.042-C2,42,1,1267.5,1,5.25,late25,False
B-G1.042-C2,42,1,1270.75,1,3.25,late25,False
B-G1.042-C2,42,1,1273.0,1,2.25,late25,False
B-G1.042-C2,42,2,1406.25,2,133.25,early25,False
B-G1.042-C2,42,2,1409.25,2,3.0,early25,False
B-G1.042-C2,42,2,1413.5,3,4.25,early25,False
B-G1.042-C2,42,2,1417.5,1,4.0,early25,False
B-G1.042-C2,42,2,1422.5,2,5.0,early25,False
B-G1.042-C2,42,2,1426.75,2,4.25,early25,False
B-G1.042-C2,42,2,1433.0,3,6.25,early25,False
B-G1.042-C2,42,2,1438.0,2,5.0,early25,False
B-G1.042-C2,42,2,1460.0,1,22.0,early25,False
B-G1.042-C2,42,2,1463.75,2,3.75,early25,False
B-G1.042-C2,42,2,1466.75,23,3.0,early25,False
B-G1.042-C2,42,2,1469.75,1,3.0,early25,False
B-G1.042-C2,42,2,1471.25,1,1.5,early25,False
B-G1.042-C2,42,2,1473.0,2,1.75,early25,False
B-G1.042-C2,42,2,1475.75,2,2.75,early25,False
B-G1.042-C2,42,2,1479.75,1,4.0,early25,False
B-G1.042-C2,42,2,1482.0,1,2.25,early25,False
B-G1.042-C2,42,2,1484.5,1,2.5,early25,False
B-G1.042-C2,42,2,1490.0,3,5.5,early25,False
B-G1.042-C2,42,2,1499.75,6,9.75,early25,False
B-G1.042-C2,42,2,1523.25,1,23.5,early25,False
B-G1.042-C2,42,2,1525.0,1,1.75,early25,False
B-G1.042-C2,42,2,1527.5,1,2.5,early25,False
B-G1.042-C2,42,2,1529.0,5,1.5,early25,False
B-G1.042-C2,42,2,1531.75,1,2.75,early25,False
B-G1.042-C2,42,2,1539.25,1,7.5,early25,False
B-G1.042-C2,42,2,1568.75,1,29.5,early25,False
B-G1.042-C2,42,2,1575.25,2,6.5,early25,False
B-G1.042-C2,42,2,1583.25,2,8.0,early25,False
B-G1.042-C2,42,2,1588.25,3,5.0,early25,False
B-G1.042-C2,42,2,1592.25,1,4.0,early25,False
B-G1.042-C2,42,2,1597.25,2,5.0,early25,False
B-G1.042-C2,42,2,1623.75,1,26.5,early25,False
B-G1.042-C2,42,2,1627.5,1,3.75,early25,False
B-G1.042-C2,42,2,1630.5,1,3.0,early25,False
B-G1.042-C2,42,2,1634.5,1,4.0,early25,False
B-G1.042-C2,42,2,1639.25,2,4.75,early25,False
B-G1.042-C2,42,2,1643.25,2,4.0,early25,False
B-G1.042-C2,42,2,1671.0,1,27.75,early25,False
B-G1.042-C2,42,2,1673.75,1,2.75,early25,False
B-G1.042-C2,42,2,1677.0,16,3.25,early25,False
B-G1.042-C2,42,2,1681.25,2,4.25,early25,False
B-G1.042-C2,42,2,1684.5,1,3.25,early25,False
B-G1.042-C2,42,2,1686.25,1,1.75,early25,False
B-G1.042-C2,42,2,1689.0,1,2.75,early25,False
B-G1.042-C2,42,2,1692.5,1,3.5,early25,False
B-G1.042-C2,42,2,1695.75,1,3.25,early25,False
B-G1.042-C2,42,2,1698.5,1,2.75,early25,False
B-G1.042-C2,42,2,1706.0,2,7.5,early25,False
B-G1.042-C2,42,2,1843.25,1,137.25,middle50,False
B-G1.042-C2,42,2,1851.75,1,8.5,middle50,False
B-G1.042-C2,42,2,1856.25,2,4.5,middle50,False
B-G1.042-C2,42,2,1860.75,1,4.5,middle50,False
B-G1.042-C2,42,2,1865.0,2,4.25,middle50,False
B-G1.042-C2,42,2,1869.5,1,4.5,middle50,False
B-G1.042-C2,42,2,1895.75,1,26.25,middle50,False
B-G1.042-C2,42,2,1898.75,1,3.0,middle50,False
B-G1.042-C2,42,2,1903.75,2,5.0,middle50,False
B-G1.042-C2,42,2,1909.75,1,6.0,middle50,False
B-G1.042-C2,42,2,1913.0,1,3.25,middle50,False
B-G1.042-C2,42,2,1917.25,1,4.25,middle50,False
B-G1.042-C2,42,2,1922.75,1,5.5,middle50,False
B-G1.042-C2,42,2,1927.0,2,4.25,middle50,False
B-G1.042-C2,42,2,2063.75,1,136.75,middle50,False
B-G1.042-C2,42,2,2066.75,1,3.0,middle50,False
B-G1.042-C2,42,2,2074.0,2,7.25,middle50,False
B-G1.042-C2,42,2,2080.5,1,6.5,middle50,False
B-G1.042-C2,42,2,2083.0,1,2.5,middle50,False
B-G1.042-C2,42,2,2086.5,1,3.5,middle50,False
B-G1.042-C2,42,2,2090.5,1,4.0,middle50,False
B-G1.042-C2,42,2,2094.0,1,3.5,middle50,False
B-G1.042-C2,42,2,2118.25,1,24.25,middle50,False
B-G1.042-C2,42,2,2120.75,1,2.5,middle50,False
B-G1.042-C2,42,2,2123.5,10,2.75,middle50,False
B-G1.042-C2,42,2,2126.5,1,3.0,middle50,False
B-G1.042-C2,42,2,2129.5,1,3.0,middle50,False
B-G1.042-C2,42,2,2134.0,1,4.5,middle50,False
B-G1.042-C2,42,2,2136.25,1,2.25,middle50,False
B-G1.042-C2,42,2,2139.25,1,3.0,middle50,False
B-G1.042-C2,42,2,2145.25,1,6.0,middle50,False
B-G1.042-C2,42,2,2148.25,1,3.0,middle50,False
B-G1.042-C2,42,2,2276.25,1,128.0,middle50,False
B-G1.042-C2,42,2,2279.5,1,3.25,middle50,False
B-G1.042-C2,42,2,2284.75,1,5.25,middle50,False
B-G1.042-C2,42,2,2288.0,1,3.25,middle50,False
B-G1.042-C2,42,2,2293.75,1,5.75,middle50,False
B-G1.042-C2,42,2,2297.5,1,3.75,middle50,False
B-G1.042-C2,42,2,2301.25,1,3.75,middle50,False
B-G1.042-C2,42,2,2304.0,1,2.75,middle50,False
B-G1.042-C2,42,2,2307.25,7,3.25,middle50,False
B-G1.042-C2,42,2,2339.75,1,32.5,middle50,False
B-G1.042-C2,42,2,2344.0,1,4.25,middle50,False
B-G1.042-C2,42,2,2347.5,1,3.5,middle50,False
B-G1.042-C2,42,2,2353.25,1,5.75,middle50,False
B-G1.042-C2,42,2,2361.5,1,8.25,middle50,False
B-G1.042-C2,42,2,2364.75,1,3.25,middle50,False
B-G1.042-C2,42,2,2375.5,3,10.75,middle50,False
B-G1.042-C2,42,2,2521.0,1,145.5,late25,False
B-G1.042-C2,42,2,2527.0,1,6.0,late25,False
B-G1.042-C2,42,2,2533.75,1,6.75,late25,False
B-G1.042-C2,42,2,2538.5,1,4.75,late25,False
B-G1.042-C2,42,2,2572.0,1,33.5,late25,False
B-G1.042-C2,42,2,2573.75,1,1.75,late25,False
B-G1.042-C2,42,2,2579.25,1,5.5,late25,False
B-G1.042-C2,42,2,2585.5,1,6.25,late25,False
B-G1.042-C2,42,2,2590.0,1,4.5,late25,False
B-G1.042-C2,42,2,2595.5,1,5.5,late25,False
B-G1.042-C2,42,2,2599.0,1,3.5,late25,False
B-G1.042-C2,42,2,2609.75,2,10.75,late25,False
B-G1.042-C2,42,3,2722.5,2,112.75,early25,True
B-G1.042-C2,42,3,2727.5,1,5.0,early25,True
B-G1.042-C2,42,3,2733.75,1,6.25,early25,True
B-G1.042-C2,42,3,2737.5,1,3.75,early25,True
B-G1.042-C2,42,3,2740.25,1,2.75,early25,True
B-G1.042-C2,42,3,2743.0,1,2.75,early25,True
B-G1.042-C2,42,3,2746.5,1,3.5,early25,True
B-G1.042-C2,42,3,2750.5,1,4.0,early25,True
B-G1.042-C2,42,3,2755.0,2,4.5,early25,True
B-G1.042-C2,42,3,2779.25,1,24.25,early25,True
B-G1.042-C2,42,3,2782.25,1,3.0,early25,True
B-G1.042-C2,42,3,2785.5,1,3.25,early25,True
B-G1.042-C2,42,3,2788.25,1,2.75,early25,True
B-G1.042-C2,42,3,2792.0,12,3.75,early25,True
B-G1.042-C2,42,3,2792.75,3,0.75,early25,True
B-G1.042-C2,42,3,2800.25,1,7.5,early25,True
B-G1.042-C2,42,3,2802.25,1,2.0,early25,True
B-G1.042-C2,42,3,2806.75,1,4.5,early25,True
B-G1.042-C2,42,3,2811.5,1,4.75,early25,True
B-G1.042-C2,42,3,2830.25,1,18.75,early25,True
B-G1.042-C2,42,3,2833.75,1,3.5,early25,True
B-G1.042-C2,42,3,2838.25,1,4.5,early25,True
B-G1.042-C2,42,3,2842.25,1,4.0,early25,True
B-G1.042-C2,42,3,2846.0,1,3.75,early25,True
B-G1.042-C2,42,3,2852.5,1,6.5,early25,True
B-G1.042-C2,42,3,2857.0,10,4.5,early25,True
B-G1.042-C2,42,3,2882.75,1,25.75,early25,True
B-G1.042-C2,42,3,2887.25,1,4.5,early25,True
B-G1.042-C2,42,3,2893.0,1,5.75,early25,True
B-G1.042-C2,42,3,2896.0,1,3.0,early25,True
B-G1.042-C2,42,3,2903.25,1,7.25,early25,True
B-G1.042-C2,42,3,2906.5,1,3.25,early25,True
B-G1.042-C2,42,3,2922.5,5,16.0,early25,True
B-G1.042-C2,42,3,2936.0,1,13.5,middle50,True
B-G1.042-C2,42,3,2942.5,1,6.5,middle50,True
B-G1.042-C2,42,3,2949.0,2,6.5,middle50,True
B-G1.042-C2,42,3,2955.75,1,6.75,middle50,True
B-G1.042-C2,42,3,2993.75,1,38.0,middle50,True
B-G1.042-C2,42,3,3003.75,1,10.0,middle50,True
B-G1.042-C2,42,3,3007.75,1,4.0,middle50,True
B-G1.042-C2,42,3,3014.0,1,6.25,middle50,True
B-G1.042-C2,42,3,3024.5,1,10.5,middle50,True
B-G1.042-C2,42,3,3039.5,1,15.0,middle50,True
B-G1.042-C2,42,3,3043.75,1,4.25,middle50,True
B-G1.042-C2,42,3,3049.5,1,5.75,middle50,True
B-G1.042-C2,42,3,3057.5,1,8.0,middle50,True
B-G1.042-C2,42,3,3061.5,1,4.0,middle50,True
B-G1.042-C2,42,3,3068.0,1,6.5,middle50,True
B-G1.042-C2,42,3,3094.75,4,26.75,middle50,True
B-G1.042-C2,42,3,3102.5,1,7.75,middle50,True
B-G1.042-C2,42,3,3117.0,1,14.5,middle50,True
B-G1.042-C2,42,3,3123.75,1,6.75,middle50,True
B-G1.042-C2,42,3,3131.0,1,7.25,middle50,True
B-G1.042-C2,42,3,3139.75,4,8.75,middle50,True
B-G1.042-C2,42,3,3160.5,1,20.75,middle50,True
B-G1.042-C2,42,3,3166.0,2,5.5,middle50,True
B-G1.042-C2,42,3,3170.0,1,4.0,middle50,True
B-G1.042-C2,42,3,3204.75,1,34.75,middle50,True
B-G1.042-C2,42,3,3212.5,1,7.75,middle50,True
B-G1.042-C2,42,3,3217.5,1,5.0,middle50,True
B-G1.042-C2,42,3,3222.5,1,5.0,middle50,True
B-G1.042-C2,42,3,3227.75,1,5.25,middle50,True
B-G1.042-C2,42,3,3251.5,1,23.75,middle50,True
B-G1.042-C2,42,3,3257.0,1,5.5,middle50,True
B-G1.042-C2,42,3,3263.75,1,6.75,middle50,True
B-G1.042-C2,42,3,3270.0,1,6.25,middle50,True
B-G1.042-C2,42,3,3273.25,4,3.25,middle50,True
B-G1.042-C2,42,3,3309.0,1,35.75,middle50,True
B-G1.042-C2,42,3,3318.75,1,9.75,middle50,True
B-G1.042-C2,42,3,3326.0,1,7.25,middle50,True
B-G1.042-C2,42,3,3337.25,1,11.25,middle50,True
B-G1.042-C2,42,3,3369.25,1,32.0,middle50,True
B-G1.042-C2,42,3,3376.0,1,6.75,middle50,True
B-G1.042-C2,42,3,3384.25,1,8.25,late25,True
B-G1.042-C2,42,3,3394.0,1,9.75,late25,True
B-G1.042-C2,42,3,3398.0,4,4.0,late25,True
B-G1.042-C2,42,3,3426.0,1,28.0,late25,True
B-G1.042-C2,42,3,3431.25,1,5.25,late25,True
B-G1.042-C2,42,3,3440.0,1,8.75,late25,True
B-G1.042-C2,42,3,3454.25,1,14.25,late25,True
B-G1.042-C2,42,3,3461.75,2,7.5,late25,True
B-G1.042-C2,42,3,3477.25,1,15.5,late25,True
B-G1.042-C2,42,3,3483.75,1,6.5,late25,True
B-G1.042-C2,42,3,3493.25,1,9.5,late25,True
B-G1.042-C2,42,3,3503.5,1,10.25,late25,True
B-G1.042-C2,42,3,3528.75,3,25.25,late25,True
B-G1.042-C2,42,3,3531.5,1,2.75,late25,True
B-G1.042-C2,42,3,3540.75,1,9.25,late25,True
B-G1.042-C2,42,3,3551.75,1,11.0,late25,True
B-G1.042-C2,42,3,3559.5,1,7.75,late25,True
B-G1.042-C2,42,3,3567.25,2,7.75,late25,True
B-G1.042-C2,7961,0,0.25,3,,early25,False
B-G1.042-C2,7961,0,8.25,1,8.0,early25,False
B-G1.042-C2,7961,0,17.25,1,9.0,early25,False
B-G1.042-C2,7961,0,39.25,1,22.0,early25,False
B-G1.042-C2,7961,0,54.5,1,15.25,early25,False
B-G1.042-C2,7961,0,109.0,1,54.5,early25,False
B-G1.042-C2,7961,0,112.25,1,3.25,early25,False
B-G1.042-C2,7961,0,116.75,1,4.5,early25,False
B-G1.042-C2,7961,0,170.25,1,53.5,early25,False
B-G1.042-C2,7961,0,177.5,1,7.25,early25,False
B-G1.042-C2,7961,0,209.25,1,31.75,early25,False
B-G1.042-C2,7961,0,218.75,1,9.5,early25,False
B-G1.042-C2,7961,0,228.75,1,10.0,early25,False
B-G1.042-C2,7961,0,234.75,1,6.0,early25,False
B-G1.042-C2,7961,0,244.25,1,9.5,middle50,False
B-G1.042-C2,7961,0,282.75,1,38.5,middle50,False
B-G1.042-C2,7961,0,289.25,1,6.5,middle50,False
B-G1.042-C2,7961,0,299.5,1,10.25,middle50,False
B-G1.042-C2,7961,0,331.75,1,32.25,middle50,False
B-G1.042-C2,7961,0,343.75,1,12.0,middle50,False
B-G1.042-C2,7961,0,349.5,1,5.75,middle50,False
B-G1.042-C2,7961,0,354.5,1,5.0,middle50,False
B-G1.042-C2,7961,0,366.5,1,12.0,middle50,False
B-G1.042-C2,7961,0,524.0,1,157.5,middle50,False
B-G1.042-C2,7961,0,532.0,1,8.0,middle50,False
B-G1.042-C2,7961,0,535.5,1,3.5,middle50,False
B-G1.042-C2,7961,0,572.25,1,36.75,middle50,False
B-G1.042-C2,7961,0,577.0,1,4.75,middle50,False
B-G1.042-C2,7961,0,584.75,1,7.75,middle50,False
B-G1.042-C2,7961,0,588.75,1,4.0,middle50,False
B-G1.042-C2,7961,0,594.25,1,5.5,middle50,False
B-G1.042-C2,7961,0,597.0,1,2.75,middle50,False
B-G1.042-C2,7961,0,601.75,1,4.75,middle50,False
B-G1.042-C2,7961,0,610.75,1,9.0,middle50,False
B-G1.042-C2,7961,0,755.5,1,144.75,late25,False
B-G1.042-C2,7961,0,760.75,1,5.25,late25,False
B-G1.042-C2,7961,0,773.75,1,13.0,late25,False
B-G1.042-C2,7961,0,779.75,1,6.0,late25,False
B-G1.042-C2,7961,0,789.75,1,10.0,late25,False
B-G1.042-C2,7961,0,812.25,2,22.5,late25,False
B-G1.042-C2,7961,0,821.75,1,9.5,late25,False
B-G1.042-C2,7961,0,828.0,11,6.25,late25,False
B-G1.042-C2,7961,0,835.5,1,7.5,late25,False
B-G1.042-C2,7961,1,989.75,1,154.25,early25,False
B-G1.042-C2,7961,1,992.0,2,2.25,early25,False
B-G1.042-C2,7961,1,994.0,1,2.0,early25,False
B-G1.042-C2,7961,1,1000.25,1,6.25,early25,False
B-G1.042-C2,7961,1,1027.5,1,27.25,early25,False
B-G1.042-C2,7961,1,1033.25,2,5.75,early25,False
B-G1.042-C2,7961,1,1040.25,3,7.0,early25,False
B-G1.042-C2,7961,1,1046.75,2,6.5,early25,False
B-G1.042-C2,7961,1,1050.0,1,3.25,early25,False
B-G1.042-C2,7961,1,1055.0,2,5.0,early25,False
B-G1.042-C2,7961,1,1064.75,19,9.75,early25,False
B-G1.042-C2,7961,1,1101.5,1,36.75,early25,False
B-G1.042-C2,7961,1,1136.0,1,34.5,early25,False
B-G1.042-C2,7961,1,1139.0,1,3.0,early25,False
B-G1.042-C2,7961,1,1145.25,2,6.25,early25,False
B-G1.042-C2,7961,1,1148.75,1,3.5,middle50,False
B-G1.042-C2,7961,1,1155.5,1,6.75,middle50,False
B-G1.042-C2,7961,1,1161.75,2,6.25,middle50,False
B-G1.042-C2,7961,1,1165.0,1,3.25,middle50,False
B-G1.042-C2,7961,1,1168.25,1,3.25,middle50,False
B-G1.042-C2,7961,1,1315.75,1,147.5,middle50,False
B-G1.042-C2,7961,1,1319.0,1,3.25,middle50,False
B-G1.042-C2,7961,1,1323.75,2,4.75,middle50,False
B-G1.042-C2,7961,1,1330.5,1,6.75,middle50,False
B-G1.042-C2,7961,1,1333.5,1,3.0,middle50,False
B-G1.042-C2,7961,1,1338.5,1,5.0,middle50,False
B-G1.042-C2,7961,1,1342.25,1,3.75,middle50,False
B-G1.042-C2,7961,1,1370.5,1,28.25,middle50,False
B-G1.042-C2,7961,1,1377.0,1,6.5,middle50,False
B-G1.042-C2,7961,1,1380.75,2,3.75,middle50,False
B-G1.042-C2,7961,1,1384.0,1,3.25,middle50,False
B-G1.042-C2,7961,1,1390.75,1,6.75,middle50,False
B-G1.042-C2,7961,1,1395.25,1,4.5,middle50,False
B-G1.042-C2,7961,1,1398.5,1,3.25,middle50,False
B-G1.042-C2,7961,1,1401.75,1,3.25,middle50,False
B-G1.042-C2,7961,1,1541.75,2,140.0,late25,False
B-G1.042-C2,7961,1,1545.25,1,3.5,late25,False
B-G1.042-C2,7961,1,1549.0,1,3.75,late25,False
B-G1.042-C2,7961,1,1558.75,1,9.75,late25,False
B-G1.042-C2,7961,1,1562.0,1,3.25,late25,False
B-G1.042-C2,7961,1,1591.75,1,29.75,late25,False
B-G1.042-C2,7961,1,1595.0,1,3.25,late25,False
B-G1.042-C2,7961,1,1599.5,1,4.5,late25,False
B-G1.042-C2,7961,1,1603.0,1,3.5,late25,False
B-G1.042-C2,7961,1,1605.25,1,2.25,late25,False
B-G1.042-C2,7961,1,1609.5,1,4.25,late25,False
B-G1.042-C2,7961,1,1611.5,1,2.0,late25,False
B-G1.042-C2,7961,1,1615.0,1,3.5,late25,False
B-G1.042-C2,7961,1,1620.75,1,5.75,late25,False
B-G1.042-C2,7961,1,1628.0,1,7.25,late25,False
B-G1.042-C2,7961,2,1750.0,2,122.0,early25,False
B-G1.042-C2,7961,2,1754.0,1,4.0,early25,False
B-G1.042-C2,7961,2,1756.5,1,2.5,early25,False
B-G1.042-C2,7961,2,1760.25,2,3.75,early25,False
B-G1.042-C2,7961,2,1764.5,2,4.25,early25,False
B-G1.042-C2,7961,2,1769.25,2,4.75,early25,False
B-G1.042-C2,7961,2,1775.25,3,6.0,early25,False
B-G1.042-C2,7961,2,1781.25,2,6.0,early25,False
B-G1.042-C2,7961,2,1806.75,1,25.5,early25,False
B-G1.042-C2,7961,2,1811.25,2,4.5,early25,False
B-G1.042-C2,7961,2,1815.0,25,3.75,early25,False
B-G1.042-C2,7961,2,1816.5,1,1.5,early25,False
B-G1.042-C2,7961,2,1821.5,1,5.0,early25,False
B-G1.042-C2,7961,2,1833.25,2,11.75,early25,False
B-G1.042-C2,7961,2,1854.75,1,21.5,early25,False
B-G1.042-C2,7961,2,1857.5,2,2.75,early25,False
B-G1.042-C2,7961,2,1861.0,1,3.5,early25,False
B-G1.042-C2,7961,2,1863.5,1,2.5,early25,False
B-G1.042-C2,7961,2,1870.75,2,7.25,early25,False
B-G1.042-C2,7961,2,1883.5,2,12.75,early25,False
B-G1.042-C2,7961,2,1911.0,1,27.5,early25,False
B-G1.042-C2,7961,2,1916.25,3,5.25,early25,False
B-G1.042-C2,7961,2,1921.5,2,5.25,early25,False
B-G1.042-C2,7961,2,1929.75,3,8.25,early25,False
B-G1.042-C2,7961,2,1933.75,2,4.0,early25,False
B-G1.042-C2,7961,2,1938.5,2,4.75,early25,False
B-G1.042-C2,7961,2,1946.0,1,7.5,early25,False
B-G1.042-C2,7961,2,1966.5,2,20.5,early25,False
B-G1.042-C2,7961,2,1970.5,1,4.0,early25,False
B-G1.042-C2,7961,2,1974.25,2,3.75,early25,False
B-G1.042-C2,7961,2,1979.0,2,4.75,early25,False
B-G1.042-C2,7961,2,1982.75,2,3.75,early25,False
B-G1.042-C2,7961,2,1987.5,2,4.75,early25,False
B-G1.042-C2,7961,2,2019.0,2,31.5,early25,False
B-G1.042-C2,7961,2,2024.75,1,5.75,early25,False
B-G1.042-C2,7961,2,2028.75,1,4.0,early25,False
B-G1.042-C2,7961,2,2031.0,1,2.25,early25,False
B-G1.042-C2,7961,2,2033.25,1,2.25,early25,False
B-G1.042-C2,7961,2,2038.75,2,5.5,early25,False
B-G1.042-C2,7961,2,2044.25,2,5.5,early25,False
B-G1.042-C2,7961,2,2052.75,2,8.5,middle50,False
B-G1.042-C2,7961,2,2067.5,1,14.75,middle50,False
B-G1.042-C2,7961,2,2070.25,1,2.75,middle50,False
B-G1.042-C2,7961,2,2074.75,2,4.5,middle50,False
B-G1.042-C2,7961,2,2081.25,1,6.5,middle50,False
B-G1.042-C2,7961,2,2082.5,1,1.25,middle50,False
B-G1.042-C2,7961,2,2086.25,1,3.75,middle50,False
B-G1.042-C2,7961,2,2091.75,2,5.5,middle50,False
B-G1.042-C2,7961,2,2126.5,2,34.75,middle50,False
B-G1.042-C2,7961,2,2134.5,2,8.0,middle50,False
B-G1.042-C2,7961,2,2137.5,1,3.0,middle50,False
B-G1.042-C2,7961,2,2140.75,1,3.25,middle50,False
B-G1.042-C2,7961,2,2142.75,1,2.0,middle50,False
B-G1.042-C2,7961,2,2147.5,2,4.75,middle50,False
B-G1.042-C2,7961,2,2152.75,2,5.25,middle50,False
B-G1.042-C2,7961,2,2160.5,1,7.75,middle50,False
B-G1.042-C2,7961,2,2327.0,2,166.5,middle50,False
B-G1.042-C2,7961,2,2334.75,1,7.75,middle50,False
B-G1.042-C2,7961,2,2339.5,1,4.75,middle50,False
B-G1.042-C2,7961,2,2376.25,2,36.75,middle50,False
B-G1.042-C2,7961,2,2381.0,1,4.75,middle50,False
B-G1.042-C2,7961,2,2385.5,2,4.5,middle50,False
B-G1.042-C2,7961,2,2393.25,1,7.75,middle50,False
B-G1.042-C2,7961,2,2396.25,1,3.0,middle50,False
B-G1.042-C2,7961,2,2397.5,1,1.25,middle50,False
B-G1.042-C2,7961,2,2402.75,2,5.25,middle50,False
B-G1.042-C2,7961,2,2405.5,1,2.75,middle50,False
B-G1.042-C2,7961,2,2417.0,4,11.5,middle50,False
B-G1.042-C2,7961,2,2557.25,2,140.25,middle50,False
B-G1.042-C2,7961,2,2560.5,1,3.25,middle50,False
B-G1.042-C2,7961,2,2563.0,1,2.5,middle50,False
B-G1.042-C2,7961,2,2568.25,1,5.25,middle50,False
B-G1.042-C2,7961,2,2573.5,1,5.25,middle50,False
B-G1.042-C2,7961,2,2576.0,1,2.5,middle50,False
B-G1.042-C2,7961,2,2613.0,2,37.0,middle50,False
B-G1.042-C2,7961,2,2616.25,1,3.25,middle50,False
B-G1.042-C2,7961,2,2624.75,2,8.5,middle50,False
B-G1.042-C2,7961,2,2633.25,2,8.5,middle50,False
B-G1.042-C2,7961,2,2637.0,2,3.75,middle50,False
B-G1.042-C2,7961,2,2640.75,1,3.75,middle50,False
B-G1.042-C2,7961,2,2649.25,2,8.5,middle50,False
B-G1.042-C2,7961,2,2782.5,1,133.25,late25,False
B-G1.042-C2,7961,2,2785.5,1,3.0,late25,False
B-G1.042-C2,7961,2,2788.5,2,3.0,late25,False
B-G1.042-C2,7961,2,2791.5,1,3.0,late25,False
B-G1.042-C2,7961,2,2798.0,1,6.5,late25,False
B-G1.042-C2,7961,2,2802.75,1,4.75,late25,False
B-G1.042-C2,7961,2,2807.25,1,4.5,late25,False
B-G1.042-C2,7961,2,2810.5,1,3.25,late25,False
B-G1.042-C2,7961,2,2835.25,1,24.75,late25,False
B-G1.042-C2,7961,2,2842.0,2,6.75,late25,False
B-G1.042-C2,7961,2,2845.25,1,3.25,late25,False
B-G1.042-C2,7961,2,2850.5,1,5.25,late25,False
B-G1.042-C2,7961,2,2852.5,1,2.0,late25,False
B-G1.042-C2,7961,2,2855.25,1,2.75,late25,False
B-G1.042-C2,7961,2,2859.75,1,4.5,late25,False
B-G1.042-C2,7961,2,2863.0,1,3.25,late25,False
B-G1.042-C2,7961,2,2866.0,1,3.0,late25,False
B-G1.042-C2,7961,2,2868.5,1,2.5,late25,False
B-G1.042-C2,7961,2,2875.75,9,7.25,late25,False
B-G1.042-C2,7961,3,2997.5,1,121.75,early25,True
B-G1.042-C2,7961,3,3001.25,2,3.75,early25,True
B-G1.042-C2,7961,3,3003.75,1,2.5,early25,True
B-G1.042-C2,7961,3,3008.75,1,5.0,early25,True
B-G1.042-C2,7961,3,3012.75,1,4.0,early25,True
B-G1.042-C2,7961,3,3020.5,2,7.75,early25,True
B-G1.042-C2,7961,3,3028.75,1,8.25,early25,True
B-G1.042-C2,7961,3,3056.5,2,27.75,early25,True
B-G1.042-C2,7961,3,3059.5,2,3.0,early25,True
B-G1.042-C2,7961,3,3062.5,1,3.0,early25,True
B-G1.042-C2,7961,3,3065.5,2,3.0,early25,True
B-G1.042-C2,7961,3,3070.5,2,5.0,early25,True
B-G1.042-C2,7961,3,3072.0,1,1.5,early25,True
B-G1.042-C2,7961,3,3075.0,2,3.0,early25,True
B-G1.042-C2,7961,3,3081.0,1,6.0,early25,True
B-G1.042-C2,7961,3,3083.75,2,2.75,early25,True
B-G1.042-C2,7961,3,3091.25,1,7.5,early25,True
B-G1.042-C2,7961,3,3097.25,5,6.0,early25,True
B-G1.042-C2,7961,3,3109.25,5,12.0,early25,True
B-G1.042-C2,7961,3,3110.5,1,1.25,early25,True
B-G1.042-C2,7961,3,3116.25,1,5.75,early25,True
B-G1.042-C2,7961,3,3117.5,1,1.25,early25,True
B-G1.042-C2,7961,3,3122.5,1,5.0,early25,True
B-G1.042-C2,7961,3,3126.0,1,3.5,early25,True
B-G1.042-C2,7961,3,3128.75,1,2.75,early25,True
B-G1.042-C2,7961,3,3132.5,1,3.75,early25,True
B-G1.042-C2,7961,3,3136.5,1,4.0,middle50,True
B-G1.042-C2,7961,3,3163.75,1,27.25,middle50,True
B-G1.042-C2,7961,3,3167.25,2,3.5,middle50,True
B-G1.042-C2,7961,3,3173.0,11,5.75,middle50,True
B-G1.042-C2,7961,3,3174.25,1,1.25,middle50,True
B-G1.042-C2,7961,3,3180.75,2,6.5,middle50,True
B-G1.042-C2,7961,3,3184.5,1,3.75,middle50,True
B-G1.042-C2,7961,3,3186.5,1,2.0,middle50,True
B-G1.042-C2,7961,3,3189.0,1,2.5,middle50,True
B-G1.042-C2,7961,3,3191.25,1,2.25,middle50,True
B-G1.042-C2,7961,3,3205.0,3,13.75,middle50,True
B-G1.042-C2,7961,3,3216.0,3,11.0,middle50,True
B-G1.042-C2,7961,3,3217.5,2,1.5,middle50,True
B-G1.042-C2,7961,3,3218.75,1,1.25,middle50,True
B-G1.042-C2,7961,3,3225.75,1,7.0,middle50,True
B-G1.042-C2,7961,3,3233.25,1,7.5,middle50,True
B-G1.042-C2,7961,3,3270.75,1,37.5,middle50,True
B-G1.042-C2,7961,3,3277.0,3,6.25,middle50,True
B-G1.042-C2,7961,3,3281.0,2,4.0,middle50,True
B-G1.042-C2,7961,3,3281.75,2,0.75,middle50,True
B-G1.042-C2,7961,3,3282.5,2,0.75,middle50,True
B-G1.042-C2,7961,3,3293.75,1,11.25,middle50,True
B-G1.042-C2,7961,3,3307.0,1,13.25,middle50,True
B-G1.042-C2,7961,3,3314.5,5,7.5,middle50,True
B-G1.042-C2,7961,3,3334.75,1,20.25,middle50,True
B-G1.042-C2,7961,3,3338.0,1,3.25,middle50,True
B-G1.042-C2,7961,3,3349.0,1,11.0,middle50,True
B-G1.042-C2,7961,3,3382.5,1,33.5,middle50,True
B-G1.042-C2,7961,3,3391.5,2,9.0,middle50,True
B-G1.042-C2,7961,3,3396.75,1,5.25,middle50,True
B-G1.042-C2,7961,3,3407.5,2,10.75,middle50,True
B-G1.042-C2,7961,3,3434.0,1,26.5,middle50,True
B-G1.042-C2,7961,3,3445.5,1,11.5,late25,True
B-G1.042-C2,7961,3,3487.75,1,42.25,late25,True
B-G1.042-C2,7961,3,3493.0,1,5.25,late25,True
B-G1.042-C2,7961,3,3501.0,1,8.0,late25,True
B-G1.042-C2,7961,3,3508.75,1,7.75,late25,True
B-G1.042-C2,7961,3,3518.0,1,9.25,late25,True
B-G1.042-C2,7961,3,3523.75,2,5.75,late25,True
B-G1.042-C2,7961,3,3540.0,1,16.25,late25,True
B-G1.042-C2,7961,3,3544.5,1,4.5,late25,True
B-G1.042-C2,7961,3,3549.25,1,4.75,late25,True
B-G1.042-C2,7961,3,3561.5,1,12.25,late25,True
B-G1.042-C2,7961,3,3595.0,1,33.5,late25,True
B-G1.042-C2,15880,0,0.25,3,,early25,False
B-G1.042-C2,15880,0,9.5,1,9.25,early25,False
B-G1.042-C2,15880,0,25.5,1,16.0,early25,False
B-G1.042-C2,15880,0,40.0,1,14.5,early25,False
B-G1.042-C2,15880,0,43.0,1,3.0,early25,False
B-G1.042-C2,15880,0,91.0,1,48.0,early25,False
B-G1.042-C2,15880,0,95.5,1,4.5,early25,False
B-G1.042-C2,15880,0,98.75,1,3.25,early25,False
B-G1.042-C2,15880,0,103.0,1,4.25,early25,False
B-G1.042-C2,15880,0,117.5,1,14.5,early25,False
B-G1.042-C2,15880,0,161.25,1,43.75,early25,False
B-G1.042-C2,15880,0,175.25,1,14.0,early25,False
B-G1.042-C2,15880,0,184.25,1,9.0,early25,False
B-G1.042-C2,15880,0,212.75,1,28.5,early25,False
B-G1.042-C2,15880,0,222.5,1,9.75,early25,False
B-G1.042-C2,15880,0,232.0,1,9.5,early25,False
B-G1.042-C2,15880,0,238.0,1,6.0,middle50,False
B-G1.042-C2,15880,0,274.75,1,36.75,middle50,False
B-G1.042-C2,15880,0,290.0,1,15.25,middle50,False
B-G1.042-C2,15880,0,292.75,1,2.75,middle50,False
B-G1.042-C2,15880,0,302.25,1,9.5,middle50,False
B-G1.042-C2,15880,0,334.75,1,32.5,middle50,False
B-G1.042-C2,15880,0,340.75,1,6.0,middle50,False
B-G1.042-C2,15880,0,342.25,1,1.5,middle50,False
B-G1.042-C2,15880,0,354.25,1,12.0,middle50,False
B-G1.042-C2,15880,0,365.5,1,11.25,middle50,False
B-G1.042-C2,15880,0,514.25,1,148.75,middle50,False
B-G1.042-C2,15880,0,522.5,1,8.25,middle50,False
B-G1.042-C2,15880,0,533.75,1,11.25,middle50,False
B-G1.042-C2,15880,0,538.75,1,5.0,middle50,False
B-G1.042-C2,15880,0,574.5,1,35.75,middle50,False
B-G1.042-C2,15880,0,581.5,1,7.0,middle50,False
B-G1.042-C2,15880,0,585.5,1,4.0,middle50,False
B-G1.042-C2,15880,0,590.0,1,4.5,middle50,False
B-G1.042-C2,15880,0,597.0,1,7.0,middle50,False
B-G1.042-C2,15880,0,746.75,1,149.75,late25,False
B-G1.042-C2,15880,0,752.25,1,5.5,late25,False
B-G1.042-C2,15880,0,759.75,1,7.5,late25,False
B-G1.042-C2,15880,0,765.75,1,6.0,late25,False
B-G1.042-C2,15880,0,774.0,1,8.25,late25,False
B-G1.042-C2,15880,0,809.5,1,35.5,late25,False
B-G1.042-C2,15880,0,813.75,1,4.25,late25,False
B-G1.042-C2,15880,0,817.25,1,3.5,late25,False
B-G1.042-C2,15880,0,823.25,1,6.0,late25,False
B-G1.042-C2,15880,0,827.25,1,4.0,late25,False
B-G1.042-C2,15880,1,973.5,2,146.25,early25,False
B-G1.042-C2,15880,1,976.5,1,3.0,early25,False
B-G1.042-C2,15880,1,979.5,1,3.0,early25,False
B-G1.042-C2,15880,1,984.75,2,5.25,early25,False
B-G1.042-C2,15880,1,991.0,1,6.25,early25,False
B-G1.042-C2,15880,1,996.5,2,5.5,early25,False
B-G1.042-C2,15880,1,1003.5,2,7.0,early25,False
B-G1.042-C2,15880,1,1031.5,2,28.0,early25,False
B-G1.042-C2,15880,1,1034.75,1,3.25,early25,False
B-G1.042-C2,15880,1,1039.25,1,4.5,early25,False
B-G1.042-C2,15880,1,1043.0,24,3.75,early25,False
B-G1.042-C2,15880,1,1048.0,1,5.0,early25,False
B-G1.042-C2,15880,1,1058.0,1,10.0,early25,False
B-G1.042-C2,15880,1,1060.75,1,2.75,early25,False
B-G1.042-C2,15880,1,1061.25,1,0.5,early25,False
B-G1.042-C2,15880,1,1088.0,1,26.75,early25,False
B-G1.042-C2,15880,1,1091.25,1,3.25,early25,False
B-G1.042-C2,15880,1,1099.0,1,7.75,early25,False
B-G1.042-C2,15880,1,1103.5,1,4.5,early25,False
B-G1.042-C2,15880,1,1108.75,2,5.25,early25,False
B-G1.042-C2,15880,1,1140.5,1,31.75,early25,False
B-G1.042-C2,15880,1,1147.25,2,6.75,early25,False
B-G1.042-C2,15880,1,1153.75,1,6.5,early25,False
B-G1.042-C2,15880,1,1162.25,1,8.5,early25,False
B-G1.042-C2,15880,1,1165.75,1,3.5,early25,False
B-G1.042-C2,15880,1,1167.5,1,1.75,early25,False
B-G1.042-C2,15880,1,1321.5,1,154.0,middle50,False
B-G1.042-C2,15880,1,1325.5,1,4.0,middle50,False
B-G1.042-C2,15880,1,1329.75,1,4.25,middle50,False
B-G1.042-C2,15880,1,1334.0,1,4.25,middle50,False
B-G1.042-C2,15880,1,1338.25,1,4.25,middle50,False
B-G1.042-C2,15880,1,1344.5,1,6.25,middle50,False
B-G1.042-C2,15880,1,1376.5,1,32.0,middle50,False
B-G1.042-C2,15880,1,1380.75,1,4.25,middle50,False
B-G1.042-C2,15880,1,1385.25,1,4.5,middle50,False
B-G1.042-C2,15880,1,1388.25,1,3.0,middle50,False
B-G1.042-C2,15880,1,1393.0,1,4.75,middle50,False
B-G1.042-C2,15880,1,1396.25,2,3.25,middle50,False
B-G1.042-C2,15880,1,1401.25,1,5.0,middle50,False
B-G1.042-C2,15880,1,1413.5,5,12.25,middle50,False
B-G1.042-C2,15880,1,1540.75,1,127.25,middle50,False
B-G1.042-C2,15880,1,1547.75,1,7.0,middle50,False
B-G1.042-C2,15880,1,1552.0,1,4.25,middle50,False
B-G1.042-C2,15880,1,1556.0,1,4.0,middle50,False
B-G1.042-C2,15880,1,1559.5,1,3.5,middle50,False
B-G1.042-C2,15880,1,1596.5,1,37.0,middle50,False
B-G1.042-C2,15880,1,1602.0,1,5.5,middle50,False
B-G1.042-C2,15880,1,1606.0,1,4.0,middle50,False
B-G1.042-C2,15880,1,1609.25,1,3.25,middle50,False
B-G1.042-C2,15880,1,1612.25,1,3.0,middle50,False
B-G1.042-C2,15880,1,1619.0,1,6.75,middle50,False
B-G1.042-C2,15880,1,1624.5,1,5.5,middle50,False
B-G1.042-C2,15880,1,1757.5,1,133.0,late25,False
B-G1.042-C2,15880,1,1761.25,1,3.75,late25,False
B-G1.042-C2,15880,1,1766.0,1,4.75,late25,False
B-G1.042-C2,15880,1,1768.5,1,2.5,late25,False
B-G1.042-C2,15880,1,1772.0,1,3.5,late25,False
B-G1.042-C2,15880,1,1775.25,1,3.25,late25,False
B-G1.042-C2,15880,1,1780.75,1,5.5,late25,False
B-G1.042-C2,15880,1,1784.25,1,3.5,late25,False
B-G1.042-C2,15880,1,1816.5,2,32.25,late25,False
B-G1.042-C2,15880,1,1819.25,1,2.75,late25,False
B-G1.042-C2,15880,1,1823.25,1,4.0,late25,False
B-G1.042-C2,15880,1,1827.25,1,4.0,late25,False
B-G1.042-C2,15880,1,1833.0,1,5.75,late25,False
B-G1.042-C2,15880,1,1835.75,1,2.75,late25,False
B-G1.042-C2,15880,1,1841.75,1,6.0,late25,False
B-G1.042-C2,15880,1,1844.25,1,2.5,late25,False
B-G1.042-C2,15880,1,1857.0,4,12.75,late25,False
B-G1.042-C2,15880,1,1956.5,1,99.5,late25,False
B-G1.042-C2,15880,2,1973.5,2,17.0,early25,False
B-G1.042-C2,15880,2,1976.25,2,2.75,early25,False
B-G1.042-C2,15880,2,1979.25,1,3.0,early25,False
B-G1.042-C2,15880,2,1988.5,4,9.25,early25,False
B-G1.042-C2,15880,2,1989.75,2,1.25,early25,False
B-G1.042-C2,15880,2,1997.5,3,7.75,early25,False
B-G1.042-C2,15880,2,2034.0,2,36.5,early25,False
B-G1.042-C2,15880,2,2038.5,2,4.5,early25,False
B-G1.042-C2,15880,2,2042.75,2,4.25,early25,False
B-G1.042-C2,15880,2,2050.75,3,8.0,early25,False
B-G1.042-C2,15880,2,2054.25,3,3.5,early25,False
B-G1.042-C2,15880,2,2057.75,3,3.5,early25,False
B-G1.042-C2,15880,2,2072.5,6,14.75,early25,False
B-G1.042-C2,15880,2,2085.5,3,13.0,early25,False
B-G1.042-C2,15880,2,2088.5,5,3.0,early25,False
B-G1.042-C2,15880,2,2092.75,1,4.25,early25,False
B-G1.042-C2,15880,2,2095.75,2,3.0,early25,False
B-G1.042-C2,15880,2,2099.0,2,3.25,early25,False
B-G1.042-C2,15880,2,2106.5,3,7.5,early25,False
B-G1.042-C2,15880,2,2111.25,1,4.75,early25,False
B-G1.042-C2,15880,2,2141.25,2,30.0,early25,False
B-G1.042-C2,15880,2,2148.0,1,6.75,early25,False
B-G1.042-C2,15880,2,2156.0,2,8.0,early25,False
B-G1.042-C2,15880,2,2163.25,3,7.25,early25,False
B-G1.042-C2,15880,2,2168.25,2,5.0,early25,False
B-G1.042-C2,15880,2,2175.5,3,7.25,early25,False
B-G1.042-C2,15880,2,2181.5,5,6.0,early25,False
B-G1.042-C2,15880,2,2192.75,2,11.25,early25,False
B-G1.042-C2,15880,2,2195.25,1,2.5,early25,False
B-G1.042-C2,15880,2,2202.75,1,7.5,early25,False
B-G1.042-C2,15880,2,2204.0,3,1.25,early25,False
B-G1.042-C2,15880,2,2212.5,1,8.5,early25,False
B-G1.042-C2,15880,2,2219.25,2,6.75,early25,False
B-G1.042-C2,15880,2,2247.0,1,27.75,middle50,False
B-G1.042-C2,15880,2,2254.5,1,7.5,middle50,False
B-G1.042-C2,15880,2,2258.25,1,3.75,middle50,False
B-G1.042-C2,15880,2,2263.5,3,5.25,middle50,False
B-G1.042-C2,15880,2,2266.25,1,2.75,middle50,False
B-G1.042-C2,15880,2,2267.0,2,0.75,middle50,False
B-G1.042-C2,15880,2,2270.25,2,3.25,middle50,False
B-G1.042-C2,15880,2,2275.25,2,5.0,middle50,False
B-G1.042-C2,15880,2,2284.75,2,9.5,middle50,False
B-G1.042-C2,15880,2,2291.0,5,6.25,middle50,False
B-G1.042-C2,15880,2,2428.75,1,137.75,middle50,False
B-G1.042-C2,15880,2,2431.0,1,2.25,middle50,False
B-G1.042-C2,15880,2,2434.25,2,3.25,middle50,False
B-G1.042-C2,15880,2,2440.75,2,6.5,middle50,False
B-G1.042-C2,15880,2,2444.0,1,3.25,middle50,False
B-G1.042-C2,15880,2,2456.5,1,12.5,middle50,False
B-G1.042-C2,15880,2,2485.75,1,29.25,middle50,False
B-G1.042-C2,15880,2,2488.25,2,2.5,middle50,False
B-G1.042-C2,15880,2,2493.0,1,4.75,middle50,False
B-G1.042-C2,15880,2,2497.75,2,4.75,middle50,False
B-G1.042-C2,15880,2,2502.5,2,4.75,middle50,False
B-G1.042-C2,15880,2,2511.0,1,8.5,middle50,False
B-G1.042-C2,15880,2,2523.75,2,12.75,middle50,False
B-G1.042-C2,15880,2,2530.25,4,6.5,middle50,False
B-G1.042-C2,15880,2,2662.75,1,132.5,middle50,False
B-G1.042-C2,15880,2,2668.0,1,5.25,middle50,False
B-G1.042-C2,15880,2,2670.75,1,2.75,middle50,False
B-G1.042-C2,15880,2,2673.75,1,3.0,middle50,False
B-G1.042-C2,15880,2,2676.75,1,3.0,middle50,False
B-G1.042-C2,15880,2,2680.75,1,4.0,middle50,False
B-G1.042-C2,15880,2,2684.0,1,3.25,middle50,False
B-G1.042-C2,15880,2,2689.0,1,5.0,middle50,False
B-G1.042-C2,15880,2,2715.0,9,26.0,middle50,False
B-G1.042-C2,15880,2,2716.75,1,1.75,middle50,False
B-G1.042-C2,15880,2,2719.0,1,2.25,middle50,False
B-G1.042-C2,15880,2,2722.0,1,3.0,middle50,False
B-G1.042-C2,15880,2,2727.5,1,5.5,middle50,False
B-G1.042-C2,15880,2,2729.25,1,1.75,middle50,False
B-G1.042-C2,15880,2,2731.0,1,1.75,middle50,False
B-G1.042-C2,15880,2,2733.25,1,2.25,middle50,False
B-G1.042-C2,15880,2,2738.25,1,5.0,middle50,False
B-G1.042-C2,15880,2,2741.25,1,3.0,middle50,False
B-G1.042-C2,15880,2,2746.25,1,5.0,middle50,False
B-G1.042-C2,15880,2,2752.0,1,5.75,middle50,False
B-G1.042-C2,15880,2,2758.0,3,6.0,middle50,False
B-G1.042-C2,15880,2,2889.25,1,131.25,late25,False
B-G1.042-C2,15880,2,2893.75,1,4.5,late25,False
B-G1.042-C2,15880,2,2896.5,1,2.75,late25,False
B-G1.042-C2,15880,2,2899.5,1,3.0,late25,False
B-G1.042-C2,15880,2,2910.25,1,10.75,late25,False
B-G1.042-C2,15880,2,2913.0,1,2.75,late25,False
B-G1.042-C2,15880,2,2943.5,1,30.5,late25,False
B-G1.042-C2,15880,2,2946.25,1,2.75,late25,False
B-G1.042-C2,15880,2,2949.25,1,3.0,late25,False
B-G1.042-C2,15880,2,2954.75,2,5.5,late25,False
B-G1.042-C2,15880,2,2960.0,1,5.25,late25,False
B-G1.042-C2,15880,2,2965.0,1,5.0,late25,False
B-G1.042-C2,15880,2,2968.5,1,3.5,late25,False
B-G1.042-C2,15880,2,2973.25,1,4.75,late25,False
B-G1.042-C2,15880,3,3107.5,1,134.25,early25,True
B-G1.042-C2,15880,3,3109.75,1,2.25,early25,True
B-G1.042-C2,15880,3,3121.0,1,11.25,early25,True
B-G1.042-C2,15880,3,3123.0,1,2.0,early25,True
B-G1.042-C2,15880,3,3125.75,2,2.75,early25,True
B-G1.042-C2,15880,3,3130.75,3,5.0,early25,True
B-G1.042-C2,15880,3,3134.0,2,3.25,early25,True
B-G1.042-C2,15880,3,3135.5,1,1.5,early25,True
B-G1.042-C2,15880,3,3165.5,3,30.0,early25,True
B-G1.042-C2,15880,3,3173.25,3,7.75,early25,True
B-G1.042-C2,15880,3,3174.25,1,1.0,early25,True
B-G1.042-C2,15880,3,3175.5,1,1.25,early25,True
B-G1.042-C2,15880,3,3181.75,2,6.25,early25,True
B-G1.042-C2,15880,3,3187.5,1,5.75,early25,True
B-G1.042-C2,15880,3,3194.25,1,6.75,early25,True
B-G1.042-C2,15880,3,3200.5,2,6.25,early25,True
B-G1.042-C2,15880,3,3222.25,1,21.75,middle50,True
B-G1.042-C2,15880,3,3225.5,1,3.25,middle50,True
B-G1.042-C2,15880,3,3229.25,1,3.75,middle50,True
B-G1.042-C2,15880,3,3237.5,2,8.25,middle50,True
B-G1.042-C2,15880,3,3241.5,1,4.0,middle50,True
B-G1.042-C2,15880,3,3248.25,1,6.75,middle50,True
B-G1.042-C2,15880,3,3251.5,10,3.25,middle50,True
B-G1.042-C2,15880,3,3278.75,1,27.25,middle50,True
B-G1.042-C2,15880,3,3283.0,1,4.25,middle50,True
B-G1.042-C2,15880,3,3286.25,1,3.25,middle50,True
B-G1.042-C2,15880,3,3292.5,1,6.25,middle50,True
B-G1.042-C2,15880,3,3300.0,2,7.5,middle50,True
B-G1.042-C2,15880,3,3307.75,1,7.75,middle50,True
B-G1.042-C2,15880,3,3323.75,6,16.0,middle50,True
B-G1.042-C2,15880,3,3337.25,2,13.5,middle50,True
B-G1.042-C2,15880,3,3342.0,2,4.75,middle50,True
B-G1.042-C2,15880,3,3347.5,1,5.5,middle50,True
B-G1.042-C2,15880,3,3355.5,2,8.0,middle50,True
B-G1.042-C2,15880,3,3392.0,1,36.5,middle50,True
B-G1.042-C2,15880,3,3397.75,2,5.75,middle50,True
B-G1.042-C2,15880,3,3403.25,1,5.5,middle50,True
B-G1.042-C2,15880,3,3409.0,1,5.75,middle50,True
B-G1.042-C2,15880,3,3411.75,1,2.75,middle50,True
B-G1.042-C2,15880,3,3420.0,2,8.25,middle50,True
B-G1.042-C2,15880,3,3433.75,5,13.75,middle50,True
B-G1.042-C2,15880,3,3444.75,1,11.0,middle50,True
B-G1.042-C2,15880,3,3449.0,1,4.25,middle50,True
B-G1.042-C2,15880,3,3451.25,1,2.25,middle50,True
B-G1.042-C2,15880,3,3457.75,1,6.5,middle50,True
B-G1.042-C2,15880,3,3464.5,1,6.75,middle50,True
B-G1.042-C2,15880,3,3471.25,1,6.75,middle50,True
B-G1.042-C2,15880,3,3509.0,2,37.75,late25,True
B-G1.042-C2,15880,3,3514.75,1,5.75,late25,True
B-G1.042-C2,15880,3,3520.25,1,5.5,late25,True
B-G1.042-C2,15880,3,3526.5,1,6.25,late25,True
B-G1.042-C2,15880,3,3541.25,2,14.75,late25,True
B-G1.042-C2,15880,3,3550.7499999999,1,9.499999999899956,late25,True
B-G1.042-C2,15880,3,3557.7499999999,1,7.0,late25,True
B-G1.042-C2,15880,3,3559.9999999999,1,2.25,late25,True
B-G1.042-C2,15880,3,3567.7499999999,1,7.75,late25,True
B-G1.042-C2,15880,3,3570.7499999999,1,3.0,late25,True
B-G1.042-C2,15880,3,3573.9999999999,5,3.25,late25,True
B-G1.042-C2,15880,3,3579.2499999999,1,5.25,late25,True
B-G1.042-C2,23799,0,0.25,3,,early25,False
B-G1.042-C2,23799,0,8.25,1,8.0,early25,False
B-G1.042-C2,23799,0,16.5,1,8.25,early25,False
B-G1.042-C2,23799,0,45.75,1,29.25,early25,False
B-G1.042-C2,23799,0,58.0,1,12.25,early25,False
B-G1.042-C2,23799,0,88.75,1,30.75,early25,False
B-G1.042-C2,23799,0,112.25,1,23.5,early25,False
B-G1.042-C2,23799,0,123.75,1,11.5,early25,False
B-G1.042-C2,23799,0,163.0,1,39.25,early25,False
B-G1.042-C2,23799,0,182.0,1,19.0,early25,False
B-G1.042-C2,23799,0,215.25,1,33.25,early25,False
B-G1.042-C2,23799,0,229.75,1,14.5,early25,False
B-G1.042-C2,23799,0,235.75,1,6.0,early25,False
B-G1.042-C2,23799,0,281.25,1,45.5,middle50,False
B-G1.042-C2,23799,0,292.0,1,10.75,middle50,False
B-G1.042-C2,23799,0,296.75,1,4.75,middle50,False
B-G1.042-C2,23799,0,304.5,1,7.75,middle50,False
B-G1.042-C2,23799,0,340.25,1,35.75,middle50,False
B-G1.042-C2,23799,0,346.75,1,6.5,middle50,False
B-G1.042-C2,23799,0,349.25,1,2.5,middle50,False
B-G1.042-C2,23799,0,354.5,1,5.25,middle50,False
B-G1.042-C2,23799,0,359.75,1,5.25,middle50,False
B-G1.042-C2,23799,0,369.5,1,9.75,middle50,False
B-G1.042-C2,23799,0,527.25,1,157.75,middle50,False
B-G1.042-C2,23799,0,532.5,1,5.25,middle50,False
B-G1.042-C2,23799,0,540.5,1,8.0,middle50,False
B-G1.042-C2,23799,0,577.0,1,36.5,middle50,False
B-G1.042-C2,23799,0,580.5,1,3.5,middle50,False
B-G1.042-C2,23799,0,583.0,1,2.5,middle50,False
B-G1.042-C2,23799,0,589.0,1,6.0,middle50,False
B-G1.042-C2,23799,0,598.25,1,9.25,middle50,False
B-G1.042-C2,23799,0,600.25,1,2.0,middle50,False
B-G1.042-C2,23799,0,603.75,1,3.5,middle50,False
B-G1.042-C2,23799,0,758.5,1,154.75,late25,False
B-G1.042-C2,23799,0,767.25,1,8.75,late25,False
B-G1.042-C2,23799,0,771.5,1,4.25,late25,False
B-G1.042-C2,23799,0,779.25,1,7.75,late25,False
B-G1.042-C2,23799,0,783.0,1,3.75,late25,False
B-G1.042-C2,23799,0,818.75,1,35.75,late25,False
B-G1.042-C2,23799,0,820.0,1,1.25,late25,False
B-G1.042-C2,23799,0,826.0,1,6.0,late25,False
B-G1.042-C2,23799,0,831.5,1,5.5,late25,False
B-G1.042-C2,23799,0,836.5,1,5.0,late25,False
B-G1.042-C2,23799,0,840.0,1,3.5,late25,False
B-G1.042-C2,23799,1,977.25,1,137.25,early25,False
B-G1.042-C2,23799,1,980.0,1,2.75,early25,False
B-G1.042-C2,23799,1,984.0,2,4.0,early25,False
B-G1.042-C2,23799,1,986.0,1,2.0,early25,False
B-G1.042-C2,23799,1,991.0,1,5.0,early25,False
B-G1.042-C2,23799,1,996.5,2,5.5,early25,False
B-G1.042-C2,23799,1,1003.0,2,6.5,early25,False
B-G1.042-C2,23799,1,1008.5,1,5.5,early25,False
B-G1.042-C2,23799,1,1037.5,2,29.0,early25,False
B-G1.042-C2,23799,1,1045.0,2,7.5,early25,False
B-G1.042-C2,23799,1,1049.0,2,4.0,early25,False
B-G1.042-C2,23799,1,1055.25,2,6.25,early25,False
B-G1.042-C2,23799,1,1060.75,2,5.5,early25,False
B-G1.042-C2,23799,1,1065.25,2,4.5,early25,False
B-G1.042-C2,23799,1,1072.75,1,7.5,early25,False
B-G1.042-C2,23799,1,1093.5,1,20.75,early25,False
B-G1.042-C2,23799,1,1095.0,1,1.5,early25,False
B-G1.042-C2,23799,1,1096.75,1,1.75,early25,False
B-G1.042-C2,23799,1,1100.25,1,3.5,early25,False
B-G1.042-C2,23799,1,1103.75,1,3.5,early25,False
B-G1.042-C2,23799,1,1113.25,1,9.5,early25,False
B-G1.042-C2,23799,1,1155.5,1,42.25,early25,False
B-G1.042-C2,23799,1,1156.75,1,1.25,early25,False
B-G1.042-C2,23799,1,1162.75,2,6.0,middle50,False
B-G1.042-C2,23799,1,1166.0,1,3.25,middle50,False
B-G1.042-C2,23799,1,1178.5,20,12.5,middle50,False
B-G1.042-C2,23799,1,1187.0,1,8.5,middle50,False
B-G1.042-C2,23799,1,1200.0,1,13.0,middle50,False
B-G1.042-C2,23799,1,1343.0,1,143.0,middle50,False
B-G1.042-C2,23799,1,1350.0,1,7.0,middle50,False
B-G1.042-C2,23799,1,1352.0,1,2.0,middle50,False
B-G1.042-C2,23799,1,1358.25,1,6.25,middle50,False
B-G1.042-C2,23799,1,1364.0,15,5.75,middle50,False
B-G1.042-C2,23799,1,1367.25,1,3.25,middle50,False
B-G1.042-C2,23799,1,1398.75,1,31.5,middle50,False
B-G1.042-C2,23799,1,1401.25,1,2.5,middle50,False
B-G1.042-C2,23799,1,1405.5,1,4.25,middle50,False
B-G1.042-C2,23799,1,1411.75,1,6.25,middle50,False
B-G1.042-C2,23799,1,1416.0,2,4.25,middle50,False
B-G1.042-C2,23799,1,1422.0,2,6.0,middle50,False
B-G1.042-C2,23799,1,1425.5,1,3.5,middle50,False
B-G1.042-C2,23799,1,1561.75,1,136.25,late25,False
B-G1.042-C2,23799,1,1562.75,1,1.0,late25,False
B-G1.042-C2,23799,1,1570.25,1,7.5,late25,False
B-G1.042-C2,23799,1,1574.0,2,3.75,late25,False
B-G1.042-C2,23799,1,1577.75,1,3.75,late25,False
B-G1.042-C2,23799,1,1589.75,1,12.0,late25,False
B-G1.042-C2,23799,1,1619.25,1,29.5,late25,False
B-G1.042-C2,23799,1,1621.75,1,2.5,late25,False
B-G1.042-C2,23799,1,1627.75,1,6.0,late25,False
B-G1.042-C2,23799,1,1630.25,1,2.5,late25,False
B-G1.042-C2,23799,1,1635.25,1,5.0,late25,False
B-G1.042-C2,23799,1,1636.5,1,1.25,late25,False
B-G1.042-C2,23799,1,1639.0,1,2.5,late25,False
B-G1.042-C2,23799,1,1644.25,1,5.25,late25,False
B-G1.042-C2,23799,1,1656.25,1,12.0,late25,False
B-G1.042-C2,23799,1,1662.5,4,6.25,late25,False
B-G1.042-C2,23799,1,1760.25,3,97.75,late25,False
B-G1.042-C2,23799,1,1762.5,4,2.25,late25,False
B-G1.042-C2,23799,2,1779.0,1,16.5,early25,False
B-G1.042-C2,23799,2,1782.25,2,3.25,early25,False
B-G1.042-C2,23799,2,1785.25,2,3.0,early25,False
B-G1.042-C2,23799,2,1790.75,2,5.5,early25,False
B-G1.042-C2,23799,2,1797.0,2,6.25,early25,False
B-G1.042-C2,23799,2,1801.5,1,4.5,early25,False
B-G1.042-C2,23799,2,1809.25,3,7.75,early25,False
B-G1.042-C2,23799,2,1837.0,3,27.75,early25,False
B-G1.042-C2,23799,2,1839.75,1,2.75,early25,False
B-G1.042-C2,23799,2,1843.5,2,3.75,early25,False
B-G1.042-C2,23799,2,1848.0,19,4.5,early25,False
B-G1.042-C2,23799,2,1850.25,1,2.25,early25,False
B-G1.042-C2,23799,2,1861.5,1,11.25,early25,False
B-G1.042-C2,23799,2,1866.5,3,5.0,early25,False
B-G1.042-C2,23799,2,1888.75,1,22.25,early25,False
B-G1.042-C2,23799,2,1892.75,1,4.0,early25,False
B-G1.042-C2,23799,2,1895.25,2,2.5,early25,False
B-G1.042-C2,23799,2,1901.25,2,6.0,early25,False
B-G1.042-C2,23799,2,1904.25,1,3.0,early25,False
B-G1.042-C2,23799,2,1910.25,3,6.0,early25,False
B-G1.042-C2,23799,2,1937.75,2,27.5,early25,False
B-G1.042-C2,23799,2,1942.75,2,5.0,early25,False
B-G1.042-C2,23799,2,1947.0,2,4.25,early25,False
B-G1.042-C2,23799,2,1955.0,2,8.0,early25,False
B-G1.042-C2,23799,2,1960.0,2,5.0,early25,False
B-G1.042-C2,23799,2,1967.5,2,7.5,early25,False
B-G1.042-C2,23799,2,1975.75,1,8.25,early25,False
B-G1.042-C2,23799,2,1996.0,1,20.25,early25,False
B-G1.042-C2,23799,2,2001.75,2,5.75,early25,False
B-G1.042-C2,23799,2,2007.0,2,5.25,early25,False
B-G1.042-C2,23799,2,2015.75,2,8.75,early25,False
B-G1.042-C2,23799,2,2047.25,2,31.5,early25,False
B-G1.042-C2,23799,2,2051.25,1,4.0,early25,False
B-G1.042-C2,23799,2,2056.25,2,5.0,early25,False
B-G1.042-C2,23799,2,2059.0,1,2.75,early25,False
B-G1.042-C2,23799,2,2061.5,1,2.5,early25,False
B-G1.042-C2,23799,2,2069.75,2,8.25,middle50,False
B-G1.042-C2,23799,2,2074.0,1,4.25,middle50,False
B-G1.042-C2,23799,2,2096.25,1,22.25,middle50,False
B-G1.042-C2,23799,2,2108.25,1,12.0,middle50,False
B-G1.042-C2,23799,2,2112.0,1,3.75,middle50,False
B-G1.042-C2,23799,2,2116.25,2,4.25,middle50,False
B-G1.042-C2,23799,2,2119.25,1,3.0,middle50,False
B-G1.042-C2,23799,2,2124.5,1,5.25,middle50,False
B-G1.042-C2,23799,2,2129.25,2,4.75,middle50,False
B-G1.042-C2,23799,2,2132.25,1,3.0,middle50,False
B-G1.042-C2,23799,2,2136.75,1,4.5,middle50,False
B-G1.042-C2,23799,2,2163.5,10,26.75,middle50,False
B-G1.042-C2,23799,2,2165.5,1,2.0,middle50,False
B-G1.042-C2,23799,2,2169.5,1,4.0,middle50,False
B-G1.042-C2,23799,2,2173.5,2,4.0,middle50,False
B-G1.042-C2,23799,2,2180.5,1,7.0,middle50,False
B-G1.042-C2,23799,2,2183.75,1,3.25,middle50,False
B-G1.042-C2,23799,2,2187.75,1,4.0,middle50,False
B-G1.042-C2,23799,2,2192.75,1,5.0,middle50,False
B-G1.042-C2,23799,2,2199.75,1,7.0,middle50,False
B-G1.042-C2,23799,2,2206.0,4,6.25,middle50,False
B-G1.042-C2,23799,2,2336.25,1,130.25,middle50,False
B-G1.042-C2,23799,2,2339.0,1,2.75,middle50,False
B-G1.042-C2,23799,2,2346.25,1,7.25,middle50,False
B-G1.042-C2,23799,2,2353.5,1,7.25,middle50,False
B-G1.042-C2,23799,2,2355.0,1,1.5,middle50,False
B-G1.042-C2,23799,2,2360.0,1,5.0,middle50,False
B-G1.042-C2,23799,2,2387.75,1,27.75,middle50,False
B-G1.042-C2,23799,2,2392.25,1,4.5,middle50,False
B-G1.042-C2,23799,2,2400.75,1,8.5,middle50,False
B-G1.042-C2,23799,2,2404.5,1,3.75,middle50,False
B-G1.042-C2,23799,2,2411.25,1,6.75,middle50,False
B-G1.042-C2,23799,2,2415.25,2,4.0,middle50,False
B-G1.042-C2,23799,2,2551.5,1,136.25,middle50,False
B-G1.042-C2,23799,2,2557.75,1,6.25,middle50,False
B-G1.042-C2,23799,2,2559.5,1,1.75,middle50,False
B-G1.042-C2,23799,2,2564.75,1,5.25,middle50,False
B-G1.042-C2,23799,2,2569.25,1,4.5,middle50,False
B-G1.042-C2,23799,2,2572.25,1,3.0,middle50,False
B-G1.042-C2,23799,2,2575.5,1,3.25,middle50,False
B-G1.042-C2,23799,2,2578.25,1,2.75,middle50,False
B-G1.042-C2,23799,2,2581.5,1,3.25,middle50,False
B-G1.042-C2,23799,2,2607.75,1,26.25,middle50,False
B-G1.042-C2,23799,2,2611.0,1,3.25,middle50,False
B-G1.042-C2,23799,2,2613.5,1,2.5,middle50,False
B-G1.042-C2,23799,2,2616.5,9,3.0,middle50,False
B-G1.042-C2,23799,2,2623.25,1,6.75,middle50,False
B-G1.042-C2,23799,2,2625.5,1,2.25,middle50,False
B-G1.042-C2,23799,2,2631.25,1,5.75,middle50,False
B-G1.042-C2,23799,2,2635.25,1,4.0,middle50,False
B-G1.042-C2,23799,2,2779.75,1,144.5,late25,False
B-G1.042-C2,23799,2,2782.0,1,2.25,late25,False
B-G1.042-C2,23799,2,2786.25,1,4.25,late25,False
B-G1.042-C2,23799,2,2790.5,1,4.25,late25,False
B-G1.042-C2,23799,2,2794.75,1,4.25,late25,False
B-G1.042-C2,23799,2,2799.25,1,4.5,late25,False
B-G1.042-C2,23799,2,2834.25,1,35.0,late25,False
B-G1.042-C2,23799,2,2839.0,1,4.75,late25,False
B-G1.042-C2,23799,2,2843.75,1,4.75,late25,False
B-G1.042-C2,23799,2,2845.25,1,1.5,late25,False
B-G1.042-C2,23799,2,2848.25,1,3.0,late25,False
B-G1.042-C2,23799,2,2853.25,1,5.0,late25,False
B-G1.042-C2,23799,2,2859.0,1,5.75,late25,False
B-G1.042-C2,23799,2,2862.5,1,3.5,late25,False
B-G1.042-C2,23799,2,2866.0,1,3.5,late25,False
B-G1.042-C2,23799,3,2988.0,1,122.0,early25,True
B-G1.042-C2,23799,3,2991.0,2,3.0,early25,True
B-G1.042-C2,23799,3,3004.0,2,13.0,early25,True
B-G1.042-C2,23799,3,3007.75,1,3.75,early25,True
B-G1.042-C2,23799,3,3011.75,1,4.0,early25,True
B-G1.042-C2,23799,3,3016.5,2,4.75,early25,True
B-G1.042-C2,23799,3,3021.25,2,4.75,early25,True
B-G1.042-C2,23799,3,3046.75,1,25.5,early25,True
B-G1.042-C2,23799,3,3050.0,1,3.25,early25,True
B-G1.042-C2,23799,3,3053.75,2,3.75,early25,True
B-G1.042-C2,23799,3,3058.5,15,4.75,early25,True
B-G1.042-C2,23799,3,3068.0,1,9.5,early25,True
B-G1.042-C2,23799,3,3075.0,1,7.0,early25,True
B-G1.042-C2,23799,3,3078.0,1,3.0,early25,True
B-G1.042-C2,23799,3,3096.0,1,18.0,early25,True
B-G1.042-C2,23799,3,3100.0,1,4.0,early25,True
B-G1.042-C2,23799,3,3103.25,1,3.25,early25,True
B-G1.042-C2,23799,3,3106.5,1,3.25,early25,True
B-G1.042-C2,23799,3,3110.75,1,4.25,early25,True
B-G1.042-C2,23799,3,3114.25,1,3.5,early25,True
B-G1.042-C2,23799,3,3121.0,1,6.75,early25,True
B-G1.042-C2,23799,3,3133.5,8,12.5,middle50,True
B-G1.042-C2,23799,3,3150.25,1,16.75,middle50,True
B-G1.042-C2,23799,3,3152.25,1,2.0,middle50,True
B-G1.042-C2,23799,3,3154.75,1,2.5,middle50,True
B-G1.042-C2,23799,3,3161.0,1,6.25,middle50,True
B-G1.042-C2,23799,3,3163.75,1,2.75,middle50,True
B-G1.042-C2,23799,3,3170.25,1,6.5,middle50,True
B-G1.042-C2,23799,3,3177.25,2,7.0,middle50,True
B-G1.042-C2,23799,3,3179.25,1,2.0,middle50,True
B-G1.042-C2,23799,3,3194.5,1,15.25,middle50,True
B-G1.042-C2,23799,3,3201.75,1,7.25,middle50,True
B-G1.042-C2,23799,3,3213.25,2,11.5,middle50,True
B-G1.042-C2,23799,3,3220.25,2,7.0,middle50,True
B-G1.042-C2,23799,3,3255.0,1,34.75,middle50,True
B-G1.042-C2,23799,3,3263.25,2,8.25,middle50,True
B-G1.042-C2,23799,3,3278.5,1,15.25,middle50,True
B-G1.042-C2,23799,3,3307.5,2,29.0,middle50,True
B-G1.042-C2,23799,3,3318.75,2,11.25,middle50,True
B-G1.042-C2,23799,3,3355.75,1,37.0,middle50,True
B-G1.042-C2,23799,3,3360.0,1,4.25,middle50,True
B-G1.042-C2,23799,3,3365.5,2,5.5,middle50,True
B-G1.042-C2,23799,3,3371.0,1,5.5,middle50,True
B-G1.042-C2,23799,3,3376.5,1,5.5,middle50,True
B-G1.042-C2,23799,3,3394.75,5,18.25,middle50,True
B-G1.042-C2,23799,3,3412.75,1,18.0,middle50,True
B-G1.042-C2,23799,3,3419.25,1,6.5,middle50,True
B-G1.042-C2,23799,3,3425.75,1,6.5,middle50,True
B-G1.042-C2,23799,3,3432.5,2,6.75,middle50,True
B-G1.042-C2,23799,3,3466.5,1,34.0,late25,True
B-G1.042-C2,23799,3,3471.75,1,5.25,late25,True
B-G1.042-C2,23799,3,3479.0,1,7.25,late25,True
B-G1.042-C2,23799,3,3484.25,1,5.25,late25,True
B-G1.042-C2,23799,3,3488.5,1,4.25,late25,True
B-G1.042-C2,23799,3,3524.75,1,36.25,late25,True
B-G1.042-C2,23799,3,3536.75,1,12.0,late25,True
B-G1.042-C2,23799,3,3543.5,1,6.75,late25,True
B-G1.042-C2,23799,3,3584.75,1,41.25,late25,True
B-G1.042-C2,23799,3,3590.5,1,5.75,late25,True
B-G1.042-C2,23799,3,3596.0,1,5.5,late25,True
B-G1.042-C2,31718,0,0.25,3,,early25,False
B-G1.042-C2,31718,0,8.5,1,8.25,early25,False
B-G1.042-C2,31718,0,17.25,1,8.75,early25,False
B-G1.042-C2,31718,0,33.75,1,16.5,early25,False
B-G1.042-C2,31718,0,50.75,1,17.0,early25,False
B-G1.042-C2,31718,0,93.75,1,43.0,early25,False
B-G1.042-C2,31718,0,100.75,1,7.0,early25,False
B-G1.042-C2,31718,0,116.0,1,15.25,early25,False
B-G1.042-C2,31718,0,155.25,1,39.25,early25,False
B-G1.042-C2,31718,0,158.25,1,3.0,early25,False
B-G1.042-C2,31718,0,164.75,1,6.5,early25,False
B-G1.042-C2,31718,0,172.0,1,7.25,early25,False
B-G1.042-C2,31718,0,176.0,1,4.0,early25,False
B-G1.042-C2,31718,0,213.75,1,37.75,early25,False
B-G1.042-C2,31718,0,219.5,1,5.75,early25,False
B-G1.042-C2,31718,0,224.0,1,4.5,early25,False
B-G1.042-C2,31718,0,230.75,1,6.75,early25,False
B-G1.042-C2,31718,0,244.25,1,13.5,middle50,False
B-G1.042-C2,31718,0,279.0,1,34.75,middle50,False
B-G1.042-C2,31718,0,291.5,1,12.5,middle50,False
B-G1.042-C2,31718,0,298.5,1,7.0,middle50,False
B-G1.042-C2,31718,0,326.0,1,27.5,middle50,False
B-G1.042-C2,31718,0,329.75,1,3.75,middle50,False
B-G1.042-C2,31718,0,334.0,1,4.25,middle50,False
B-G1.042-C2,31718,0,338.75,1,4.75,middle50,False
B-G1.042-C2,31718,0,341.0,1,2.25,middle50,False
B-G1.042-C2,31718,0,346.75,1,5.75,middle50,False
B-G1.042-C2,31718,0,348.75,1,2.0,middle50,False
B-G1.042-C2,31718,0,361.5,1,12.75,middle50,False
B-G1.042-C2,31718,0,516.5,1,155.0,middle50,False
B-G1.042-C2,31718,0,523.75,1,7.25,middle50,False
B-G1.042-C2,31718,0,540.5,1,16.75,middle50,False
B-G1.042-C2,31718,0,572.5,1,32.0,middle50,False
B-G1.042-C2,31718,0,580.0,1,7.5,middle50,False
B-G1.042-C2,31718,0,583.75,1,3.75,middle50,False
B-G1.042-C2,31718,0,589.0,1,5.25,middle50,False
B-G1.042-C2,31718,0,595.75,1,6.75,middle50,False
B-G1.042-C2,31718,0,748.5,1,152.75,late25,False
B-G1.042-C2,31718,0,754.0,1,5.5,late25,False
B-G1.042-C2,31718,0,763.5,1,9.5,late25,False
B-G1.042-C2,31718,0,771.75,1,8.25,late25,False
B-G1.042-C2,31718,0,804.75,1,33.0,late25,False
B-G1.042-C2,31718,0,812.0,1,7.25,late25,False
B-G1.042-C2,31718,0,816.5,1,4.5,late25,False
B-G1.042-C2,31718,0,823.25,1,6.75,late25,False
B-G1.042-C2,31718,0,828.0,1,4.75,late25,False
B-G1.042-C2,31718,0,834.25,1,6.25,late25,False
B-G1.042-C2,31718,1,958.5,2,124.25,early25,False
B-G1.042-C2,31718,1,974.0,1,15.5,early25,False
B-G1.042-C2,31718,1,978.0,1,4.0,early25,False
B-G1.042-C2,31718,1,980.25,1,2.25,early25,False
B-G1.042-C2,31718,1,982.75,1,2.5,early25,False
B-G1.042-C2,31718,1,987.5,1,4.75,early25,False
B-G1.042-C2,31718,1,994.25,2,6.75,early25,False
B-G1.042-C2,31718,1,1002.0,3,7.75,early25,False
B-G1.042-C2,31718,1,1008.25,2,6.25,early25,False
B-G1.042-C2,31718,1,1030.5,1,22.25,early25,False
B-G1.042-C2,31718,1,1034.5,2,4.0,early25,False
B-G1.042-C2,31718,1,1039.0,11,4.5,early25,False
B-G1.042-C2,31718,1,1044.25,1,5.25,early25,False
B-G1.042-C2,31718,1,1047.75,1,3.5,early25,False
B-G1.042-C2,31718,1,1050.25,1,2.5,early25,False
B-G1.042-C2,31718,1,1055.5,1,5.25,early25,False
B-G1.042-C2,31718,1,1056.25,1,0.75,early25,False
B-G1.042-C2,31718,1,1057.5,1,1.25,early25,False
B-G1.042-C2,31718,1,1083.5,2,26.0,early25,False
B-G1.042-C2,31718,1,1091.5,1,8.0,middle50,False
B-G1.042-C2,31718,1,1096.0,2,4.5,middle50,False
B-G1.042-C2,31718,1,1100.5,1,4.5,middle50,False
B-G1.042-C2,31718,1,1104.5,1,4.0,middle50,False
B-G1.042-C2,31718,1,1110.0,2,5.5,middle50,False
B-G1.042-C2,31718,1,1114.75,1,4.75,middle50,False
B-G1.042-C2,31718,1,1137.0,1,22.25,middle50,False
B-G1.042-C2,31718,1,1140.5,1,3.5,middle50,False
B-G1.042-C2,31718,1,1143.75,19,3.25,middle50,False
B-G1.042-C2,31718,1,1148.0,1,4.25,middle50,False
B-G1.042-C2,31718,1,1156.5,1,8.5,middle50,False
B-G1.042-C2,31718,1,1161.0,1,4.5,middle50,False
B-G1.042-C2,31718,1,1164.0,1,3.0,middle50,False
B-G1.042-C2,31718,1,1302.75,1,138.75,middle50,False
B-G1.042-C2,31718,1,1308.0,1,5.25,middle50,False
B-G1.042-C2,31718,1,1311.25,1,3.25,middle50,False
B-G1.042-C2,31718,1,1314.75,1,3.5,middle50,False
B-G1.042-C2,31718,1,1319.25,1,4.5,middle50,False
B-G1.042-C2,31718,1,1320.25,1,1.0,middle50,False
B-G1.042-C2,31718,1,1330.5,1,10.25,middle50,False
B-G1.042-C2,31718,1,1360.0,1,29.5,middle50,False
B-G1.042-C2,31718,1,1365.0,2,5.0,late25,False
B-G1.042-C2,31718,1,1369.75,1,4.75,late25,False
B-G1.042-C2,31718,1,1373.25,1,3.5,late25,False
B-G1.042-C2,31718,1,1375.75,1,2.5,late25,False
B-G1.042-C2,31718,1,1378.75,1,3.0,late25,False
B-G1.042-C2,31718,1,1384.25,1,5.5,late25,False
B-G1.042-C2,31718,1,1387.25,1,3.0,late25,False
B-G1.042-C2,31718,1,1388.5,1,1.25,late25,False
B-G1.042-C2,31718,1,1400.5,4,12.0,late25,False
B-G1.042-C2,31718,2,1507.75,2,107.25,early25,False
B-G1.042-C2,31718,2,1521.0,2,13.25,early25,False
B-G1.042-C2,31718,2,1523.25,2,2.25,early25,False
B-G1.042-C2,31718,2,1526.75,2,3.5,early25,False
B-G1.042-C2,31718,2,1530.25,2,3.5,early25,False
B-G1.042-C2,31718,2,1543.25,3,13.0,early25,False
B-G1.042-C2,31718,2,1546.5,2,3.25,early25,False
B-G1.042-C2,31718,2,1548.25,1,1.75,early25,False
B-G1.042-C2,31718,2,1574.75,2,26.5,early25,False
B-G1.042-C2,31718,2,1575.75,1,1.0,early25,False
B-G1.042-C2,31718,2,1579.5,2,3.75,early25,False
B-G1.042-C2,31718,2,1585.75,2,6.25,early25,False
B-G1.042-C2,31718,2,1587.75,2,2.0,early25,False
B-G1.042-C2,31718,2,1588.75,1,1.0,early25,False
B-G1.042-C2,31718,2,1591.5,2,2.75,early25,False
B-G1.042-C2,31718,2,1592.75,1,1.25,early25,False
B-G1.042-C2,31718,2,1593.75,1,1.0,early25,False
B-G1.042-C2,31718,2,1600.5,4,6.75,early25,False
B-G1.042-C2,31718,2,1604.75,2,4.25,early25,False
B-G1.042-C2,31718,2,1618.0,7,13.25,early25,False
B-G1.042-C2,31718,2,1630.25,1,12.25,early25,False
B-G1.042-C2,31718,2,1634.75,1,4.5,early25,False
B-G1.042-C2,31718,2,1639.75,2,5.0,early25,False
B-G1.042-C2,31718,2,1644.75,1,5.0,early25,False
B-G1.042-C2,31718,2,1650.0,2,5.25,early25,False
B-G1.042-C2,31718,2,1654.25,2,4.25,early25,False
B-G1.042-C2,31718,2,1657.25,1,3.0,early25,False
B-G1.042-C2,31718,2,1661.0,2,3.75,early25,False
B-G1.042-C2,31718,2,1685.0,18,24.0,early25,False
B-G1.042-C2,31718,2,1690.0,1,5.0,early25,False
B-G1.042-C2,31718,2,1693.5,1,3.5,early25,False
B-G1.042-C2,31718,2,1697.0,1,3.5,early25,False
B-G1.042-C2,31718,2,1700.0,2,3.0,early25,False
B-G1.042-C2,31718,2,1703.75,1,3.75,early25,False
B-G1.042-C2,31718,2,1708.5,2,4.75,early25,False
B-G1.042-C2,31718,2,1713.25,3,4.75,early25,False
B-G1.042-C2,31718,2,1716.75,1,3.5,early25,False
B-G1.042-C2,31718,2,1734.0,2,17.25,early25,False
B-G1.042-C2,31718,2,1738.0,2,4.0,early25,False
B-G1.042-C2,31718,2,1748.5,2,10.5,early25,False
B-G1.042-C2,31718,2,1760.0,2,11.5,early25,False
B-G1.042-C2,31718,2,1790.25,1,30.25,early25,False
B-G1.042-C2,31718,2,1797.75,2,7.5,early25,False
B-G1.042-C2,31718,2,1806.75,1,9.0,middle50,False
B-G1.042-C2,31718,2,1809.5,1,2.75,middle50,False
B-G1.042-C2,31718,2,1812.5,2,3.0,middle50,False
B-G1.042-C2,31718,2,1814.0,1,1.5,middle50,False
B-G1.042-C2,31718,2,1816.75,1,2.75,middle50,False
B-G1.042-C2,31718,2,1848.75,1,32.0,middle50,False
B-G1.042-C2,31718,2,1853.0,1,4.25,middle50,False
B-G1.042-C2,31718,2,1856.25,1,3.25,middle50,False
B-G1.042-C2,31718,2,1861.5,2,5.25,middle50,False
B-G1.042-C2,31718,2,1866.25,2,4.75,middle50,False
B-G1.042-C2,31718,2,1872.5,1,6.25,middle50,False
B-G1.042-C2,31718,2,1876.75,11,4.25,middle50,False
B-G1.042-C2,31718,2,1902.75,1,26.0,middle50,False
B-G1.042-C2,31718,2,1906.25,1,3.5,middle50,False
B-G1.042-C2,31718,2,1908.75,1,2.5,middle50,False
B-G1.042-C2,31718,2,1916.25,2,7.5,middle50,False
B-G1.042-C2,31718,2,1918.25,1,2.0,middle50,False
B-G1.042-C2,31718,2,1922.75,1,4.5,middle50,False
B-G1.042-C2,31718,2,1925.5,1,2.75,middle50,False
B-G1.042-C2,31718,2,1930.5,2,5.0,middle50,False
B-G1.042-C2,31718,2,1933.25,1,2.75,middle50,False
B-G1.042-C2,31718,2,1940.0,1,6.75,middle50,False
B-G1.042-C2,31718,2,2083.5,1,143.5,middle50,False
B-G1.042-C2,31718,2,2085.75,1,2.25,middle50,False
B-G1.042-C2,31718,2,2090.25,1,4.5,middle50,False
B-G1.042-C2,31718,2,2094.0,1,3.75,middle50,False
B-G1.042-C2,31718,2,2097.25,1,3.25,middle50,False
B-G1.042-C2,31718,2,2101.5,1,4.25,middle50,False
B-G1.042-C2,31718,2,2107.5,1,6.0,middle50,False
B-G1.042-C2,31718,2,2113.25,1,5.75,middle50,False
B-G1.042-C2,31718,2,2136.75,1,23.5,middle50,False
B-G1.042-C2,31718,2,2140.25,1,3.5,middle50,False
B-G1.042-C2,31718,2,2143.75,8,3.5,middle50,False
B-G1.042-C2,31718,2,2147.25,1,3.5,middle50,False
B-G1.042-C2,31718,2,2149.0,1,1.75,middle50,False
B-G1.042-C2,31718,2,2154.0,1,5.0,middle50,False
B-G1.042-C2,31718,2,2156.25,1,2.25,middle50,False
B-G1.042-C2,31718,2,2159.75,2,3.5,middle50,False
B-G1.042-C2,31718,2,2163.0,1,3.25,middle50,False
B-G1.042-C2,31718,2,2169.25,1,6.25,middle50,False
B-G1.042-C2,31718,2,2176.25,3,7.0,middle50,False
B-G1.042-C2,31718,2,2297.5,1,121.25,middle50,False
B-G1.042-C2,31718,2,2302.0,3,4.5,middle50,False
B-G1.042-C2,31718,2,2303.0,2,1.0,middle50,False
B-G1.042-C2,31718,2,2305.75,1,2.75,middle50,False
B-G1.042-C2,31718,2,2310.75,1,5.0,middle50,False
B-G1.042-C2,31718,2,2315.75,1,5.0,middle50,False
B-G1.042-C2,31718,2,2320.75,1,5.0,middle50,False
B-G1.042-C2,31718,2,2324.0,1,3.25,middle50,False
B-G1.042-C2,31718,2,2356.75,1,32.75,middle50,False
B-G1.042-C2,31718,2,2360.75,1,4.0,middle50,False
B-G1.042-C2,31718,2,2366.25,1,5.5,middle50,False
B-G1.042-C2,31718,2,2370.25,2,4.0,middle50,False
B-G1.042-C2,31718,2,2376.5,1,6.25,middle50,False
B-G1.042-C2,31718,2,2380.0,1,3.5,middle50,False
B-G1.042-C2,31718,2,2383.5,1,3.5,middle50,False
B-G1.042-C2,31718,2,2527.25,1,143.75,late25,False
B-G1.042-C2,31718,2,2533.5,1,6.25,late25,False
B-G1.042-C2,31718,2,2544.0,1,10.5,late25,False
B-G1.042-C2,31718,2,2549.75,1,5.75,late25,False
B-G1.042-C2,31718,2,2581.5,1,31.75,late25,False
B-G1.042-C2,31718,2,2585.0,1,3.5,late25,False
B-G1.042-C2,31718,2,2588.5,1,3.5,late25,False
B-G1.042-C2,31718,2,2593.0,1,4.5,late25,False
B-G1.042-C2,31718,2,2599.25,2,6.25,late25,False
B-G1.042-C2,31718,2,2602.75,1,3.5,late25,False
B-G1.042-C2,31718,2,2606.0,1,3.25,late25,False
B-G1.042-C2,31718,2,2610.5,1,4.5,late25,False
B-G1.042-C2,31718,2,2618.25,1,7.75,late25,False
B-G1.042-C2,31718,2,2623.75,2,5.5,late25,False
B-G1.042-C2,31718,3,2735.75,1,112.0,early25,True
B-G1.042-C2,31718,3,2738.5,2,2.75,early25,True
B-G1.042-C2,31718,3,2742.25,2,3.75,early25,True
B-G1.042-C2,31718,3,2746.0,1,3.75,early25,True
B-G1.042-C2,31718,3,2748.5,1,2.5,early25,True
B-G1.042-C2,31718,3,2751.0,1,2.5,early25,True
B-G1.042-C2,31718,3,2754.5,2,3.5,early25,True
B-G1.042-C2,31718,3,2762.25,2,7.75,early25,True
B-G1.042-C2,31718,3,2792.25,2,30.0,early25,True
B-G1.042-C2,31718,3,2798.5,1,6.25,early25,True
B-G1.042-C2,31718,3,2801.0,2,2.5,early25,True
B-G1.042-C2,31718,3,2808.25,2,7.25,early25,True
B-G1.042-C2,31718,3,2814.25,1,6.0,early25,True
B-G1.042-C2,31718,3,2820.25,2,6.0,early25,True
B-G1.042-C2,31718,3,2842.75,1,22.5,early25,True
B-G1.042-C2,31718,3,2847.0,1,4.25,early25,True
B-G1.042-C2,31718,3,2852.0,2,5.0,early25,True
B-G1.042-C2,31718,3,2857.0,1,5.0,early25,True
B-G1.042-C2,31718,3,2861.0,1,4.0,early25,True
B-G1.042-C2,31718,3,2865.25,1,4.25,early25,True
B-G1.042-C2,31718,3,2869.0,1,3.75,early25,True
B-G1.042-C2,31718,3,2874.0,12,5.0,early25,True
B-G1.042-C2,31718,3,2901.25,1,27.25,early25,True
B-G1.042-C2,31718,3,2904.0,1,2.75,early25,True
B-G1.042-C2,31718,3,2910.25,1,6.25,early25,True
B-G1.042-C2,31718,3,2912.75,1,2.5,early25,True
B-G1.042-C2,31718,3,2915.25,1,2.5,early25,True
B-G1.042-C2,31718,3,2919.5,1,4.25,early25,True
B-G1.042-C2,31718,3,2925.25,1,5.75,early25,True
B-G1.042-C2,31718,3,2930.75,1,5.5,early25,True
B-G1.042-C2,31718,3,2936.5,3,5.75,early25,True
B-G1.042-C2,31718,3,2948.5,1,12.0,middle50,True
B-G1.042-C2,31718,3,2955.5,1,7.0,middle50,True
B-G1.042-C2,31718,3,2958.5,1,3.0,middle50,True
B-G1.042-C2,31718,3,2961.0,1,2.5,middle50,True
B-G1.042-C2,31718,3,2968.25,1,7.25,middle50,True
B-G1.042-C2,31718,3,2972.25,1,4.0,middle50,True
B-G1.042-C2,31718,3,2976.25,1,4.0,middle50,True
B-G1.042-C2,31718,3,3001.75,1,25.5,middle50,True
B-G1.042-C2,31718,3,3004.75,7,3.0,middle50,True
B-G1.042-C2,31718,3,3009.5,1,4.75,middle50,True
B-G1.042-C2,31718,3,3015.25,2,5.75,middle50,True
B-G1.042-C2,31718,3,3029.5,1,14.25,middle50,True
B-G1.042-C2,31718,3,3050.5,1,21.0,middle50,True
B-G1.042-C2,31718,3,3056.25,1,5.75,middle50,True
B-G1.042-C2,31718,3,3061.5,1,5.25,middle50,True
B-G1.042-C2,31718,3,3063.0,1,1.5,middle50,True
B-G1.042-C2,31718,3,3069.0,1,6.0,middle50,True
B-G1.042-C2,31718,3,3111.5,1,42.5,middle50,True
B-G1.042-C2,31718,3,3115.5,1,4.0,middle50,True
B-G1.042-C2,31718,3,3120.75,1,5.25,middle50,True
B-G1.042-C2,31718,3,3126.0,1,5.25,middle50,True
B-G1.042-C2,31718,3,3136.0,1,10.0,middle50,True
B-G1.042-C2,31718,3,3155.25,1,19.25,middle50,True
B-G1.042-C2,31718,3,3162.5,1,7.25,middle50,True
B-G1.042-C2,31718,3,3166.5,1,4.0,middle50,True
B-G1.042-C2,31718,3,3169.75,1,3.25,middle50,True
B-G1.042-C2,31718,3,3176.0,1,6.25,middle50,True
B-G1.042-C2,31718,3,3180.0,6,4.0,middle50,True
B-G1.042-C2,31718,3,3212.5,1,32.5,middle50,True
B-G1.042-C2,31718,3,3216.75,1,4.25,middle50,True
B-G1.042-C2,31718,3,3220.75,1,4.0,middle50,True
B-G1.042-C2,31718,3,3224.25,1,3.5,middle50,True
B-G1.042-C2,31718,3,3228.25,1,4.0,middle50,True
B-G1.042-C2,31718,3,3236.25,1,8.0,middle50,True
B-G1.042-C2,31718,3,3238.25,1,2.0,middle50,True
B-G1.042-C2,31718,3,3247.75,1,9.5,middle50,True
B-G1.042-C2,31718,3,3273.5,1,25.75,middle50,True
B-G1.042-C2,31718,3,3282.75,1,9.25,middle50,True
B-G1.042-C2,31718,3,3290.0,1,7.25,middle50,True
B-G1.042-C2,31718,3,3293.5,1,3.5,middle50,True
B-G1.042-C2,31718,3,3319.25,1,25.75,middle50,True
B-G1.042-C2,31718,3,3325.0,5,5.75,middle50,True
B-G1.042-C2,31718,3,3328.25,1,3.25,middle50,True
B-G1.042-C2,31718,3,3333.25,1,5.0,middle50,True
B-G1.042-C2,31718,3,3338.25,1,5.0,middle50,True
B-G1.042-C2,31718,3,3365.75,1,27.5,middle50,True
B-G1.042-C2,31718,3,3368.25,1,2.5,middle50,True
B-G1.042-C2,31718,3,3379.0,1,10.75,middle50,True
B-G1.042-C2,31718,3,3381.0,1,2.0,late25,True
B-G1.042-C2,31718,3,3392.75,1,11.75,late25,True
B-G1.042-C2,31718,3,3425.25,1,32.5,late25,True
B-G1.042-C2,31718,3,3433.0,1,7.75,late25,True
B-G1.042-C2,31718,3,3438.0,1,5.0,late25,True
B-G1.042-C2,31718,3,3444.75,1,6.75,late25,True
B-G1.042-C2,31718,3,3457.25,1,12.5,late25,True
B-G1.042-C2,31718,3,3478.25,1,21.0,late25,True
B-G1.042-C2,31718,3,3484.75,1,6.5,late25,True
B-G1.042-C2,31718,3,3529.5,1,44.75,late25,True
B-G1.042-C2,31718,3,3533.5,1,4.0,late25,True
B-G1.042-C2,31718,3,3542.25,1,8.75,late25,True
B-G1.042-C2,31718,3,3547.25,1,5.0,late25,True
B-G1.042-C2,31718,3,3552.0,1,4.75,late25,True
B-G1.042-C2,31718,3,3566.75,3,14.75,late25,True
B-G1.042-C2,31718,3,3590.75,1,24.0,late25,True
B-G1.042-C2,31718,3,3595.5,1,4.75,late25,True
B-G1.042-C2,39637,0,0.25,3,,early25,False
B-G1.042-C2,39637,0,9.5,1,9.25,early25,False
B-G1.042-C2,39637,0,18.0,1,8.5,early25,False
B-G1.042-C2,39637,0,29.0,1,11.0,early25,False
B-G1.042-C2,39637,0,33.75,1,4.75,early25,False
B-G1.042-C2,39637,0,50.4999999999,1,16.749999999899998,early25,False
B-G1.042-C2,39637,0,92.4999999999,1,42.0,early25,False
B-G1.042-C2,39637,0,102.4999999999,1,10.0,early25,False
B-G1.042-C2,39637,0,112.4999999999,1,10.0,early25,False
B-G1.042-C2,39637,0,158.9999999999,1,46.500000000000014,early25,False
B-G1.042-C2,39637,0,169.2499999999,1,10.25,early25,False
B-G1.042-C2,39637,0,176.2499999999,1,7.0,early25,False
B-G1.042-C2,39637,0,216.9999999999,1,40.75,early25,False
B-G1.042-C2,39637,0,220.4999999999,1,3.5,early25,False
B-G1.042-C2,39637,0,225.4999999999,1,5.0,early25,False
B-G1.042-C2,39637,0,230.4999999999,1,5.0,early25,False
B-G1.042-C2,39637,0,234.7499999999,1,4.25,middle50,False
B-G1.042-C2,39637,0,270.4999999999,1,35.75,middle50,False
B-G1.042-C2,39637,0,275.7499999999,1,5.25,middle50,False
B-G1.042-C2,39637,0,282.7499999999,1,7.0,middle50,False
B-G1.042-C2,39637,0,292.9999999999,1,10.25,middle50,False
B-G1.042-C2,39637,0,331.2499999999,1,38.25,middle50,False
B-G1.042-C2,39637,0,342.2499999999,1,11.0,middle50,False
B-G1.042-C2,39637,0,344.9999999999,1,2.75,middle50,False
B-G1.042-C2,39637,0,357.9999999999,1,13.0,middle50,False
B-G1.042-C2,39637,0,512.7499999999,1,154.74999999999994,middle50,False
B-G1.042-C2,39637,0,518.9999999999,1,6.25,middle50,False
B-G1.042-C2,39637,0,526.9999999999,1,8.0,middle50,False
B-G1.042-C2,39637,0,529.4999999999,1,2.5,middle50,False
B-G1.042-C2,39637,0,565.7499999999,1,36.25,middle50,False
B-G1.042-C2,39637,0,572.7499999999,1,7.0,middle50,False
B-G1.042-C2,39637,0,574.7499999999,1,2.0,middle50,False
B-G1.042-C2,39637,0,583.9999999999,1,9.25,middle50,False
B-G1.042-C2,39637,0,585.9999999999,1,2.0,middle50,False
B-G1.042-C2,39637,0,592.2499999999,1,6.25,middle50,False
B-G1.042-C2,39637,0,740.4999999999,1,148.25,late25,False
B-G1.042-C2,39637,0,746.4999999999,1,6.0,late25,False
B-G1.042-C2,39637,0,753.2499999999,1,6.75,late25,False
B-G1.042-C2,39637,0,758.2499999999,1,5.0,late25,False
B-G1.042-C2,39637,0,765.2499999999,1,7.0,late25,False
B-G1.042-C2,39637,0,797.7499999999,1,32.5,late25,False
B-G1.042-C2,39637,0,800.2499999999,1,2.5,late25,False
B-G1.042-C2,39637,0,805.2499999999,1,5.0,late25,False
B-G1.042-C2,39637,0,809.4999999999,1,4.25,late25,False
B-G1.042-C2,39637,0,814.4999999999,1,5.0,late25,False
B-G1.042-C2,39637,0,818.4999999999,1,4.0,late25,False
B-G1.042-C2,39637,0,821.2499999999,1,2.75,late25,False
B-G1.042-C2,39637,1,964.4999999999,1,143.25,early25,False
B-G1.042-C2,39637,1,966.9999999999,1,2.5,early25,False
B-G1.042-C2,39637,1,969.9999999999,1,3.0,early25,False
B-G1.042-C2,39637,1,972.7499999999,2,2.75,early25,False
B-G1.042-C2,39637,1,977.9999999999,1,5.25,early25,False
B-G1.042-C2,39637,1,983.9999999999,2,6.0,early25,False
B-G1.042-C2,39637,1,989.4999999999,1,5.5,early25,False
B-G1.042-C2,39637,1,996.2499999999,3,6.75,early25,False
B-G1.042-C2,39637,1,1021.7499999999,1,25.5,early25,False
B-G1.042-C2,39637,1,1025.4999999999,1,3.75,early25,False
B-G1.042-C2,39637,1,1030.4999999999,2,5.0,early25,False
B-G1.042-C2,39637,1,1034.9999999999,23,4.5,early25,False
B-G1.042-C2,39637,1,1045.7499999999,1,10.75,early25,False
B-G1.042-C2,39637,1,1046.9999999999,1,1.25,early25,False
B-G1.042-C2,39637,1,1047.7499999999,1,0.75,early25,False
B-G1.042-C2,39637,1,1068.9999999999,1,21.25,early25,False
B-G1.042-C2,39637,1,1071.7499999999,1,2.75,early25,False
B-G1.042-C2,39637,1,1073.4999999999,1,1.75,early25,False
B-G1.042-C2,39637,1,1080.2499999999,2,6.75,middle50,False
B-G1.042-C2,39637,1,1084.2499999999,1,4.0,middle50,False
B-G1.042-C2,39637,1,1087.9999999999,1,3.75,middle50,False
B-G1.042-C2,39637,1,1092.2499999999,2,4.25,middle50,False
B-G1.042-C2,39637,1,1097.2499999999,1,5.0,middle50,False
B-G1.042-C2,39637,1,1124.9999999999,1,27.75,middle50,False
B-G1.042-C2,39637,1,1128.2499999999,1,3.25,middle50,False
B-G1.042-C2,39637,1,1130.7499999999,1,2.5,middle50,False
B-G1.042-C2,39637,1,1133.7499999999,1,3.0,middle50,False
B-G1.042-C2,39637,1,1137.7499999999,1,4.0,middle50,False
B-G1.042-C2,39637,1,1140.9999999999,1,3.25,middle50,False
B-G1.042-C2,39637,1,1144.2499999999,2,3.25,middle50,False
B-G1.042-C2,39637,1,1147.7499999999,1,3.5,middle50,False
B-G1.042-C2,39637,1,1153.2499999999,1,5.5,middle50,False
B-G1.042-C2,39637,1,1161.2499999999,1,8.0,middle50,False
B-G1.042-C2,39637,1,1309.7499999999,2,148.5,middle50,False
B-G1.042-C2,39637,1,1314.4999999999,1,4.75,middle50,False
B-G1.042-C2,39637,1,1317.4999999999,1,3.0,middle50,False
B-G1.042-C2,39637,1,1321.2499999999,1,3.75,middle50,False
B-G1.042-C2,39637,1,1327.2499999999,1,6.0,middle50,False
B-G1.042-C2,39637,1,1333.2499999999,2,6.0,middle50,False
B-G1.042-C2,39637,1,1369.2499999999,1,36.0,late25,False
B-G1.042-C2,39637,1,1372.2499999999,1,3.0,late25,False
B-G1.042-C2,39637,1,1380.2499999999,2,8.0,late25,False
B-G1.042-C2,39637,1,1384.7499999999,1,4.5,late25,False
B-G1.042-C2,39637,1,1387.4999999999,1,2.75,late25,False
B-G1.042-C2,39637,1,1390.4999999999,1,3.0,late25,False
B-G1.042-C2,39637,1,1403.2499999999,4,12.75,late25,False
B-G1.042-C2,39637,2,1523.2499999999,1,120.0,early25,False
B-G1.042-C2,39637,2,1526.4999999999,1,3.25,early25,False
B-G1.042-C2,39637,2,1529.4999999999,3,3.0,early25,False
B-G1.042-C2,39637,2,1532.4999999999,2,3.0,early25,False
B-G1.042-C2,39637,2,1533.7499999999,1,1.25,early25,False
B-G1.042-C2,39637,2,1535.2499999999,1,1.5,early25,False
B-G1.042-C2,39637,2,1536.4999999999,1,1.25,early25,False
B-G1.042-C2,39637,2,1546.7499999999,4,10.25,early25,False
B-G1.042-C2,39637,2,1590.2499999999,4,43.5,early25,False
B-G1.042-C2,39637,2,1607.9999999999,5,17.75,early25,False
B-G1.042-C2,39637,2,1638.2499999999,2,30.25,early25,False
B-G1.042-C2,39637,2,1643.9999999999,2,5.75,early25,False
B-G1.042-C2,39637,2,1648.4999999999,2,4.5,early25,False
B-G1.042-C2,39637,2,1655.4999999999,3,7.0,early25,False
B-G1.042-C2,39637,2,1661.9999999999,3,6.5,early25,False
B-G1.042-C2,39637,2,1687.2499999999,1,25.25,early25,False
B-G1.042-C2,39637,2,1691.2499999999,2,4.0,early25,False
B-G1.042-C2,39637,2,1695.7499999999,20,4.5,early25,False
B-G1.042-C2,39637,2,1714.9999999999,2,19.25,early25,False
B-G1.042-C2,39637,2,1726.7499999999,7,11.75,early25,False
B-G1.042-C2,39637,2,1739.2499999999,1,12.5,early25,False
B-G1.042-C2,39637,2,1744.2499999999,2,5.0,early25,False
B-G1.042-C2,39637,2,1763.7499999999,2,19.5,early25,False
B-G1.042-C2,39637,2,1800.5,2,36.750000000100044,early25,False
B-G1.042-C2,39637,2,1802.0,1,1.5,early25,False
B-G1.042-C2,39637,2,1807.0,3,5.0,middle50,False
B-G1.042-C2,39637,2,1811.5,2,4.5,middle50,False
B-G1.042-C2,39637,2,1816.25,2,4.75,middle50,False
B-G1.042-C2,39637,2,1823.75,3,7.5,middle50,False
B-G1.042-C2,39637,2,1833.0,5,9.25,middle50,False
B-G1.042-C2,39637,2,1848.75,2,15.75,middle50,False
B-G1.042-C2,39637,2,1853.5,1,4.75,middle50,False
B-G1.042-C2,39637,2,1858.25,2,4.75,middle50,False
B-G1.042-C2,39637,2,1861.75,1,3.5,middle50,False
B-G1.042-C2,39637,2,1867.0,2,5.25,middle50,False
B-G1.042-C2,39637,2,1872.25,2,5.25,middle50,False
B-G1.042-C2,39637,2,1876.25,1,4.0,middle50,False
B-G1.042-C2,39637,2,1900.0,16,23.75,middle50,False
B-G1.042-C2,39637,2,1904.5,1,4.5,middle50,False
B-G1.042-C2,39637,2,1906.5,1,2.0,middle50,False
B-G1.042-C2,39637,2,1907.75,1,1.25,middle50,False
B-G1.042-C2,39637,2,1910.5,1,2.75,middle50,False
B-G1.042-C2,39637,2,1915.0,1,4.5,middle50,False
B-G1.042-C2,39637,2,1916.75,1,1.75,middle50,False
B-G1.042-C2,39637,2,1917.75,1,1.0,middle50,False
B-G1.042-C2,39637,2,1924.25,1,6.5,middle50,False
B-G1.042-C2,39637,2,1925.25,1,1.0,middle50,False
B-G1.042-C2,39637,2,1929.75,1,4.5,middle50,False
B-G1.042-C2,39637,2,1938.75,4,9.0,middle50,False
B-G1.042-C2,39637,2,2076.75,1,138.0,middle50,False
B-G1.042-C2,39637,2,2080.75,1,4.0,middle50,False
B-G1.042-C2,39637,2,2084.75,1,4.0,middle50,False
B-G1.042-C2,39637,2,2088.0,1,3.25,middle50,False
B-G1.042-C2,39637,2,2093.0,2,5.0,middle50,False
B-G1.042-C2,39637,2,2098.0,2,5.0,middle50,False
B-G1.042-C2,39637,2,2101.25,1,3.25,middle50,False
B-G1.042-C2,39637,2,2103.75,1,2.5,middle50,False
B-G1.042-C2,39637,2,2107.5,1,3.75,middle50,False
B-G1.042-C2,39637,2,2132.5,1,25.0,middle50,False
B-G1.042-C2,39637,2,2135.25,1,2.75,middle50,False
B-G1.042-C2,39637,2,2138.75,1,3.5,middle50,False
B-G1.042-C2,39637,2,2141.25,1,2.5,middle50,False
B-G1.042-C2,39637,2,2144.25,12,3.0,middle50,False
B-G1.042-C2,39637,2,2148.25,1,4.0,middle50,False
B-G1.042-C2,39637,2,2157.25,1,9.0,middle50,False
B-G1.042-C2,39637,2,2162.25,1,5.0,middle50,False
B-G1.042-C2,39637,2,2298.75,1,136.5,middle50,False
B-G1.042-C2,39637,2,2300.75,1,2.0,middle50,False
B-G1.042-C2,39637,2,2303.75,1,3.0,middle50,False
B-G1.042-C2,39637,2,2311.25,2,7.5,middle50,False
B-G1.042-C2,39637,2,2315.25,1,4.0,middle50,False
B-G1.042-C2,39637,2,2320.25,1,5.0,middle50,False
B-G1.042-C2,39637,2,2325.0,2,4.75,middle50,False
B-G1.042-C2,39637,2,2355.75,1,30.75,middle50,False
B-G1.042-C2,39637,2,2357.5,1,1.75,middle50,False
B-G1.042-C2,39637,2,2361.25,1,3.75,middle50,False
B-G1.042-C2,39637,2,2364.25,1,3.0,middle50,False
B-G1.042-C2,39637,2,2368.0,1,3.75,middle50,False
B-G1.042-C2,39637,2,2371.75,1,3.75,middle50,False
B-G1.042-C2,39637,2,2374.0,1,2.25,middle50,False
B-G1.042-C2,39637,2,2377.0,1,3.0,middle50,False
B-G1.042-C2,39637,2,2388.5,1,11.5,middle50,False
B-G1.042-C2,39637,2,2522.5,1,134.0,late25,False
B-G1.042-C2,39637,2,2528.25,1,5.75,late25,False
B-G1.042-C2,39637,2,2532.75,1,4.5,late25,False
B-G1.042-C2,39637,2,2536.0,1,3.25,late25,False
B-G1.042-C2,39637,2,2542.25,1,6.25,late25,False
B-G1.042-C2,39637,2,2546.5,1,4.25,late25,False
B-G1.042-C2,39637,2,2550.0,1,3.5,late25,False
B-G1.042-C2,39637,2,2554.25,1,4.25,late25,False
B-G1.042-C2,39637,2,2580.25,8,26.0,late25,False
B-G1.042-C2,39637,2,2584.25,1,4.0,late25,False
B-G1.042-C2,39637,2,2586.0,1,1.75,late25,False
B-G1.042-C2,39637,2,2590.25,1,4.25,late25,False
B-G1.042-C2,39637,2,2591.75,1,1.5,late25,False
B-G1.042-C2,39637,2,2596.75,1,5.0,late25,False
B-G1.042-C2,39637,2,2600.25,1,3.5,late25,False
B-G1.042-C2,39637,2,2606.5,2,6.25,late25,False
B-G1.042-C2,39637,2,2610.25,1,3.75,late25,False
B-G1.042-C2,39637,2,2616.75,2,6.5,late25,False
B-G1.042-C2,39637,3,2721.75,1,105.0,early25,True
B-G1.042-C2,39637,3,2730.5,1,8.75,early25,True
B-G1.042-C2,39637,3,2732.25,1,1.75,early25,True
B-G1.042-C2,39637,3,2736.5,1,4.25,early25,True
B-G1.042-C2,39637,3,2741.25,2,4.75,early25,True
B-G1.042-C2,39637,3,2743.75,1,2.5,early25,True
B-G1.042-C2,39637,3,2747.0,2,3.25,early25,True
B-G1.042-C2,39637,3,2750.5,1,3.5,early25,True
B-G1.042-C2,39637,3,2754.25,1,3.75,early25,True
B-G1.042-C2,39637,3,2758.25,2,4.0,early25,True
B-G1.042-C2,39637,3,2761.0,1,2.75,early25,True
B-G1.042-C2,39637,3,2787.25,6,26.25,early25,True
B-G1.042-C2,39637,3,2794.5,1,7.25,early25,True
B-G1.042-C2,39637,3,2796.25,1,1.75,early25,True
B-G1.042-C2,39637,3,2798.0,1,1.75,early25,True
B-G1.042-C2,39637,3,2799.25,1,1.25,early25,True
B-G1.042-C2,39637,3,2800.75,1,1.5,early25,True
B-G1.042-C2,39637,3,2802.75,1,2.0,early25,True
B-G1.042-C2,39637,3,2804.75,1,2.0,early25,True
B-G1.042-C2,39637,3,2807.0,1,2.25,early25,True
B-G1.042-C2,39637,3,2813.0,2,6.0,early25,True
B-G1.042-C2,39637,3,2819.0,2,6.0,early25,True
B-G1.042-C2,39637,3,2828.5,7,9.5,early25,True
B-G1.042-C2,39637,3,2838.25,1,9.75,early25,True
B-G1.042-C2,39637,3,2841.0,1,2.75,early25,True
B-G1.042-C2,39637,3,2848.25,1,7.25,early25,True
B-G1.042-C2,39637,3,2852.5,2,4.25,early25,True
B-G1.042-C2,39637,3,2856.75,1,4.25,early25,True
B-G1.042-C2,39637,3,2863.5,9,6.75,early25,True
B-G1.042-C2,39637,3,2902.0,1,38.5,early25,True
B-G1.042-C2,39637,3,2909.25,2,7.25,early25,True
B-G1.042-C2,39637,3,2914.75,1,5.5,early25,True
B-G1.042-C2,39637,3,2917.5,1,2.75,early25,True
B-G1.042-C2,39637,3,2919.75,1,2.25,early25,True
B-G1.042-C2,39637,3,2921.75,1,2.0,early25,True
B-G1.042-C2,39637,3,2944.75,1,23.0,middle50,True
B-G1.042-C2,39637,3,2949.0,1,4.25,middle50,True
B-G1.042-C2,39637,3,2953.5,1,4.5,middle50,True
B-G1.042-C2,39637,3,2957.75,1,4.25,middle50,True
B-G1.042-C2,39637,3,2965.5,1,7.75,middle50,True
B-G1.042-C2,39637,3,2969.5,1,4.0,middle50,True
B-G1.042-C2,39637,3,2996.75,1,27.25,middle50,True
B-G1.042-C2,39637,3,3005.75,1,9.0,middle50,True
B-G1.042-C2,39637,3,3013.0,1,7.25,middle50,True
B-G1.042-C2,39637,3,3018.5,1,5.5,middle50,True
B-G1.042-C2,39637,3,3020.75,1,2.25,middle50,True
B-G1.042-C2,39637,3,3023.0,1,2.25,middle50,True
B-G1.042-C2,39637,3,3032.75,1,9.75,middle50,True
B-G1.042-C2,39637,3,3048.5,1,15.75,middle50,True
B-G1.042-C2,39637,3,3053.75,1,5.25,middle50,True
B-G1.042-C2,39637,3,3063.25,1,9.5,middle50,True
B-G1.042-C2,39637,3,3075.0,2,11.75,middle50,True
B-G1.042-C2,39637,3,3105.0,1,30.0,middle50,True
B-G1.042-C2,39637,3,3111.0,1,6.0,middle50,True
B-G1.042-C2,39637,3,3117.75,1,6.75,middle50,True
B-G1.042-C2,39637,3,3123.5,1,5.75,middle50,True
B-G1.042-C2,39637,3,3138.5,1,15.0,middle50,True
B-G1.042-C2,39637,3,3146.0,4,7.5,middle50,True
B-G1.042-C2,39637,3,3157.75,1,11.75,middle50,True
B-G1.042-C2,39637,3,3162.0,1,4.25,middle50,True
B-G1.042-C2,39637,3,3166.0,1,4.0,middle50,True
B-G1.042-C2,39637,3,3178.0,1,12.0,middle50,True
B-G1.042-C2,39637,3,3184.0,1,6.0,middle50,True
B-G1.042-C2,39637,3,3212.75,1,28.75,middle50,True
B-G1.042-C2,39637,3,3224.75,1,12.0,middle50,True
B-G1.042-C2,39637,3,3230.0,1,5.25,middle50,True
B-G1.042-C2,39637,3,3233.0,1,3.0,middle50,True
B-G1.042-C2,39637,3,3238.0,1,5.0,middle50,True
B-G1.042-C2,39637,3,3262.5,1,24.5,middle50,True
B-G1.042-C2,39637,3,3271.5,1,9.0,middle50,True
B-G1.042-C2,39637,3,3274.0,1,2.5,middle50,True
B-G1.042-C2,39637,3,3325.25,1,51.25,middle50,True
B-G1.042-C2,39637,3,3330.75,1,5.5,middle50,True
B-G1.042-C2,39637,3,3336.0,1,5.25,middle50,True
B-G1.042-C2,39637,3,3342.75,1,6.75,middle50,True
B-G1.042-C2,39637,3,3377.5,1,34.75,middle50,True
B-G1.042-C2,39637,3,3388.75,1,11.25,late25,True
B-G1.042-C2,39637,3,3395.5,1,6.75,late25,True
B-G1.042-C2,39637,3,3402.5,1,7.0,late25,True
B-G1.042-C2,39637,3,3431.0,1,28.5,late25,True
B-G1.042-C2,39637,3,3435.0,1,4.0,late25,True
B-G1.042-C2,39637,3,3444.0,1,9.0,late25,True
B-G1.042-C2,39637,3,3459.0,1,15.0,late25,True
B-G1.042-C2,39637,3,3466.5,1,7.5,late25,True
B-G1.042-C2,39637,3,3473.75,3,7.25,late25,True
B-G1.042-C2,39637,3,3484.0,1,10.25,late25,True
B-G1.042-C2,39637,3,3495.25,1,11.25,late25,True
B-G1.042-C2,39637,3,3500.75,1,5.5,late25,True
B-G1.042-C2,39637,3,3541.5,1,40.75,late25,True
B-G1.042-C2,39637,3,3547.0,1,5.5,late25,True
B-G1.042-C2,39637,3,3564.0,1,17.0,late25,True
B-G1.042-C2,39637,3,3583.0,1,19.0,late25,True
B-G1.042-C2,39637,3,3588.75,1,5.75,late25,True
B-G1.042-C2,47556,0,0.25,3,,early25,False
B-G1.042-C2,47556,0,9.5,1,9.25,early25,False
B-G1.042-C2,47556,0,24.0,1,14.5,early25,False
B-G1.042-C2,47556,0,33.0,1,9.0,early25,False
B-G1.042-C2,47556,0,38.5,1,5.5,early25,False
B-G1.042-C2,47556,0,45.0,1,6.5,early25,False
B-G1.042-C2,47556,0,87.25,1,42.25,early25,False
B-G1.042-C2,47556,0,92.5,1,5.25,early25,False
B-G1.042-C2,47556,0,98.25,1,5.75,early25,False
B-G1.042-C2,47556,0,102.5,1,4.25,early25,False
B-G1.042-C2,47556,0,106.25,1,3.75,early25,False
B-G1.042-C2,47556,0,112.5,1,6.25,early25,False
B-G1.042-C2,47556,0,153.0,1,40.5,early25,False
B-G1.042-C2,47556,0,164.0,1,11.0,early25,False
B-G1.042-C2,47556,0,174.25,1,10.25,early25,False
B-G1.042-C2,47556,0,206.75,1,32.5,early25,False
B-G1.042-C2,47556,0,218.0,1,11.25,early25,False
B-G1.042-C2,47556,0,220.5,1,2.5,early25,False
B-G1.042-C2,47556,0,223.0,1,2.5,early25,False
B-G1.042-C2,47556,0,228.0,1,5.0,early25,False
B-G1.042-C2,47556,0,230.75,1,2.75,early25,False
B-G1.042-C2,47556,0,399.5,1,168.75,middle50,False
B-G1.042-C2,47556,0,411.25,1,11.75,middle50,False
B-G1.042-C2,47556,0,417.0,1,5.75,middle50,False
B-G1.042-C2,47556,0,424.5,1,7.5,middle50,False
B-G1.042-C2,47556,0,452.75,2,28.25,middle50,False
B-G1.042-C2,47556,0,459.75,1,7.0,middle50,False
B-G1.042-C2,47556,0,468.75,1,9.0,middle50,False
B-G1.042-C2,47556,0,475.5,13,6.75,middle50,False
B-G1.042-C2,47556,0,676.0,1,200.5,middle50,False
B-G1.042-C2,47556,0,679.25,1,3.25,middle50,False
B-G1.042-C2,47556,0,685.75,1,6.5,middle50,False
B-G1.042-C2,47556,0,689.25,1,3.5,middle50,False
B-G1.042-C2,47556,0,692.5,1,3.25,middle50,False
B-G1.042-C2,47556,0,699.0,1,6.5,middle50,False
B-G1.042-C2,47556,0,703.75,1,4.75,middle50,False
B-G1.042-C2,47556,0,850.0,1,146.25,late25,False
B-G1.042-C2,47556,0,855.25,1,5.25,late25,False
B-G1.042-C2,47556,0,860.5,1,5.25,late25,False
B-G1.042-C2,47556,0,870.75,1,10.25,late25,False
B-G1.042-C2,47556,0,878.25,2,7.5,late25,False
B-G1.042-C2,47556,0,906.0,1,27.75,late25,False
B-G1.042-C2,47556,0,913.25,1,7.25,late25,False
B-G1.042-C2,47556,0,918.0,10,4.75,late25,False
B-G1.042-C2,47556,0,921.5,1,3.5,late25,False
B-G1.042-C2,47556,0,927.5,1,6.0,late25,False
B-G1.042-C2,47556,0,934.0,1,6.5,late25,False
B-G1.042-C2,47556,0,935.5,1,1.5,late25,False
B-G1.042-C2,47556,0,1045.25,1,109.75,late25,False
B-G1.042-C2,47556,1,1067.75,2,22.5,early25,False
B-G1.042-C2,47556,1,1071.25,1,3.5,early25,False
B-G1.042-C2,47556,1,1072.5,1,1.25,early25,False
B-G1.042-C2,47556,1,1074.0,1,1.5,early25,False
B-G1.042-C2,47556,1,1077.0,1,3.0,early25,False
B-G1.042-C2,47556,1,1078.0,1,1.0,early25,False
B-G1.042-C2,47556,1,1082.75,1,4.75,early25,False
B-G1.042-C2,47556,1,1087.5,2,4.75,early25,False
B-G1.042-C2,47556,1,1122.5,1,35.0,early25,False
B-G1.042-C2,47556,1,1125.0,1,2.5,early25,False
B-G1.042-C2,47556,1,1128.25,1,3.25,early25,False
B-G1.042-C2,47556,1,1132.75,2,4.5,early25,False
B-G1.042-C2,47556,1,1137.0,2,4.25,early25,False
B-G1.042-C2,47556,1,1140.0,1,3.0,early25,False
B-G1.042-C2,47556,1,1160.25,1,20.25,early25,False
B-G1.042-C2,47556,1,1179.0,2,18.75,early25,False
B-G1.042-C2,47556,1,1184.5,1,5.5,early25,False
B-G1.042-C2,47556,1,1189.75,2,5.25,middle50,False
B-G1.042-C2,47556,1,1194.5,1,4.75,middle50,False
B-G1.042-C2,47556,1,1197.5,1,3.0,middle50,False
B-G1.042-C2,47556,1,1203.0,1,5.5,middle50,False
B-G1.042-C2,47556,1,1205.75,1,2.75,middle50,False
B-G1.042-C2,47556,1,1234.25,1,28.5,middle50,False
B-G1.042-C2,47556,1,1236.5,1,2.25,middle50,False
B-G1.042-C2,47556,1,1239.5,1,3.0,middle50,False
B-G1.042-C2,47556,1,1241.5,1,2.0,middle50,False
B-G1.042-C2,47556,1,1243.5,1,2.0,middle50,False
B-G1.042-C2,47556,1,1250.5,1,7.0,middle50,False
B-G1.042-C2,47556,1,1255.25,2,4.75,middle50,False
B-G1.042-C2,47556,1,1269.25,1,14.0,middle50,False
B-G1.042-C2,47556,1,1413.5,1,144.25,middle50,False
B-G1.042-C2,47556,1,1416.0,1,2.5,middle50,False
B-G1.042-C2,47556,1,1418.5,1,2.5,middle50,False
B-G1.042-C2,47556,1,1421.25,1,2.75,middle50,False
B-G1.042-C2,47556,1,1423.75,1,2.5,middle50,False
B-G1.042-C2,47556,1,1429.75,1,6.0,middle50,False
B-G1.042-C2,47556,1,1432.75,1,3.0,middle50,False
B-G1.042-C2,47556,1,1436.5,1,3.75,middle50,False
B-G1.042-C2,47556,1,1439.5,1,3.0,middle50,False
B-G1.042-C2,47556,1,1468.0,1,28.5,middle50,False
B-G1.042-C2,47556,1,1470.5,1,2.5,late25,False
B-G1.042-C2,47556,1,1473.75,1,3.25,late25,False
B-G1.042-C2,47556,1,1476.25,1,2.5,late25,False
B-G1.042-C2,47556,1,1480.25,1,4.0,late25,False
B-G1.042-C2,47556,1,1487.0,1,6.75,late25,False
B-G1.042-C2,47556,1,1491.25,1,4.25,late25,False
B-G1.042-C2,47556,1,1493.75,1,2.5,late25,False
B-G1.042-C2,47556,1,1497.0,1,3.25,late25,False
B-G1.042-C2,47556,1,1499.0,1,2.0,late25,False
B-G1.042-C2,47556,2,1628.5,1,129.5,early25,False
B-G1.042-C2,47556,2,1630.25,1,1.75,early25,False
B-G1.042-C2,47556,2,1632.0,2,1.75,early25,False
B-G1.042-C2,47556,2,1633.75,1,1.75,early25,False
B-G1.042-C2,47556,2,1636.75,1,3.0,early25,False
B-G1.042-C2,47556,2,1641.0,2,4.25,early25,False
B-G1.042-C2,47556,2,1644.25,2,3.25,early25,False
B-G1.042-C2,47556,2,1649.25,2,5.0,early25,False
B-G1.042-C2,47556,2,1655.0,2,5.75,early25,False
B-G1.042-C2,47556,2,1659.25,2,4.25,early25,False
B-G1.042-C2,47556,2,1687.0,3,27.75,early25,False
B-G1.042-C2,47556,2,1692.0,3,5.0,early25,False
B-G1.042-C2,47556,2,1697.25,3,5.25,early25,False
B-G1.042-C2,47556,2,1701.0,2,3.75,early25,False
B-G1.042-C2,47556,2,1705.5,28,4.5,early25,False
B-G1.042-C2,47556,2,1710.75,1,5.25,early25,False
B-G1.042-C2,47556,2,1712.25,1,1.5,early25,False
B-G1.042-C2,47556,2,1714.5,1,2.25,early25,False
B-G1.042-C2,47556,2,1722.5,1,8.0,early25,False
B-G1.042-C2,47556,2,1738.75,1,16.25,early25,False
B-G1.042-C2,47556,2,1742.5,1,3.75,early25,False
B-G1.042-C2,47556,2,1746.75,1,4.25,early25,False
B-G1.042-C2,47556,2,1748.25,1,1.5,early25,False
B-G1.042-C2,47556,2,1757.5,1,9.25,early25,False
B-G1.042-C2,47556,2,1758.75,1,1.25,early25,False
B-G1.042-C2,47556,2,1766.25,3,7.5,early25,False
B-G1.042-C2,47556,2,1791.5,1,25.25,early25,False
B-G1.042-C2,47556,2,1799.0,3,7.5,early25,False
B-G1.042-C2,47556,2,1803.0,3,4.0,early25,False
B-G1.042-C2,47556,2,1805.5,1,2.5,early25,False
B-G1.042-C2,47556,2,1811.25,3,5.75,early25,False
B-G1.042-C2,47556,2,1812.0,1,0.75,early25,False
B-G1.042-C2,47556,2,1812.5,1,0.5,early25,False
B-G1.042-C2,47556,2,1821.25,1,8.75,early25,False
B-G1.042-C2,47556,2,1823.0,1,1.75,early25,False
B-G1.042-C2,47556,2,1832.75,5,9.75,early25,False
B-G1.042-C2,47556,2,1845.25,2,12.5,early25,False
B-G1.042-C2,47556,2,1850.5,1,5.25,early25,False
B-G1.042-C2,47556,2,1855.75,2,5.25,early25,False
B-G1.042-C2,47556,2,1861.5,2,5.75,early25,False
B-G1.042-C2,47556,2,1867.25,3,5.75,early25,False
B-G1.042-C2,47556,2,1898.75,1,31.5,early25,False
B-G1.042-C2,47556,2,1901.0,1,2.25,early25,False
B-G1.042-C2,47556,2,1903.0,1,2.0,early25,False
B-G1.042-C2,47556,2,1905.25,1,2.25,early25,False
B-G1.042-C2,47556,2,1911.0,2,5.75,early25,False
B-G1.042-C2,47556,2,1915.5,2,4.5,early25,False
B-G1.042-C2,47556,2,1920.0,3,4.5,early25,False
B-G1.042-C2,47556,2,1926.25,1,6.25,early25,False
B-G1.042-C2,47556,2,1934.5,1,8.25,early25,False
B-G1.042-C2,47556,2,1947.75,1,13.25,early25,False
B-G1.042-C2,47556,2,1951.0,1,3.25,early25,False
B-G1.042-C2,47556,2,1952.5,1,1.5,early25,False
B-G1.042-C2,47556,2,1957.5,1,5.0,early25,False
B-G1.042-C2,47556,2,1963.75,1,6.25,early25,False
B-G1.042-C2,47556,2,1969.0,2,5.25,early25,False
B-G1.042-C2,47556,2,1974.25,2,5.25,middle50,False
B-G1.042-C2,47556,2,2006.25,2,32.0,middle50,False
B-G1.042-C2,47556,2,2009.5,1,3.25,middle50,False
B-G1.042-C2,47556,2,2012.5,1,3.0,middle50,False
B-G1.042-C2,47556,2,2016.75,2,4.25,middle50,False
B-G1.042-C2,47556,2,2023.75,1,7.0,middle50,False
B-G1.042-C2,47556,2,2030.25,2,6.5,middle50,False
B-G1.042-C2,47556,2,2034.75,1,4.5,middle50,False
B-G1.042-C2,47556,2,2041.75,1,7.0,middle50,False
B-G1.042-C2,47556,2,2194.25,2,152.5,middle50,False
B-G1.042-C2,47556,2,2196.5,1,2.25,middle50,False
B-G1.042-C2,47556,2,2199.5,1,3.0,middle50,False
B-G1.042-C2,47556,2,2206.75,1,7.25,middle50,False
B-G1.042-C2,47556,2,2209.75,1,3.0,middle50,False
B-G1.042-C2,47556,2,2212.5,1,2.75,middle50,False
B-G1.042-C2,47556,2,2216.0,1,3.5,middle50,False
B-G1.042-C2,47556,2,2219.25,1,3.25,middle50,False
B-G1.042-C2,47556,2,2247.25,1,28.0,middle50,False
B-G1.042-C2,47556,2,2249.5,11,2.25,middle50,False
B-G1.042-C2,47556,2,2262.25,2,12.75,middle50,False
B-G1.042-C2,47556,2,2266.75,1,4.5,middle50,False
B-G1.042-C2,47556,2,2274.25,1,7.5,middle50,False
B-G1.042-C2,47556,2,2278.25,1,4.0,middle50,False
B-G1.042-C2,47556,2,2288.75,7,10.5,middle50,False
B-G1.042-C2,47556,2,2416.75,1,128.0,middle50,False
B-G1.042-C2,47556,2,2423.75,2,7.0,middle50,False
B-G1.042-C2,47556,2,2426.75,1,3.0,middle50,False
B-G1.042-C2,47556,2,2434.0,1,7.25,middle50,False
B-G1.042-C2,47556,2,2438.5,2,4.5,middle50,False
B-G1.042-C2,47556,2,2468.0,1,29.5,middle50,False
B-G1.042-C2,47556,2,2473.25,2,5.25,middle50,False
B-G1.042-C2,47556,2,2476.25,1,3.0,middle50,False
B-G1.042-C2,47556,2,2478.75,1,2.5,middle50,False
B-G1.042-C2,47556,2,2482.75,1,4.0,middle50,False
B-G1.042-C2,47556,2,2485.0,1,2.25,middle50,False
B-G1.042-C2,47556,2,2491.5,1,6.5,middle50,False
B-G1.042-C2,47556,2,2496.75,1,5.25,middle50,False
B-G1.042-C2,47556,2,2511.0,3,14.25,middle50,False
B-G1.042-C2,47556,2,2647.75,1,136.75,middle50,False
B-G1.042-C2,47556,2,2648.75,2,1.0,middle50,False
B-G1.042-C2,47556,2,2649.75,3,1.0,middle50,False
B-G1.042-C2,47556,2,2657.5,1,7.75,middle50,False
B-G1.042-C2,47556,2,2661.0,1,3.5,middle50,False
B-G1.042-C2,47556,2,2667.75,1,6.75,middle50,False
B-G1.042-C2,47556,2,2673.25,1,5.5,middle50,False
B-G1.042-C2,47556,2,2703.0,1,29.75,late25,False
B-G1.042-C2,47556,2,2703.75,2,0.75,late25,False
B-G1.042-C2,47556,2,2705.75,1,2.0,late25,False
B-G1.042-C2,47556,2,2708.5,1,2.75,late25,False
B-G1.042-C2,47556,2,2713.75,1,5.25,late25,False
B-G1.042-C2,47556,2,2717.25,1,3.5,late25,False
B-G1.042-C2,47556,2,2719.0,1,1.75,late25,False
B-G1.042-C2,47556,2,2725.5,1,6.5,late25,False
B-G1.042-C2,47556,2,2727.25,1,1.75,late25,False
B-G1.042-C2,47556,2,2734.0,2,6.75,late25,False
B-G1.042-C2,47556,2,2868.25,1,134.25,late25,False
B-G1.042-C2,47556,2,2873.0,1,4.75,late25,False
B-G1.042-C2,47556,2,2879.0,1,6.0,late25,False
B-G1.042-C2,47556,2,2883.25,1,4.25,late25,False
B-G1.042-C2,47556,2,2885.5,5,2.25,late25,False
B-G1.042-C2,47556,2,2890.25,1,4.75,late25,False
B-G1.042-C2,47556,2,2917.5,1,27.25,late25,False
B-G1.042-C2,47556,2,2924.25,1,6.75,late25,False
B-G1.042-C2,47556,2,2930.5,1,6.25,late25,False
B-G1.042-C2,47556,2,2942.75,1,12.25,late25,False
B-G1.042-C2,47556,2,2946.0,1,3.25,late25,False
B-G1.042-C2,47556,3,3070.75,1,124.75,early25,True
B-G1.042-C2,47556,3,3078.25,1,7.5,early25,True
B-G1.042-C2,47556,3,3082.0,1,3.75,early25,True
B-G1.042-C2,47556,3,3085.75,2,3.75,early25,True
B-G1.042-C2,47556,3,3090.5,1,4.75,early25,True
B-G1.042-C2,47556,3,3094.75,1,4.25,early25,True
B-G1.042-C2,47556,3,3098.5,2,3.75,early25,True
B-G1.042-C2,47556,3,3102.5,1,4.0,early25,True
B-G1.042-C2,47556,3,3128.0,1,25.5,early25,True
B-G1.042-C2,47556,3,3131.75,12,3.75,early25,True
B-G1.042-C2,47556,3,3138.25,1,6.5,early25,True
B-G1.042-C2,47556,3,3141.25,1,3.0,early25,True
B-G1.042-C2,47556,3,3152.25,2,11.0,early25,True
B-G1.042-C2,47556,3,3158.5,1,6.25,early25,True
B-G1.042-C2,47556,3,3165.0,1,6.5,early25,True
B-G1.042-C2,47556,3,3173.0,6,8.0,early25,True
B-G1.042-C2,47556,3,3182.25,5,9.25,early25,True
B-G1.042-C2,47556,3,3189.0,1,6.75,early25,True
B-G1.042-C2,47556,3,3191.5,4,2.5,early25,True
B-G1.042-C2,47556,3,3197.75,2,6.25,middle50,True
B-G1.042-C2,47556,3,3203.5,1,5.75,middle50,True
B-G1.042-C2,47556,3,3208.75,1,5.25,middle50,True
B-G1.042-C2,47556,3,3244.25,1,35.5,middle50,True
B-G1.042-C2,47556,3,3255.25,1,11.0,middle50,True
B-G1.042-C2,47556,3,3260.75,2,5.5,middle50,True
B-G1.042-C2,47556,3,3263.5,1,2.75,middle50,True
B-G1.042-C2,47556,3,3277.5,3,14.0,middle50,True
B-G1.042-C2,47556,3,3291.5,1,14.0,middle50,True
B-G1.042-C2,47556,3,3299.25,1,7.75,middle50,True
B-G1.042-C2,47556,3,3306.25,1,7.0,middle50,True
B-G1.042-C2,47556,3,3312.25,1,6.0,middle50,True
B-G1.042-C2,47556,3,3348.5,1,36.25,middle50,True
B-G1.042-C2,47556,3,3353.25,1,4.75,middle50,True
B-G1.042-C2,47556,3,3359.0,1,5.75,middle50,True
B-G1.042-C2,47556,3,3368.25,1,9.25,middle50,True
B-G1.042-C2,47556,3,3379.5,1,11.25,middle50,True
B-G1.042-C2,47556,3,3406.75,2,27.25,middle50,True
B-G1.042-C2,47556,3,3468.25,1,61.5,late25,True
B-G1.042-C2,47556,3,3476.5,1,8.25,late25,True
B-G1.042-C2,47556,3,3485.25,2,8.75,late25,True
B-G1.042-C2,47556,3,3494.75,1,9.5,late25,True
B-G1.042-C2,47556,3,3512.25,1,17.5,late25,True
B-G1.042-C2,47556,3,3518.5,1,6.25,late25,True
B-G1.042-C2,47556,3,3525.0,1,6.5,late25,True
B-G1.042-C2,47556,3,3531.25,2,6.25,late25,True
B-G1.042-C2,47556,3,3565.5,1,34.25,late25,True
B-G1.042-C2,47556,3,3569.75,1,4.25,late25,True
B-G1.042-C2,47556,3,3574.0,1,4.25,late25,True
B-G1.042-C2,47556,3,3582.25,1,8.25,late25,True
B-G1.042-C2,47556,3,3592.5,1,10.25,late25,True
B-G1.042-C2,55475,0,0.25,3,,early25,False
B-G1.042-C2,55475,0,8.5,1,8.25,early25,False
B-G1.042-C2,55475,0,24.25,1,15.75,early25,False
B-G1.042-C2,55475,0,52.5,1,28.25,early25,False
B-G1.042-C2,55475,0,93.5,1,41.0,early25,False
B-G1.042-C2,55475,0,116.0,1,22.5,early25,False
B-G1.042-C2,55475,0,119.0,1,3.0,early25,False
B-G1.042-C2,55475,0,160.5,1,41.5,early25,False
B-G1.042-C2,55475,0,178.75,1,18.25,early25,False
B-G1.042-C2,55475,0,216.75,1,38.0,early25,False
B-G1.042-C2,55475,0,223.0,1,6.25,early25,False
B-G1.042-C2,55475,0,225.5,1,2.5,early25,False
B-G1.042-C2,55475,0,229.75,1,4.25,early25,False
B-G1.042-C2,55475,0,240.75,1,11.0,middle50,False
B-G1.042-C2,55475,0,248.0,1,7.25,middle50,False
B-G1.042-C2,55475,0,293.0,1,45.0,middle50,False
B-G1.042-C2,55475,0,305.0,1,12.0,middle50,False
B-G1.042-C2,55475,0,340.5,1,35.5,middle50,False
B-G1.042-C2,55475,0,347.25,1,6.75,middle50,False
B-G1.042-C2,55475,0,350.0,1,2.75,middle50,False
B-G1.042-C2,55475,0,358.25,1,8.25,middle50,False
B-G1.042-C2,55475,0,362.75,1,4.5,middle50,False
B-G1.042-C2,55475,0,521.0,1,158.25,middle50,False
B-G1.042-C2,55475,0,524.5,1,3.5,middle50,False
B-G1.042-C2,55475,0,529.75,1,5.25,middle50,False
B-G1.042-C2,55475,0,538.5,1,8.75,middle50,False
B-G1.042-C2,55475,0,541.75,1,3.25,middle50,False
B-G1.042-C2,55475,0,583.75,1,42.0,middle50,False
B-G1.042-C2,55475,0,591.0,1,7.25,middle50,False
B-G1.042-C2,55475,0,596.0,1,5.0,middle50,False
B-G1.042-C2,55475,0,602.25,1,6.25,middle50,False
B-G1.042-C2,55475,0,611.5,1,9.25,middle50,False
B-G1.042-C2,55475,0,767.5,1,156.0,late25,False
B-G1.042-C2,55475,0,774.5,1,7.0,late25,False
B-G1.042-C2,55475,0,779.75,1,5.25,late25,False
B-G1.042-C2,55475,0,788.25,1,8.5,late25,False
B-G1.042-C2,55475,0,816.75,1,28.5,late25,False
B-G1.042-C2,55475,0,820.0,1,3.25,late25,False
B-G1.042-C2,55475,0,824.75,1,4.75,late25,False
B-G1.042-C2,55475,0,830.25,12,5.5,late25,False
B-G1.042-C2,55475,0,836.0,1,5.75,late25,False
B-G1.042-C2,55475,0,844.0,1,8.0,late25,False
B-G1.042-C2,55475,0,953.75,1,109.75,late25,False
B-G1.042-C2,55475,1,974.0,1,20.25,early25,False
B-G1.042-C2,55475,1,984.0,1,10.0,early25,False
B-G1.042-C2,55475,1,986.5,1,2.5,early25,False
B-G1.042-C2,55475,1,988.25,1,1.75,early25,False
B-G1.042-C2,55475,1,994.25,1,6.0,early25,False
B-G1.042-C2,55475,1,995.75,1,1.5,early25,False
B-G1.042-C2,55475,1,1000.5,2,4.75,early25,False
B-G1.042-C2,55475,1,1037.0,1,36.5,early25,False
B-G1.042-C2,55475,1,1040.5,1,3.5,early25,False
B-G1.042-C2,55475,1,1047.0,1,6.5,early25,False
B-G1.042-C2,55475,1,1050.25,1,3.25,early25,False
B-G1.042-C2,55475,1,1057.25,1,7.0,early25,False
B-G1.042-C2,55475,1,1074.5,2,17.25,early25,False
B-G1.042-C2,55475,1,1093.5,1,19.0,early25,False
B-G1.042-C2,55475,1,1097.25,1,3.75,early25,False
B-G1.042-C2,55475,1,1110.5,1,13.25,early25,False
B-G1.042-C2,55475,1,1115.0,2,4.5,early25,False
B-G1.042-C2,55475,1,1119.0,1,4.0,early25,False
B-G1.042-C2,55475,1,1121.0,1,2.0,early25,False
B-G1.042-C2,55475,1,1150.25,2,29.25,early25,False
B-G1.042-C2,55475,1,1154.25,1,4.0,early25,False
B-G1.042-C2,55475,1,1161.25,2,7.0,early25,False
B-G1.042-C2,55475,1,1168.5,2,7.25,early25,False
B-G1.042-C2,55475,1,1175.0,2,6.5,early25,False
B-G1.042-C2,55475,1,1185.25,1,10.25,middle50,False
B-G1.042-C2,55475,1,1203.75,2,18.5,middle50,False
B-G1.042-C2,55475,1,1206.75,1,3.0,middle50,False
B-G1.042-C2,55475,1,1216.25,1,9.5,middle50,False
B-G1.042-C2,55475,1,1220.75,2,4.5,middle50,False
B-G1.042-C2,55475,1,1224.25,1,3.5,middle50,False
B-G1.042-C2,55475,1,1229.5,1,5.25,middle50,False
B-G1.042-C2,55475,1,1263.0,1,33.5,middle50,False
B-G1.042-C2,55475,1,1267.0,1,4.0,middle50,False
B-G1.042-C2,55475,1,1272.5,2,5.5,middle50,False
B-G1.042-C2,55475,1,1277.25,1,4.75,middle50,False
B-G1.042-C2,55475,1,1282.25,2,5.0,middle50,False
B-G1.042-C2,55475,1,1285.5,1,3.25,middle50,False
B-G1.042-C2,55475,1,1293.5,1,8.0,middle50,False
B-G1.042-C2,55475,1,1300.75,5,7.25,middle50,False
B-G1.042-C2,55475,1,1440.75,2,140.0,middle50,False
B-G1.042-C2,55475,1,1443.5,1,2.75,middle50,False
B-G1.042-C2,55475,1,1447.0,1,3.5,middle50,False
B-G1.042-C2,55475,1,1450.5,1,3.5,middle50,False
B-G1.042-C2,55475,1,1457.75,2,7.25,middle50,False
B-G1.042-C2,55475,1,1461.25,1,3.5,middle50,False
B-G1.042-C2,55475,1,1465.25,1,4.0,middle50,False
B-G1.042-C2,55475,1,1501.25,1,36.0,middle50,False
B-G1.042-C2,55475,1,1504.75,1,3.5,middle50,False
B-G1.042-C2,55475,1,1507.0,1,2.25,middle50,False
B-G1.042-C2,55475,1,1510.0,1,3.0,middle50,False
B-G1.042-C2,55475,1,1515.0,1,5.0,middle50,False
B-G1.042-C2,55475,1,1519.25,1,4.25,middle50,False
B-G1.042-C2,55475,1,1522.0,1,2.75,middle50,False
B-G1.042-C2,55475,1,1662.5,1,140.5,late25,False
B-G1.042-C2,55475,1,1664.5,1,2.0,late25,False
B-G1.042-C2,55475,1,1669.25,1,4.75,late25,False
B-G1.042-C2,55475,1,1673.0,1,3.75,late25,False
B-G1.042-C2,55475,1,1676.0,1,3.0,late25,False
B-G1.042-C2,55475,1,1679.0,1,3.0,late25,False
B-G1.042-C2,55475,1,1686.5,1,7.5,late25,False
B-G1.042-C2,55475,1,1714.5,1,28.0,late25,False
B-G1.042-C2,55475,1,1717.5,1,3.0,late25,False
B-G1.042-C2,55475,1,1720.0,1,2.5,late25,False
B-G1.042-C2,55475,1,1723.25,1,3.25,late25,False
B-G1.042-C2,55475,1,1726.0,1,2.75,late25,False
B-G1.042-C2,55475,1,1728.5,1,2.5,late25,False
B-G1.042-C2,55475,1,1731.25,1,2.75,late25,False
B-G1.042-C2,55475,1,1735.5,1,4.25,late25,False
B-G1.042-C2,55475,1,1737.25,1,1.75,late25,False
B-G1.042-C2,55475,1,1740.75,1,3.5,late25,False
B-G1.042-C2,55475,1,1743.5,1,2.75,late25,False
B-G1.042-C2,55475,1,1758.25,4,14.75,late25,False
B-G1.042-C2,55475,2,1879.75,1,121.5,early25,False
B-G1.042-C2,55475,2,1881.25,1,1.5,early25,False
B-G1.042-C2,55475,2,1885.0,2,3.75,early25,False
B-G1.042-C2,55475,2,1887.25,1,2.25,early25,False
B-G1.042-C2,55475,2,1888.5,7,1.25,early25,False
B-G1.042-C2,55475,2,1890.5,2,2.0,early25,False
B-G1.042-C2,55475,2,1893.0,6,2.5,early25,False
B-G1.042-C2,55475,2,1896.25,2,3.25,early25,False
B-G1.042-C2,55475,2,1899.75,1,3.5,early25,False
B-G1.042-C2,55475,2,1901.25,2,1.5,early25,False
B-G1.042-C2,55475,2,1902.75,1,1.5,early25,False
B-G1.042-C2,55475,2,1905.0,1,2.25,early25,False
B-G1.042-C2,55475,2,1907.25,2,2.25,early25,False
B-G1.042-C2,55475,2,1936.0,2,28.75,early25,False
B-G1.042-C2,55475,2,1938.75,1,2.75,early25,False
B-G1.042-C2,55475,2,1944.0,4,5.25,early25,False
B-G1.042-C2,55475,2,1950.5,3,6.5,early25,False
B-G1.042-C2,55475,2,1954.75,1,4.25,early25,False
B-G1.042-C2,55475,2,1962.75,3,8.0,early25,False
B-G1.042-C2,55475,2,1974.0,1,11.25,early25,False
B-G1.042-C2,55475,2,1994.25,2,20.25,early25,False
B-G1.042-C2,55475,2,2002.0,3,7.75,early25,False
B-G1.042-C2,55475,2,2008.75,3,6.75,early25,False
B-G1.042-C2,55475,2,2049.25,2,40.5,early25,False
B-G1.042-C2,55475,2,2053.75,3,4.5,early25,False
B-G1.042-C2,55475,2,2058.5,3,4.75,early25,False
B-G1.042-C2,55475,2,2062.25,1,3.75,early25,False
B-G1.042-C2,55475,2,2068.0,3,5.75,early25,False
B-G1.042-C2,55475,2,2075.5,1,7.5,early25,False
B-G1.042-C2,55475,2,2084.5,6,9.0,early25,False
B-G1.042-C2,55475,2,2098.25,1,13.75,early25,False
B-G1.042-C2,55475,2,2102.0,1,3.75,early25,False
B-G1.042-C2,55475,2,2105.0,5,3.0,early25,False
B-G1.042-C2,55475,2,2108.75,1,3.75,early25,False
B-G1.042-C2,55475,2,2114.25,2,5.5,early25,False
B-G1.042-C2,55475,2,2118.5,2,4.25,early25,False
B-G1.042-C2,55475,2,2154.25,3,35.75,early25,False
B-G1.042-C2,55475,2,2158.75,2,4.5,early25,False
B-G1.042-C2,55475,2,2168.0,2,9.25,early25,False
B-G1.042-C2,55475,2,2169.0,3,1.0,early25,False
B-G1.042-C2,55475,2,2177.5,3,8.5,early25,False
B-G1.042-C2,55475,2,2182.25,1,4.75,early25,False
B-G1.042-C2,55475,2,2190.5,5,8.25,early25,False
B-G1.042-C2,55475,2,2331.0,2,140.5,middle50,False
B-G1.042-C2,55475,2,2336.25,1,5.25,middle50,False
B-G1.042-C2,55475,2,2348.75,2,12.5,middle50,False
B-G1.042-C2,55475,2,2356.25,1,7.5,middle50,False
B-G1.042-C2,55475,2,2361.25,2,5.0,middle50,False
B-G1.042-C2,55475,2,2387.75,1,26.5,middle50,False
B-G1.042-C2,55475,2,2395.0,2,7.25,middle50,False
B-G1.042-C2,55475,2,2401.5,2,6.5,middle50,False
B-G1.042-C2,55475,2,2406.75,1,5.25,middle50,False
B-G1.042-C2,55475,2,2411.0,2,4.25,middle50,False
B-G1.042-C2,55475,2,2554.5,1,143.5,middle50,False
B-G1.042-C2,55475,2,2558.0,1,3.5,middle50,False
B-G1.042-C2,55475,2,2562.75,1,4.75,middle50,False
B-G1.042-C2,55475,2,2566.0,1,3.25,middle50,False
B-G1.042-C2,55475,2,2568.25,1,2.25,middle50,False
B-G1.042-C2,55475,2,2571.5,1,3.25,middle50,False
B-G1.042-C2,55475,2,2574.25,1,2.75,middle50,False
B-G1.042-C2,55475,2,2579.75,1,5.5,middle50,False
B-G1.042-C2,55475,2,2583.5,1,3.75,middle50,False
B-G1.042-C2,55475,2,2606.75,1,23.25,middle50,False
B-G1.042-C2,55475,2,2609.75,2,3.0,middle50,False
B-G1.042-C2,55475,2,2612.25,1,2.5,middle50,False
B-G1.042-C2,55475,2,2616.5,1,4.25,middle50,False
B-G1.042-C2,55475,2,2619.75,1,3.25,middle50,False
B-G1.042-C2,55475,2,2621.75,10,2.0,middle50,False
B-G1.042-C2,55475,2,2625.0,1,3.25,middle50,False
B-G1.042-C2,55475,2,2627.5,1,2.5,middle50,False
B-G1.042-C2,55475,2,2630.5,10,3.0,middle50,False
B-G1.042-C2,55475,2,2770.5,1,140.0,middle50,False
B-G1.042-C2,55475,2,2775.75,1,5.25,middle50,False
B-G1.042-C2,55475,2,2781.5,1,5.75,middle50,False
B-G1.042-C2,55475,2,2788.25,1,6.75,middle50,False
B-G1.042-C2,55475,2,2793.75,1,5.5,middle50,False
B-G1.042-C2,55475,2,2796.5,1,2.75,middle50,False
B-G1.042-C2,55475,2,2800.25,1,3.75,middle50,False
B-G1.042-C2,55475,2,2827.25,1,27.0,middle50,False
B-G1.042-C2,55475,2,2830.75,1,3.5,middle50,False
B-G1.042-C2,55475,2,2833.25,1,2.5,middle50,False
B-G1.042-C2,55475,2,2836.25,8,3.0,middle50,False
B-G1.042-C2,55475,2,2838.0,1,1.75,middle50,False
B-G1.042-C2,55475,2,2842.5,1,4.5,middle50,False
B-G1.042-C2,55475,2,2848.25,1,5.75,middle50,False
B-G1.042-C2,55475,2,2854.0,1,5.75,middle50,False
B-G1.042-C2,55475,2,2989.25,1,135.25,middle50,False
B-G1.042-C2,55475,2,2993.25,1,4.0,middle50,False
B-G1.042-C2,55475,2,2997.5,1,4.25,middle50,False
B-G1.042-C2,55475,2,3002.75,1,5.25,middle50,False
B-G1.042-C2,55475,2,3006.0,1,3.25,middle50,False
B-G1.042-C2,55475,2,3012.75,1,6.75,late25,False
B-G1.042-C2,55475,2,3039.25,1,26.5,late25,False
B-G1.042-C2,55475,2,3044.25,7,5.0,late25,False
B-G1.042-C2,55475,2,3046.5,1,2.25,late25,False
B-G1.042-C2,55475,2,3054.25,1,7.75,late25,False
B-G1.042-C2,55475,2,3055.5,1,1.25,late25,False
B-G1.042-C2,55475,2,3061.75,1,6.25,late25,False
B-G1.042-C2,55475,2,3066.75,1,5.0,late25,False
B-G1.042-C2,55475,2,3075.75,1,9.0,late25,False
B-G1.042-C2,55475,2,3196.0,1,120.25,late25,False
B-G1.042-C2,55475,2,3204.25,1,8.25,late25,False
B-G1.042-C2,55475,2,3208.5,1,4.25,late25,False
B-G1.042-C2,55475,2,3211.5,1,3.0,late25,False
B-G1.042-C2,55475,2,3218.0,1,6.5,late25,False
B-G1.042-C2,55475,2,3222.0,1,4.0,late25,False
B-G1.042-C2,55475,2,3226.0,1,4.0,late25,False
B-G1.042-C2,55475,2,3257.5,1,31.5,late25,False
B-G1.042-C2,55475,2,3263.5,1,6.0,late25,False
B-G1.042-C2,55475,2,3269.25,1,5.75,late25,False
B-G1.042-C2,55475,2,3272.5,1,3.25,late25,False
B-G1.042-C2,55475,2,3275.75,1,3.25,late25,False
B-G1.042-C2,55475,2,3281.0,1,5.25,late25,False
B-G1.042-C2,55475,3,3398.5,1,117.5,early25,True
B-G1.042-C2,55475,3,3407.5,1,9.0,early25,True
B-G1.042-C2,55475,3,3410.0,2,2.5,early25,True
B-G1.042-C2,55475,3,3416.5,1,6.5,early25,True
B-G1.042-C2,55475,3,3418.75,1,2.25,early25,True
B-G1.042-C2,55475,3,3421.25,1,2.5,early25,True
B-G1.042-C2,55475,3,3424.25,1,3.0,early25,True
B-G1.042-C2,55475,3,3427.75,1,3.5,early25,True
B-G1.042-C2,55475,3,3431.5,1,3.75,early25,True
B-G1.042-C2,55475,3,3433.5,1,2.0,early25,True
B-G1.042-C2,55475,3,3436.5,1,3.0,early25,True
B-G1.042-C2,55475,3,3439.75,1,3.25,early25,True
B-G1.042-C2,55475,3,3465.0,1,25.25,middle50,True
B-G1.042-C2,55475,3,3467.75,1,2.75,middle50,True
B-G1.042-C2,55475,3,3469.75,1,2.0,middle50,True
B-G1.042-C2,55475,3,3472.0,5,2.25,middle50,True
B-G1.042-C2,55475,3,3475.5,1,3.5,middle50,True
B-G1.042-C2,55475,3,3478.5,1,3.0,middle50,True
B-G1.042-C2,55475,3,3481.0,1,2.5,middle50,True
B-G1.042-C2,55475,3,3484.0,1,3.0,middle50,True
B-G1.042-C2,55475,3,3487.5,10,3.5,middle50,True
B-G1.042-C2,55475,3,3492.25,1,4.75,middle50,True
B-G1.042-C2,55475,3,3503.0,3,10.75,middle50,True
B-G1.042-C2,55475,3,3513.7499999999,1,10.749999999899956,middle50,True
B-G1.042-C2,55475,3,3519.7499999999,2,6.0,middle50,True
B-G1.042-C2,55475,3,3522.9999999999,1,3.25,middle50,True
B-G1.042-C2,55475,3,3524.9999999999,1,2.0,middle50,True
B-G1.042-C2,55475,3,3530.4999999999,2,5.5,middle50,True
B-G1.042-C2,55475,3,3532.7499999999,1,2.25,middle50,True
B-G1.042-C2,55475,3,3533.9999999999,2,1.25,middle50,True
B-G1.042-C2,55475,3,3540.2499999999,1,6.25,middle50,True
B-G1.042-C2,55475,3,3570.2499999999,2,30.0,late25,True
B-G1.042-C2,55475,3,3572.7499999999,1,2.5,late25,True
B-G1.042-C2,55475,3,3573.9999999999,2,1.25,late25,True
B-G1.042-C2,55475,3,3575.7499999999,1,1.75,late25,True
B-G1.042-C2,55475,3,3579.9999999999,1,4.25,late25,True
B-G1.042-C2,55475,3,3580.7499999999,1,0.75,late25,True
B-G1.042-C2,55475,3,3586.9999999999,2,6.25,late25,True
B-G1.042-C2,63394,0,0.25,3,,early25,False
B-G1.042-C2,63394,0,8.25,1,8.0,early25,False
B-G1.042-C2,63394,0,34.25,1,26.0,early25,False
B-G1.042-C2,63394,0,39.25,1,5.0,early25,False
B-G1.042-C2,63394,0,46.5,1,7.25,early25,False
B-G1.042-C2,63394,0,97.5,1,51.0,early25,False
B-G1.042-C2,63394,0,112.4999999998,1,14.999999999799996,early25,False
B-G1.042-C2,63394,0,131.9999999998,5,19.5,early25,False
B-G1.042-C2,63394,0,164.2499999998,3,32.25,middle50,False
B-G1.042-C2,63394,0,174.7499999998,1,10.5,middle50,False
B-G1.042-C2,63394,0,221.4999999998,1,46.75,middle50,False
B-G1.042-C2,63394,0,233.9999999998,1,12.5,middle50,False
B-G1.042-C2,63394,0,240.2499999998,1,6.25,middle50,False
B-G1.042-C2,63394,0,243.9999999998,1,3.75,middle50,False
B-G1.042-C2,63394,0,409.2499999998,1,165.25000000000003,middle50,False
B-G1.042-C2,63394,0,414.9999999998,1,5.75,middle50,False
B-G1.042-C2,63394,0,424.7499999998,1,9.75,middle50,False
B-G1.042-C2,63394,0,432.2499999998,1,7.5,middle50,False
B-G1.042-C2,63394,0,460.9999999998,1,28.75,late25,False
B-G1.042-C2,63394,0,468.7499999998,2,7.75,late25,False
B-G1.042-C2,63394,0,475.7499999998,1,7.0,late25,False
B-G1.042-C2,63394,0,485.2499999998,1,9.5,late25,False
B-G1.042-C2,63394,0,496.2499999998,13,11.0,late25,False
B-G1.042-C2,63394,1,649.9999999998,1,153.75,early25,False
B-G1.042-C2,63394,1,685.7499999998,1,35.75,early25,False
B-G1.042-C2,63394,1,688.9999999998,2,3.25,early25,False
B-G1.042-C2,63394,1,690.4999999998,1,1.5,early25,False
B-G1.042-C2,63394,1,691.9999999998,1,1.5,early25,False
B-G1.042-C2,63394,1,699.9999999998,2,8.0,early25,False
B-G1.042-C2,63394,1,704.7499999998,2,4.75,early25,False
B-G1.042-C2,63394,1,709.2499999998,2,4.5,early25,False
B-G1.042-C2,63394,1,739.9999999998,2,30.75,early25,False
B-G1.042-C2,63394,1,748.2499999998,1,8.25,early25,False
B-G1.042-C2,63394,1,750.9999999998,1,2.75,early25,False
B-G1.042-C2,63394,1,761.9999999998,2,11.0,early25,False
B-G1.042-C2,63394,1,766.7499999998,1,4.75,early25,False
B-G1.042-C2,63394,1,794.2499999998,2,27.5,early25,False
B-G1.042-C2,63394,1,797.7499999998,1,3.5,early25,False
B-G1.042-C2,63394,1,802.7499999998,2,5.0,early25,False
B-G1.042-C2,63394,1,810.4999999998,2,7.75,early25,False
B-G1.042-C2,63394,1,812.7499999998,1,2.25,early25,False
B-G1.042-C2,63394,1,816.9999999998,2,4.25,early25,False
B-G1.042-C2,63394,1,821.7499999998,1,4.75,early25,False
B-G1.042-C2,63394,1,829.4999999998,2,7.75,early25,False
B-G1.042-C2,63394,1,848.9999999998,1,19.5,early25,False
B-G1.042-C2,63394,1,853.2499999998,2,4.25,early25,False
B-G1.042-C2,63394,1,855.4999999998,1,2.25,early25,False
B-G1.042-C2,63394,1,860.7499999998,1,5.25,middle50,False
B-G1.042-C2,63394,1,865.7499999998,2,5.0,middle50,False
B-G1.042-C2,63394,1,872.7499999998,2,7.0,middle50,False
B-G1.042-C2,63394,1,905.7499999998,2,33.0,middle50,False
B-G1.042-C2,63394,1,911.9999999998,1,6.25,middle50,False
B-G1.042-C2,63394,1,916.4999999998,1,4.5,middle50,False
B-G1.042-C2,63394,1,920.7499999998,2,4.25,middle50,False
B-G1.042-C2,63394,1,928.9999999998,1,8.25,middle50,False
B-G1.042-C2,63394,1,934.2499999998,1,5.25,middle50,False
B-G1.042-C2,63394,1,955.7499999998,1,21.5,middle50,False
B-G1.042-C2,63394,1,959.9999999998,1,4.25,middle50,False
B-G1.042-C2,63394,1,962.9999999998,1,3.0,middle50,False
B-G1.042-C2,63394,1,965.7499999998,1,2.75,middle50,False
B-G1.042-C2,63394,1,971.4999999998,1,5.75,middle50,False
B-G1.042-C2,63394,1,979.2499999998,2,7.75,middle50,False
B-G1.042-C2,63394,1,1013.9999999998,2,34.75,middle50,False
B-G1.042-C2,63394,1,1017.2499999998,1,3.25,middle50,False
B-G1.042-C2,63394,1,1020.4999999998,2,3.25,middle50,False
B-G1.042-C2,63394,1,1023.7499999998,1,3.25,middle50,False
B-G1.042-C2,63394,1,1028.9999999998,1,5.249999999999886,middle50,False
B-G1.042-C2,63394,1,1033.4999999998,1,4.5,middle50,False
B-G1.042-C2,63394,1,1036.7499999998,1,3.25,middle50,False
B-G1.042-C2,63394,1,1039.4999999998,2,2.75,middle50,False
B-G1.042-C2,63394,1,1041.4999999998,1,2.0,middle50,False
B-G1.042-C2,63394,1,1198.9999999998,1,157.5,middle50,False
B-G1.042-C2,63394,1,1204.7499999998,1,5.75,middle50,False
B-G1.042-C2,63394,1,1208.4999999998,1,3.75,middle50,False
B-G1.042-C2,63394,1,1212.2499999998,2,3.75,middle50,False
B-G1.042-C2,63394,1,1215.9999999998,1,3.75,middle50,False
B-G1.042-C2,63394,1,1251.2499999998,1,35.25,middle50,False
B-G1.042-C2,63394,1,1256.7499999998,2,5.5,middle50,False
B-G1.042-C2,63394,1,1264.4999999998,1,7.75,middle50,False
B-G1.042-C2,63394,1,1269.7499999998,1,5.25,middle50,False
B-G1.042-C2,63394,1,1274.9999999998,1,5.25,middle50,False
B-G1.042-C2,63394,1,1283.7499999998,1,8.75,middle50,False
B-G1.042-C2,63394,1,1411.4999999998,1,127.75,late25,False
B-G1.042-C2,63394,1,1413.7499999998,1,2.25,late25,False
B-G1.042-C2,63394,1,1419.4999999998,1,5.75,late25,False
B-G1.042-C2,63394,1,1422.4999999998,1,3.0,late25,False
B-G1.042-C2,63394,1,1427.9999999998,1,5.5,late25,False
B-G1.042-C2,63394,1,1431.2499999998,1,3.25,late25,False
B-G1.042-C2,63394,1,1434.9999999998,1,3.75,late25,False
B-G1.042-C2,63394,1,1439.7499999998,1,4.75,late25,False
B-G1.042-C2,63394,1,1443.9999999998,1,4.25,late25,False
B-G1.042-C2,63394,1,1467.4999999998,1,23.5,late25,False
B-G1.042-C2,63394,1,1470.7499999998,1,3.25,late25,False
B-G1.042-C2,63394,1,1473.4999999998,13,2.75,late25,False
B-G1.042-C2,63394,1,1477.4999999998,1,4.0,late25,False
B-G1.042-C2,63394,1,1499.2499999998,1,21.75,late25,False
B-G1.042-C2,63394,2,1620.9999999998,2,121.75,early25,False
B-G1.042-C2,63394,2,1623.9999999998,2,3.0,early25,False
B-G1.042-C2,63394,2,1628.2499999998,2,4.25,early25,False
B-G1.042-C2,63394,2,1636.4999999998,3,8.25,early25,False
B-G1.042-C2,63394,2,1648.2499999998,3,11.75,early25,False
B-G1.042-C2,63394,2,1683.2499999998,4,35.0,early25,False
B-G1.042-C2,63394,2,1687.7499999998,3,4.5,early25,False
B-G1.042-C2,63394,2,1688.7499999998,1,1.0,early25,False
B-G1.042-C2,63394,2,1693.2499999998,3,4.5,early25,False
B-G1.042-C2,63394,2,1694.2499999998,1,1.0,early25,False
B-G1.042-C2,63394,2,1697.2499999998,1,3.0,early25,False
B-G1.042-C2,63394,2,1702.7499999998,3,5.5,early25,False
B-G1.042-C2,63394,2,1732.9999999998,4,30.25,early25,False
B-G1.042-C2,63394,2,1738.4999999998,1,5.5,early25,False
B-G1.042-C2,63394,2,1743.2499999998,2,4.75,early25,False
B-G1.042-C2,63394,2,1756.9999999998,2,13.75,early25,False
B-G1.042-C2,63394,2,1764.2499999998,4,7.25,early25,False
B-G1.042-C2,63394,2,1792.9999999998,2,28.75,early25,False
B-G1.042-C2,63394,2,1798.2499999998,2,5.25,early25,False
B-G1.042-C2,63394,2,1801.5,1,3.250000000200089,early25,False
B-G1.042-C2,63394,2,1805.25,1,3.75,early25,False
B-G1.042-C2,63394,2,1810.5,3,5.25,early25,False
B-G1.042-C2,63394,2,1817.5,3,7.0,early25,False
B-G1.042-C2,63394,2,1833.25,1,15.75,early25,False
B-G1.042-C2,63394,2,1837.25,2,4.0,early25,False
B-G1.042-C2,63394,2,1841.5,1,4.25,early25,False
B-G1.042-C2,63394,2,1845.0,1,3.5,early25,False
B-G1.042-C2,63394,2,1850.0,2,5.0,early25,False
B-G1.042-C2,63394,2,1854.25,2,4.25,early25,False
B-G1.042-C2,63394,2,1859.25,2,5.0,early25,False
B-G1.042-C2,63394,2,1863.0,1,3.75,early25,False
B-G1.042-C2,63394,2,1889.0,19,26.0,middle50,False
B-G1.042-C2,63394,2,1891.75,1,2.75,middle50,False
B-G1.042-C2,63394,2,1893.75,1,2.0,middle50,False
B-G1.042-C2,63394,2,1896.5,1,2.75,middle50,False
B-G1.042-C2,63394,2,1902.0,1,5.5,middle50,False
B-G1.042-C2,63394,2,1904.25,1,2.25,middle50,False
B-G1.042-C2,63394,2,1906.75,1,2.5,middle50,False
B-G1.042-C2,63394,2,1909.25,1,2.5,middle50,False
B-G1.042-C2,63394,2,1911.25,1,2.0,middle50,False
B-G1.042-C2,63394,2,1914.5,1,3.25,middle50,False
B-G1.042-C2,63394,2,1919.25,1,4.75,middle50,False
B-G1.042-C2,63394,2,1920.5,1,1.25,middle50,False
B-G1.042-C2,63394,2,2063.5,1,143.0,middle50,False
B-G1.042-C2,63394,2,2066.0,1,2.5,middle50,False
B-G1.042-C2,63394,2,2072.25,1,6.25,middle50,False
B-G1.042-C2,63394,2,2074.5,1,2.25,middle50,False
B-G1.042-C2,63394,2,2081.0,2,6.5,middle50,False
B-G1.042-C2,63394,2,2085.25,1,4.25,middle50,False
B-G1.042-C2,63394,2,2090.5,2,5.25,middle50,False
B-G1.042-C2,63394,2,2119.5,1,29.0,middle50,False
B-G1.042-C2,63394,2,2122.25,1,2.75,middle50,False
B-G1.042-C2,63394,2,2125.5,2,3.25,middle50,False
B-G1.042-C2,63394,2,2129.0,2,3.5,middle50,False
B-G1.042-C2,63394,2,2131.5,1,2.5,middle50,False
B-G1.042-C2,63394,2,2140.75,2,9.25,middle50,False
B-G1.042-C2,63394,2,2146.25,1,5.5,middle50,False
B-G1.042-C2,63394,2,2148.5,1,2.25,middle50,False
B-G1.042-C2,63394,2,2150.5,1,2.0,middle50,False
B-G1.042-C2,63394,2,2163.75,8,13.25,middle50,False
B-G1.042-C2,63394,2,2291.75,5,128.0,middle50,False
B-G1.042-C2,63394,2,2294.5,6,2.75,middle50,False
B-G1.042-C2,63394,2,2296.5,1,2.0,middle50,False
B-G1.042-C2,63394,2,2301.75,1,5.25,middle50,False
B-G1.042-C2,63394,2,2305.0,1,3.25,middle50,False
B-G1.042-C2,63394,2,2310.25,1,5.25,middle50,False
B-G1.042-C2,63394,2,2313.0,1,2.75,middle50,False
B-G1.042-C2,63394,2,2317.0,1,4.0,middle50,False
B-G1.042-C2,63394,2,2347.75,1,30.75,middle50,False
B-G1.042-C2,63394,2,2357.5,2,9.75,middle50,False
B-G1.042-C2,63394,2,2359.5,1,2.0,middle50,False
B-G1.042-C2,63394,2,2367.5,1,8.0,middle50,False
B-G1.042-C2,63394,2,2371.25,1,3.75,middle50,False
B-G1.042-C2,63394,2,2375.0,1,3.75,middle50,False
B-G1.042-C2,63394,2,2389.0,3,14.0,middle50,False
B-G1.042-C2,63394,2,2509.5,1,120.5,late25,False
B-G1.042-C2,63394,2,2512.0,1,2.5,late25,False
B-G1.042-C2,63394,2,2517.75,1,5.75,late25,False
B-G1.042-C2,63394,2,2521.75,1,4.0,late25,False
B-G1.042-C2,63394,2,2532.25,1,10.5,late25,False
B-G1.042-C2,63394,2,2536.25,1,4.0,late25,False
B-G1.042-C2,63394,2,2566.5,1,30.25,late25,False
B-G1.042-C2,63394,2,2568.0,1,1.5,late25,False
B-G1.042-C2,63394,2,2573.25,1,5.25,late25,False
B-G1.042-C2,63394,2,2576.25,1,3.0,late25,False
B-G1.042-C2,63394,2,2583.5,1,7.25,late25,False
B-G1.042-C2,63394,2,2588.75,1,5.25,late25,False
B-G1.042-C2,63394,2,2590.0,1,1.25,late25,False
B-G1.042-C2,63394,2,2596.75,1,6.75,late25,False
B-G1.042-C2,63394,2,2610.5,5,13.75,late25,False
B-G1.042-C2,63394,3,2725.25,9,114.75,early25,True
B-G1.042-C2,63394,3,2727.25,8,2.0,early25,True
B-G1.042-C2,63394,3,2733.75,2,6.5,early25,True
B-G1.042-C2,63394,3,2738.0,2,4.25,early25,True
B-G1.042-C2,63394,3,2741.25,1,3.25,early25,True
B-G1.042-C2,63394,3,2745.25,1,4.0,early25,True
B-G1.042-C2,63394,3,2748.25,1,3.0,early25,True
B-G1.042-C2,63394,3,2752.25,2,4.0,early25,True
B-G1.042-C2,63394,3,2756.75,1,4.5,early25,True
B-G1.042-C2,63394,3,2782.75,2,26.0,early25,True
B-G1.042-C2,63394,3,2785.5,1,2.75,early25,True
B-G1.042-C2,63394,3,2788.75,12,3.25,early25,True
B-G1.042-C2,63394,3,2789.75,4,1.0,early25,True
B-G1.042-C2,63394,3,2792.25,2,2.5,early25,True
B-G1.042-C2,63394,3,2795.25,1,3.0,early25,True
B-G1.042-C2,63394,3,2800.0,1,4.75,early25,True
B-G1.042-C2,63394,3,2805.0,1,5.0,early25,True
B-G1.042-C2,63394,3,2806.75,1,1.75,early25,True
B-G1.042-C2,63394,3,2809.25,1,2.5,early25,True
B-G1.042-C2,63394,3,2810.25,4,1.0,early25,True
B-G1.042-C2,63394,3,2811.25,4,1.0,early25,True
B-G1.042-C2,63394,3,2813.75,1,2.5,early25,True
B-G1.042-C2,63394,3,2821.0,3,7.25,early25,True
B-G1.042-C2,63394,3,2832.75,1,11.75,early25,True
B-G1.042-C2,63394,3,2836.0,1,3.25,early25,True
B-G1.042-C2,63394,3,2845.25,2,9.25,early25,True
B-G1.042-C2,63394,3,2852.25,1,7.0,early25,True
B-G1.042-C2,63394,3,2859.25,1,7.0,early25,True
B-G1.042-C2,63394,3,2888.25,2,29.0,early25,True
B-G1.042-C2,63394,3,2893.75,1,5.5,early25,True
B-G1.042-C2,63394,3,2898.0,1,4.25,early25,True
B-G1.042-C2,63394,3,2903.0,1,5.0,early25,True
B-G1.042-C2,63394,3,2908.5,1,5.5,early25,True
B-G1.042-C2,63394,3,2914.25,2,5.75,early25,True
B-G1.042-C2,63394,3,2927.5,2,13.25,early25,True
B-G1.042-C2,63394,3,2939.0,1,11.5,middle50,True
B-G1.042-C2,63394,3,2943.75,1,4.75,middle50,True
B-G1.042-C2,63394,3,2952.5,1,8.75,middle50,True
B-G1.042-C2,63394,3,2959.25,1,6.75,middle50,True
B-G1.042-C2,63394,3,2965.75,2,6.5,middle50,True
B-G1.042-C2,63394,3,2998.5,1,32.75,middle50,True
B-G1.042-C2,63394,3,3004.0,1,5.5,middle50,True
B-G1.042-C2,63394,3,3010.0,1,6.0,middle50,True
B-G1.042-C2,63394,3,3015.5,1,5.5,middle50,True
B-G1.042-C2,63394,3,3020.75,1,5.25,middle50,True
B-G1.042-C2,63394,3,3030.5,1,9.75,middle50,True
B-G1.042-C2,63394,3,3038.0,5,7.5,middle50,True
B-G1.042-C2,63394,3,3053.75,1,15.75,middle50,True
B-G1.042-C2,63394,3,3063.5,1,9.75,middle50,True
B-G1.042-C2,63394,3,3070.0,2,6.5,middle50,True
B-G1.042-C2,63394,3,3076.25,1,6.25,middle50,True
B-G1.042-C2,63394,3,3105.75,1,29.5,middle50,True
B-G1.042-C2,63394,3,3116.0,1,10.25,middle50,True
B-G1.042-C2,63394,3,3121.25,1,5.25,middle50,True
B-G1.042-C2,63394,3,3126.5,1,5.25,middle50,True
B-G1.042-C2,63394,3,3129.75,1,3.25,middle50,True
B-G1.042-C2,63394,3,3133.25,1,3.5,middle50,True
B-G1.042-C2,63394,3,3143.25,1,10.0,middle50,True
B-G1.042-C2,63394,3,3150.5,3,7.25,middle50,True
B-G1.042-C2,63394,3,3159.75,1,9.25,middle50,True
B-G1.042-C2,63394,3,3165.5,1,5.75,middle50,True
B-G1.042-C2,63394,3,3172.5,1,7.0,middle50,True
B-G1.042-C2,63394,3,3176.0,1,3.5,middle50,True
B-G1.042-C2,63394,3,3182.25,5,6.25,middle50,True
B-G1.042-C2,63394,3,3216.25,1,34.0,middle50,True
B-G1.042-C2,63394,3,3220.75,1,4.5,middle50,True
B-G1.042-C2,63394,3,3227.5,1,6.75,middle50,True
B-G1.042-C2,63394,3,3237.5,1,10.0,middle50,True
B-G1.042-C2,63394,3,3244.25,1,6.75,middle50,True
B-G1.042-C2,63394,3,3252.25,1,8.0,middle50,True
B-G1.042-C2,63394,3,3283.75,1,31.5,middle50,True
B-G1.042-C2,63394,3,3289.25,1,5.5,middle50,True
B-G1.042-C2,63394,3,3296.0,1,6.75,middle50,True
B-G1.042-C2,63394,3,3302.25,1,6.25,middle50,True
B-G1.042-C2,63394,3,3305.5,4,3.25,middle50,True
B-G1.042-C2,63394,3,3335.25,1,29.75,middle50,True
B-G1.042-C2,63394,3,3342.75,1,7.5,middle50,True
B-G1.042-C2,63394,3,3359.75,1,17.0,middle50,True
B-G1.042-C2,63394,3,3383.5,1,23.75,late25,True
B-G1.042-C2,63394,3,3395.5,1,12.0,late25,True
B-G1.042-C2,63394,3,3401.5,1,6.0,late25,True
B-G1.042-C2,63394,3,3438.0,1,36.5,late25,True
B-G1.042-C2,63394,3,3446.25,1,8.25,late25,True
B-G1.042-C2,63394,3,3458.25,1,12.0,late25,True
B-G1.042-C2,63394,3,3476.75,3,18.5,late25,True
B-G1.042-C2,63394,3,3485.75,2,9.0,late25,True
B-G1.042-C2,63394,3,3488.0,2,2.25,late25,True
B-G1.042-C2,63394,3,3489.5,2,1.5,late25,True
B-G1.042-C2,63394,3,3490.75,1,1.25,late25,True
B-G1.042-C2,63394,3,3499.0,1,8.25,late25,True
B-G1.042-C2,63394,3,3505.5,1,6.5,late25,True
B-G1.042-C2,63394,3,3551.0,1,45.5,late25,True
B-G1.042-C2,63394,3,3561.5,1,10.5,late25,True
B-G1.042-C2,63394,3,3567.0,1,5.5,late25,True
B-G1.042-C2,63394,3,3582.5,3,15.5,late25,True
B-G1.042-C2,71313,0,0.25,3,,early25,False
B-G1.042-C2,71313,0,8.5,1,8.25,early25,False
B-G1.042-C2,71313,0,18.25,1,9.75,early25,False
B-G1.042-C2,71313,0,45.75,1,27.5,early25,False
B-G1.042-C2,71313,0,63.5,1,17.75,early25,False
B-G1.042-C2,71313,0,101.25,1,37.75,early25,False
B-G1.042-C2,71313,0,104.25,1,3.0,early25,False
B-G1.042-C2,71313,0,159.75,1,55.5,early25,False
B-G1.042-C2,71313,0,164.0,1,4.25,early25,False
B-G1.042-C2,71313,0,172.5,1,8.5,early25,False
B-G1.042-C2,71313,0,175.75,1,3.25,early25,False
B-G1.042-C2,71313,0,183.0,1,7.25,early25,False
B-G1.042-C2,71313,0,221.5,1,38.5,early25,False
B-G1.042-C2,71313,0,227.25,1,5.75,early25,False
B-G1.042-C2,71313,0,229.5,1,2.25,early25,False
B-G1.042-C2,71313,0,236.5,1,7.0,early25,False
B-G1.042-C2,71313,0,240.25,1,3.75,middle50,False
B-G1.042-C2,71313,0,277.5,1,37.25,middle50,False
B-G1.042-C2,71313,0,289.5,1,12.0,middle50,False
B-G1.042-C2,71313,0,301.0,1,11.5,middle50,False
B-G1.042-C2,71313,0,334.75,1,33.75,middle50,False
B-G1.042-C2,71313,0,346.0,1,11.25,middle50,False
B-G1.042-C2,71313,0,352.75,1,6.75,middle50,False
B-G1.042-C2,71313,0,357.25,1,4.5,middle50,False
B-G1.042-C2,71313,0,360.75,1,3.5,middle50,False
B-G1.042-C2,71313,0,521.0,1,160.25,middle50,False
B-G1.042-C2,71313,0,524.25,1,3.25,middle50,False
B-G1.042-C2,71313,0,534.25,1,10.0,middle50,False
B-G1.042-C2,71313,0,543.75,1,9.5,middle50,False
B-G1.042-C2,71313,0,575.25,1,31.5,middle50,False
B-G1.042-C2,71313,0,578.75,1,3.5,middle50,False
B-G1.042-C2,71313,0,585.75,1,7.0,middle50,False
B-G1.042-C2,71313,0,590.5,1,4.75,middle50,False
B-G1.042-C2,71313,0,597.75,1,7.25,middle50,False
B-G1.042-C2,71313,0,601.5,1,3.75,middle50,False
B-G1.042-C2,71313,0,609.25,1,7.75,middle50,False
B-G1.042-C2,71313,0,751.75,1,142.5,late25,False
B-G1.042-C2,71313,0,757.25,1,5.5,late25,False
B-G1.042-C2,71313,0,762.25,1,5.0,late25,False
B-G1.042-C2,71313,0,768.25,1,6.0,late25,False
B-G1.042-C2,71313,0,779.75,1,11.5,late25,False
B-G1.042-C2,71313,0,809.0,2,29.25,late25,False
B-G1.042-C2,71313,0,814.75,1,5.75,late25,False
B-G1.042-C2,71313,0,822.75,1,8.0,late25,False
B-G1.042-C2,71313,0,828.0,11,5.25,late25,False
B-G1.042-C2,71313,0,829.5,1,1.5,late25,False
B-G1.042-C2,71313,0,837.0,1,7.5,late25,False
B-G1.042-C2,71313,0,947.75,1,110.75,late25,False
B-G1.042-C2,71313,1,969.0,1,21.25,early25,False
B-G1.042-C2,71313,1,972.5,1,3.5,early25,False
B-G1.042-C2,71313,1,981.0,2,8.5,early25,False
B-G1.042-C2,71313,1,985.0,1,4.0,early25,False
B-G1.042-C2,71313,1,989.0,2,4.0,early25,False
B-G1.042-C2,71313,1,992.75,1,3.75,early25,False
B-G1.042-C2,71313,1,997.5,1,4.75,early25,False
B-G1.042-C2,71313,1,1026.25,1,28.75,early25,False
B-G1.042-C2,71313,1,1030.25,1,4.0,early25,False
B-G1.042-C2,71313,1,1033.25,1,3.0,early25,False
B-G1.042-C2,71313,1,1037.0,2,3.75,early25,False
B-G1.042-C2,71313,1,1048.5,1,11.5,early25,False
B-G1.042-C2,71313,1,1051.75,1,3.25,early25,False
B-G1.042-C2,71313,1,1053.5,1,1.75,early25,False
B-G1.042-C2,71313,1,1080.0,2,26.5,early25,False
B-G1.042-C2,71313,1,1086.25,1,6.25,early25,False
B-G1.042-C2,71313,1,1090.75,1,4.5,early25,False
B-G1.042-C2,71313,1,1098.75,3,8.0,early25,False
B-G1.042-C2,71313,1,1105.5,2,6.75,early25,False
B-G1.042-C2,71313,1,1109.25,1,3.75,early25,False
B-G1.042-C2,71313,1,1134.5,1,25.25,early25,False
B-G1.042-C2,71313,1,1139.5,17,5.0,early25,False
B-G1.042-C2,71313,1,1148.75,1,9.25,early25,False
B-G1.042-C2,71313,1,1156.75,1,8.0,early25,False
B-G1.042-C2,71313,1,1158.75,1,2.0,early25,False
B-G1.042-C2,71313,1,1160.5,1,1.75,early25,False
B-G1.042-C2,71313,1,1164.0,1,3.5,early25,False
B-G1.042-C2,71313,1,1166.0,1,2.0,early25,False
B-G1.042-C2,71313,1,1312.5,1,146.5,middle50,False
B-G1.042-C2,71313,1,1319.0,1,6.5,middle50,False
B-G1.042-C2,71313,1,1324.25,2,5.25,middle50,False
B-G1.042-C2,71313,1,1331.0,1,6.75,middle50,False
B-G1.042-C2,71313,1,1359.25,1,28.25,middle50,False
B-G1.042-C2,71313,1,1362.25,1,3.0,middle50,False
B-G1.042-C2,71313,1,1365.0,1,2.75,middle50,False
B-G1.042-C2,71313,1,1371.0,1,6.0,middle50,False
B-G1.042-C2,71313,1,1374.75,1,3.75,middle50,False
B-G1.042-C2,71313,1,1377.0,1,2.25,middle50,False
B-G1.042-C2,71313,1,1381.5,1,4.5,middle50,False
B-G1.042-C2,71313,1,1388.25,2,6.75,middle50,False
B-G1.042-C2,71313,1,1537.5,1,149.25,middle50,False
B-G1.042-C2,71313,1,1547.75,1,10.25,middle50,False
B-G1.042-C2,71313,1,1552.5,1,4.75,middle50,False
B-G1.042-C2,71313,1,1558.0,1,5.5,middle50,False
B-G1.042-C2,71313,1,1562.5,1,4.5,middle50,False
B-G1.042-C2,71313,1,1588.25,1,25.75,middle50,False
B-G1.042-C2,71313,1,1593.75,1,5.5,middle50,False
B-G1.042-C2,71313,1,1598.5,2,4.75,middle50,False
B-G1.042-C2,71313,1,1601.25,1,2.75,middle50,False
B-G1.042-C2,71313,1,1609.25,12,8.0,middle50,False
B-G1.042-C2,71313,1,1612.75,1,3.5,middle50,False
B-G1.042-C2,71313,1,1615.75,1,3.0,middle50,False
B-G1.042-C2,71313,1,1744.0,1,128.25,late25,False
B-G1.042-C2,71313,1,1756.25,1,12.25,late25,False
B-G1.042-C2,71313,1,1758.0,1,1.75,late25,False
B-G1.042-C2,71313,1,1768.0,1,10.0,late25,False
B-G1.042-C2,71313,1,1772.75,1,4.75,late25,False
B-G1.042-C2,71313,1,1799.75,1,27.0,late25,False
B-G1.042-C2,71313,1,1802.75,1,3.0,late25,False
B-G1.042-C2,71313,1,1808.75,1,6.0,late25,False
B-G1.042-C2,71313,1,1813.75,2,5.0,late25,False
B-G1.042-C2,71313,1,1817.75,1,4.0,late25,False
B-G1.042-C2,71313,1,1823.25,1,5.5,late25,False
B-G1.042-C2,71313,1,1825.5,1,2.25,late25,False
B-G1.042-C2,71313,1,1830.25,2,4.75,late25,False
B-G1.042-C2,71313,1,1841.75,4,11.5,late25,False
B-G1.042-C2,71313,1,1936.5,1,94.75,late25,False
B-G1.042-C2,71313,1,1940.0,2,3.5,late25,False
B-G1.042-C2,71313,1,1942.0,1,2.0,late25,False
B-G1.042-C2,71313,2,1955.75,1,13.75,early25,False
B-G1.042-C2,71313,2,1959.5,1,3.75,early25,False
B-G1.042-C2,71313,2,1961.0,1,1.5,early25,False
B-G1.042-C2,71313,2,1963.0,1,2.0,early25,False
B-G1.042-C2,71313,2,1966.75,2,3.75,early25,False
B-G1.042-C2,71313,2,1979.0,2,12.25,early25,False
B-G1.042-C2,71313,2,1982.5,1,3.5,early25,False
B-G1.042-C2,71313,2,1986.5,2,4.0,early25,False
B-G1.042-C2,71313,2,2014.25,2,27.75,early25,False
B-G1.042-C2,71313,2,2017.75,2,3.5,early25,False
B-G1.042-C2,71313,2,2020.25,1,2.5,early25,False
B-G1.042-C2,71313,2,2023.25,1,3.0,early25,False
B-G1.042-C2,71313,2,2026.0,19,2.75,early25,False
B-G1.042-C2,71313,2,2027.0,1,1.0,early25,False
B-G1.042-C2,71313,2,2028.25,1,1.25,early25,False
B-G1.042-C2,71313,2,2028.75,1,0.5,early25,False
B-G1.042-C2,71313,2,2033.5,1,4.75,early25,False
B-G1.042-C2,71313,2,2034.5,1,1.0,early25,False
B-G1.042-C2,71313,2,2037.0,1,2.5,early25,False
B-G1.042-C2,71313,2,2038.75,1,1.75,early25,False
B-G1.042-C2,71313,2,2040.0,1,1.25,early25,False
B-G1.042-C2,71313,2,2050.0,3,10.0,early25,False
B-G1.042-C2,71313,2,2067.0,1,17.0,early25,False
B-G1.042-C2,71313,2,2069.5,1,2.5,early25,False
B-G1.042-C2,71313,2,2071.75,1,2.25,early25,False
B-G1.042-C2,71313,2,2075.5,1,3.75,early25,False
B-G1.042-C2,71313,2,2088.0,2,12.5,early25,False
B-G1.042-C2,71313,2,2092.5,2,4.5,early25,False
B-G1.042-C2,71313,2,2121.0,1,28.5,early25,False
B-G1.042-C2,71313,2,2124.0,1,3.0,early25,False
B-G1.042-C2,71313,2,2128.5,2,4.5,early25,False
B-G1.042-C2,71313,2,2137.0,2,8.5,early25,False
B-G1.042-C2,71313,2,2145.0,2,8.0,early25,False
B-G1.042-C2,71313,2,2150.0,2,5.0,early25,False
B-G1.042-C2,71313,2,2173.75,2,23.75,early25,False
B-G1.042-C2,71313,2,2177.25,1,3.5,early25,False
B-G1.042-C2,71313,2,2185.25,2,8.0,early25,False
B-G1.042-C2,71313,2,2190.75,2,5.5,early25,False
B-G1.042-C2,71313,2,2196.0,2,5.25,early25,False
B-G1.042-C2,71313,2,2198.5,1,2.5,early25,False
B-G1.042-C2,71313,2,2231.0,2,32.5,middle50,False
B-G1.042-C2,71313,2,2232.75,1,1.75,middle50,False
B-G1.042-C2,71313,2,2234.75,1,2.0,middle50,False
B-G1.042-C2,71313,2,2236.75,1,2.0,middle50,False
B-G1.042-C2,71313,2,2238.75,2,2.0,middle50,False
B-G1.042-C2,71313,2,2243.25,2,4.5,middle50,False
B-G1.042-C2,71313,2,2248.0,2,4.75,middle50,False
B-G1.042-C2,71313,2,2252.75,2,4.75,middle50,False
B-G1.042-C2,71313,2,2415.75,2,163.0,middle50,False
B-G1.042-C2,71313,2,2419.0,1,3.25,middle50,False
B-G1.042-C2,71313,2,2422.25,1,3.25,middle50,False
B-G1.042-C2,71313,2,2425.0,1,2.75,middle50,False
B-G1.042-C2,71313,2,2428.75,1,3.75,middle50,False
B-G1.042-C2,71313,2,2432.75,1,4.0,middle50,False
B-G1.042-C2,71313,2,2436.5,2,3.75,middle50,False
B-G1.042-C2,71313,2,2440.75,1,4.25,middle50,False
B-G1.042-C2,71313,2,2444.0,1,3.25,middle50,False
B-G1.042-C2,71313,2,2468.25,12,24.25,middle50,False
B-G1.042-C2,71313,2,2473.5,2,5.25,middle50,False
B-G1.042-C2,71313,2,2482.5,1,9.0,middle50,False
B-G1.042-C2,71313,2,2484.5,1,2.0,middle50,False
B-G1.042-C2,71313,2,2490.75,2,6.25,middle50,False
B-G1.042-C2,71313,2,2631.25,1,140.5,middle50,False
B-G1.042-C2,71313,2,2638.25,1,7.0,middle50,False
B-G1.042-C2,71313,2,2643.75,1,5.5,middle50,False
B-G1.042-C2,71313,2,2647.25,1,3.5,middle50,False
B-G1.042-C2,71313,2,2651.0,1,3.75,middle50,False
B-G1.042-C2,71313,2,2685.75,1,34.75,middle50,False
B-G1.042-C2,71313,2,2688.25,1,2.5,middle50,False
B-G1.042-C2,71313,2,2695.25,1,7.0,middle50,False
B-G1.042-C2,71313,2,2700.0,1,4.75,middle50,False
B-G1.042-C2,71313,2,2706.25,1,6.25,middle50,False
B-G1.042-C2,71313,2,2708.75,1,2.5,middle50,False
B-G1.042-C2,71313,2,2712.5,1,3.75,middle50,False
B-G1.042-C2,71313,2,2714.5,1,2.0,middle50,False
B-G1.042-C2,71313,2,2844.5,1,130.0,late25,False
B-G1.042-C2,71313,2,2847.5,1,3.0,late25,False
B-G1.042-C2,71313,2,2855.25,2,7.75,late25,False
B-G1.042-C2,71313,2,2859.75,1,4.5,late25,False
B-G1.042-C2,71313,2,2864.25,1,4.5,late25,False
B-G1.042-C2,71313,2,2867.25,1,3.0,late25,False
B-G1.042-C2,71313,2,2901.75,1,34.5,late25,False
B-G1.042-C2,71313,2,2909.75,1,8.0,late25,False
B-G1.042-C2,71313,2,2913.25,2,3.5,late25,False
B-G1.042-C2,71313,2,2917.0,1,3.75,late25,False
B-G1.042-C2,71313,2,2918.75,1,1.75,late25,False
B-G1.042-C2,71313,2,2923.5,1,4.75,late25,False
B-G1.042-C2,71313,2,2925.75,1,2.25,late25,False
B-G1.042-C2,71313,2,2928.25,1,2.5,late25,False
B-G1.042-C2,71313,2,2942.75,6,14.5,late25,False
B-G1.042-C2,71313,3,3061.75,1,119.0,early25,True
B-G1.042-C2,71313,3,3065.25,1,3.5,early25,True
B-G1.042-C2,71313,3,3074.75,1,9.5,early25,True
B-G1.042-C2,71313,3,3080.75,2,6.0,early25,True
B-G1.042-C2,71313,3,3086.75,2,6.0,early25,True
B-G1.042-C2,71313,3,3120.75,2,34.0,early25,True
B-G1.042-C2,71313,3,3127.25,2,6.5,early25,True
B-G1.042-C2,71313,3,3133.5,2,6.25,early25,True
B-G1.042-C2,71313,3,3136.75,1,3.25,early25,True
B-G1.042-C2,71313,3,3143.0,1,6.25,early25,True
B-G1.042-C2,71313,3,3145.0,1,2.0,early25,True
B-G1.042-C2,71313,3,3159.5,9,14.5,early25,True
B-G1.042-C2,71313,3,3170.0,1,10.5,early25,True
B-G1.042-C2,71313,3,3174.25,1,4.25,early25,True
B-G1.042-C2,71313,3,3178.25,1,4.0,early25,True
B-G1.042-C2,71313,3,3184.5,1,6.25,middle50,True
B-G1.042-C2,71313,3,3189.75,2,5.25,middle50,True
B-G1.042-C2,71313,3,3195.75,1,6.0,middle50,True
B-G1.042-C2,71313,3,3200.5,1,4.75,middle50,True
B-G1.042-C2,71313,3,3226.0,11,25.5,middle50,True
B-G1.042-C2,71313,3,3237.0,1,11.0,middle50,True
B-G1.042-C2,71313,3,3244.5,1,7.5,middle50,True
B-G1.042-C2,71313,3,3255.5,2,11.0,middle50,True
B-G1.042-C2,71313,3,3266.75,7,11.25,middle50,True
B-G1.042-C2,71313,3,3280.5,1,13.75,middle50,True
B-G1.042-C2,71313,3,3287.5,2,7.0,middle50,True
B-G1.042-C2,71313,3,3291.0,1,3.5,middle50,True
B-G1.042-C2,71313,3,3294.5,1,3.5,middle50,True
B-G1.042-C2,71313,3,3299.0,1,4.5,middle50,True
B-G1.042-C2,71313,3,3303.0,1,4.0,middle50,True
B-G1.042-C2,71313,3,3306.5,1,3.5,middle50,True
B-G1.042-C2,71313,3,3332.0,1,25.5,middle50,True
B-G1.042-C2,71313,3,3338.5,10,6.5,middle50,True
B-G1.042-C2,71313,3,3344.0,1,5.5,middle50,True
B-G1.042-C2,71313,3,3346.0,4,2.0,middle50,True
B-G1.042-C2,71313,3,3363.25,1,17.25,middle50,True
B-G1.042-C2,71313,3,3381.5,1,18.25,middle50,True
B-G1.042-C2,71313,3,3386.0,1,4.5,middle50,True
B-G1.042-C2,71313,3,3392.0,1,6.0,middle50,True
B-G1.042-C2,71313,3,3399.5,1,7.5,middle50,True
B-G1.042-C2,71313,3,3403.25,1,3.75,middle50,True
B-G1.042-C2,71313,3,3406.25,1,3.0,middle50,True
B-G1.042-C2,71313,3,3410.25,6,4.0,middle50,True
B-G1.042-C2,71313,3,3438.5,1,28.25,middle50,True
B-G1.042-C2,71313,3,3448.75,1,10.25,middle50,True
B-G1.042-C2,71313,3,3454.75,1,6.0,middle50,True
B-G1.042-C2,71313,3,3460.5,1,5.75,late25,True
B-G1.042-C2,71313,3,3462.5,1,2.0,late25,True
B-G1.042-C2,71313,3,3474.5,1,12.0,late25,True
B-G1.042-C2,71313,3,3492.25,1,17.75,late25,True
B-G1.042-C2,71313,3,3505.5,1,13.25,late25,True
B-G1.042-C2,71313,3,3509.5,1,4.0,late25,True
B-G1.042-C2,71313,3,3516.25,1,6.75,late25,True
B-G1.042-C2,71313,3,3548.0,1,31.75,late25,True
B-G1.042-C2,71313,3,3552.25,1,4.25,late25,True
B-G1.042-C2,71313,3,3558.75,1,6.5,late25,True
B-G1.042-C2,71313,3,3564.0,1,5.25,late25,True
B-G1.042-C2,71313,3,3569.25,1,5.25,late25,True
B-G1.042-C2,71313,3,3580.5,1,11.25,late25,True
B-G1.042-C3,42,0,0.25,3,,early25,False
B-G1.042-C3,42,0,8.25,1,8.0,early25,False
B-G1.042-C3,42,0,22.0,1,13.75,early25,False
B-G1.042-C3,42,0,46.75,1,24.75,early25,False
B-G1.042-C3,42,0,58.0,1,11.25,early25,False
B-G1.042-C3,42,0,98.25,1,40.25,early25,False
B-G1.042-C3,42,0,108.25,1,10.0,early25,False
B-G1.042-C3,42,0,159.25,1,51.0,early25,False
B-G1.042-C3,42,0,170.25,1,11.0,early25,False
B-G1.042-C3,42,0,174.5,1,4.25,early25,False
B-G1.042-C3,42,0,216.5,1,42.0,middle50,False
B-G1.042-C3,42,0,219.25,1,2.75,middle50,False
B-G1.042-C3,42,0,227.0,1,7.75,middle50,False
B-G1.042-C3,42,0,232.5,1,5.5,middle50,False
B-G1.042-C3,42,0,235.5,1,3.0,middle50,False
B-G1.042-C3,42,0,241.25,1,5.75,middle50,False
B-G1.042-C3,42,0,275.5,1,34.25,middle50,False
B-G1.042-C3,42,0,291.0,1,15.5,middle50,False
B-G1.042-C3,42,0,294.5,1,3.5,middle50,False
B-G1.042-C3,42,0,331.0,1,36.5,middle50,False
B-G1.042-C3,42,0,340.25,1,9.25,middle50,False
B-G1.042-C3,42,0,342.25,1,2.0,middle50,False
B-G1.042-C3,42,0,350.5,1,8.25,middle50,False
B-G1.042-C3,42,0,353.25,1,2.75,middle50,False
B-G1.042-C3,42,0,366.75,1,13.5,middle50,False
B-G1.042-C3,42,0,520.25,1,153.5,middle50,False
B-G1.042-C3,42,0,525.75,1,5.5,middle50,False
B-G1.042-C3,42,0,532.5,1,6.75,middle50,False
B-G1.042-C3,42,0,544.0,1,11.5,middle50,False
B-G1.042-C3,42,0,553.25,1,9.25,middle50,False
B-G1.042-C3,42,0,575.75,1,22.5,middle50,False
B-G1.042-C3,42,0,584.0,1,8.25,middle50,False
B-G1.042-C3,42,0,591.5,2,7.5,middle50,False
B-G1.042-C3,42,0,601.0,1,9.5,middle50,False
B-G1.042-C3,42,0,607.5,12,6.5,middle50,False
B-G1.042-C3,42,0,631.5,1,24.0,late25,False
B-G1.042-C3,42,0,689.5,1,58.0,late25,False
B-G1.042-C3,42,0,696.25,1,6.75,late25,False
B-G1.042-C3,42,0,701.0,1,4.75,late25,False
B-G1.042-C3,42,0,703.25,1,2.25,late25,False
B-G1.042-C3,42,0,708.5,1,5.25,late25,False
B-G1.042-C3,42,0,710.5,1,2.0,late25,False
B-G1.042-C3,42,0,714.75,1,4.25,late25,False
B-G1.042-C3,42,1,844.5,2,129.75,early25,False
B-G1.042-C3,42,1,846.25,1,1.75,early25,False
B-G1.042-C3,42,1,849.5,1,3.25,early25,False
B-G1.042-C3,42,1,854.0,1,4.5,early25,False
B-G1.042-C3,42,1,857.0,1,3.0,early25,False
B-G1.042-C3,42,1,863.5,1,6.5,early25,False
B-G1.042-C3,42,1,871.25,1,7.75,early25,False
B-G1.042-C3,42,1,900.25,1,29.0,early25,False
B-G1.042-C3,42,1,904.25,1,4.0,early25,False
B-G1.042-C3,42,1,908.25,2,4.0,early25,False
B-G1.042-C3,42,1,909.25,1,1.0,early25,False
B-G1.042-C3,42,1,922.0,1,12.75,early25,False
B-G1.042-C3,42,1,924.0,2,2.0,early25,False
B-G1.042-C3,42,1,927.75,2,3.75,early25,False
B-G1.042-C3,42,1,959.75,2,32.0,early25,False
B-G1.042-C3,42,1,965.5,1,5.75,early25,False
B-G1.042-C3,42,1,967.25,1,1.75,early25,False
B-G1.042-C3,42,1,969.5,1,2.25,early25,False
B-G1.042-C3,42,1,976.5,1,7.0,early25,False
B-G1.042-C3,42,1,981.75,1,5.25,early25,False
B-G1.042-C3,42,1,1013.5,2,31.75,early25,False
B-G1.042-C3,42,1,1023.25,1,9.75,middle50,False
B-G1.042-C3,42,1,1035.25,2,12.0,middle50,False
B-G1.042-C3,42,1,1039.75,2,4.5,middle50,False
B-G1.042-C3,42,1,1049.25,1,9.5,middle50,False
B-G1.042-C3,42,1,1066.25,1,17.0,middle50,False
B-G1.042-C3,42,1,1071.25,1,5.0,middle50,False
B-G1.042-C3,42,1,1075.75,1,4.5,middle50,False
B-G1.042-C3,42,1,1081.75,1,6.0,middle50,False
B-G1.042-C3,42,1,1088.75,3,7.0,middle50,False
B-G1.042-C3,42,1,1095.0,1,6.25,middle50,False
B-G1.042-C3,42,1,1098.5,1,3.5,middle50,False
B-G1.042-C3,42,1,1123.5,1,25.0,middle50,False
B-G1.042-C3,42,1,1128.0,16,4.5,middle50,False
B-G1.042-C3,42,1,1130.5,1,2.5,middle50,False
B-G1.042-C3,42,1,1134.0,2,3.5,middle50,False
B-G1.042-C3,42,1,1147.25,1,13.25,middle50,False
B-G1.042-C3,42,1,1150.75,1,3.5,middle50,False
B-G1.042-C3,42,1,1155.5,1,4.75,middle50,False
B-G1.042-C3,42,1,1162.25,4,6.75,middle50,False
B-G1.042-C3,42,1,1286.75,1,124.5,middle50,False
B-G1.042-C3,42,1,1289.5,1,2.75,middle50,False
B-G1.042-C3,42,1,1293.25,1,3.75,middle50,False
B-G1.042-C3,42,1,1298.5,1,5.25,middle50,False
B-G1.042-C3,42,1,1302.5,1,4.0,middle50,False
B-G1.042-C3,42,1,1311.75,1,9.25,middle50,False
B-G1.042-C3,42,1,1342.5,1,30.75,middle50,False
B-G1.042-C3,42,1,1348.5,2,6.0,middle50,False
B-G1.042-C3,42,1,1354.25,1,5.75,middle50,False
B-G1.042-C3,42,1,1358.0,1,3.75,middle50,False
B-G1.042-C3,42,1,1363.5,1,5.5,middle50,False
B-G1.042-C3,42,1,1367.25,1,3.75,middle50,False
B-G1.042-C3,42,1,1370.5,1,3.25,middle50,False
B-G1.042-C3,42,1,1377.75,1,7.25,middle50,False
B-G1.042-C3,42,1,1394.75,1,17.0,middle50,False
B-G1.042-C3,42,1,1397.5,1,2.75,middle50,False
B-G1.042-C3,42,1,1401.75,1,4.25,late25,False
B-G1.042-C3,42,1,1405.0,1,3.25,late25,False
B-G1.042-C3,42,1,1406.25,1,1.25,late25,False
B-G1.042-C3,42,1,1409.5,1,3.25,late25,False
B-G1.042-C3,42,1,1417.25,1,7.75,late25,False
B-G1.042-C3,42,1,1421.5,1,4.25,late25,False
B-G1.042-C3,42,1,1448.25,1,26.75,late25,False
B-G1.042-C3,42,1,1450.25,1,2.0,late25,False
B-G1.042-C3,42,1,1452.25,1,2.0,late25,False
B-G1.042-C3,42,1,1455.25,1,3.0,late25,False
B-G1.042-C3,42,1,1458.75,1,3.5,late25,False
B-G1.042-C3,42,1,1464.0,1,5.25,late25,False
B-G1.042-C3,42,1,1467.75,1,3.75,late25,False
B-G1.042-C3,42,1,1473.5,1,5.75,late25,False
B-G1.042-C3,42,1,1477.25,1,3.75,late25,False
B-G1.042-C3,42,1,1484.75,1,7.5,late25,False
B-G1.042-C3,42,1,1585.75,1,101.0,late25,False
B-G1.042-C3,42,2,1595.75,2,10.0,early25,False
B-G1.042-C3,42,2,1606.0,2,10.25,early25,False
B-G1.042-C3,42,2,1608.0,1,2.0,early25,False
B-G1.042-C3,42,2,1610.25,2,2.25,early25,False
B-G1.042-C3,42,2,1614.0,2,3.75,early25,False
B-G1.042-C3,42,2,1616.25,1,2.25,early25,False
B-G1.042-C3,42,2,1618.25,1,2.0,early25,False
B-G1.042-C3,42,2,1622.0,2,3.75,early25,False
B-G1.042-C3,42,2,1625.25,2,3.25,early25,False
B-G1.042-C3,42,2,1627.5,1,2.25,early25,False
B-G1.042-C3,42,2,1630.5,2,3.0,early25,False
B-G1.042-C3,42,2,1633.25,10,2.75,early25,False
B-G1.042-C3,42,2,1634.75,1,1.5,early25,False
B-G1.042-C3,42,2,1664.5,1,29.75,early25,False
B-G1.042-C3,42,2,1665.75,1,1.25,early25,False
B-G1.042-C3,42,2,1668.75,1,3.0,early25,False
B-G1.042-C3,42,2,1670.25,1,1.5,early25,False
B-G1.042-C3,42,2,1675.5,2,5.25,early25,False
B-G1.042-C3,42,2,1676.0,1,0.5,early25,False
B-G1.042-C3,42,2,1687.25,3,11.25,early25,False
B-G1.042-C3,42,2,1699.0,1,11.75,early25,False
B-G1.042-C3,42,2,1711.75,1,12.75,early25,False
B-G1.042-C3,42,2,1716.0,1,4.25,early25,False
B-G1.042-C3,42,2,1719.75,1,3.75,early25,False
B-G1.042-C3,42,2,1724.5,2,4.75,early25,False
B-G1.042-C3,42,2,1730.5,2,6.0,early25,False
B-G1.042-C3,42,2,1736.0,2,5.5,early25,False
B-G1.042-C3,42,2,1739.0,1,3.0,early25,False
B-G1.042-C3,42,2,1743.0,2,4.0,early25,False
B-G1.042-C3,42,2,1770.75,14,27.75,early25,False
B-G1.042-C3,42,2,1774.75,1,4.0,early25,False
B-G1.042-C3,42,2,1788.75,3,14.0,early25,False
B-G1.042-C3,42,2,1796.25,2,7.5,early25,False
B-G1.042-C3,42,2,1806.25,2,10.0,early25,False
B-G1.042-C3,42,2,1812.5,5,6.25,early25,False
B-G1.042-C3,42,2,1821.75,1,9.25,early25,False
B-G1.042-C3,42,2,1823.75,1,2.0,early25,False
B-G1.042-C3,42,2,1826.75,1,3.0,early25,False
B-G1.042-C3,42,2,1832.75,2,6.0,early25,False
B-G1.042-C3,42,2,1838.75,2,6.0,early25,False
B-G1.042-C3,42,2,1848.5,2,9.75,early25,False
B-G1.042-C3,42,2,1851.5,1,3.0,early25,False
B-G1.042-C3,42,2,1880.0,1,28.5,middle50,False
B-G1.042-C3,42,2,1884.25,2,4.25,middle50,False
B-G1.042-C3,42,2,1889.5,1,5.25,middle50,False
B-G1.042-C3,42,2,1892.0,1,2.5,middle50,False
B-G1.042-C3,42,2,1895.0,1,3.0,middle50,False
B-G1.042-C3,42,2,1899.25,2,4.25,middle50,False
B-G1.042-C3,42,2,1902.75,2,3.5,middle50,False
B-G1.042-C3,42,2,1906.0,1,3.25,middle50,False
B-G1.042-C3,42,2,1909.25,1,3.25,middle50,False
B-G1.042-C3,42,2,1921.0,4,11.75,middle50,False
B-G1.042-C3,42,2,2055.5,1,134.5,middle50,False
B-G1.042-C3,42,2,2057.75,1,2.25,middle50,False
B-G1.042-C3,42,2,2064.5,1,6.75,middle50,False
B-G1.042-C3,42,2,2067.5,1,3.0,middle50,False
B-G1.042-C3,42,2,2075.0,1,7.5,middle50,False
B-G1.042-C3,42,2,2105.5,1,30.5,middle50,False
B-G1.042-C3,42,2,2109.5,1,4.0,middle50,False
B-G1.042-C3,42,2,2113.5,2,4.0,middle50,False
B-G1.042-C3,42,2,2117.5,1,4.0,middle50,False
B-G1.042-C3,42,2,2120.0,1,2.5,middle50,False
B-G1.042-C3,42,2,2121.25,1,1.25,middle50,False
B-G1.042-C3,42,2,2123.5,1,2.25,middle50,False
B-G1.042-C3,42,2,2130.25,2,6.75,middle50,False
B-G1.042-C3,42,2,2132.25,1,2.0,middle50,False
B-G1.042-C3,42,2,2136.25,1,4.0,middle50,False
B-G1.042-C3,42,2,2144.25,1,8.0,middle50,False
B-G1.042-C3,42,2,2161.75,1,17.5,middle50,False
B-G1.042-C3,42,2,2165.25,1,3.5,middle50,False
B-G1.042-C3,42,2,2167.0,1,1.75,middle50,False
B-G1.042-C3,42,2,2170.5,1,3.5,middle50,False
B-G1.042-C3,42,2,2172.25,1,1.75,middle50,False
B-G1.042-C3,42,2,2175.5,1,3.25,middle50,False
B-G1.042-C3,42,2,2184.25,1,8.75,middle50,False
B-G1.042-C3,42,2,2212.75,1,28.5,middle50,False
B-G1.042-C3,42,2,2215.75,1,3.0,middle50,False
B-G1.042-C3,42,2,2217.5,1,1.75,middle50,False
B-G1.042-C3,42,2,2226.75,1,9.25,middle50,False
B-G1.042-C3,42,2,2229.5,1,2.75,middle50,False
B-G1.042-C3,42,2,2232.25,1,2.75,middle50,False
B-G1.042-C3,42,2,2236.25,1,4.0,middle50,False
B-G1.042-C3,42,2,2240.0,2,3.75,middle50,False
B-G1.042-C3,42,2,2245.25,1,5.25,middle50,False
B-G1.042-C3,42,2,2257.25,3,12.0,middle50,False
B-G1.042-C3,42,2,2385.5,1,128.25,middle50,False
B-G1.042-C3,42,2,2391.0,2,5.5,middle50,False
B-G1.042-C3,42,2,2397.25,2,6.25,middle50,False
B-G1.042-C3,42,2,2402.25,1,5.0,middle50,False
B-G1.042-C3,42,2,2407.25,1,5.0,middle50,False
B-G1.042-C3,42,2,2439.75,1,32.5,late25,False
B-G1.042-C3,42,2,2443.5,1,3.75,late25,False
B-G1.042-C3,42,2,2447.0,2,3.5,late25,False
B-G1.042-C3,42,2,2449.5,1,2.5,late25,False
B-G1.042-C3,42,2,2453.25,1,3.75,late25,False
B-G1.042-C3,42,2,2456.0,1,2.75,late25,False
B-G1.042-C3,42,2,2459.5,1,3.5,late25,False
B-G1.042-C3,42,2,2461.5,1,2.0,late25,False
B-G1.042-C3,42,2,2464.75,1,3.25,late25,False
B-G1.042-C3,42,2,2472.25,1,7.5,late25,False
B-G1.042-C3,42,2,2486.75,1,14.5,late25,False
B-G1.042-C3,42,2,2490.25,1,3.5,late25,False
B-G1.042-C3,42,2,2496.5,1,6.25,late25,False
B-G1.042-C3,42,2,2504.0,1,7.5,late25,False
B-G1.042-C3,42,2,2508.25,1,4.25,late25,False
B-G1.042-C3,42,2,2511.5,1,3.25,late25,False
B-G1.042-C3,42,2,2547.75,1,36.25,late25,False
B-G1.042-C3,42,2,2554.5,1,6.75,late25,False
B-G1.042-C3,42,2,2560.5,2,6.0,late25,False
B-G1.042-C3,42,2,2566.25,1,5.75,late25,False
B-G1.042-C3,42,2,2569.75,1,3.5,late25,False
B-G1.042-C3,42,2,2572.0,1,2.25,late25,False
B-G1.042-C3,42,3,2704.25,2,132.25,early25,True
B-G1.042-C3,42,3,2707.25,2,3.0,early25,True
B-G1.042-C3,42,3,2710.5,1,3.25,early25,True
B-G1.042-C3,42,3,2715.25,2,4.75,early25,True
B-G1.042-C3,42,3,2718.0,1,2.75,early25,True
B-G1.042-C3,42,3,2722.25,1,4.25,early25,True
B-G1.042-C3,42,3,2726.75,2,4.5,early25,True
B-G1.042-C3,42,3,2732.0,1,5.25,early25,True
B-G1.042-C3,42,3,2737.0,2,5.0,early25,True
B-G1.042-C3,42,3,2760.5,1,23.5,early25,True
B-G1.042-C3,42,3,2763.5,1,3.0,early25,True
B-G1.042-C3,42,3,2766.75,1,3.25,early25,True
B-G1.042-C3,42,3,2770.75,14,4.0,early25,True
B-G1.042-C3,42,3,2779.25,1,8.5,early25,True
B-G1.042-C3,42,3,2780.75,1,1.5,early25,True
B-G1.042-C3,42,3,2784.5,1,3.75,early25,True
B-G1.042-C3,42,3,2788.0,1,3.5,early25,True
B-G1.042-C3,42,3,2808.75,1,20.75,early25,True
B-G1.042-C3,42,3,2813.5,1,4.75,early25,True
B-G1.042-C3,42,3,2815.0,1,1.5,early25,True
B-G1.042-C3,42,3,2825.75,2,10.75,early25,True
B-G1.042-C3,42,3,2833.5,1,7.75,early25,True
B-G1.042-C3,42,3,2866.25,2,32.75,early25,True
B-G1.042-C3,42,3,2872.75,2,6.5,early25,True
B-G1.042-C3,42,3,2887.5,2,14.75,early25,True
B-G1.042-C3,42,3,2893.75,1,6.25,early25,True
B-G1.042-C3,42,3,2902.0,3,8.25,early25,True
B-G1.042-C3,42,3,2913.75,1,11.75,early25,True
B-G1.042-C3,42,3,2918.75,1,5.0,middle50,True
B-G1.042-C3,42,3,2926.5,1,7.75,middle50,True
B-G1.042-C3,42,3,2929.0,1,2.5,middle50,True
B-G1.042-C3,42,3,2935.25,1,6.25,middle50,True
B-G1.042-C3,42,3,2939.25,1,4.0,middle50,True
B-G1.042-C3,42,3,2942.5,1,3.25,middle50,True
B-G1.042-C3,42,3,2969.25,1,26.75,middle50,True
B-G1.042-C3,42,3,2971.5,6,2.25,middle50,True
B-G1.042-C3,42,3,2974.25,1,2.75,middle50,True
B-G1.042-C3,42,3,2992.25,2,18.0,middle50,True
B-G1.042-C3,42,3,2997.5,1,5.25,middle50,True
B-G1.042-C3,42,3,2999.75,1,2.25,middle50,True
B-G1.042-C3,42,3,3017.75,1,18.0,middle50,True
B-G1.042-C3,42,3,3023.75,1,6.0,middle50,True
B-G1.042-C3,42,3,3030.0,1,6.25,middle50,True
B-G1.042-C3,42,3,3032.0,1,2.0,middle50,True
B-G1.042-C3,42,3,3042.25,1,10.25,middle50,True
B-G1.042-C3,42,3,3079.5,2,37.25,middle50,True
B-G1.042-C3,42,3,3084.75,1,5.25,middle50,True
B-G1.042-C3,42,3,3087.5,1,2.75,middle50,True
B-G1.042-C3,42,3,3093.0,1,5.5,middle50,True
B-G1.042-C3,42,3,3098.25,1,5.25,middle50,True
B-G1.042-C3,42,3,3114.0,4,15.75,middle50,True
B-G1.042-C3,42,3,3125.25,1,11.25,middle50,True
B-G1.042-C3,42,3,3128.75,1,3.5,middle50,True
B-G1.042-C3,42,3,3136.75,1,8.0,middle50,True
B-G1.042-C3,42,3,3141.0,1,4.25,middle50,True
B-G1.042-C3,42,3,3148.5,1,7.5,middle50,True
B-G1.042-C3,42,3,3156.0,7,7.5,middle50,True
B-G1.042-C3,42,3,3180.25,3,24.25,middle50,True
B-G1.042-C3,42,3,3188.75,1,8.5,middle50,True
B-G1.042-C3,42,3,3195.5,1,6.75,middle50,True
B-G1.042-C3,42,3,3202.25,1,6.75,middle50,True
B-G1.042-C3,42,3,3211.0,1,8.75,middle50,True
B-G1.042-C3,42,3,3241.0,1,30.0,middle50,True
B-G1.042-C3,42,3,3249.25,1,8.25,middle50,True
B-G1.042-C3,42,3,3255.5,1,6.25,middle50,True
B-G1.042-C3,42,3,3288.5,1,33.0,middle50,True
B-G1.042-C3,42,3,3295.25,1,6.75,middle50,True
B-G1.042-C3,42,3,3304.25,1,9.0,middle50,True
B-G1.042-C3,42,3,3310.25,1,6.0,middle50,True
B-G1.042-C3,42,3,3341.5,1,31.25,middle50,True
B-G1.042-C3,42,3,3359.25,1,17.75,middle50,True
B-G1.042-C3,42,3,3366.0,1,6.75,middle50,True
B-G1.042-C3,42,3,3399.75,1,33.75,late25,True
B-G1.042-C3,42,3,3406.75,1,7.0,late25,True
B-G1.042-C3,42,3,3416.75,1,10.0,late25,True
B-G1.042-C3,42,3,3443.25,1,26.5,late25,True
B-G1.042-C3,42,3,3448.0,1,4.75,late25,True
B-G1.042-C3,42,3,3464.75,1,16.75,late25,True
B-G1.042-C3,42,3,3497.0,1,32.25,late25,True
B-G1.042-C3,42,3,3503.5,1,6.5,late25,True
B-G1.042-C3,42,3,3510.5,1,7.0,late25,True
B-G1.042-C3,42,3,3516.0,1,5.5,late25,True
B-G1.042-C3,42,3,3521.5,1,5.5,late25,True
B-G1.042-C3,42,3,3552.75,1,31.25,late25,True
B-G1.042-C3,42,3,3556.5,1,3.75,late25,True
B-G1.042-C3,42,3,3564.25,1,7.75,late25,True
B-G1.042-C3,42,3,3569.0,1,4.75,late25,True
B-G1.042-C3,42,3,3573.75,1,4.75,late25,True
B-G1.042-C3,7961,0,0.25,3,,early25,False
B-G1.042-C3,7961,0,8.25,1,8.0,early25,False
B-G1.042-C3,7961,0,17.25,1,9.0,early25,False
B-G1.042-C3,7961,0,39.25,1,22.0,early25,False
B-G1.042-C3,7961,0,54.5,1,15.25,early25,False
B-G1.042-C3,7961,0,109.0,1,54.5,early25,False
B-G1.042-C3,7961,0,112.25,1,3.25,early25,False
B-G1.042-C3,7961,0,116.75,1,4.5,early25,False
B-G1.042-C3,7961,0,170.25,1,53.5,early25,False
B-G1.042-C3,7961,0,177.5,1,7.25,early25,False
B-G1.042-C3,7961,0,209.25,1,31.75,middle50,False
B-G1.042-C3,7961,0,218.75,1,9.5,middle50,False
B-G1.042-C3,7961,0,228.75,1,10.0,middle50,False
B-G1.042-C3,7961,0,234.75,1,6.0,middle50,False
B-G1.042-C3,7961,0,244.25,1,9.5,middle50,False
B-G1.042-C3,7961,0,282.75,1,38.5,middle50,False
B-G1.042-C3,7961,0,289.25,1,6.5,middle50,False
B-G1.042-C3,7961,0,299.5,1,10.25,middle50,False
B-G1.042-C3,7961,0,331.75,1,32.25,middle50,False
B-G1.042-C3,7961,0,343.75,1,12.0,middle50,False
B-G1.042-C3,7961,0,349.5,1,5.75,middle50,False
B-G1.042-C3,7961,0,354.5,1,5.0,middle50,False
B-G1.042-C3,7961,0,366.5,1,12.0,middle50,False
B-G1.042-C3,7961,0,524.0,1,157.5,middle50,False
B-G1.042-C3,7961,0,532.0,1,8.0,middle50,False
B-G1.042-C3,7961,0,535.5,1,3.5,middle50,False
B-G1.042-C3,7961,0,572.25,1,36.75,middle50,False
B-G1.042-C3,7961,0,577.0,1,4.75,middle50,False
B-G1.042-C3,7961,0,584.75,1,7.75,middle50,False
B-G1.042-C3,7961,0,588.75,1,4.0,middle50,False
B-G1.042-C3,7961,0,594.25,1,5.5,middle50,False
B-G1.042-C3,7961,0,597.0,1,2.75,middle50,False
B-G1.042-C3,7961,0,601.75,1,4.75,middle50,False
B-G1.042-C3,7961,0,610.75,1,9.0,middle50,False
B-G1.042-C3,7961,0,636.75,1,26.0,late25,False
B-G1.042-C3,7961,0,643.5,1,6.75,late25,False
B-G1.042-C3,7961,0,649.0,1,5.5,late25,False
B-G1.042-C3,7961,0,655.0,1,6.0,late25,False
B-G1.042-C3,7961,0,661.75,1,6.75,late25,False
B-G1.042-C3,7961,0,693.0,1,31.25,late25,False
B-G1.042-C3,7961,0,697.5,1,4.5,late25,False
B-G1.042-C3,7961,0,706.0,1,8.5,late25,False
B-G1.042-C3,7961,0,711.75,1,5.75,late25,False
B-G1.042-C3,7961,0,716.5,1,4.75,late25,False
B-G1.042-C3,7961,0,725.5,1,9.0,late25,False
B-G1.042-C3,7961,1,860.0,1,134.5,early25,False
B-G1.042-C3,7961,1,862.75,1,2.75,early25,False
B-G1.042-C3,7961,1,867.5,2,4.75,early25,False
B-G1.042-C3,7961,1,874.25,2,6.75,early25,False
B-G1.042-C3,7961,1,880.0,1,5.75,early25,False
B-G1.042-C3,7961,1,886.5,2,6.5,early25,False
B-G1.042-C3,7961,1,892.0,1,5.5,early25,False
B-G1.042-C3,7961,1,916.25,2,24.25,early25,False
B-G1.042-C3,7961,1,921.75,2,5.5,early25,False
B-G1.042-C3,7961,1,927.5,2,5.75,early25,False
B-G1.042-C3,7961,1,932.25,2,4.75,early25,False
B-G1.042-C3,7961,1,935.25,1,3.0,early25,False
B-G1.042-C3,7961,1,942.5,2,7.25,early25,False
B-G1.042-C3,7961,1,949.0,2,6.5,early25,False
B-G1.042-C3,7961,1,967.5,1,18.5,early25,False
B-G1.042-C3,7961,1,976.5,1,9.0,early25,False
B-G1.042-C3,7961,1,978.0,1,1.5,early25,False
B-G1.042-C3,7961,1,991.75,1,13.75,early25,False
B-G1.042-C3,7961,1,996.75,1,5.0,early25,False
B-G1.042-C3,7961,1,1026.0,1,29.25,middle50,False
B-G1.042-C3,7961,1,1030.25,22,4.25,middle50,False
B-G1.042-C3,7961,1,1035.5,16,5.25,middle50,False
B-G1.042-C3,7961,1,1043.75,1,8.25,middle50,False
B-G1.042-C3,7961,1,1066.25,5,22.5,middle50,False
B-G1.042-C3,7961,1,1201.5,4,135.25,middle50,False
B-G1.042-C3,7961,1,1207.25,1,5.75,middle50,False
B-G1.042-C3,7961,1,1213.25,1,6.0,middle50,False
B-G1.042-C3,7961,1,1217.75,1,4.5,middle50,False
B-G1.042-C3,7961,1,1225.25,2,7.5,middle50,False
B-G1.042-C3,7961,1,1231.75,1,6.5,middle50,False
B-G1.042-C3,7961,1,1255.5,1,23.75,middle50,False
B-G1.042-C3,7961,1,1259.5,1,4.0,middle50,False
B-G1.042-C3,7961,1,1264.0,12,4.5,middle50,False
B-G1.042-C3,7961,1,1268.0,3,4.0,middle50,False
B-G1.042-C3,7961,1,1271.5,3,3.5,middle50,False
B-G1.042-C3,7961,1,1279.5,1,8.0,middle50,False
B-G1.042-C3,7961,1,1282.75,1,3.25,middle50,False
B-G1.042-C3,7961,1,1288.25,1,5.5,middle50,False
B-G1.042-C3,7961,1,1313.5,2,25.25,middle50,False
B-G1.042-C3,7961,1,1316.75,1,3.25,middle50,False
B-G1.042-C3,7961,1,1321.25,1,4.5,middle50,False
B-G1.042-C3,7961,1,1323.75,1,2.5,middle50,False
B-G1.042-C3,7961,1,1326.75,1,3.0,middle50,False
B-G1.042-C3,7961,1,1330.0,1,3.25,middle50,False
B-G1.042-C3,7961,1,1337.0,2,7.0,middle50,False
B-G1.042-C3,7961,1,1369.75,1,32.75,late25,False
B-G1.042-C3,7961,1,1371.25,1,1.5,late25,False
B-G1.042-C3,7961,1,1376.5,1,5.25,late25,False
B-G1.042-C3,7961,1,1381.5,1,5.0,late25,False
B-G1.042-C3,7961,1,1386.5,1,5.0,late25,False
B-G1.042-C3,7961,1,1390.75,1,4.25,late25,False
B-G1.042-C3,7961,1,1392.25,1,1.5,late25,False
B-G1.042-C3,7961,1,1397.5,1,5.25,late25,False
B-G1.042-C3,7961,1,1399.0,1,1.5,late25,False
B-G1.042-C3,7961,1,1411.5,4,12.5,late25,False
B-G1.042-C3,7961,1,1504.25,1,92.75,late25,False
B-G1.042-C3,7961,1,1511.25,1,7.0,late25,False
B-G1.042-C3,7961,2,1520.0,3,8.75,early25,False
B-G1.042-C3,7961,2,1530.5,6,10.5,early25,False
B-G1.042-C3,7961,2,1534.25,1,3.75,early25,False
B-G1.042-C3,7961,2,1537.5,1,3.25,early25,False
B-G1.042-C3,7961,2,1539.75,2,2.25,early25,False
B-G1.042-C3,7961,2,1541.5,5,1.75,early25,False
B-G1.042-C3,7961,2,1544.25,2,2.75,early25,False
B-G1.042-C3,7961,2,1550.25,2,6.0,early25,False
B-G1.042-C3,7961,2,1552.5,1,2.25,early25,False
B-G1.042-C3,7961,2,1555.5,2,3.0,early25,False
B-G1.042-C3,7961,2,1559.25,8,3.75,early25,False
B-G1.042-C3,7961,2,1585.75,1,26.5,early25,False
B-G1.042-C3,7961,2,1587.5,2,1.75,early25,False
B-G1.042-C3,7961,2,1589.75,1,2.25,early25,False
B-G1.042-C3,7961,2,1591.25,1,1.5,early25,False
B-G1.042-C3,7961,2,1594.5,1,3.25,early25,False
B-G1.042-C3,7961,2,1596.25,1,1.75,early25,False
B-G1.042-C3,7961,2,1597.25,5,1.0,early25,False
B-G1.042-C3,7961,2,1598.25,5,1.0,early25,False
B-G1.042-C3,7961,2,1600.25,4,2.0,early25,False
B-G1.042-C3,7961,2,1601.75,1,1.5,early25,False
B-G1.042-C3,7961,2,1602.5,1,0.75,early25,False
B-G1.042-C3,7961,2,1605.25,1,2.75,early25,False
B-G1.042-C3,7961,2,1608.25,1,3.0,early25,False
B-G1.042-C3,7961,2,1612.25,1,4.0,early25,False
B-G1.042-C3,7961,2,1616.5,3,4.25,early25,False
B-G1.042-C3,7961,2,1625.75,2,9.25,early25,False
B-G1.042-C3,7961,2,1631.75,5,6.0,early25,False
B-G1.042-C3,7961,2,1774.75,1,143.0,middle50,False
B-G1.042-C3,7961,2,1779.25,1,4.5,middle50,False
B-G1.042-C3,7961,2,1781.75,1,2.5,middle50,False
B-G1.042-C3,7961,2,1783.25,3,1.5,middle50,False
B-G1.042-C3,7961,2,1790.25,2,7.0,middle50,False
B-G1.042-C3,7961,2,1795.5,2,5.25,middle50,False
B-G1.042-C3,7961,2,1798.25,1,2.75,middle50,False
B-G1.042-C3,7961,2,1804.25,1,6.0,middle50,False
B-G1.042-C3,7961,2,1830.75,2,26.5,middle50,False
B-G1.042-C3,7961,2,1833.5,1,2.75,middle50,False
B-G1.042-C3,7961,2,1837.75,1,4.25,middle50,False
B-G1.042-C3,7961,2,1840.25,11,2.5,middle50,False
B-G1.042-C3,7961,2,1840.75,2,0.5,middle50,False
B-G1.042-C3,7961,2,1844.25,1,3.5,middle50,False
B-G1.042-C3,7961,2,1847.0,2,2.75,middle50,False
B-G1.042-C3,7961,2,1847.5,3,0.5,middle50,False
B-G1.042-C3,7961,2,1854.25,2,6.75,middle50,False
B-G1.042-C3,7961,2,1861.0,2,6.75,middle50,False
B-G1.042-C3,7961,2,1872.25,4,11.25,middle50,False
B-G1.042-C3,7961,2,1884.25,1,12.0,middle50,False
B-G1.042-C3,7961,2,1885.5,2,1.25,middle50,False
B-G1.042-C3,7961,2,1887.75,1,2.25,middle50,False
B-G1.042-C3,7961,2,1890.75,1,3.0,middle50,False
B-G1.042-C3,7961,2,1894.0,3,3.25,middle50,False
B-G1.042-C3,7961,2,1895.5,3,1.5,middle50,False
B-G1.042-C3,7961,2,1899.0,3,3.5,middle50,False
B-G1.042-C3,7961,2,1901.0,1,2.0,middle50,False
B-G1.042-C3,7961,2,1901.75,1,0.75,middle50,False
B-G1.042-C3,7961,2,1903.25,3,1.5,middle50,False
B-G1.042-C3,7961,2,1908.25,1,5.0,middle50,False
B-G1.042-C3,7961,2,1939.25,1,31.0,middle50,False
B-G1.042-C3,7961,2,1942.5,1,3.25,late25,False
B-G1.042-C3,7961,2,1945.25,1,2.75,late25,False
B-G1.042-C3,7961,2,1949.0,1,3.75,late25,False
B-G1.042-C3,7961,2,1952.75,1,3.75,late25,False
B-G1.042-C3,7961,2,1956.25,1,3.5,late25,False
B-G1.042-C3,7961,2,1960.0,1,3.75,late25,False
B-G1.042-C3,7961,2,1963.25,1,3.25,late25,False
B-G1.042-C3,7961,2,1965.0,1,1.75,late25,False
B-G1.042-C3,7961,3,2104.25,2,139.25,early25,True
B-G1.042-C3,7961,3,2107.75,2,3.5,early25,True
B-G1.042-C3,7961,3,2111.0,1,3.25,early25,True
B-G1.042-C3,7961,3,2114.25,1,3.25,early25,True
B-G1.042-C3,7961,3,2117.5,2,3.25,early25,True
B-G1.042-C3,7961,3,2121.0,2,3.5,early25,True
B-G1.042-C3,7961,3,2123.75,1,2.75,early25,True
B-G1.042-C3,7961,3,2127.25,2,3.5,early25,True
B-G1.042-C3,7961,3,2157.5,1,30.25,early25,True
B-G1.042-C3,7961,3,2163.75,4,6.25,early25,True
B-G1.042-C3,7961,3,2168.5,1,4.75,early25,True
B-G1.042-C3,7961,3,2170.5,1,2.0,early25,True
B-G1.042-C3,7961,3,2177.0,1,6.5,early25,True
B-G1.042-C3,7961,3,2183.5,3,6.5,early25,True
B-G1.042-C3,7961,3,2185.25,1,1.75,early25,True
B-G1.042-C3,7961,3,2187.0,2,1.75,early25,True
B-G1.042-C3,7961,3,2204.25,1,17.25,early25,True
B-G1.042-C3,7961,3,2209.25,1,5.0,early25,True
B-G1.042-C3,7961,3,2216.75,2,7.5,early25,True
B-G1.042-C3,7961,3,2224.5,2,7.75,early25,True
B-G1.042-C3,7961,3,2263.25,3,38.75,early25,True
B-G1.042-C3,7961,3,2269.5,2,6.25,early25,True
B-G1.042-C3,7961,3,2284.0,2,14.5,early25,True
B-G1.042-C3,7961,3,2313.25,2,29.25,early25,True
B-G1.042-C3,7961,3,2330.75,2,17.5,early25,True
B-G1.042-C3,7961,3,2338.25,1,7.5,early25,True
B-G1.042-C3,7961,3,2369.25,2,31.0,early25,True
B-G1.042-C3,7961,3,2375.25,2,6.0,early25,True
B-G1.042-C3,7961,3,2379.5,1,4.25,early25,True
B-G1.042-C3,7961,3,2387.0,2,7.5,early25,True
B-G1.042-C3,7961,3,2392.75,1,5.75,early25,True
B-G1.042-C3,7961,3,2403.0,2,10.25,early25,True
B-G1.042-C3,7961,3,2420.75,2,17.75,early25,True
B-G1.042-C3,7961,3,2429.75,1,9.0,early25,True
B-G1.042-C3,7961,3,2442.75,2,13.0,early25,True
B-G1.042-C3,7961,3,2480.25,2,37.5,middle50,True
B-G1.042-C3,7961,3,2491.5,2,11.25,middle50,True
B-G1.042-C3,7961,3,2494.25,1,2.75,middle50,True
B-G1.042-C3,7961,3,2501.5,1,7.25,middle50,True
B-G1.042-C3,7961,3,2524.5,1,23.0,middle50,True
B-G1.042-C3,7961,3,2527.25,1,2.75,middle50,True
B-G1.042-C3,7961,3,2531.0,1,3.75,middle50,True
B-G1.042-C3,7961,3,2536.25,1,5.25,middle50,True
B-G1.042-C3,7961,3,2541.75,7,5.5,middle50,True
B-G1.042-C3,7961,3,2546.25,1,4.5,middle50,True
B-G1.042-C3,7961,3,2576.25,1,30.0,middle50,True
B-G1.042-C3,7961,3,2584.75,1,8.5,middle50,True
B-G1.042-C3,7961,3,2585.75,1,1.0,middle50,True
B-G1.042-C3,7961,3,2592.25,1,6.5,middle50,True
B-G1.042-C3,7961,3,2610.75,1,18.5,middle50,True
B-G1.042-C3,7961,3,2630.75,2,20.0,middle50,True
B-G1.042-C3,7961,3,2638.5,1,7.75,middle50,True
B-G1.042-C3,7961,3,2642.5,1,4.0,middle50,True
B-G1.042-C3,7961,3,2650.75,1,8.25,middle50,True
B-G1.042-C3,7961,3,2655.0,1,4.25,middle50,True
B-G1.042-C3,7961,3,2680.25,1,25.25,middle50,True
B-G1.042-C3,7961,3,2683.25,6,3.0,middle50,True
B-G1.042-C3,7961,3,2689.0,1,5.75,middle50,True
B-G1.042-C3,7961,3,2695.75,1,6.75,middle50,True
B-G1.042-C3,7961,3,2703.75,1,8.0,middle50,True
B-G1.042-C3,7961,3,2710.5,1,6.75,middle50,True
B-G1.042-C3,7961,3,2712.5,1,2.0,middle50,True
B-G1.042-C3,7961,3,2738.5,1,26.0,middle50,True
B-G1.042-C3,7961,3,2756.0,1,17.5,middle50,True
B-G1.042-C3,7961,3,2759.25,1,3.25,middle50,True
B-G1.042-C3,7961,3,2765.25,1,6.0,middle50,True
B-G1.042-C3,7961,3,2792.75,1,27.5,middle50,True
B-G1.042-C3,7961,3,2797.75,1,5.0,middle50,True
B-G1.042-C3,7961,3,2803.25,4,5.5,middle50,True
B-G1.042-C3,7961,3,2807.5,1,4.25,middle50,True
B-G1.042-C3,7961,3,2811.5,1,4.0,middle50,True
B-G1.042-C3,7961,3,2818.5,1,7.0,middle50,True
B-G1.042-C3,7961,3,2828.5,1,10.0,middle50,True
B-G1.042-C3,7961,3,2842.75,1,14.25,middle50,True
B-G1.042-C3,7961,3,2849.5,1,6.75,middle50,True
B-G1.042-C3,7961,3,2856.5,1,7.0,middle50,True
B-G1.042-C3,7961,3,2863.5,1,7.0,middle50,True
B-G1.042-C3,7961,3,2869.5,5,6.0,middle50,True
B-G1.042-C3,7961,3,2899.75,1,30.25,middle50,True
B-G1.042-C3,7961,3,2909.0,1,9.25,middle50,True
B-G1.042-C3,7961,3,2913.5,1,4.5,middle50,True
B-G1.042-C3,7961,3,2919.75,1,6.25,middle50,True
B-G1.042-C3,7961,3,2928.0,1,8.25,middle50,True
B-G1.042-C3,7961,3,2938.25,3,10.25,middle50,True
B-G1.042-C3,7961,3,2952.0,1,13.75,middle50,True
B-G1.042-C3,7961,3,2954.0,3,2.0,middle50,True
B-G1.042-C3,7961,3,2956.0,2,2.0,middle50,True
B-G1.042-C3,7961,3,2962.75,1,6.75,middle50,True
B-G1.042-C3,7961,3,2974.75,1,12.0,middle50,True
B-G1.042-C3,7961,3,3004.5,1,29.75,middle50,True
B-G1.042-C3,7961,3,3012.5,1,8.0,middle50,True
B-G1.042-C3,7961,3,3023.0,1,10.5,middle50,True
B-G1.042-C3,7961,3,3032.75,1,9.75,middle50,True
B-G1.042-C3,7961,3,3055.5,1,22.75,middle50,True
B-G1.042-C3,7961,3,3062.25,1,6.75,middle50,True
B-G1.042-C3,7961,3,3069.0,1,6.75,middle50,True
B-G1.042-C3,7961,3,3078.5,4,9.5,middle50,True
B-G1.042-C3,7961,3,3106.25,1,27.75,middle50,True
B-G1.042-C3,7961,3,3113.75,1,7.5,middle50,True
B-G1.042-C3,7961,3,3129.75,1,16.0,middle50,True
B-G1.042-C3,7961,3,3155.5,1,25.75,middle50,True
B-G1.042-C3,7961,3,3161.0,1,5.5,middle50,True
B-G1.042-C3,7961,3,3172.5,1,11.5,middle50,True
B-G1.042-C3,7961,3,3180.0,1,7.5,middle50,True
B-G1.042-C3,7961,3,3183.5,3,3.5,middle50,True
B-G1.042-C3,7961,3,3222.75,1,39.25,late25,True
B-G1.042-C3,7961,3,3230.25,1,7.5,late25,True
B-G1.042-C3,7961,3,3249.25,2,19.0,late25,True
B-G1.042-C3,7961,3,3390.5,1,141.25,late25,True
B-G1.042-C3,7961,3,3400.75,1,10.25,late25,True
B-G1.042-C3,7961,3,3412.5,1,11.75,late25,True
B-G1.042-C3,7961,3,3423.0,1,10.5,late25,True
B-G1.042-C3,7961,3,3451.25,1,28.25,late25,True
B-G1.042-C3,7961,3,3457.25,3,6.0,late25,True
B-G1.042-C3,7961,3,3464.25,1,7.0,late25,True
B-G1.042-C3,7961,3,3477.0,1,12.75,late25,True
B-G1.042-C3,7961,3,3486.5,2,9.5,late25,True
B-G1.042-C3,7961,3,3502.0,1,15.5,late25,True
B-G1.042-C3,7961,3,3511.5,1,9.5,late25,True
B-G1.042-C3,7961,3,3527.25,1,15.75,late25,True
B-G1.042-C3,7961,3,3561.0,1,33.75,late25,True
B-G1.042-C3,7961,3,3573.25,1,12.25,late25,True
B-G1.042-C3,7961,3,3582.0,1,8.75,late25,True
B-G1.042-C3,7961,3,3591.75,1,9.75,late25,True
B-G1.042-C3,15880,0,0.25,3,,early25,False
B-G1.042-C3,15880,0,9.5,1,9.25,early25,False
B-G1.042-C3,15880,0,25.5,1,16.0,early25,False
B-G1.042-C3,15880,0,40.0,1,14.5,early25,False
B-G1.042-C3,15880,0,43.0,1,3.0,early25,False
B-G1.042-C3,15880,0,91.0,1,48.0,early25,False
B-G1.042-C3,15880,0,95.5,1,4.5,early25,False
B-G1.042-C3,15880,0,98.75,1,3.25,early25,False
B-G1.042-C3,15880,0,103.0,1,4.25,early25,False
B-G1.042-C3,15880,0,117.5,1,14.5,early25,False
B-G1.042-C3,15880,0,161.25,1,43.75,early25,False
B-G1.042-C3,15880,0,175.25,1,14.0,early25,False
B-G1.042-C3,15880,0,184.25,1,9.0,early25,False
B-G1.042-C3,15880,0,212.75,1,28.5,middle50,False
B-G1.042-C3,15880,0,222.5,1,9.75,middle50,False
B-G1.042-C3,15880,0,232.0,1,9.5,middle50,False
B-G1.042-C3,15880,0,238.0,1,6.0,middle50,False
B-G1.042-C3,15880,0,274.75,1,36.75,middle50,False
B-G1.042-C3,15880,0,290.0,1,15.25,middle50,False
B-G1.042-C3,15880,0,292.75,1,2.75,middle50,False
B-G1.042-C3,15880,0,302.25,1,9.5,middle50,False
B-G1.042-C3,15880,0,334.75,1,32.5,middle50,False
B-G1.042-C3,15880,0,340.75,1,6.0,middle50,False
B-G1.042-C3,15880,0,342.25,1,1.5,middle50,False
B-G1.042-C3,15880,0,354.25,1,12.0,middle50,False
B-G1.042-C3,15880,0,365.5,1,11.25,middle50,False
B-G1.042-C3,15880,0,514.25,1,148.75,middle50,False
B-G1.042-C3,15880,0,522.5,1,8.25,middle50,False
B-G1.042-C3,15880,0,533.75,1,11.25,middle50,False
B-G1.042-C3,15880,0,538.75,1,5.0,middle50,False
B-G1.042-C3,15880,0,574.5,1,35.75,middle50,False
B-G1.042-C3,15880,0,581.5,1,7.0,middle50,False
B-G1.042-C3,15880,0,585.5,1,4.0,middle50,False
B-G1.042-C3,15880,0,590.0,1,4.5,middle50,False
B-G1.042-C3,15880,0,597.0,1,7.0,middle50,False
B-G1.042-C3,15880,0,627.75,1,30.75,late25,False
B-G1.042-C3,15880,0,635.25,1,7.5,late25,False
B-G1.042-C3,15880,0,640.5,1,5.25,late25,False
B-G1.042-C3,15880,0,647.75,1,7.25,late25,False
B-G1.042-C3,15880,0,652.5,1,4.75,late25,False
B-G1.042-C3,15880,0,682.75,1,30.25,late25,False
B-G1.042-C3,15880,0,689.25,1,6.5,late25,False
B-G1.042-C3,15880,0,694.5,1,5.25,late25,False
B-G1.042-C3,15880,0,699.0,1,4.5,late25,False
B-G1.042-C3,15880,0,706.5,1,7.5,late25,False
B-G1.042-C3,15880,0,708.5,1,2.0,late25,False
B-G1.042-C3,15880,0,726.75,3,18.25,late25,False
B-G1.042-C3,15880,1,854.75,1,128.0,early25,False
B-G1.042-C3,15880,1,856.0,1,1.25,early25,False
B-G1.042-C3,15880,1,859.0,1,3.0,early25,False
B-G1.042-C3,15880,1,861.75,5,2.75,early25,False
B-G1.042-C3,15880,1,863.0,1,1.25,early25,False
B-G1.042-C3,15880,1,866.75,1,3.75,early25,False
B-G1.042-C3,15880,1,868.75,1,2.0,early25,False
B-G1.042-C3,15880,1,874.75,2,6.0,early25,False
B-G1.042-C3,15880,1,881.75,1,7.0,early25,False
B-G1.042-C3,15880,1,886.75,2,5.0,early25,False
B-G1.042-C3,15880,1,915.75,2,29.0,early25,False
B-G1.042-C3,15880,1,922.0,2,6.25,early25,False
B-G1.042-C3,15880,1,925.5,1,3.5,early25,False
B-G1.042-C3,15880,1,930.25,2,4.75,early25,False
B-G1.042-C3,15880,1,935.5,19,5.25,early25,False
B-G1.042-C3,15880,1,938.75,1,3.25,early25,False
B-G1.042-C3,15880,1,940.0,1,1.25,early25,False
B-G1.042-C3,15880,1,943.5,1,3.5,early25,False
B-G1.042-C3,15880,1,1098.5,1,155.0,middle50,False
B-G1.042-C3,15880,1,1105.75,1,7.25,middle50,False
B-G1.042-C3,15880,1,1109.75,1,4.0,middle50,False
B-G1.042-C3,15880,1,1110.5,1,0.75,middle50,False
B-G1.042-C3,15880,1,1112.25,1,1.75,middle50,False
B-G1.042-C3,15880,1,1116.25,1,4.0,middle50,False
B-G1.042-C3,15880,1,1119.75,1,3.5,middle50,False
B-G1.042-C3,15880,1,1150.0,1,30.25,middle50,False
B-G1.042-C3,15880,1,1152.5,1,2.5,middle50,False
B-G1.042-C3,15880,1,1156.75,1,4.25,middle50,False
B-G1.042-C3,15880,1,1160.0,2,3.25,middle50,False
B-G1.042-C3,15880,1,1164.75,1,4.75,middle50,False
B-G1.042-C3,15880,1,1169.0,1,4.25,middle50,False
B-G1.042-C3,15880,1,1173.0,2,4.0,middle50,False
B-G1.042-C3,15880,1,1176.25,1,3.25,middle50,False
B-G1.042-C3,15880,1,1179.5,1,3.25,middle50,False
B-G1.042-C3,15880,1,1186.5,1,7.0,middle50,False
B-G1.042-C3,15880,1,1203.5,1,17.0,middle50,False
B-G1.042-C3,15880,1,1207.75,1,4.25,middle50,False
B-G1.042-C3,15880,1,1211.75,1,4.0,middle50,False
B-G1.042-C3,15880,1,1217.0,2,5.25,middle50,False
B-G1.042-C3,15880,1,1221.75,1,4.75,middle50,False
B-G1.042-C3,15880,1,1224.75,1,3.0,middle50,False
B-G1.042-C3,15880,1,1229.0,1,4.25,middle50,False
B-G1.042-C3,15880,1,1232.75,15,3.75,middle50,False
B-G1.042-C3,15880,1,1258.75,1,26.0,middle50,False
B-G1.042-C3,15880,1,1265.0,1,6.25,late25,False
B-G1.042-C3,15880,1,1267.25,1,2.25,late25,False
B-G1.042-C3,15880,1,1273.25,1,6.0,late25,False
B-G1.042-C3,15880,1,1274.5,1,1.25,late25,False
B-G1.042-C3,15880,1,1276.75,1,2.25,late25,False
B-G1.042-C3,15880,1,1279.5,1,2.75,late25,False
B-G1.042-C3,15880,1,1283.0,1,3.5,late25,False
B-G1.042-C3,15880,1,1286.0,1,3.0,late25,False
B-G1.042-C3,15880,1,1287.25,1,1.25,late25,False
B-G1.042-C3,15880,1,1301.75,4,14.5,late25,False
B-G1.042-C3,15880,1,1400.5,1,98.75,late25,False
B-G1.042-C3,15880,2,1407.5,2,7.0,early25,False
B-G1.042-C3,15880,2,1419.75,1,12.25,early25,False
B-G1.042-C3,15880,2,1422.75,2,3.0,early25,False
B-G1.042-C3,15880,2,1425.75,1,3.0,early25,False
B-G1.042-C3,15880,2,1428.0,2,2.25,early25,False
B-G1.042-C3,15880,2,1430.5,1,2.5,early25,False
B-G1.042-C3,15880,2,1432.75,2,2.25,early25,False
B-G1.042-C3,15880,2,1434.75,1,2.0,early25,False
B-G1.042-C3,15880,2,1438.0,2,3.25,early25,False
B-G1.042-C3,15880,2,1442.0,1,4.0,early25,False
B-G1.042-C3,15880,2,1446.5,2,4.5,early25,False
B-G1.042-C3,15880,2,1475.25,1,28.75,early25,False
B-G1.042-C3,15880,2,1480.75,1,5.5,early25,False
B-G1.042-C3,15880,2,1484.25,2,3.5,early25,False
B-G1.042-C3,15880,2,1486.75,1,2.5,early25,False
B-G1.042-C3,15880,2,1493.75,3,7.0,early25,False
B-G1.042-C3,15880,2,1503.5,3,9.75,early25,False
B-G1.042-C3,15880,2,1543.25,1,39.75,early25,False
B-G1.042-C3,15880,2,1551.75,2,8.5,early25,False
B-G1.042-C3,15880,2,1555.5,1,3.75,early25,False
B-G1.042-C3,15880,2,1558.25,1,2.75,early25,False
B-G1.042-C3,15880,2,1594.25,3,36.0,early25,False
B-G1.042-C3,15880,2,1597.0,1,2.75,early25,False
B-G1.042-C3,15880,2,1600.75,2,3.75,early25,False
B-G1.042-C3,15880,2,1603.75,1,3.0,early25,False
B-G1.042-C3,15880,2,1606.75,1,3.0,early25,False
B-G1.042-C3,15880,2,1612.0,2,5.25,early25,False
B-G1.042-C3,15880,2,1620.5,3,8.5,early25,False
B-G1.042-C3,15880,2,1628.5,1,8.0,early25,False
B-G1.042-C3,15880,2,1643.0,1,14.5,early25,False
B-G1.042-C3,15880,2,1647.5,2,4.5,early25,False
B-G1.042-C3,15880,2,1651.5,2,4.0,early25,False
B-G1.042-C3,15880,2,1655.5,1,4.0,early25,False
B-G1.042-C3,15880,2,1658.0,1,2.5,early25,False
B-G1.042-C3,15880,2,1662.25,2,4.25,early25,False
B-G1.042-C3,15880,2,1667.75,1,5.5,early25,False
B-G1.042-C3,15880,2,1669.5,1,1.75,early25,False
B-G1.042-C3,15880,2,1702.0,2,32.5,early25,False
B-G1.042-C3,15880,2,1708.5,3,6.5,middle50,False
B-G1.042-C3,15880,2,1711.0,1,2.5,middle50,False
B-G1.042-C3,15880,2,1713.0,1,2.0,middle50,False
B-G1.042-C3,15880,2,1715.0,2,2.0,middle50,False
B-G1.042-C3,15880,2,1716.75,1,1.75,middle50,False
B-G1.042-C3,15880,2,1721.5,2,4.75,middle50,False
B-G1.042-C3,15880,2,1725.0,1,3.5,middle50,False
B-G1.042-C3,15880,2,1727.5,1,2.5,middle50,False
B-G1.042-C3,15880,2,1736.75,1,9.25,middle50,False
B-G1.042-C3,15880,2,1743.25,5,6.5,middle50,False
B-G1.042-C3,15880,2,1756.0,2,12.75,middle50,False
B-G1.042-C3,15880,2,1767.75,1,11.75,middle50,False
B-G1.042-C3,15880,2,1775.25,2,7.5,middle50,False
B-G1.042-C3,15880,2,1783.0,3,7.75,middle50,False
B-G1.042-C3,15880,2,1818.25,2,35.25,middle50,False
B-G1.042-C3,15880,2,1820.0,1,1.75,middle50,False
B-G1.042-C3,15880,2,1821.75,1,1.75,middle50,False
B-G1.042-C3,15880,2,1825.0,1,3.25,middle50,False
B-G1.042-C3,15880,2,1830.5,1,5.5,middle50,False
B-G1.042-C3,15880,2,1833.75,1,3.25,middle50,False
B-G1.042-C3,15880,2,1845.25,2,11.5,middle50,False
B-G1.042-C3,15880,2,1851.5,4,6.25,middle50,False
B-G1.042-C3,15880,2,1990.0,1,138.5,middle50,False
B-G1.042-C3,15880,2,1992.25,1,2.25,middle50,False
B-G1.042-C3,15880,2,1994.75,1,2.5,middle50,False
B-G1.042-C3,15880,2,2011.75,2,17.0,middle50,False
B-G1.042-C3,15880,2,2017.75,1,6.0,middle50,False
B-G1.042-C3,15880,2,2044.75,1,27.0,middle50,False
B-G1.042-C3,15880,2,2047.25,1,2.5,middle50,False
B-G1.042-C3,15880,2,2049.75,1,2.5,middle50,False
B-G1.042-C3,15880,2,2053.0,1,3.25,middle50,False
B-G1.042-C3,15880,2,2056.0,2,3.0,middle50,False
B-G1.042-C3,15880,2,2061.25,1,5.25,middle50,False
B-G1.042-C3,15880,2,2074.0,2,12.75,middle50,False
B-G1.042-C3,15880,2,2081.25,1,7.25,middle50,False
B-G1.042-C3,15880,2,2100.25,1,19.0,middle50,False
B-G1.042-C3,15880,2,2103.5,1,3.25,middle50,False
B-G1.042-C3,15880,2,2106.5,1,3.0,middle50,False
B-G1.042-C3,15880,2,2110.0,12,3.5,middle50,False
B-G1.042-C3,15880,2,2112.75,9,2.75,middle50,False
B-G1.042-C3,15880,2,2114.5,1,1.75,middle50,False
B-G1.042-C3,15880,2,2118.25,1,3.75,middle50,False
B-G1.042-C3,15880,2,2126.5,1,8.25,middle50,False
B-G1.042-C3,15880,2,2149.75,1,23.25,middle50,False
B-G1.042-C3,15880,2,2160.75,2,11.0,middle50,False
B-G1.042-C3,15880,2,2164.5,1,3.75,middle50,False
B-G1.042-C3,15880,2,2167.0,1,2.5,middle50,False
B-G1.042-C3,15880,2,2170.0,1,3.0,middle50,False
B-G1.042-C3,15880,2,2174.75,1,4.75,middle50,False
B-G1.042-C3,15880,2,2179.0,1,4.25,middle50,False
B-G1.042-C3,15880,2,2182.75,1,3.75,middle50,False
B-G1.042-C3,15880,2,2318.5,1,135.75,late25,False
B-G1.042-C3,15880,2,2321.75,1,3.25,late25,False
B-G1.042-C3,15880,2,2328.0,1,6.25,late25,False
B-G1.042-C3,15880,2,2332.0,1,4.0,late25,False
B-G1.042-C3,15880,2,2337.0,1,5.0,late25,False
B-G1.042-C3,15880,2,2341.75,1,4.75,late25,False
B-G1.042-C3,15880,2,2344.5,1,2.75,late25,False
B-G1.042-C3,15880,2,2348.0,1,3.5,late25,False
B-G1.042-C3,15880,2,2376.0,1,28.0,late25,False
B-G1.042-C3,15880,2,2379.0,1,3.0,late25,False
B-G1.042-C3,15880,2,2382.0,1,3.0,late25,False
B-G1.042-C3,15880,2,2384.5,1,2.5,late25,False
B-G1.042-C3,15880,2,2387.25,8,2.75,late25,False
B-G1.042-C3,15880,2,2393.75,1,6.5,late25,False
B-G1.042-C3,15880,2,2397.75,1,4.0,late25,False
B-G1.042-C3,15880,2,2415.5,3,17.75,late25,False
B-G1.042-C3,15880,2,2426.5,1,11.0,late25,False
B-G1.042-C3,15880,2,2430.5,1,4.0,late25,False
B-G1.042-C3,15880,2,2434.5,2,4.0,late25,False
B-G1.042-C3,15880,2,2436.5,1,2.0,late25,False
B-G1.042-C3,15880,2,2440.75,1,4.25,late25,False
B-G1.042-C3,15880,2,2446.25,1,5.5,late25,False
B-G1.042-C3,15880,2,2454.0,1,7.75,late25,False
B-G1.042-C3,15880,2,2483.25,1,29.25,late25,False
B-G1.042-C3,15880,2,2486.25,1,3.0,late25,False
B-G1.042-C3,15880,2,2495.25,1,9.0,late25,False
B-G1.042-C3,15880,2,2497.25,1,2.0,late25,False
B-G1.042-C3,15880,2,2498.0,1,0.75,late25,False
B-G1.042-C3,15880,2,2501.5,1,3.5,late25,False
B-G1.042-C3,15880,2,2505.5,1,4.0,late25,False
B-G1.042-C3,15880,2,2512.0,1,6.5,late25,False
B-G1.042-C3,15880,3,2639.0,1,127.0,early25,True
B-G1.042-C3,15880,3,2642.0,1,3.0,early25,True
B-G1.042-C3,15880,3,2646.0,2,4.0,early25,True
B-G1.042-C3,15880,3,2648.5,1,2.5,early25,True
B-G1.042-C3,15880,3,2651.25,1,2.75,early25,True
B-G1.042-C3,15880,3,2655.75,2,4.5,early25,True
B-G1.042-C3,15880,3,2659.25,1,3.5,early25,True
B-G1.042-C3,15880,3,2698.75,1,39.5,early25,True
B-G1.042-C3,15880,3,2706.75,2,8.0,early25,True
B-G1.042-C3,15880,3,2714.75,2,8.0,early25,True
B-G1.042-C3,15880,3,2730.75,3,16.0,early25,True
B-G1.042-C3,15880,3,2739.5,7,8.75,early25,True
B-G1.042-C3,15880,3,2749.5,1,10.0,early25,True
B-G1.042-C3,15880,3,2753.25,1,3.75,early25,True
B-G1.042-C3,15880,3,2756.75,1,3.5,early25,True
B-G1.042-C3,15880,3,2759.5,1,2.75,early25,True
B-G1.042-C3,15880,3,2763.75,1,4.25,early25,True
B-G1.042-C3,15880,3,2768.0,1,4.25,early25,True
B-G1.042-C3,15880,3,2771.25,1,3.25,early25,True
B-G1.042-C3,15880,3,2774.75,9,3.5,early25,True
B-G1.042-C3,15880,3,2806.75,2,32.0,early25,True
B-G1.042-C3,15880,3,2813.0,2,6.25,early25,True
B-G1.042-C3,15880,3,2818.0,1,5.0,early25,True
B-G1.042-C3,15880,3,2824.5,2,6.5,early25,True
B-G1.042-C3,15880,3,2831.5,2,7.0,early25,True
B-G1.042-C3,15880,3,2836.0,1,4.5,early25,True
B-G1.042-C3,15880,3,2842.25,1,6.25,early25,True
B-G1.042-C3,15880,3,2848.0,3,5.75,early25,True
B-G1.042-C3,15880,3,2861.5,1,13.5,early25,True
B-G1.042-C3,15880,3,2868.25,1,6.75,middle50,True
B-G1.042-C3,15880,3,2874.5,1,6.25,middle50,True
B-G1.042-C3,15880,3,2913.5,1,39.0,middle50,True
B-G1.042-C3,15880,3,2915.0,1,1.5,middle50,True
B-G1.042-C3,15880,3,2920.0,1,5.0,middle50,True
B-G1.042-C3,15880,3,2925.5,1,5.5,middle50,True
B-G1.042-C3,15880,3,2934.5,1,9.0,middle50,True
B-G1.042-C3,15880,3,2943.5,1,9.0,middle50,True
B-G1.042-C3,15880,3,2972.75,1,29.25,middle50,True
B-G1.042-C3,15880,3,2979.5,1,6.75,middle50,True
B-G1.042-C3,15880,3,2986.25,1,6.75,middle50,True
B-G1.042-C3,15880,3,2997.75,2,11.5,middle50,True
B-G1.042-C3,15880,3,3004.25,1,6.5,middle50,True
B-G1.042-C3,15880,3,3027.5,1,23.25,middle50,True
B-G1.042-C3,15880,3,3033.0,1,5.5,middle50,True
B-G1.042-C3,15880,3,3036.5,1,3.5,middle50,True
B-G1.042-C3,15880,3,3041.75,1,5.25,middle50,True
B-G1.042-C3,15880,3,3047.0,1,5.25,middle50,True
B-G1.042-C3,15880,3,3074.75,1,27.75,middle50,True
B-G1.042-C3,15880,3,3084.25,1,9.5,middle50,True
B-G1.042-C3,15880,3,3090.0,1,5.75,middle50,True
B-G1.042-C3,15880,3,3096.5,1,6.5,middle50,True
B-G1.042-C3,15880,3,3103.0,1,6.5,middle50,True
B-G1.042-C3,15880,3,3128.25,1,25.25,middle50,True
B-G1.042-C3,15880,3,3131.75,1,3.5,middle50,True
B-G1.042-C3,15880,3,3140.25,1,8.5,middle50,True
B-G1.042-C3,15880,3,3145.5,1,5.25,middle50,True
B-G1.042-C3,15880,3,3150.75,1,5.25,middle50,True
B-G1.042-C3,15880,3,3156.0,1,5.25,middle50,True
B-G1.042-C3,15880,3,3168.25,4,12.25,middle50,True
B-G1.042-C3,15880,3,3178.75,1,10.5,middle50,True
B-G1.042-C3,15880,3,3183.0,1,4.25,middle50,True
B-G1.042-C3,15880,3,3189.75,2,6.75,middle50,True
B-G1.042-C3,15880,3,3196.0,1,6.25,middle50,True
B-G1.042-C3,15880,3,3236.0,1,40.0,middle50,True
B-G1.042-C3,15880,3,3241.25,1,5.25,middle50,True
B-G1.042-C3,15880,3,3246.5,1,5.25,middle50,True
B-G1.042-C3,15880,3,3251.5,1,5.0,middle50,True
B-G1.042-C3,15880,3,3256.5,1,5.0,middle50,True
B-G1.042-C3,15880,3,3269.75,1,13.25,middle50,True
B-G1.042-C3,15880,3,3290.5,1,20.75,middle50,True
B-G1.042-C3,15880,3,3296.0,1,5.5,middle50,True
B-G1.042-C3,15880,3,3305.75,1,9.75,middle50,True
B-G1.042-C3,15880,3,3351.5,1,45.75,middle50,True
B-G1.042-C3,15880,3,3356.5,1,5.0,late25,True
B-G1.042-C3,15880,3,3359.0,1,2.5,late25,True
B-G1.042-C3,15880,3,3364.75,1,5.75,late25,True
B-G1.042-C3,15880,3,3379.75,1,15.0,late25,True
B-G1.042-C3,15880,3,3409.5,1,29.75,late25,True
B-G1.042-C3,15880,3,3416.25,1,6.75,late25,True
B-G1.042-C3,15880,3,3464.5,1,48.25,late25,True
B-G1.042-C3,15880,3,3471.0,1,6.5,late25,True
B-G1.042-C3,15880,3,3479.25,1,8.25,late25,True
B-G1.042-C3,15880,3,3484.25,1,5.0,late25,True
B-G1.042-C3,15880,3,3493.0,1,8.75,late25,True
B-G1.042-C3,15880,3,3515.75,1,22.75,late25,True
B-G1.042-C3,15880,3,3527.0,1,11.25,late25,True
B-G1.042-C3,15880,3,3567.75,1,40.75,late25,True
B-G1.042-C3,15880,3,3575.5,1,7.75,late25,True
B-G1.042-C3,15880,3,3586.25,1,10.75,late25,True
B-G1.042-C3,23799,0,0.25,3,,early25,False
B-G1.042-C3,23799,0,8.25,1,8.0,early25,False
B-G1.042-C3,23799,0,16.5,1,8.25,early25,False
B-G1.042-C3,23799,0,45.75,1,29.25,early25,False
B-G1.042-C3,23799,0,58.0,1,12.25,early25,False
B-G1.042-C3,23799,0,88.75,1,30.75,early25,False
B-G1.042-C3,23799,0,112.25,1,23.5,early25,False
B-G1.042-C3,23799,0,123.75,1,11.5,early25,False
B-G1.042-C3,23799,0,163.0,1,39.25,early25,False
B-G1.042-C3,23799,0,182.0,1,19.0,early25,False
B-G1.042-C3,23799,0,215.25,1,33.25,middle50,False
B-G1.042-C3,23799,0,229.75,1,14.5,middle50,False
B-G1.042-C3,23799,0,235.75,1,6.0,middle50,False
B-G1.042-C3,23799,0,281.25,1,45.5,middle50,False
B-G1.042-C3,23799,0,292.0,1,10.75,middle50,False
B-G1.042-C3,23799,0,296.75,1,4.75,middle50,False
B-G1.042-C3,23799,0,304.5,1,7.75,middle50,False
B-G1.042-C3,23799,0,340.25,1,35.75,middle50,False
B-G1.042-C3,23799,0,346.75,1,6.5,middle50,False
B-G1.042-C3,23799,0,349.25,1,2.5,middle50,False
B-G1.042-C3,23799,0,354.5,1,5.25,middle50,False
B-G1.042-C3,23799,0,359.75,1,5.25,middle50,False
B-G1.042-C3,23799,0,369.5,1,9.75,middle50,False
B-G1.042-C3,23799,0,527.25,1,157.75,middle50,False
B-G1.042-C3,23799,0,532.5,1,5.25,middle50,False
B-G1.042-C3,23799,0,540.5,1,8.0,middle50,False
B-G1.042-C3,23799,0,577.0,1,36.5,middle50,False
B-G1.042-C3,23799,0,580.5,1,3.5,middle50,False
B-G1.042-C3,23799,0,583.0,1,2.5,middle50,False
B-G1.042-C3,23799,0,589.0,1,6.0,middle50,False
B-G1.042-C3,23799,0,598.25,1,9.25,middle50,False
B-G1.042-C3,23799,0,600.25,1,2.0,middle50,False
B-G1.042-C3,23799,0,603.75,1,3.5,middle50,False
B-G1.042-C3,23799,0,639.75,1,36.0,late25,False
B-G1.042-C3,23799,0,643.75,1,4.0,late25,False
B-G1.042-C3,23799,0,650.5,1,6.75,late25,False
B-G1.042-C3,23799,0,655.0,1,4.5,late25,False
B-G1.042-C3,23799,0,687.5,1,32.5,late25,False
B-G1.042-C3,23799,0,689.75,1,2.25,late25,False
B-G1.042-C3,23799,0,694.0,1,4.25,late25,False
B-G1.042-C3,23799,0,700.25,1,6.25,late25,False
B-G1.042-C3,23799,0,703.75,1,3.5,late25,False
B-G1.042-C3,23799,0,708.5,1,4.75,late25,False
B-G1.042-C3,23799,0,712.75,1,4.25,late25,False
B-G1.042-C3,23799,0,718.0,1,5.25,late25,False
B-G1.042-C3,23799,0,726.25,1,8.25,late25,False
B-G1.042-C3,23799,0,835.5,1,109.25,late25,False
B-G1.042-C3,23799,1,855.75,1,20.25,early25,False
B-G1.042-C3,23799,1,858.75,1,3.0,early25,False
B-G1.042-C3,23799,1,860.5,1,1.75,early25,False
B-G1.042-C3,23799,1,863.25,1,2.75,early25,False
B-G1.042-C3,23799,1,865.5,1,2.25,early25,False
B-G1.042-C3,23799,1,867.75,1,2.25,early25,False
B-G1.042-C3,23799,1,874.25,1,6.5,early25,False
B-G1.042-C3,23799,1,877.75,1,3.5,early25,False
B-G1.042-C3,23799,1,881.25,1,3.5,early25,False
B-G1.042-C3,23799,1,883.75,1,2.5,early25,False
B-G1.042-C3,23799,1,911.5,1,27.75,early25,False
B-G1.042-C3,23799,1,919.25,2,7.75,early25,False
B-G1.042-C3,23799,1,932.5,2,13.25,early25,False
B-G1.042-C3,23799,1,949.0,1,16.5,early25,False
B-G1.042-C3,23799,1,978.75,1,29.75,early25,False
B-G1.042-C3,23799,1,984.5,2,5.75,early25,False
B-G1.042-C3,23799,1,990.5,1,6.0,early25,False
B-G1.042-C3,23799,1,1025.25,1,34.75,early25,False
B-G1.042-C3,23799,1,1029.5,2,4.25,early25,False
B-G1.042-C3,23799,1,1043.5,2,14.0,middle50,False
B-G1.042-C3,23799,1,1047.25,1,3.75,middle50,False
B-G1.042-C3,23799,1,1052.25,2,5.0,middle50,False
B-G1.042-C3,23799,1,1060.5,2,8.25,middle50,False
B-G1.042-C3,23799,1,1068.25,6,7.75,middle50,False
B-G1.042-C3,23799,1,1086.75,1,18.5,middle50,False
B-G1.042-C3,23799,1,1090.5,1,3.75,middle50,False
B-G1.042-C3,23799,1,1092.25,4,1.75,middle50,False
B-G1.042-C3,23799,1,1094.5,2,2.25,middle50,False
B-G1.042-C3,23799,1,1101.0,1,6.5,middle50,False
B-G1.042-C3,23799,1,1105.5,2,4.5,middle50,False
B-G1.042-C3,23799,1,1110.5,1,5.0,middle50,False
B-G1.042-C3,23799,1,1139.25,2,28.75,middle50,False
B-G1.042-C3,23799,1,1145.5,2,6.25,middle50,False
B-G1.042-C3,23799,1,1151.0,1,5.5,middle50,False
B-G1.042-C3,23799,1,1156.25,1,5.25,middle50,False
B-G1.042-C3,23799,1,1157.75,1,1.5,middle50,False
B-G1.042-C3,23799,1,1162.25,1,4.5,middle50,False
B-G1.042-C3,23799,1,1166.0,1,3.75,middle50,False
B-G1.042-C3,23799,1,1314.75,2,148.75,middle50,False
B-G1.042-C3,23799,1,1320.25,1,5.5,middle50,False
B-G1.042-C3,23799,1,1323.75,1,3.5,middle50,False
B-G1.042-C3,23799,1,1327.25,1,3.5,middle50,False
B-G1.042-C3,23799,1,1331.25,1,4.0,middle50,False
B-G1.042-C3,23799,1,1336.25,1,5.0,middle50,False
B-G1.042-C3,23799,1,1340.5,2,4.25,middle50,False
B-G1.042-C3,23799,1,1368.25,1,27.75,middle50,False
B-G1.042-C3,23799,1,1371.25,16,3.0,middle50,False
B-G1.042-C3,23799,1,1375.5,1,4.25,middle50,False
B-G1.042-C3,23799,1,1381.5,1,6.0,middle50,False
B-G1.042-C3,23799,1,1389.0,1,7.5,middle50,False
B-G1.042-C3,23799,1,1391.5,1,2.5,middle50,False
B-G1.042-C3,23799,1,1397.0,2,5.5,middle50,False
B-G1.042-C3,23799,1,1416.75,1,19.75,middle50,False
B-G1.042-C3,23799,1,1425.25,1,8.5,late25,False
B-G1.042-C3,23799,1,1432.0,1,6.75,late25,False
B-G1.042-C3,23799,1,1434.5,1,2.5,late25,False
B-G1.042-C3,23799,1,1437.25,1,2.75,late25,False
B-G1.042-C3,23799,1,1440.5,1,3.25,late25,False
B-G1.042-C3,23799,1,1444.5,1,4.0,late25,False
B-G1.042-C3,23799,1,1472.0,1,27.5,late25,False
B-G1.042-C3,23799,1,1476.0,1,4.0,late25,False
B-G1.042-C3,23799,1,1477.25,1,1.25,late25,False
B-G1.042-C3,23799,1,1479.5,1,2.25,late25,False
B-G1.042-C3,23799,1,1484.0,1,4.5,late25,False
B-G1.042-C3,23799,1,1486.25,1,2.25,late25,False
B-G1.042-C3,23799,1,1488.0,1,1.75,late25,False
B-G1.042-C3,23799,1,1490.75,1,2.75,late25,False
B-G1.042-C3,23799,1,1495.75,1,5.0,late25,False
B-G1.042-C3,23799,1,1499.25,1,3.5,late25,False
B-G1.042-C3,23799,1,1503.25,1,4.0,late25,False
B-G1.042-C3,23799,1,1608.5,1,105.25,late25,False
B-G1.042-C3,23799,1,1612.0,1,3.5,late25,False
B-G1.042-C3,23799,2,1612.75,1,0.75,early25,False
B-G1.042-C3,23799,2,1626.25,1,13.5,early25,False
B-G1.042-C3,23799,2,1628.5,1,2.25,early25,False
B-G1.042-C3,23799,2,1629.5,1,1.0,early25,False
B-G1.042-C3,23799,2,1630.75,1,1.25,early25,False
B-G1.042-C3,23799,2,1633.0,2,2.25,early25,False
B-G1.042-C3,23799,2,1635.5,1,2.5,early25,False
B-G1.042-C3,23799,2,1637.5,2,2.0,early25,False
B-G1.042-C3,23799,2,1639.75,2,2.25,early25,False
B-G1.042-C3,23799,2,1646.5,3,6.75,early25,False
B-G1.042-C3,23799,2,1694.5,1,48.0,early25,False
B-G1.042-C3,23799,2,1696.25,1,1.75,early25,False
B-G1.042-C3,23799,2,1702.75,4,6.5,early25,False
B-G1.042-C3,23799,2,1720.25,3,17.5,early25,False
B-G1.042-C3,23799,2,1726.5,6,6.25,early25,False
B-G1.042-C3,23799,2,1736.5,6,10.0,early25,False
B-G1.042-C3,23799,2,1740.25,1,3.75,early25,False
B-G1.042-C3,23799,2,1741.5,4,1.25,early25,False
B-G1.042-C3,23799,2,1742.25,3,0.75,early25,False
B-G1.042-C3,23799,2,1748.5,2,6.25,early25,False
B-G1.042-C3,23799,2,1752.5,1,4.0,early25,False
B-G1.042-C3,23799,2,1758.0,2,5.5,early25,False
B-G1.042-C3,23799,2,1759.75,5,1.75,early25,False
B-G1.042-C3,23799,2,1792.0,1,32.25,early25,False
B-G1.042-C3,23799,2,1795.5,1,3.5,early25,False
B-G1.042-C3,23799,2,1798.5,2,3.0,early25,False
B-G1.042-C3,23799,2,1804.5,1,6.0,early25,False
B-G1.042-C3,23799,2,1809.25,2,4.75,early25,False
B-G1.042-C3,23799,2,1814.0,3,4.75,early25,False
B-G1.042-C3,23799,2,1821.75,2,7.75,early25,False
B-G1.042-C3,23799,2,1830.75,2,9.0,early25,False
B-G1.042-C3,23799,2,1858.5,2,27.75,early25,False
B-G1.042-C3,23799,2,1863.5,1,5.0,early25,False
B-G1.042-C3,23799,2,1867.75,2,4.25,early25,False
B-G1.042-C3,23799,2,1870.5,1,2.75,early25,False
B-G1.042-C3,23799,2,1873.5,1,3.0,early25,False
B-G1.042-C3,23799,2,1880.75,1,7.25,early25,False
B-G1.042-C3,23799,2,1910.25,2,29.5,early25,False
B-G1.042-C3,23799,2,1916.75,2,6.5,middle50,False
B-G1.042-C3,23799,2,1925.5,1,8.75,middle50,False
B-G1.042-C3,23799,2,1931.75,1,6.25,middle50,False
B-G1.042-C3,23799,2,1937.25,2,5.5,middle50,False
B-G1.042-C3,23799,2,1947.5,1,10.25,middle50,False
B-G1.042-C3,23799,2,1963.75,1,16.25,middle50,False
B-G1.042-C3,23799,2,1969.75,2,6.0,middle50,False
B-G1.042-C3,23799,2,1979.25,1,9.5,middle50,False
B-G1.042-C3,23799,2,1985.0,2,5.75,middle50,False
B-G1.042-C3,23799,2,1990.0,1,5.0,middle50,False
B-G1.042-C3,23799,2,2019.25,2,29.25,middle50,False
B-G1.042-C3,23799,2,2022.5,2,3.25,middle50,False
B-G1.042-C3,23799,2,2026.0,1,3.5,middle50,False
B-G1.042-C3,23799,2,2029.25,2,3.25,middle50,False
B-G1.042-C3,23799,2,2034.75,1,5.5,middle50,False
B-G1.042-C3,23799,2,2039.0,2,4.25,middle50,False
B-G1.042-C3,23799,2,2040.0,1,1.0,middle50,False
B-G1.042-C3,23799,2,2045.0,2,5.0,middle50,False
B-G1.042-C3,23799,2,2059.5,4,14.5,middle50,False
B-G1.042-C3,23799,2,2189.0,1,129.5,middle50,False
B-G1.042-C3,23799,2,2193.75,1,4.75,middle50,False
B-G1.042-C3,23799,2,2198.75,1,5.0,middle50,False
B-G1.042-C3,23799,2,2204.25,1,5.5,middle50,False
B-G1.042-C3,23799,2,2207.0,1,2.75,middle50,False
B-G1.042-C3,23799,2,2214.5,1,7.5,middle50,False
B-G1.042-C3,23799,2,2217.5,1,3.0,middle50,False
B-G1.042-C3,23799,2,2222.5,2,5.0,middle50,False
B-G1.042-C3,23799,2,2246.25,1,23.75,middle50,False
B-G1.042-C3,23799,2,2249.5,1,3.25,middle50,False
B-G1.042-C3,23799,2,2255.0,2,5.5,middle50,False
B-G1.042-C3,23799,2,2260.5,1,5.5,middle50,False
B-G1.042-C3,23799,2,2264.5,1,4.0,middle50,False
B-G1.042-C3,23799,2,2268.25,2,3.75,middle50,False
B-G1.042-C3,23799,2,2274.0,1,5.75,middle50,False
B-G1.042-C3,23799,2,2276.75,1,2.75,middle50,False
B-G1.042-C3,23799,2,2284.0,3,7.25,middle50,False
B-G1.042-C3,23799,2,2296.75,1,12.75,middle50,False
B-G1.042-C3,23799,2,2299.25,1,2.5,middle50,False
B-G1.042-C3,23799,2,2303.25,1,4.0,middle50,False
B-G1.042-C3,23799,2,2306.75,1,3.5,middle50,False
B-G1.042-C3,23799,2,2309.5,1,2.75,middle50,False
B-G1.042-C3,23799,2,2315.25,1,5.75,middle50,False
B-G1.042-C3,23799,2,2318.5,1,3.25,middle50,False
B-G1.042-C3,23799,2,2319.25,2,0.75,middle50,False
B-G1.042-C3,23799,2,2350.75,1,31.5,middle50,False
B-G1.042-C3,23799,2,2353.25,1,2.5,middle50,False
B-G1.042-C3,23799,2,2357.0,2,3.75,middle50,False
B-G1.042-C3,23799,2,2358.75,1,1.75,middle50,False
B-G1.042-C3,23799,2,2360.5,2,1.75,middle50,False
B-G1.042-C3,23799,2,2362.75,2,2.25,middle50,False
B-G1.042-C3,23799,2,2366.5,1,3.75,middle50,False
B-G1.042-C3,23799,2,2370.5,1,4.0,middle50,False
B-G1.042-C3,23799,2,2373.0,1,2.5,middle50,False
B-G1.042-C3,23799,2,2376.75,1,3.75,middle50,False
B-G1.042-C3,23799,2,2379.75,1,3.0,middle50,False
B-G1.042-C3,23799,2,2388.0,1,8.25,middle50,False
B-G1.042-C3,23799,2,2518.5,1,130.5,late25,False
B-G1.042-C3,23799,2,2524.75,1,6.25,late25,False
B-G1.042-C3,23799,2,2527.5,1,2.75,late25,False
B-G1.042-C3,23799,2,2535.25,2,7.75,late25,False
B-G1.042-C3,23799,2,2541.5,1,6.25,late25,False
B-G1.042-C3,23799,2,2545.5,1,4.0,late25,False
B-G1.042-C3,23799,2,2550.25,1,4.75,late25,False
B-G1.042-C3,23799,2,2574.5,1,24.25,late25,False
B-G1.042-C3,23799,2,2580.0,6,5.5,late25,False
B-G1.042-C3,23799,2,2583.5,1,3.5,late25,False
B-G1.042-C3,23799,2,2588.25,1,4.75,late25,False
B-G1.042-C3,23799,2,2595.0,1,6.75,late25,False
B-G1.042-C3,23799,2,2600.75,1,5.75,late25,False
B-G1.042-C3,23799,2,2604.75,1,4.0,late25,False
B-G1.042-C3,23799,2,2612.75,5,8.0,late25,False
B-G1.042-C3,23799,2,2625.5,1,12.75,late25,False
B-G1.042-C3,23799,2,2631.0,1,5.5,late25,False
B-G1.042-C3,23799,2,2634.5,1,3.5,late25,False
B-G1.042-C3,23799,2,2640.5,1,6.0,late25,False
B-G1.042-C3,23799,2,2643.75,6,3.25,late25,False
B-G1.042-C3,23799,2,2647.0,1,3.25,late25,False
B-G1.042-C3,23799,2,2651.75,1,4.75,late25,False
B-G1.042-C3,23799,2,2679.75,1,28.0,late25,False
B-G1.042-C3,23799,2,2685.25,1,5.5,late25,False
B-G1.042-C3,23799,2,2690.5,1,5.25,late25,False
B-G1.042-C3,23799,2,2693.75,1,3.25,late25,False
B-G1.042-C3,23799,2,2697.25,1,3.5,late25,False
B-G1.042-C3,23799,2,2700.5,1,3.25,late25,False
B-G1.042-C3,23799,2,2703.75,1,3.25,late25,False
B-G1.042-C3,23799,2,2707.0,1,3.25,late25,False
B-G1.042-C3,23799,2,2720.5,2,13.5,late25,False
B-G1.042-C3,23799,2,2818.0,1,97.5,late25,False
B-G1.042-C3,23799,3,2832.75,2,14.75,early25,True
B-G1.042-C3,23799,3,2836.75,1,4.0,early25,True
B-G1.042-C3,23799,3,2841.0,2,4.25,early25,True
B-G1.042-C3,23799,3,2844.75,1,3.75,early25,True
B-G1.042-C3,23799,3,2849.0,1,4.25,early25,True
B-G1.042-C3,23799,3,2854.0,1,5.0,early25,True
B-G1.042-C3,23799,3,2858.75,2,4.75,early25,True
B-G1.042-C3,23799,3,2862.75,1,4.0,early25,True
B-G1.042-C3,23799,3,2889.5,1,26.75,early25,True
B-G1.042-C3,23799,3,2896.25,11,6.75,early25,True
B-G1.042-C3,23799,3,2899.25,1,3.0,early25,True
B-G1.042-C3,23799,3,2903.25,1,4.0,early25,True
B-G1.042-C3,23799,3,2907.0,1,3.75,early25,True
B-G1.042-C3,23799,3,2909.5,1,2.5,early25,True
B-G1.042-C3,23799,3,2914.0,1,4.5,early25,True
B-G1.042-C3,23799,3,2915.75,1,1.75,early25,True
B-G1.042-C3,23799,3,2947.25,1,31.5,early25,True
B-G1.042-C3,23799,3,2949.75,1,2.5,early25,True
B-G1.042-C3,23799,3,2960.0,2,10.25,early25,True
B-G1.042-C3,23799,3,2972.5,1,12.5,early25,True
B-G1.042-C3,23799,3,3023.25,2,50.75,middle50,True
B-G1.042-C3,23799,3,3027.5,1,4.25,middle50,True
B-G1.042-C3,23799,3,3055.0,1,27.5,middle50,True
B-G1.042-C3,23799,3,3064.5,1,9.5,middle50,True
B-G1.042-C3,23799,3,3071.25,2,6.75,middle50,True
B-G1.042-C3,23799,3,3113.5,2,42.25,middle50,True
B-G1.042-C3,23799,3,3122.5,1,9.0,middle50,True
B-G1.042-C3,23799,3,3128.0,2,5.5,middle50,True
B-G1.042-C3,23799,3,3131.5,1,3.5,middle50,True
B-G1.042-C3,23799,3,3137.0,1,5.5,middle50,True
B-G1.042-C3,23799,3,3153.5,1,16.5,middle50,True
B-G1.042-C3,23799,3,3162.25,1,8.75,middle50,True
B-G1.042-C3,23799,3,3166.5,2,4.25,middle50,True
B-G1.042-C3,23799,3,3171.75,1,5.25,middle50,True
B-G1.042-C3,23799,3,3177.0,1,5.25,middle50,True
B-G1.042-C3,23799,3,3209.5,1,32.5,middle50,True
B-G1.042-C3,23799,3,3216.25,1,6.75,middle50,True
B-G1.042-C3,23799,3,3221.75,1,5.5,middle50,True
B-G1.042-C3,23799,3,3228.0,1,6.25,middle50,True
B-G1.042-C3,23799,3,3233.25,1,5.25,middle50,True
B-G1.042-C3,23799,3,3236.0,1,2.75,middle50,True
B-G1.042-C3,23799,3,3245.5,1,9.5,middle50,True
B-G1.042-C3,23799,3,3271.25,1,25.75,middle50,True
B-G1.042-C3,23799,3,3274.5,1,3.25,middle50,True
B-G1.042-C3,23799,3,3281.75,1,7.25,middle50,True
B-G1.042-C3,23799,3,3285.5,1,3.75,middle50,True
B-G1.042-C3,23799,3,3292.0,1,6.5,middle50,True
B-G1.042-C3,23799,3,3299.0,6,7.0,middle50,True
B-G1.042-C3,23799,3,3326.75,1,27.75,middle50,True
B-G1.042-C3,23799,3,3331.0,1,4.25,middle50,True
B-G1.042-C3,23799,3,3345.25,1,14.25,middle50,True
B-G1.042-C3,23799,3,3354.5,1,9.25,middle50,True
B-G1.042-C3,23799,3,3369.25,1,14.75,middle50,True
B-G1.042-C3,23799,3,3373.25,1,4.0,middle50,True
B-G1.042-C3,23799,3,3382.25,1,9.0,middle50,True
B-G1.042-C3,23799,3,3391.5,1,9.25,middle50,True
B-G1.042-C3,23799,3,3394.75,1,3.25,middle50,True
B-G1.042-C3,23799,3,3401.25,1,6.5,middle50,True
B-G1.042-C3,23799,3,3426.0,4,24.75,late25,True
B-G1.042-C3,23799,3,3431.75,1,5.75,late25,True
B-G1.042-C3,23799,3,3438.0,1,6.25,late25,True
B-G1.042-C3,23799,3,3447.25,1,9.25,late25,True
B-G1.042-C3,23799,3,3458.25,1,11.0,late25,True
B-G1.042-C3,23799,3,3475.75,1,17.5,late25,True
B-G1.042-C3,23799,3,3483.5,1,7.75,late25,True
B-G1.042-C3,23799,3,3489.5,1,6.0,late25,True
B-G1.042-C3,23799,3,3495.75,1,6.25,late25,True
B-G1.042-C3,23799,3,3538.5,1,42.75,late25,True
B-G1.042-C3,23799,3,3543.5,1,5.0,late25,True
B-G1.042-C3,23799,3,3557.75,1,14.25,late25,True
B-G1.042-C3,23799,3,3569.25,3,11.5,late25,True
B-G1.042-C3,23799,3,3581.5,3,12.25,late25,True
B-G1.042-C3,23799,3,3592.25,2,10.75,late25,True
B-G1.042-C3,31718,0,0.25,3,,early25,False
B-G1.042-C3,31718,0,8.5,1,8.25,early25,False
B-G1.042-C3,31718,0,17.25,1,8.75,early25,False
B-G1.042-C3,31718,0,33.75,1,16.5,early25,False
B-G1.042-C3,31718,0,50.75,1,17.0,early25,False
B-G1.042-C3,31718,0,93.75,1,43.0,early25,False
B-G1.042-C3,31718,0,100.75,1,7.0,early25,False
B-G1.042-C3,31718,0,116.0,1,15.25,early25,False
B-G1.042-C3,31718,0,155.25,1,39.25,early25,False
B-G1.042-C3,31718,0,158.25,1,3.0,early25,False
B-G1.042-C3,31718,0,164.75,1,6.5,early25,False
B-G1.042-C3,31718,0,172.0,1,7.25,early25,False
B-G1.042-C3,31718,0,176.0,1,4.0,early25,False
B-G1.042-C3,31718,0,213.75,1,37.75,middle50,False
B-G1.042-C3,31718,0,219.5,1,5.75,middle50,False
B-G1.042-C3,31718,0,224.0,1,4.5,middle50,False
B-G1.042-C3,31718,0,230.75,1,6.75,middle50,False
B-G1.042-C3,31718,0,244.25,1,13.5,middle50,False
B-G1.042-C3,31718,0,279.0,1,34.75,middle50,False
B-G1.042-C3,31718,0,291.5,1,12.5,middle50,False
B-G1.042-C3,31718,0,298.5,1,7.0,middle50,False
B-G1.042-C3,31718,0,326.0,1,27.5,middle50,False
B-G1.042-C3,31718,0,329.75,1,3.75,middle50,False
B-G1.042-C3,31718,0,334.0,1,4.25,middle50,False
B-G1.042-C3,31718,0,338.75,1,4.75,middle50,False
B-G1.042-C3,31718,0,341.0,1,2.25,middle50,False
B-G1.042-C3,31718,0,346.75,1,5.75,middle50,False
B-G1.042-C3,31718,0,348.75,1,2.0,middle50,False
B-G1.042-C3,31718,0,361.5,1,12.75,middle50,False
B-G1.042-C3,31718,0,516.5,1,155.0,middle50,False
B-G1.042-C3,31718,0,523.75,1,7.25,middle50,False
B-G1.042-C3,31718,0,540.5,1,16.75,middle50,False
B-G1.042-C3,31718,0,572.5,1,32.0,middle50,False
B-G1.042-C3,31718,0,580.0,1,7.5,middle50,False
B-G1.042-C3,31718,0,583.75,1,3.75,middle50,False
B-G1.042-C3,31718,0,589.0,1,5.25,middle50,False
B-G1.042-C3,31718,0,595.75,1,6.75,middle50,False
B-G1.042-C3,31718,0,626.5,1,30.75,late25,False
B-G1.042-C3,31718,0,632.5,1,6.0,late25,False
B-G1.042-C3,31718,0,638.0,1,5.5,late25,False
B-G1.042-C3,31718,0,643.5,1,5.5,late25,False
B-G1.042-C3,31718,0,654.5,1,11.0,late25,False
B-G1.042-C3,31718,0,687.25,1,32.75,late25,False
B-G1.042-C3,31718,0,692.75,1,5.5,late25,False
B-G1.042-C3,31718,0,698.25,1,5.5,late25,False
B-G1.042-C3,31718,0,702.5,1,4.25,late25,False
B-G1.042-C3,31718,0,708.25,1,5.75,late25,False
B-G1.042-C3,31718,0,713.5,1,5.25,late25,False
B-G1.042-C3,31718,0,827.5,1,114.0,late25,False
B-G1.042-C3,31718,1,849.25,1,21.75,early25,False
B-G1.042-C3,31718,1,852.0,1,2.75,early25,False
B-G1.042-C3,31718,1,854.5,2,2.5,early25,False
B-G1.042-C3,31718,1,857.25,1,2.75,early25,False
B-G1.042-C3,31718,1,861.5,1,4.25,early25,False
B-G1.042-C3,31718,1,869.75,2,8.25,early25,False
B-G1.042-C3,31718,1,873.5,1,3.75,early25,False
B-G1.042-C3,31718,1,916.0,1,42.5,early25,False
B-G1.042-C3,31718,1,920.0,2,4.0,early25,False
B-G1.042-C3,31718,1,923.0,1,3.0,early25,False
B-G1.042-C3,31718,1,928.75,2,5.75,early25,False
B-G1.042-C3,31718,1,935.25,1,6.5,early25,False
B-G1.042-C3,31718,1,967.0,2,31.75,early25,False
B-G1.042-C3,31718,1,975.75,1,8.75,early25,False
B-G1.042-C3,31718,1,980.0,1,4.25,early25,False
B-G1.042-C3,31718,1,988.25,2,8.25,early25,False
B-G1.042-C3,31718,1,992.75,1,4.5,early25,False
B-G1.042-C3,31718,1,1018.75,1,26.0,early25,False
B-G1.042-C3,31718,1,1021.25,1,2.5,early25,False
B-G1.042-C3,31718,1,1024.25,1,3.0,early25,False
B-G1.042-C3,31718,1,1028.75,1,4.5,middle50,False
B-G1.042-C3,31718,1,1032.5,1,3.75,middle50,False
B-G1.042-C3,31718,1,1036.0,2,3.5,middle50,False
B-G1.042-C3,31718,1,1042.0,1,6.0,middle50,False
B-G1.042-C3,31718,1,1044.0,1,2.0,middle50,False
B-G1.042-C3,31718,1,1046.0,1,2.0,middle50,False
B-G1.042-C3,31718,1,1049.25,1,3.25,middle50,False
B-G1.042-C3,31718,1,1057.25,1,8.0,middle50,False
B-G1.042-C3,31718,1,1064.25,6,7.0,middle50,False
B-G1.042-C3,31718,1,1076.5,1,12.25,middle50,False
B-G1.042-C3,31718,1,1079.75,1,3.25,middle50,False
B-G1.042-C3,31718,1,1083.0,1,3.25,middle50,False
B-G1.042-C3,31718,1,1086.25,1,3.25,middle50,False
B-G1.042-C3,31718,1,1090.75,1,4.5,middle50,False
B-G1.042-C3,31718,1,1093.25,1,2.5,middle50,False
B-G1.042-C3,31718,1,1102.75,2,9.5,middle50,False
B-G1.042-C3,31718,1,1133.75,2,31.0,middle50,False
B-G1.042-C3,31718,1,1137.25,1,3.5,middle50,False
B-G1.042-C3,31718,1,1140.0,1,2.75,middle50,False
B-G1.042-C3,31718,1,1143.25,1,3.25,middle50,False
B-G1.042-C3,31718,1,1147.5,1,4.25,middle50,False
B-G1.042-C3,31718,1,1150.25,2,2.75,middle50,False
B-G1.042-C3,31718,1,1153.25,1,3.0,middle50,False
B-G1.042-C3,31718,1,1159.5,2,6.25,middle50,False
B-G1.042-C3,31718,1,1169.25,2,9.75,middle50,False
B-G1.042-C3,31718,1,1175.75,4,6.5,middle50,False
B-G1.042-C3,31718,1,1306.0,1,130.25,middle50,False
B-G1.042-C3,31718,1,1308.5,1,2.5,middle50,False
B-G1.042-C3,31718,1,1312.5,1,4.0,middle50,False
B-G1.042-C3,31718,1,1315.75,1,3.25,middle50,False
B-G1.042-C3,31718,1,1321.25,1,5.5,middle50,False
B-G1.042-C3,31718,1,1324.75,1,3.5,middle50,False
B-G1.042-C3,31718,1,1328.75,1,4.0,middle50,False
B-G1.042-C3,31718,1,1329.75,1,1.0,middle50,False
B-G1.042-C3,31718,1,1360.25,1,30.5,middle50,False
B-G1.042-C3,31718,1,1370.5,1,10.25,middle50,False
B-G1.042-C3,31718,1,1374.5,2,4.0,middle50,False
B-G1.042-C3,31718,1,1378.5,1,4.0,middle50,False
B-G1.042-C3,31718,1,1382.25,1,3.75,middle50,False
B-G1.042-C3,31718,1,1387.25,1,5.0,middle50,False
B-G1.042-C3,31718,1,1404.0,1,16.75,middle50,False
B-G1.042-C3,31718,1,1421.0,1,17.0,middle50,False
B-G1.042-C3,31718,1,1425.25,2,4.25,late25,False
B-G1.042-C3,31718,1,1431.0,1,5.75,late25,False
B-G1.042-C3,31718,1,1436.0,1,5.0,late25,False
B-G1.042-C3,31718,1,1438.75,1,2.75,late25,False
B-G1.042-C3,31718,1,1448.5,1,9.75,late25,False
B-G1.042-C3,31718,1,1477.0,1,28.5,late25,False
B-G1.042-C3,31718,1,1481.5,1,4.5,late25,False
B-G1.042-C3,31718,1,1487.0,1,5.5,late25,False
B-G1.042-C3,31718,1,1488.0,1,1.0,late25,False
B-G1.042-C3,31718,1,1490.75,1,2.75,late25,False
B-G1.042-C3,31718,1,1493.5,1,2.75,late25,False
B-G1.042-C3,31718,1,1496.75,1,3.25,late25,False
B-G1.042-C3,31718,1,1499.75,1,3.0,late25,False
B-G1.042-C3,31718,1,1502.0,1,2.25,late25,False
B-G1.042-C3,31718,1,1506.0,1,4.0,late25,False
B-G1.042-C3,31718,1,1512.75,1,6.75,late25,False
B-G1.042-C3,31718,1,1518.75,3,6.0,late25,False
B-G1.042-C3,31718,1,1615.25,1,96.5,late25,False
B-G1.042-C3,31718,1,1617.0,1,1.75,late25,False
B-G1.042-C3,31718,1,1618.75,1,1.75,late25,False
B-G1.042-C3,31718,2,1637.75,1,19.0,early25,False
B-G1.042-C3,31718,2,1640.0,2,2.25,early25,False
B-G1.042-C3,31718,2,1642.75,1,2.75,early25,False
B-G1.042-C3,31718,2,1646.5,3,3.75,early25,False
B-G1.042-C3,31718,2,1650.0,2,3.5,early25,False
B-G1.042-C3,31718,2,1651.25,1,1.25,early25,False
B-G1.042-C3,31718,2,1654.0,1,2.75,early25,False
B-G1.042-C3,31718,2,1658.25,2,4.25,early25,False
B-G1.042-C3,31718,2,1660.25,2,2.0,early25,False
B-G1.042-C3,31718,2,1661.5,1,1.25,early25,False
B-G1.042-C3,31718,2,1663.0,1,1.5,early25,False
B-G1.042-C3,31718,2,1689.0,1,26.0,early25,False
B-G1.042-C3,31718,2,1693.25,1,4.25,early25,False
B-G1.042-C3,31718,2,1696.75,1,3.5,early25,False
B-G1.042-C3,31718,2,1703.0,3,6.25,early25,False
B-G1.042-C3,31718,2,1704.75,1,1.75,early25,False
B-G1.042-C3,31718,2,1719.25,3,14.5,early25,False
B-G1.042-C3,31718,2,1741.0,1,21.75,early25,False
B-G1.042-C3,31718,2,1745.5,2,4.5,early25,False
B-G1.042-C3,31718,2,1749.25,1,3.75,early25,False
B-G1.042-C3,31718,2,1754.5,2,5.25,early25,False
B-G1.042-C3,31718,2,1760.75,3,6.25,early25,False
B-G1.042-C3,31718,2,1766.5,2,5.75,early25,False
B-G1.042-C3,31718,2,1769.5,1,3.0,early25,False
B-G1.042-C3,31718,2,1773.75,1,4.25,early25,False
B-G1.042-C3,31718,2,1799.75,17,26.0,early25,False
B-G1.042-C3,31718,2,1809.5,1,9.75,early25,False
B-G1.042-C3,31718,2,1814.5,2,5.0,early25,False
B-G1.042-C3,31718,2,1820.0,1,5.5,early25,False
B-G1.042-C3,31718,2,1823.25,1,3.25,early25,False
B-G1.042-C3,31718,2,1826.75,1,3.5,early25,False
B-G1.042-C3,31718,2,1830.5,2,3.75,early25,False
B-G1.042-C3,31718,2,1850.75,2,20.25,early25,False
B-G1.042-C3,31718,2,1857.0,2,6.25,early25,False
B-G1.042-C3,31718,2,1861.0,1,4.0,early25,False
B-G1.042-C3,31718,2,1864.5,1,3.5,early25,False
B-G1.042-C3,31718,2,1869.0,2,4.5,early25,False
B-G1.042-C3,31718,2,1874.25,1,5.25,early25,False
B-G1.042-C3,31718,2,1878.75,2,4.5,early25,False
B-G1.042-C3,31718,2,1903.5,2,24.75,middle50,False
B-G1.042-C3,31718,2,1906.75,1,3.25,middle50,False
B-G1.042-C3,31718,2,1910.25,16,3.5,middle50,False
B-G1.042-C3,31718,2,1912.75,1,2.5,middle50,False
B-G1.042-C3,31718,2,1916.5,1,3.75,middle50,False
B-G1.042-C3,31718,2,1918.75,1,2.25,middle50,False
B-G1.042-C3,31718,2,1922.5,2,3.75,middle50,False
B-G1.042-C3,31718,2,1924.75,1,2.25,middle50,False
B-G1.042-C3,31718,2,1930.25,1,5.5,middle50,False
B-G1.042-C3,31718,2,2077.0,1,146.75,middle50,False
B-G1.042-C3,31718,2,2081.0,1,4.0,middle50,False
B-G1.042-C3,31718,2,2083.75,1,2.75,middle50,False
B-G1.042-C3,31718,2,2086.5,1,2.75,middle50,False
B-G1.042-C3,31718,2,2093.5,2,7.0,middle50,False
B-G1.042-C3,31718,2,2104.0,1,10.5,middle50,False
B-G1.042-C3,31718,2,2132.0,1,28.0,middle50,False
B-G1.042-C3,31718,2,2141.25,1,9.25,middle50,False
B-G1.042-C3,31718,2,2150.0,1,8.75,middle50,False
B-G1.042-C3,31718,2,2151.75,1,1.75,middle50,False
B-G1.042-C3,31718,2,2156.25,2,4.5,middle50,False
B-G1.042-C3,31718,2,2159.25,1,3.0,middle50,False
B-G1.042-C3,31718,2,2167.75,1,8.5,middle50,False
B-G1.042-C3,31718,2,2184.5,2,16.75,middle50,False
B-G1.042-C3,31718,2,2187.75,1,3.25,middle50,False
B-G1.042-C3,31718,2,2194.25,2,6.5,middle50,False
B-G1.042-C3,31718,2,2198.0,1,3.75,middle50,False
B-G1.042-C3,31718,2,2200.75,1,2.75,middle50,False
B-G1.042-C3,31718,2,2207.5,1,6.75,middle50,False
B-G1.042-C3,31718,2,2237.0,1,29.5,middle50,False
B-G1.042-C3,31718,2,2240.25,1,3.25,middle50,False
B-G1.042-C3,31718,2,2244.0,2,3.75,middle50,False
B-G1.042-C3,31718,2,2248.0,1,4.0,middle50,False
B-G1.042-C3,31718,2,2251.75,2,3.75,middle50,False
B-G1.042-C3,31718,2,2254.25,1,2.5,middle50,False
B-G1.042-C3,31718,2,2258.0,1,3.75,middle50,False
B-G1.042-C3,31718,2,2262.0,1,4.0,middle50,False
B-G1.042-C3,31718,2,2265.75,2,3.75,middle50,False
B-G1.042-C3,31718,2,2275.25,1,9.5,middle50,False
B-G1.042-C3,31718,2,2405.25,1,130.0,middle50,False
B-G1.042-C3,31718,2,2412.0,2,6.75,middle50,False
B-G1.042-C3,31718,2,2415.5,1,3.5,middle50,False
B-G1.042-C3,31718,2,2418.75,1,3.25,middle50,False
B-G1.042-C3,31718,2,2422.0,1,3.25,middle50,False
B-G1.042-C3,31718,2,2427.0,1,5.0,middle50,False
B-G1.042-C3,31718,2,2432.25,2,5.25,middle50,False
B-G1.042-C3,31718,2,2458.5,1,26.25,late25,False
B-G1.042-C3,31718,2,2465.5,1,7.0,late25,False
B-G1.042-C3,31718,2,2473.0,2,7.5,late25,False
B-G1.042-C3,31718,2,2476.75,1,3.75,late25,False
B-G1.042-C3,31718,2,2480.5,1,3.75,late25,False
B-G1.042-C3,31718,2,2482.25,1,1.75,late25,False
B-G1.042-C3,31718,2,2485.0,1,2.75,late25,False
B-G1.042-C3,31718,2,2486.5,1,1.5,late25,False
B-G1.042-C3,31718,2,2489.25,1,2.75,late25,False
B-G1.042-C3,31718,2,2500.25,3,11.0,late25,False
B-G1.042-C3,31718,2,2515.25,1,15.0,late25,False
B-G1.042-C3,31718,2,2517.75,1,2.5,late25,False
B-G1.042-C3,31718,2,2521.5,1,3.75,late25,False
B-G1.042-C3,31718,2,2528.25,1,6.75,late25,False
B-G1.042-C3,31718,2,2531.25,1,3.0,late25,False
B-G1.042-C3,31718,2,2534.5,8,3.25,late25,False
B-G1.042-C3,31718,2,2537.75,1,3.25,late25,False
B-G1.042-C3,31718,2,2568.0,2,30.25,late25,False
B-G1.042-C3,31718,2,2573.0,1,5.0,late25,False
B-G1.042-C3,31718,2,2577.75,1,4.75,late25,False
B-G1.042-C3,31718,2,2580.0,1,2.25,late25,False
B-G1.042-C3,31718,2,2584.25,1,4.25,late25,False
B-G1.042-C3,31718,2,2589.75,1,5.5,late25,False
B-G1.042-C3,31718,2,2594.75,1,5.0,late25,False
B-G1.042-C3,31718,2,2597.0,1,2.25,late25,False
B-G1.042-C3,31718,3,2721.5,1,124.5,early25,True
B-G1.042-C3,31718,3,2724.25,1,2.75,early25,True
B-G1.042-C3,31718,3,2727.75,1,3.5,early25,True
B-G1.042-C3,31718,3,2731.0,1,3.25,early25,True
B-G1.042-C3,31718,3,2734.25,2,3.25,early25,True
B-G1.042-C3,31718,3,2740.5,2,6.25,early25,True
B-G1.042-C3,31718,3,2743.5,1,3.0,early25,True
B-G1.042-C3,31718,3,2781.0,1,37.5,early25,True
B-G1.042-C3,31718,3,2786.5,1,5.5,early25,True
B-G1.042-C3,31718,3,2792.5,2,6.0,early25,True
B-G1.042-C3,31718,3,2805.75,3,13.25,early25,True
B-G1.042-C3,31718,3,2813.25,1,7.5,early25,True
B-G1.042-C3,31718,3,2836.5,2,23.25,early25,True
B-G1.042-C3,31718,3,2845.0,2,8.5,early25,True
B-G1.042-C3,31718,3,2855.0,2,10.0,early25,True
B-G1.042-C3,31718,3,2892.25,1,37.25,early25,True
B-G1.042-C3,31718,3,2898.25,1,6.0,early25,True
B-G1.042-C3,31718,3,2904.25,2,6.0,early25,True
B-G1.042-C3,31718,3,2910.25,1,6.0,early25,True
B-G1.042-C3,31718,3,2916.0,2,5.75,early25,True
B-G1.042-C3,31718,3,2941.25,1,25.25,middle50,True
B-G1.042-C3,31718,3,2947.0,1,5.75,middle50,True
B-G1.042-C3,31718,3,2958.75,2,11.75,middle50,True
B-G1.042-C3,31718,3,2966.0,2,7.25,middle50,True
B-G1.042-C3,31718,3,3000.0,2,34.0,middle50,True
B-G1.042-C3,31718,3,3009.0,1,9.0,middle50,True
B-G1.042-C3,31718,3,3014.75,1,5.75,middle50,True
B-G1.042-C3,31718,3,3018.0,1,3.25,middle50,True
B-G1.042-C3,31718,3,3023.75,2,5.75,middle50,True
B-G1.042-C3,31718,3,3053.25,1,29.5,middle50,True
B-G1.042-C3,31718,3,3070.75,2,17.5,middle50,True
B-G1.042-C3,31718,3,3112.5,2,41.75,middle50,True
B-G1.042-C3,31718,3,3118.0,1,5.5,middle50,True
B-G1.042-C3,31718,3,3123.75,2,5.75,middle50,True
B-G1.042-C3,31718,3,3139.0,1,15.25,middle50,True
B-G1.042-C3,31718,3,3146.75,5,7.75,middle50,True
B-G1.042-C3,31718,3,3158.0,1,11.25,middle50,True
B-G1.042-C3,31718,3,3161.0,4,3.0,middle50,True
B-G1.042-C3,31718,3,3165.25,1,4.25,middle50,True
B-G1.042-C3,31718,3,3169.5,1,4.25,middle50,True
B-G1.042-C3,31718,3,3176.25,1,6.75,middle50,True
B-G1.042-C3,31718,3,3183.0,1,6.75,middle50,True
B-G1.042-C3,31718,3,3212.5,1,29.5,middle50,True
B-G1.042-C3,31718,3,3218.25,1,5.75,middle50,True
B-G1.042-C3,31718,3,3222.75,1,4.5,middle50,True
B-G1.042-C3,31718,3,3230.5,1,7.75,middle50,True
B-G1.042-C3,31718,3,3236.25,1,5.75,middle50,True
B-G1.042-C3,31718,3,3254.75,2,18.5,middle50,True
B-G1.042-C3,31718,3,3268.0,1,13.25,middle50,True
B-G1.042-C3,31718,3,3271.25,1,3.25,middle50,True
B-G1.042-C3,31718,3,3285.5,1,14.25,middle50,True
B-G1.042-C3,31718,3,3288.75,1,3.25,middle50,True
B-G1.042-C3,31718,3,3321.5,1,32.75,middle50,True
B-G1.042-C3,31718,3,3325.75,1,4.25,middle50,True
B-G1.042-C3,31718,3,3331.25,1,5.5,middle50,True
B-G1.042-C3,31718,3,3341.75,2,10.5,middle50,True
B-G1.042-C3,31718,3,3357.25,1,15.5,middle50,True
B-G1.042-C3,31718,3,3363.0,2,5.75,middle50,True
B-G1.042-C3,31718,3,3376.0,1,13.0,middle50,True
B-G1.042-C3,31718,3,3383.75,1,7.75,late25,True
B-G1.042-C3,31718,3,3387.0,1,3.25,late25,True
B-G1.042-C3,31718,3,3393.25,1,6.25,late25,True
B-G1.042-C3,31718,3,3397.25,6,4.0,late25,True
B-G1.042-C3,31718,3,3434.5,1,37.25,late25,True
B-G1.042-C3,31718,3,3438.5,1,4.0,late25,True
B-G1.042-C3,31718,3,3444.25,1,5.75,late25,True
B-G1.042-C3,31718,3,3459.25,1,15.0,late25,True
B-G1.042-C3,31718,3,3484.0,1,24.75,late25,True
B-G1.042-C3,31718,3,3491.5,1,7.5,late25,True
B-G1.042-C3,31718,3,3499.25,1,7.75,late25,True
B-G1.042-C3,31718,3,3506.0,1,6.75,late25,True
B-G1.042-C3,31718,3,3510.5,5,4.5,late25,True
B-G1.042-C3,31718,3,3539.75,1,29.25,late25,True
B-G1.042-C3,31718,3,3548.0,1,8.25,late25,True
B-G1.042-C3,31718,3,3551.5,1,3.5,late25,True
B-G1.042-C3,31718,3,3561.5,1,10.0,late25,True
B-G1.042-C3,31718,3,3568.75,1,7.25,late25,True
B-G1.042-C3,31718,3,3591.75,1,23.0,late25,True
B-G1.042-C3,39637,0,0.25,3,,early25,False
B-G1.042-C3,39637,0,9.5,1,9.25,early25,False
B-G1.042-C3,39637,0,18.0,1,8.5,early25,False
B-G1.042-C3,39637,0,29.0,1,11.0,early25,False
B-G1.042-C3,39637,0,33.75,1,4.75,early25,False
B-G1.042-C3,39637,0,50.4999999999,1,16.749999999899998,early25,False
B-G1.042-C3,39637,0,92.4999999999,1,42.0,early25,False
B-G1.042-C3,39637,0,102.4999999999,1,10.0,early25,False
B-G1.042-C3,39637,0,112.4999999999,1,10.0,early25,False
B-G1.042-C3,39637,0,158.9999999999,1,46.500000000000014,early25,False
B-G1.042-C3,39637,0,169.2499999999,1,10.25,early25,False
B-G1.042-C3,39637,0,176.2499999999,1,7.0,early25,False
B-G1.042-C3,39637,0,216.9999999999,1,40.75,middle50,False
B-G1.042-C3,39637,0,220.4999999999,1,3.5,middle50,False
B-G1.042-C3,39637,0,225.4999999999,1,5.0,middle50,False
B-G1.042-C3,39637,0,230.4999999999,1,5.0,middle50,False
B-G1.042-C3,39637,0,234.7499999999,1,4.25,middle50,False
B-G1.042-C3,39637,0,270.4999999999,1,35.75,middle50,False
B-G1.042-C3,39637,0,275.7499999999,1,5.25,middle50,False
B-G1.042-C3,39637,0,282.7499999999,1,7.0,middle50,False
B-G1.042-C3,39637,0,292.9999999999,1,10.25,middle50,False
B-G1.042-C3,39637,0,331.2499999999,1,38.25,middle50,False
B-G1.042-C3,39637,0,342.2499999999,1,11.0,middle50,False
B-G1.042-C3,39637,0,344.9999999999,1,2.75,middle50,False
B-G1.042-C3,39637,0,357.9999999999,1,13.0,middle50,False
B-G1.042-C3,39637,0,512.7499999999,1,154.74999999999994,middle50,False
B-G1.042-C3,39637,0,518.9999999999,1,6.25,middle50,False
B-G1.042-C3,39637,0,526.9999999999,1,8.0,middle50,False
B-G1.042-C3,39637,0,529.4999999999,1,2.5,middle50,False
B-G1.042-C3,39637,0,565.7499999999,1,36.25,middle50,False
B-G1.042-C3,39637,0,572.7499999999,1,7.0,middle50,False
B-G1.042-C3,39637,0,574.7499999999,1,2.0,middle50,False
B-G1.042-C3,39637,0,583.9999999999,1,9.25,middle50,False
B-G1.042-C3,39637,0,585.9999999999,1,2.0,middle50,False
B-G1.042-C3,39637,0,592.2499999999,1,6.25,middle50,False
B-G1.042-C3,39637,0,622.4999999999,1,30.25,late25,False
B-G1.042-C3,39637,0,628.4999999999,1,6.0,late25,False
B-G1.042-C3,39637,0,632.4999999999,1,4.0,late25,False
B-G1.042-C3,39637,0,636.9999999999,1,4.5,late25,False
B-G1.042-C3,39637,0,676.2499999999,1,39.25,late25,False
B-G1.042-C3,39637,0,682.7499999999,1,6.5,late25,False
B-G1.042-C3,39637,0,688.9999999999,1,6.25,late25,False
B-G1.042-C3,39637,0,694.7499999999,1,5.75,late25,False
B-G1.042-C3,39637,0,698.9999999999,1,4.25,late25,False
B-G1.042-C3,39637,0,703.2499999999,1,4.25,late25,False
B-G1.042-C3,39637,0,708.4999999999,1,5.25,late25,False
B-G1.042-C3,39637,1,842.4999999999,2,134.0,early25,False
B-G1.042-C3,39637,1,844.4999999999,1,2.0,early25,False
B-G1.042-C3,39637,1,846.4999999999,1,2.0,early25,False
B-G1.042-C3,39637,1,849.2499999999,1,2.75,early25,False
B-G1.042-C3,39637,1,851.2499999999,1,2.0,early25,False
B-G1.042-C3,39637,1,856.4999999999,1,5.25,early25,False
B-G1.042-C3,39637,1,860.2499999999,1,3.75,early25,False
B-G1.042-C3,39637,1,867.4999999999,1,7.25,early25,False
B-G1.042-C3,39637,1,899.2499999999,1,31.75,early25,False
B-G1.042-C3,39637,1,902.2499999999,1,3.0,early25,False
B-G1.042-C3,39637,1,908.7499999999,1,6.5,early25,False
B-G1.042-C3,39637,1,912.7499999999,1,4.0,early25,False
B-G1.042-C3,39637,1,916.7499999999,2,4.0,early25,False
B-G1.042-C3,39637,1,919.9999999999,1,3.25,early25,False
B-G1.042-C3,39637,1,926.2499999999,1,6.25,early25,False
B-G1.042-C3,39637,1,942.4999999999,7,16.25,middle50,False
B-G1.042-C3,39637,1,958.4999999999,1,16.0,middle50,False
B-G1.042-C3,39637,1,963.2499999999,1,4.75,middle50,False
B-G1.042-C3,39637,1,966.4999999999,1,3.25,middle50,False
B-G1.042-C3,39637,1,969.7499999999,1,3.25,middle50,False
B-G1.042-C3,39637,1,973.4999999999,1,3.75,middle50,False
B-G1.042-C3,39637,1,977.4999999999,2,4.0,middle50,False
B-G1.042-C3,39637,1,981.9999999999,1,4.5,middle50,False
B-G1.042-C3,39637,1,1011.9999999999,1,30.0,middle50,False
B-G1.042-C3,39637,1,1020.2499999999,1,8.25,middle50,False
B-G1.042-C3,39637,1,1026.2499999999,1,6.0,middle50,False
B-G1.042-C3,39637,1,1028.9999999999,1,2.75,middle50,False
B-G1.042-C3,39637,1,1034.7499999999,1,5.75,middle50,False
B-G1.042-C3,39637,1,1038.4999999999,1,3.75,middle50,False
B-G1.042-C3,39637,1,1040.2499999999,1,1.75,middle50,False
B-G1.042-C3,39637,1,1043.4999999999,2,3.25,middle50,False
B-G1.042-C3,39637,1,1067.2499999999,1,23.75,middle50,False
B-G1.042-C3,39637,1,1069.9999999999,1,2.75,middle50,False
B-G1.042-C3,39637,1,1074.2499999999,1,4.25,middle50,False
B-G1.042-C3,39637,1,1078.9999999999,1,4.75,middle50,False
B-G1.042-C3,39637,1,1083.4999999999,1,4.5,middle50,False
B-G1.042-C3,39637,1,1089.4999999999,2,6.0,middle50,False
B-G1.042-C3,39637,1,1094.7499999999,1,5.25,middle50,False
B-G1.042-C3,39637,1,1098.2499999999,1,3.5,middle50,False
B-G1.042-C3,39637,1,1123.9999999999,1,25.75,middle50,False
B-G1.042-C3,39637,1,1127.2499999999,18,3.25,middle50,False
B-G1.042-C3,39637,1,1128.9999999999,1,1.75,middle50,False
B-G1.042-C3,39637,1,1132.2499999999,1,3.25,middle50,False
B-G1.042-C3,39637,1,1135.4999999999,1,3.25,middle50,False
B-G1.042-C3,39637,1,1137.2499999999,1,1.75,middle50,False
B-G1.042-C3,39637,1,1140.2499999999,1,3.0,middle50,False
B-G1.042-C3,39637,1,1143.4999999999,1,3.25,middle50,False
B-G1.042-C3,39637,1,1148.7499999999,1,5.25,middle50,False
B-G1.042-C3,39637,1,1150.7499999999,1,2.0,middle50,False
B-G1.042-C3,39637,1,1154.9999999999,2,4.25,late25,False
B-G1.042-C3,39637,1,1162.4999999999,4,7.5,late25,False
B-G1.042-C3,39637,2,1288.4999999999,1,126.0,early25,False
B-G1.042-C3,39637,2,1291.7499999999,1,3.25,early25,False
B-G1.042-C3,39637,2,1295.4999999999,2,3.75,early25,False
B-G1.042-C3,39637,2,1296.9999999999,1,1.5,early25,False
B-G1.042-C3,39637,2,1299.7499999999,2,2.75,early25,False
B-G1.042-C3,39637,2,1302.4999999999,2,2.75,early25,False
B-G1.042-C3,39637,2,1303.7499999999,1,1.25,early25,False
B-G1.042-C3,39637,2,1306.2499999999,2,2.5,early25,False
B-G1.042-C3,39637,2,1308.2499999999,1,2.0,early25,False
B-G1.042-C3,39637,2,1310.4999999999,2,2.25,early25,False
B-G1.042-C3,39637,2,1311.9999999999,1,1.5,early25,False
B-G1.042-C3,39637,2,1316.7499999999,3,4.75,early25,False
B-G1.042-C3,39637,2,1339.9999999999,2,23.25,early25,False
B-G1.042-C3,39637,2,1344.4999999999,2,4.5,early25,False
B-G1.042-C3,39637,2,1349.4999999999,3,5.0,early25,False
B-G1.042-C3,39637,2,1353.9999999999,2,4.5,early25,False
B-G1.042-C3,39637,2,1358.9999999999,3,5.0,early25,False
B-G1.042-C3,39637,2,1362.7499999999,2,3.75,early25,False
B-G1.042-C3,39637,2,1367.2499999999,27,4.5,early25,False
B-G1.042-C3,39637,2,1407.2499999999,1,40.0,early25,False
B-G1.042-C3,39637,2,1413.9999999999,1,6.75,early25,False
B-G1.042-C3,39637,2,1420.4999999999,2,6.5,early25,False
B-G1.042-C3,39637,2,1454.2499999999,1,33.75,early25,False
B-G1.042-C3,39637,2,1459.4999999999,2,5.25,early25,False
B-G1.042-C3,39637,2,1461.9999999999,2,2.5,early25,False
B-G1.042-C3,39637,2,1466.9999999999,2,5.0,early25,False
B-G1.042-C3,39637,2,1470.4999999999,2,3.5,early25,False
B-G1.042-C3,39637,2,1475.9999999999,3,5.5,early25,False
B-G1.042-C3,39637,2,1482.7499999999,2,6.75,early25,False
B-G1.042-C3,39637,2,1505.2499999999,1,22.5,early25,False
B-G1.042-C3,39637,2,1510.9999999999,2,5.75,early25,False
B-G1.042-C3,39637,2,1516.9999999999,2,6.0,early25,False
B-G1.042-C3,39637,2,1521.4999999999,1,4.5,early25,False
B-G1.042-C3,39637,2,1528.2499999999,2,6.75,early25,False
B-G1.042-C3,39637,2,1535.2499999999,2,7.0,early25,False
B-G1.042-C3,39637,2,1559.9999999999,1,24.75,middle50,False
B-G1.042-C3,39637,2,1563.7499999999,18,3.75,middle50,False
B-G1.042-C3,39637,2,1565.7499999999,1,2.0,middle50,False
B-G1.042-C3,39637,2,1569.9999999999,1,4.25,middle50,False
B-G1.042-C3,39637,2,1572.4999999999,1,2.5,middle50,False
B-G1.042-C3,39637,2,1574.2499999999,1,1.75,middle50,False
B-G1.042-C3,39637,2,1578.9999999999,1,4.75,middle50,False
B-G1.042-C3,39637,2,1580.2499999999,1,1.25,middle50,False
B-G1.042-C3,39637,2,1585.2499999999,2,5.0,middle50,False
B-G1.042-C3,39637,2,1586.9999999999,1,1.75,middle50,False
B-G1.042-C3,39637,2,1589.9999999999,2,3.0,middle50,False
B-G1.042-C3,39637,2,1592.4999999999,1,2.5,middle50,False
B-G1.042-C3,39637,2,1598.7499999999,4,6.25,middle50,False
B-G1.042-C3,39637,2,1738.2499999999,1,139.5,middle50,False
B-G1.042-C3,39637,2,1742.2499999999,1,4.0,middle50,False
B-G1.042-C3,39637,2,1747.2499999999,2,5.0,middle50,False
B-G1.042-C3,39637,2,1752.2499999999,1,5.0,middle50,False
B-G1.042-C3,39637,2,1753.9999999999,1,1.75,middle50,False
B-G1.042-C3,39637,2,1759.9999999999,1,6.0,middle50,False
B-G1.042-C3,39637,2,1767.7499999999,2,7.75,middle50,False
B-G1.042-C3,39637,2,1791.4999999999,1,23.75,middle50,False
B-G1.042-C3,39637,2,1800.25,2,8.750000000100044,middle50,False
B-G1.042-C3,39637,2,1806.5,2,6.25,middle50,False
B-G1.042-C3,39637,2,1810.25,1,3.75,middle50,False
B-G1.042-C3,39637,2,1812.25,1,2.0,middle50,False
B-G1.042-C3,39637,2,1821.5,2,9.25,middle50,False
B-G1.042-C3,39637,2,1824.0,1,2.5,middle50,False
B-G1.042-C3,39637,2,1832.75,8,8.75,middle50,False
B-G1.042-C3,39637,2,1844.25,1,11.5,middle50,False
B-G1.042-C3,39637,2,1854.25,2,10.0,middle50,False
B-G1.042-C3,39637,2,1864.75,2,10.5,middle50,False
B-G1.042-C3,39637,2,1870.25,1,5.5,middle50,False
B-G1.042-C3,39637,2,1903.0,1,32.75,middle50,False
B-G1.042-C3,39637,2,1907.25,2,4.25,middle50,False
B-G1.042-C3,39637,2,1911.5,1,4.25,middle50,False
B-G1.042-C3,39637,2,1914.25,1,2.75,middle50,False
B-G1.042-C3,39637,2,1922.5,2,8.25,middle50,False
B-G1.042-C3,39637,2,1926.75,1,4.25,middle50,False
B-G1.042-C3,39637,2,1934.0,1,7.25,middle50,False
B-G1.042-C3,39637,2,2084.25,1,150.25,middle50,False
B-G1.042-C3,39637,2,2087.0,1,2.75,middle50,False
B-G1.042-C3,39637,2,2094.75,2,7.75,middle50,False
B-G1.042-C3,39637,2,2104.25,1,9.5,late25,False
B-G1.042-C3,39637,2,2138.75,1,34.5,late25,False
B-G1.042-C3,39637,2,2142.0,1,3.25,late25,False
B-G1.042-C3,39637,2,2146.25,1,4.25,late25,False
B-G1.042-C3,39637,2,2150.25,1,4.0,late25,False
B-G1.042-C3,39637,2,2151.75,1,1.5,late25,False
B-G1.042-C3,39637,2,2157.0,2,5.25,late25,False
B-G1.042-C3,39637,2,2164.0,1,7.0,late25,False
B-G1.042-C3,39637,2,2170.75,2,6.75,late25,False
B-G1.042-C3,39637,2,2178.75,2,8.0,late25,False
B-G1.042-C3,39637,2,2187.25,3,8.5,late25,False
B-G1.042-C3,39637,2,2190.75,2,3.5,late25,False
B-G1.042-C3,39637,2,2197.25,1,6.5,late25,False
B-G1.042-C3,39637,2,2201.0,1,3.75,late25,False
B-G1.042-C3,39637,2,2209.5,1,8.5,late25,False
B-G1.042-C3,39637,2,2217.0,2,7.5,late25,False
B-G1.042-C3,39637,2,2244.75,1,27.75,late25,False
B-G1.042-C3,39637,2,2248.25,1,3.5,late25,False
B-G1.042-C3,39637,2,2253.25,2,5.0,late25,False
B-G1.042-C3,39637,2,2261.5,2,8.25,late25,False
B-G1.042-C3,39637,2,2266.0,1,4.5,late25,False
B-G1.042-C3,39637,2,2269.5,1,3.5,late25,False
B-G1.042-C3,39637,2,2273.0,1,3.5,late25,False
B-G1.042-C3,39637,2,2275.25,1,2.25,late25,False
B-G1.042-C3,39637,2,2285.0,4,9.75,late25,False
B-G1.042-C3,39637,3,2390.0,2,105.0,early25,True
B-G1.042-C3,39637,3,2400.0,2,10.0,early25,True
B-G1.042-C3,39637,3,2405.75,2,5.75,early25,True
B-G1.042-C3,39637,3,2408.0,7,2.25,early25,True
B-G1.042-C3,39637,3,2411.0,1,3.0,early25,True
B-G1.042-C3,39637,3,2412.5,1,1.5,early25,True
B-G1.042-C3,39637,3,2417.0,2,4.5,early25,True
B-G1.042-C3,39637,3,2430.5,1,13.5,early25,True
B-G1.042-C3,39637,3,2456.5,2,26.0,early25,True
B-G1.042-C3,39637,3,2458.75,1,2.25,early25,True
B-G1.042-C3,39637,3,2461.25,1,2.5,early25,True
B-G1.042-C3,39637,3,2463.75,1,2.5,early25,True
B-G1.042-C3,39637,3,2465.5,1,1.75,early25,True
B-G1.042-C3,39637,3,2468.25,1,2.75,early25,True
B-G1.042-C3,39637,3,2471.0,1,2.75,early25,True
B-G1.042-C3,39637,3,2473.0,1,2.0,early25,True
B-G1.042-C3,39637,3,2475.5,6,2.5,early25,True
B-G1.042-C3,39637,3,2478.0,2,2.5,early25,True
B-G1.042-C3,39637,3,2482.0,1,4.0,early25,True
B-G1.042-C3,39637,3,2485.0,4,3.0,early25,True
B-G1.042-C3,39637,3,2486.75,1,1.75,early25,True
B-G1.042-C3,39637,3,2501.0,4,14.25,early25,True
B-G1.042-C3,39637,3,2504.5,1,3.5,early25,True
B-G1.042-C3,39637,3,2505.75,1,1.25,early25,True
B-G1.042-C3,39637,3,2508.5,1,2.75,early25,True
B-G1.042-C3,39637,3,2512.25,1,3.75,early25,True
B-G1.042-C3,39637,3,2516.5,1,4.25,early25,True
B-G1.042-C3,39637,3,2523.5,2,7.0,early25,True
B-G1.042-C3,39637,3,2530.25,1,6.75,early25,True
B-G1.042-C3,39637,3,2537.25,2,7.0,early25,True
B-G1.042-C3,39637,3,2561.25,1,24.0,early25,True
B-G1.042-C3,39637,3,2567.0,1,5.75,early25,True
B-G1.042-C3,39637,3,2568.25,1,1.25,early25,True
B-G1.042-C3,39637,3,2571.75,1,3.5,early25,True
B-G1.042-C3,39637,3,2579.0,1,7.25,early25,True
B-G1.042-C3,39637,3,2588.25,1,9.25,early25,True
B-G1.042-C3,39637,3,2597.5,3,9.25,early25,True
B-G1.042-C3,39637,3,2607.75,1,10.25,early25,True
B-G1.042-C3,39637,3,2621.0,1,13.25,early25,True
B-G1.042-C3,39637,3,2627.75,2,6.75,early25,True
B-G1.042-C3,39637,3,2634.5,1,6.75,early25,True
B-G1.042-C3,39637,3,2664.5,1,30.0,early25,True
B-G1.042-C3,39637,3,2671.0,1,6.5,early25,True
B-G1.042-C3,39637,3,2675.25,1,4.25,early25,True
B-G1.042-C3,39637,3,2684.75,2,9.5,early25,True
B-G1.042-C3,39637,3,2692.0,1,7.25,middle50,True
B-G1.042-C3,39637,3,2711.0,1,19.0,middle50,True
B-G1.042-C3,39637,3,2722.0,2,11.0,middle50,True
B-G1.042-C3,39637,3,2727.25,1,5.25,middle50,True
B-G1.042-C3,39637,3,2732.5,1,5.25,middle50,True
B-G1.042-C3,39637,3,2767.5,1,35.0,middle50,True
B-G1.042-C3,39637,3,2773.0,1,5.5,middle50,True
B-G1.042-C3,39637,3,2781.25,1,8.25,middle50,True
B-G1.042-C3,39637,3,2784.25,1,3.0,middle50,True
B-G1.042-C3,39637,3,2806.5,5,22.25,middle50,True
B-G1.042-C3,39637,3,2822.0,1,15.5,middle50,True
B-G1.042-C3,39637,3,2834.0,2,12.0,middle50,True
B-G1.042-C3,39637,3,2871.75,1,37.75,middle50,True
B-G1.042-C3,39637,3,2874.5,1,2.75,middle50,True
B-G1.042-C3,39637,3,2879.5,1,5.0,middle50,True
B-G1.042-C3,39637,3,2884.75,1,5.25,middle50,True
B-G1.042-C3,39637,3,2891.25,1,6.5,middle50,True
B-G1.042-C3,39637,3,2896.5,1,5.25,middle50,True
B-G1.042-C3,39637,3,2910.0,1,13.5,middle50,True
B-G1.042-C3,39637,3,2927.5,1,17.5,middle50,True
B-G1.042-C3,39637,3,2935.5,1,8.0,middle50,True
B-G1.042-C3,39637,3,2946.5,1,11.0,middle50,True
B-G1.042-C3,39637,3,2949.25,1,2.75,middle50,True
B-G1.042-C3,39637,3,2990.75,1,41.5,middle50,True
B-G1.042-C3,39637,3,2999.25,1,8.5,middle50,True
B-G1.042-C3,39637,3,3006.0,1,6.75,middle50,True
B-G1.042-C3,39637,3,3019.75,3,13.75,middle50,True
B-G1.042-C3,39637,3,3028.25,3,8.5,middle50,True
B-G1.042-C3,39637,3,3034.5,1,6.25,middle50,True
B-G1.042-C3,39637,3,3046.75,1,12.25,middle50,True
B-G1.042-C3,39637,3,3056.75,1,10.0,middle50,True
B-G1.042-C3,39637,3,3086.25,1,29.5,middle50,True
B-G1.042-C3,39637,3,3096.0,1,9.75,middle50,True
B-G1.042-C3,39637,3,3100.75,1,4.75,middle50,True
B-G1.042-C3,39637,3,3105.75,1,5.0,middle50,True
B-G1.042-C3,39637,3,3111.25,1,5.5,middle50,True
B-G1.042-C3,39637,3,3126.25,2,15.0,middle50,True
B-G1.042-C3,39637,3,3140.5,1,14.25,middle50,True
B-G1.042-C3,39637,3,3146.0,1,5.5,middle50,True
B-G1.042-C3,39637,3,3154.5,1,8.5,middle50,True
B-G1.042-C3,39637,3,3192.25,1,37.75,middle50,True
B-G1.042-C3,39637,3,3195.5,1,3.25,middle50,True
B-G1.042-C3,39637,3,3207.75,1,12.25,middle50,True
B-G1.042-C3,39637,3,3222.25,1,14.5,middle50,True
B-G1.042-C3,39637,3,3230.5,1,8.25,middle50,True
B-G1.042-C3,39637,3,3239.75,1,9.25,middle50,True
B-G1.042-C3,39637,3,3248.0,1,8.25,middle50,True
B-G1.042-C3,39637,3,3255.0,1,7.0,middle50,True
B-G1.042-C3,39637,3,3260.75,3,5.75,middle50,True
B-G1.042-C3,39637,3,3263.75,1,3.0,middle50,True
B-G1.042-C3,39637,3,3269.0,1,5.25,middle50,True
B-G1.042-C3,39637,3,3304.25,1,35.25,late25,True
B-G1.042-C3,39637,3,3308.75,1,4.5,late25,True
B-G1.042-C3,39637,3,3322.75,1,14.0,late25,True
B-G1.042-C3,39637,3,3332.75,1,10.0,late25,True
B-G1.042-C3,39637,3,3340.25,2,7.5,late25,True
B-G1.042-C3,39637,3,3475.25,1,135.0,late25,True
B-G1.042-C3,39637,3,3487.5,1,12.25,late25,True
B-G1.042-C3,39637,3,3505.75,1,18.25,late25,True
B-G1.042-C3,39637,3,3536.75,1,31.0,late25,True
B-G1.042-C3,39637,3,3545.25,1,8.5,late25,True
B-G1.042-C3,39637,3,3547.75,2,2.5,late25,True
B-G1.042-C3,39637,3,3552.5,1,4.75,late25,True
B-G1.042-C3,39637,3,3590.0,1,37.5,late25,True
B-G1.042-C3,47556,0,0.25,3,,early25,False
B-G1.042-C3,47556,0,9.5,1,9.25,early25,False
B-G1.042-C3,47556,0,24.0,1,14.5,early25,False
B-G1.042-C3,47556,0,33.0,1,9.0,early25,False
B-G1.042-C3,47556,0,38.5,1,5.5,early25,False
B-G1.042-C3,47556,0,45.0,1,6.5,early25,False
B-G1.042-C3,47556,0,87.25,1,42.25,early25,False
B-G1.042-C3,47556,0,92.5,1,5.25,early25,False
B-G1.042-C3,47556,0,98.25,1,5.75,early25,False
B-G1.042-C3,47556,0,102.5,1,4.25,early25,False
B-G1.042-C3,47556,0,106.25,1,3.75,early25,False
B-G1.042-C3,47556,0,112.5,1,6.25,early25,False
B-G1.042-C3,47556,0,153.0,1,40.5,early25,False
B-G1.042-C3,47556,0,164.0,1,11.0,early25,False
B-G1.042-C3,47556,0,174.25,1,10.25,early25,False
B-G1.042-C3,47556,0,206.75,1,32.5,middle50,False
B-G1.042-C3,47556,0,218.0,1,11.25,middle50,False
B-G1.042-C3,47556,0,220.5,1,2.5,middle50,False
B-G1.042-C3,47556,0,223.0,1,2.5,middle50,False
B-G1.042-C3,47556,0,228.0,1,5.0,middle50,False
B-G1.042-C3,47556,0,230.75,1,2.75,middle50,False
B-G1.042-C3,47556,0,399.5,1,168.75,middle50,False
B-G1.042-C3,47556,0,411.25,1,11.75,middle50,False
B-G1.042-C3,47556,0,417.0,1,5.75,middle50,False
B-G1.042-C3,47556,0,424.5,1,7.5,middle50,False
B-G1.042-C3,47556,0,452.75,2,28.25,middle50,False
B-G1.042-C3,47556,0,459.75,1,7.0,middle50,False
B-G1.042-C3,47556,0,468.75,1,9.0,middle50,False
B-G1.042-C3,47556,0,475.5,13,6.75,middle50,False
B-G1.042-C3,47556,0,562.75,1,87.25,late25,False
B-G1.042-C3,47556,0,567.25,1,4.5,late25,False
B-G1.042-C3,47556,0,574.5,1,7.25,late25,False
B-G1.042-C3,47556,0,580.75,1,6.25,late25,False
B-G1.042-C3,47556,0,585.0,1,4.25,late25,False
B-G1.042-C3,47556,0,588.5,1,3.5,late25,False
B-G1.042-C3,47556,0,598.0,4,9.5,late25,False
B-G1.042-C3,47556,0,699.5,2,101.5,late25,False
B-G1.042-C3,47556,1,702.5,1,3.0,early25,False
B-G1.042-C3,47556,1,721.5,5,19.0,early25,False
B-G1.042-C3,47556,1,724.0,1,2.5,early25,False
B-G1.042-C3,47556,1,726.25,2,2.25,early25,False
B-G1.042-C3,47556,1,734.25,2,8.0,early25,False
B-G1.042-C3,47556,1,743.25,1,9.0,early25,False
B-G1.042-C3,47556,1,748.25,2,5.0,early25,False
B-G1.042-C3,47556,1,783.25,1,35.0,early25,False
B-G1.042-C3,47556,1,792.25,1,9.0,early25,False
B-G1.042-C3,47556,1,803.5,2,11.25,early25,False
B-G1.042-C3,47556,1,807.25,1,3.75,early25,False
B-G1.042-C3,47556,1,833.75,1,26.5,early25,False
B-G1.042-C3,47556,1,840.0,1,6.25,early25,False
B-G1.042-C3,47556,1,845.0,1,5.0,early25,False
B-G1.042-C3,47556,1,850.5,1,5.5,early25,False
B-G1.042-C3,47556,1,856.5,2,6.0,early25,False
B-G1.042-C3,47556,1,893.75,2,37.25,early25,False
B-G1.042-C3,47556,1,900.0,2,6.25,early25,False
B-G1.042-C3,47556,1,904.25,1,4.25,early25,False
B-G1.042-C3,47556,1,907.5,1,3.25,early25,False
B-G1.042-C3,47556,1,923.25,2,15.75,early25,False
B-G1.042-C3,47556,1,942.25,1,19.0,early25,False
B-G1.042-C3,47556,1,945.5,1,3.25,early25,False
B-G1.042-C3,47556,1,954.0,2,8.5,early25,False
B-G1.042-C3,47556,1,960.0,2,6.0,early25,False
B-G1.042-C3,47556,1,965.75,1,5.75,early25,False
B-G1.042-C3,47556,1,997.0,1,31.25,middle50,False
B-G1.042-C3,47556,1,1001.75,2,4.75,middle50,False
B-G1.042-C3,47556,1,1005.0,1,3.25,middle50,False
B-G1.042-C3,47556,1,1010.25,1,5.25,middle50,False
B-G1.042-C3,47556,1,1015.25,1,5.0,middle50,False
B-G1.042-C3,47556,1,1019.25,1,4.0,middle50,False
B-G1.042-C3,47556,1,1021.25,1,2.0,middle50,False
B-G1.042-C3,47556,1,1033.25,1,12.0,middle50,False
B-G1.042-C3,47556,1,1181.25,2,148.0,middle50,False
B-G1.042-C3,47556,1,1185.25,1,4.0,middle50,False
B-G1.042-C3,47556,1,1190.25,2,5.0,middle50,False
B-G1.042-C3,47556,1,1196.0,1,5.75,middle50,False
B-G1.042-C3,47556,1,1199.75,1,3.75,middle50,False
B-G1.042-C3,47556,1,1232.5,2,32.75,middle50,False
B-G1.042-C3,47556,1,1235.0,1,2.5,middle50,False
B-G1.042-C3,47556,1,1237.75,1,2.75,middle50,False
B-G1.042-C3,47556,1,1240.75,1,3.0,middle50,False
B-G1.042-C3,47556,1,1244.5,1,3.75,middle50,False
B-G1.042-C3,47556,1,1246.75,1,2.25,middle50,False
B-G1.042-C3,47556,1,1251.25,1,4.5,middle50,False
B-G1.042-C3,47556,1,1255.5,1,4.25,middle50,False
B-G1.042-C3,47556,1,1258.75,1,3.25,middle50,False
B-G1.042-C3,47556,1,1269.75,1,11.0,middle50,False
B-G1.042-C3,47556,1,1286.0,1,16.25,middle50,False
B-G1.042-C3,47556,1,1293.75,1,7.75,middle50,False
B-G1.042-C3,47556,1,1299.75,1,6.0,middle50,False
B-G1.042-C3,47556,1,1306.5,1,6.75,middle50,False
B-G1.042-C3,47556,1,1308.25,1,1.75,middle50,False
B-G1.042-C3,47556,1,1313.0,1,4.75,middle50,False
B-G1.042-C3,47556,1,1345.25,1,32.25,middle50,False
B-G1.042-C3,47556,1,1351.5,1,6.25,middle50,False
B-G1.042-C3,47556,1,1354.0,1,2.5,middle50,False
B-G1.042-C3,47556,1,1357.75,1,3.75,middle50,False
B-G1.042-C3,47556,1,1361.0,1,3.25,middle50,False
B-G1.042-C3,47556,1,1362.75,1,1.75,middle50,False
B-G1.042-C3,47556,1,1364.75,1,2.0,middle50,False
B-G1.042-C3,47556,1,1367.75,1,3.0,middle50,False
B-G1.042-C3,47556,1,1370.75,1,3.0,middle50,False
B-G1.042-C3,47556,1,1378.25,1,7.5,middle50,False
B-G1.042-C3,47556,1,1505.5,1,127.25,middle50,False
B-G1.042-C3,47556,1,1510.5,1,5.0,middle50,False
B-G1.042-C3,47556,1,1514.0,1,3.5,middle50,False
B-G1.042-C3,47556,1,1517.0,1,3.0,middle50,False
B-G1.042-C3,47556,1,1522.75,1,5.75,middle50,False
B-G1.042-C3,47556,1,1531.5,1,8.75,middle50,False
B-G1.042-C3,47556,1,1534.0,1,2.5,late25,False
B-G1.042-C3,47556,1,1563.5,1,29.5,late25,False
B-G1.042-C3,47556,1,1566.25,1,2.75,late25,False
B-G1.042-C3,47556,1,1567.75,1,1.5,late25,False
B-G1.042-C3,47556,1,1570.5,1,2.75,late25,False
B-G1.042-C3,47556,1,1572.75,1,2.25,late25,False
B-G1.042-C3,47556,1,1574.75,1,2.0,late25,False
B-G1.042-C3,47556,1,1579.5,1,4.75,late25,False
B-G1.042-C3,47556,1,1583.75,1,4.25,late25,False
B-G1.042-C3,47556,1,1586.75,1,3.0,late25,False
B-G1.042-C3,47556,1,1589.5,1,2.75,late25,False
B-G1.042-C3,47556,1,1596.75,1,7.25,late25,False
B-G1.042-C3,47556,1,1612.0,1,15.25,late25,False
B-G1.042-C3,47556,1,1618.25,1,6.25,late25,False
B-G1.042-C3,47556,1,1622.25,1,4.0,late25,False
B-G1.042-C3,47556,1,1625.5,1,3.25,late25,False
B-G1.042-C3,47556,1,1628.0,1,2.5,late25,False
B-G1.042-C3,47556,1,1631.0,1,3.0,late25,False
B-G1.042-C3,47556,1,1633.75,11,2.75,late25,False
B-G1.042-C3,47556,1,1638.5,1,4.75,late25,False
B-G1.042-C3,47556,1,1668.25,1,29.75,late25,False
B-G1.042-C3,47556,1,1670.0,1,1.75,late25,False
B-G1.042-C3,47556,1,1675.0,1,5.0,late25,False
B-G1.042-C3,47556,1,1679.75,1,4.75,late25,False
B-G1.042-C3,47556,1,1681.5,1,1.75,late25,False
B-G1.042-C3,47556,1,1690.75,1,9.25,late25,False
B-G1.042-C3,47556,1,1696.75,1,6.0,late25,False
B-G1.042-C3,47556,1,1704.5,1,7.75,late25,False
B-G1.042-C3,47556,1,1798.25,1,93.75,late25,False
B-G1.042-C3,47556,1,1801.75,1,3.5,late25,False
B-G1.042-C3,47556,1,1805.75,1,4.0,late25,False
B-G1.042-C3,47556,2,1824.75,2,19.0,early25,False
B-G1.042-C3,47556,2,1831.25,2,6.5,early25,False
B-G1.042-C3,47556,2,1834.25,2,3.0,early25,False
B-G1.042-C3,47556,2,1840.5,3,6.25,early25,False
B-G1.042-C3,47556,2,1843.75,1,3.25,early25,False
B-G1.042-C3,47556,2,1845.25,1,1.5,early25,False
B-G1.042-C3,47556,2,1851.5,3,6.25,early25,False
B-G1.042-C3,47556,2,1882.5,2,31.0,early25,False
B-G1.042-C3,47556,2,1887.75,2,5.25,early25,False
B-G1.042-C3,47556,2,1889.25,1,1.5,early25,False
B-G1.042-C3,47556,2,1892.0,2,2.75,early25,False
B-G1.042-C3,47556,2,1897.75,1,5.75,early25,False
B-G1.042-C3,47556,2,1899.25,1,1.5,early25,False
B-G1.042-C3,47556,2,1900.0,1,0.75,early25,False
B-G1.042-C3,47556,2,1903.5,1,3.5,early25,False
B-G1.042-C3,47556,2,1908.25,2,4.75,early25,False
B-G1.042-C3,47556,2,1915.5,1,7.25,early25,False
B-G1.042-C3,47556,2,1921.75,6,6.25,early25,False
B-G1.042-C3,47556,2,1937.75,4,16.0,early25,False
B-G1.042-C3,47556,2,1949.75,1,12.0,early25,False
B-G1.042-C3,47556,2,1957.75,2,8.0,early25,False
B-G1.042-C3,47556,2,1996.0,1,38.25,early25,False
B-G1.042-C3,47556,2,2001.25,3,5.25,early25,False
B-G1.042-C3,47556,2,2006.25,1,5.0,early25,False
B-G1.042-C3,47556,2,2011.5,3,5.25,early25,False
B-G1.042-C3,47556,2,2018.25,1,6.75,early25,False
B-G1.042-C3,47556,2,2038.5,2,20.25,early25,False
B-G1.042-C3,47556,2,2044.0,3,5.5,early25,False
B-G1.042-C3,47556,2,2046.5,1,2.5,early25,False
B-G1.042-C3,47556,2,2050.0,1,3.5,early25,False
B-G1.042-C3,47556,2,2055.25,1,5.25,early25,False
B-G1.042-C3,47556,2,2060.25,1,5.0,early25,False
B-G1.042-C3,47556,2,2064.5,1,4.25,early25,False
B-G1.042-C3,47556,2,2093.0,2,28.5,middle50,False
B-G1.042-C3,47556,2,2099.75,1,6.75,middle50,False
B-G1.042-C3,47556,2,2102.5,2,2.75,middle50,False
B-G1.042-C3,47556,2,2105.25,2,2.75,middle50,False
B-G1.042-C3,47556,2,2110.5,1,5.25,middle50,False
B-G1.042-C3,47556,2,2114.75,1,4.25,middle50,False
B-G1.042-C3,47556,2,2120.25,2,5.5,middle50,False
B-G1.042-C3,47556,2,2128.75,1,8.5,middle50,False
B-G1.042-C3,47556,2,2270.75,1,142.0,middle50,False
B-G1.042-C3,47556,2,2274.0,1,3.25,middle50,False
B-G1.042-C3,47556,2,2277.0,1,3.0,middle50,False
B-G1.042-C3,47556,2,2280.0,1,3.0,middle50,False
B-G1.042-C3,47556,2,2286.25,1,6.25,middle50,False
B-G1.042-C3,47556,2,2299.0,1,12.75,middle50,False
B-G1.042-C3,47556,2,2326.5,1,27.5,middle50,False
B-G1.042-C3,47556,2,2331.25,2,4.75,middle50,False
B-G1.042-C3,47556,2,2335.5,1,4.25,middle50,False
B-G1.042-C3,47556,2,2337.75,1,2.25,middle50,False
B-G1.042-C3,47556,2,2340.0,1,2.25,middle50,False
B-G1.042-C3,47556,2,2349.25,1,9.25,middle50,False
B-G1.042-C3,47556,2,2351.0,1,1.75,middle50,False
B-G1.042-C3,47556,2,2365.25,3,14.25,middle50,False
B-G1.042-C3,47556,2,2378.75,2,13.5,middle50,False
B-G1.042-C3,47556,2,2386.75,2,8.0,middle50,False
B-G1.042-C3,47556,2,2394.75,1,8.0,middle50,False
B-G1.042-C3,47556,2,2398.0,1,3.25,middle50,False
B-G1.042-C3,47556,2,2404.25,1,6.25,middle50,False
B-G1.042-C3,47556,2,2434.25,2,30.0,middle50,False
B-G1.042-C3,47556,2,2438.5,1,4.25,middle50,False
B-G1.042-C3,47556,2,2444.0,1,5.5,middle50,False
B-G1.042-C3,47556,2,2449.5,2,5.5,middle50,False
B-G1.042-C3,47556,2,2455.25,1,5.75,middle50,False
B-G1.042-C3,47556,2,2458.75,1,3.5,middle50,False
B-G1.042-C3,47556,2,2460.25,1,1.5,middle50,False
B-G1.042-C3,47556,2,2470.5,3,10.25,middle50,False
B-G1.042-C3,47556,2,2595.75,1,125.25,middle50,False
B-G1.042-C3,47556,2,2605.0,1,9.25,middle50,False
B-G1.042-C3,47556,2,2608.75,1,3.75,middle50,False
B-G1.042-C3,47556,2,2613.75,1,5.0,middle50,False
B-G1.042-C3,47556,2,2617.0,1,3.25,middle50,False
B-G1.042-C3,47556,2,2619.75,1,2.75,middle50,False
B-G1.042-C3,47556,2,2623.25,1,3.5,middle50,False
B-G1.042-C3,47556,2,2626.5,1,3.25,middle50,False
B-G1.042-C3,47556,2,2651.75,1,25.25,late25,False
B-G1.042-C3,47556,2,2655.0,1,3.25,late25,False
B-G1.042-C3,47556,2,2660.25,9,5.25,late25,False
B-G1.042-C3,47556,2,2662.25,1,2.0,late25,False
B-G1.042-C3,47556,2,2670.25,1,8.0,late25,False
B-G1.042-C3,47556,2,2675.0,1,4.75,late25,False
B-G1.042-C3,47556,2,2679.25,1,4.25,late25,False
B-G1.042-C3,47556,2,2688.5,2,9.25,late25,False
B-G1.042-C3,47556,2,2714.25,1,25.75,late25,False
B-G1.042-C3,47556,2,2717.75,1,3.5,late25,False
B-G1.042-C3,47556,2,2725.5,1,7.75,late25,False
B-G1.042-C3,47556,2,2729.5,1,4.0,late25,False
B-G1.042-C3,47556,2,2732.75,1,3.25,late25,False
B-G1.042-C3,47556,2,2736.25,7,3.5,late25,False
B-G1.042-C3,47556,2,2768.25,1,32.0,late25,False
B-G1.042-C3,47556,2,2777.0,1,8.75,late25,False
B-G1.042-C3,47556,2,2778.25,1,1.25,late25,False
B-G1.042-C3,47556,2,2781.75,1,3.5,late25,False
B-G1.042-C3,47556,2,2785.25,1,3.5,late25,False
B-G1.042-C3,47556,2,2790.5,1,5.25,late25,False
B-G1.042-C3,47556,2,2794.0,1,3.5,late25,False
B-G1.042-C3,47556,2,2803.75,1,9.75,late25,False
B-G1.042-C3,47556,3,2922.75,1,119.0,early25,True
B-G1.042-C3,47556,3,2923.75,1,1.0,early25,True
B-G1.042-C3,47556,3,2928.75,2,5.0,early25,True
B-G1.042-C3,47556,3,2932.75,2,4.0,early25,True
B-G1.042-C3,47556,3,2937.0,2,4.25,early25,True
B-G1.042-C3,47556,3,2940.25,1,3.25,early25,True
B-G1.042-C3,47556,3,2944.25,1,4.0,early25,True
B-G1.042-C3,47556,3,2956.0,1,11.75,early25,True
B-G1.042-C3,47556,3,2977.25,1,21.25,early25,True
B-G1.042-C3,47556,3,2980.5,2,3.25,early25,True
B-G1.042-C3,47556,3,2984.0,1,3.5,early25,True
B-G1.042-C3,47556,3,2986.75,1,2.75,early25,True
B-G1.042-C3,47556,3,2990.0,11,3.25,early25,True
B-G1.042-C3,47556,3,2992.25,1,2.25,early25,True
B-G1.042-C3,47556,3,2993.25,1,1.0,early25,True
B-G1.042-C3,47556,3,3001.25,1,8.0,early25,True
B-G1.042-C3,47556,3,3005.5,1,4.25,early25,True
B-G1.042-C3,47556,3,3006.75,1,1.25,early25,True
B-G1.042-C3,47556,3,3015.5,4,8.75,early25,True
B-G1.042-C3,47556,3,3025.5,1,10.0,early25,True
B-G1.042-C3,47556,3,3028.5,1,3.0,early25,True
B-G1.042-C3,47556,3,3034.25,1,5.75,early25,True
B-G1.042-C3,47556,3,3037.75,1,3.5,early25,True
B-G1.042-C3,47556,3,3044.75,2,7.0,early25,True
B-G1.042-C3,47556,3,3056.25,2,11.5,early25,True
B-G1.042-C3,47556,3,3084.0,2,27.75,middle50,True
B-G1.042-C3,47556,3,3092.5,2,8.5,middle50,True
B-G1.042-C3,47556,3,3095.5,1,3.0,middle50,True
B-G1.042-C3,47556,3,3103.0,1,7.5,middle50,True
B-G1.042-C3,47556,3,3108.75,2,5.75,middle50,True
B-G1.042-C3,47556,3,3112.25,1,3.5,middle50,True
B-G1.042-C3,47556,3,3121.75,5,9.5,middle50,True
B-G1.042-C3,47556,3,3132.75,1,11.0,middle50,True
B-G1.042-C3,47556,3,3139.5,2,6.75,middle50,True
B-G1.042-C3,47556,3,3144.5,1,5.0,middle50,True
B-G1.042-C3,47556,3,3150.75,1,6.25,middle50,True
B-G1.042-C3,47556,3,3153.75,1,3.0,middle50,True
B-G1.042-C3,47556,3,3158.75,1,5.0,middle50,True
B-G1.042-C3,47556,3,3161.25,6,2.5,middle50,True
B-G1.042-C3,47556,3,3188.0,1,26.75,middle50,True
B-G1.042-C3,47556,3,3191.5,1,3.5,middle50,True
B-G1.042-C3,47556,3,3197.25,1,5.75,middle50,True
B-G1.042-C3,47556,3,3200.75,1,3.5,middle50,True
B-G1.042-C3,47556,3,3204.25,1,3.5,middle50,True
B-G1.042-C3,47556,3,3206.25,3,2.0,middle50,True
B-G1.042-C3,47556,3,3208.25,1,2.0,middle50,True
B-G1.042-C3,47556,3,3212.5,3,4.25,middle50,True
B-G1.042-C3,47556,3,3214.75,1,2.25,middle50,True
B-G1.042-C3,47556,3,3217.0,2,2.25,middle50,True
B-G1.042-C3,47556,3,3231.25,4,14.25,middle50,True
B-G1.042-C3,47556,3,3243.5,1,12.25,middle50,True
B-G1.042-C3,47556,3,3251.75,1,8.25,middle50,True
B-G1.042-C3,47556,3,3263.5,1,11.75,middle50,True
B-G1.042-C3,47556,3,3269.25,3,5.75,middle50,True
B-G1.042-C3,47556,3,3298.25,3,29.0,middle50,True
B-G1.042-C3,47556,3,3313.75,1,15.5,middle50,True
B-G1.042-C3,47556,3,3324.0,1,10.25,middle50,True
B-G1.042-C3,47556,3,3339.75,3,15.75,middle50,True
B-G1.042-C3,47556,3,3349.25,1,9.5,middle50,True
B-G1.042-C3,47556,3,3356.5,1,7.25,middle50,True
B-G1.042-C3,47556,3,3363.25,1,6.75,middle50,True
B-G1.042-C3,47556,3,3369.25,1,6.0,middle50,True
B-G1.042-C3,47556,3,3373.0,5,3.75,middle50,True
B-G1.042-C3,47556,3,3408.75,1,35.75,middle50,True
B-G1.042-C3,47556,3,3420.0,1,11.25,middle50,True
B-G1.042-C3,47556,3,3424.0,1,4.0,middle50,True
B-G1.042-C3,47556,3,3435.0,1,11.0,late25,True
B-G1.042-C3,47556,3,3446.25,3,11.25,late25,True
B-G1.042-C3,47556,3,3461.0,1,14.75,late25,True
B-G1.042-C3,47556,3,3473.5,1,12.5,late25,True
B-G1.042-C3,47556,3,3480.5,1,7.0,late25,True
B-G1.042-C3,47556,3,3488.5,4,8.0,late25,True
B-G1.042-C3,47556,3,3510.0,2,21.5,late25,True
B-G1.042-C3,47556,3,3518.5,1,8.5,late25,True
B-G1.042-C3,47556,3,3531.25,1,12.75,late25,True
B-G1.042-C3,47556,3,3536.5,1,5.25,late25,True
B-G1.042-C3,47556,3,3567.0,1,30.5,late25,True
B-G1.042-C3,47556,3,3576.5,1,9.5,late25,True
B-G1.042-C3,47556,3,3583.75,1,7.25,late25,True
B-G1.042-C3,47556,3,3590.0,3,6.25,late25,True
B-G1.042-C3,47556,3,3594.25,1,4.25,late25,True
B-G1.042-C3,55475,0,0.25,3,,early25,False
B-G1.042-C3,55475,0,8.5,1,8.25,early25,False
B-G1.042-C3,55475,0,24.25,1,15.75,early25,False
B-G1.042-C3,55475,0,52.5,1,28.25,early25,False
B-G1.042-C3,55475,0,93.5,1,41.0,early25,False
B-G1.042-C3,55475,0,116.0,1,22.5,early25,False
B-G1.042-C3,55475,0,119.0,1,3.0,early25,False
B-G1.042-C3,55475,0,160.5,1,41.5,early25,False
B-G1.042-C3,55475,0,178.75,1,18.25,early25,False
B-G1.042-C3,55475,0,216.75,1,38.0,middle50,False
B-G1.042-C3,55475,0,223.0,1,6.25,middle50,False
B-G1.042-C3,55475,0,225.5,1,2.5,middle50,False
B-G1.042-C3,55475,0,229.75,1,4.25,middle50,False
B-G1.042-C3,55475,0,240.75,1,11.0,middle50,False
B-G1.042-C3,55475,0,248.0,1,7.25,middle50,False
B-G1.042-C3,55475,0,293.0,1,45.0,middle50,False
B-G1.042-C3,55475,0,305.0,1,12.0,middle50,False
B-G1.042-C3,55475,0,340.5,1,35.5,middle50,False
B-G1.042-C3,55475,0,347.25,1,6.75,middle50,False
B-G1.042-C3,55475,0,350.0,1,2.75,middle50,False
B-G1.042-C3,55475,0,358.25,1,8.25,middle50,False
B-G1.042-C3,55475,0,362.75,1,4.5,middle50,False
B-G1.042-C3,55475,0,521.0,1,158.25,middle50,False
B-G1.042-C3,55475,0,524.5,1,3.5,middle50,False
B-G1.042-C3,55475,0,529.75,1,5.25,middle50,False
B-G1.042-C3,55475,0,538.5,1,8.75,middle50,False
B-G1.042-C3,55475,0,541.75,1,3.25,middle50,False
B-G1.042-C3,55475,0,583.75,1,42.0,middle50,False
B-G1.042-C3,55475,0,591.0,1,7.25,middle50,False
B-G1.042-C3,55475,0,596.0,1,5.0,middle50,False
B-G1.042-C3,55475,0,602.25,1,6.25,middle50,False
B-G1.042-C3,55475,0,611.5,1,9.25,middle50,False
B-G1.042-C3,55475,0,635.25,1,23.75,late25,False
B-G1.042-C3,55475,0,637.0,1,1.75,late25,False
B-G1.042-C3,55475,0,644.25,1,7.25,late25,False
B-G1.042-C3,55475,0,649.5,1,5.25,late25,False
B-G1.042-C3,55475,0,653.75,1,4.25,late25,False
B-G1.042-C3,55475,0,659.75,1,6.0,late25,False
B-G1.042-C3,55475,0,688.0,1,28.25,late25,False
B-G1.042-C3,55475,0,692.0,1,4.0,late25,False
B-G1.042-C3,55475,0,693.25,1,1.25,late25,False
B-G1.042-C3,55475,0,696.25,1,3.0,late25,False
B-G1.042-C3,55475,0,700.0,1,3.75,late25,False
B-G1.042-C3,55475,0,703.75,1,3.75,late25,False
B-G1.042-C3,55475,0,707.75,1,4.0,late25,False
B-G1.042-C3,55475,0,712.5,1,4.75,late25,False
B-G1.042-C3,55475,0,718.0,1,5.5,late25,False
B-G1.042-C3,55475,0,725.5,1,7.5,late25,False
B-G1.042-C3,55475,1,859.75,2,134.25,early25,False
B-G1.042-C3,55475,1,861.75,1,2.0,early25,False
B-G1.042-C3,55475,1,864.25,1,2.5,early25,False
B-G1.042-C3,55475,1,869.75,1,5.5,early25,False
B-G1.042-C3,55475,1,871.75,1,2.0,early25,False
B-G1.042-C3,55475,1,873.75,1,2.0,early25,False
B-G1.042-C3,55475,1,880.25,1,6.5,early25,False
B-G1.042-C3,55475,1,916.25,2,36.0,early25,False
B-G1.042-C3,55475,1,923.0,2,6.75,early25,False
B-G1.042-C3,55475,1,926.75,2,3.75,early25,False
B-G1.042-C3,55475,1,929.0,1,2.25,early25,False
B-G1.042-C3,55475,1,935.0,2,6.0,early25,False
B-G1.042-C3,55475,1,938.25,1,3.25,early25,False
B-G1.042-C3,55475,1,943.25,2,5.0,early25,False
B-G1.042-C3,55475,1,977.25,1,34.0,early25,False
B-G1.042-C3,55475,1,986.75,1,9.5,early25,False
B-G1.042-C3,55475,1,990.25,2,3.5,early25,False
B-G1.042-C3,55475,1,1028.25,2,38.0,early25,False
B-G1.042-C3,55475,1,1032.0,1,3.75,middle50,False
B-G1.042-C3,55475,1,1039.25,2,7.25,middle50,False
B-G1.042-C3,55475,1,1047.25,1,8.0,middle50,False
B-G1.042-C3,55475,1,1051.25,2,4.0,middle50,False
B-G1.042-C3,55475,1,1080.0,1,28.75,middle50,False
B-G1.042-C3,55475,1,1087.0,2,7.0,middle50,False
B-G1.042-C3,55475,1,1092.0,1,5.0,middle50,False
B-G1.042-C3,55475,1,1097.5,2,5.5,middle50,False
B-G1.042-C3,55475,1,1101.75,1,4.25,middle50,False
B-G1.042-C3,55475,1,1135.25,1,33.5,middle50,False
B-G1.042-C3,55475,1,1141.5,2,6.25,middle50,False
B-G1.042-C3,55475,1,1144.5,1,3.0,middle50,False
B-G1.042-C3,55475,1,1148.25,1,3.75,middle50,False
B-G1.042-C3,55475,1,1151.5,2,3.25,middle50,False
B-G1.042-C3,55475,1,1158.25,1,6.75,middle50,False
B-G1.042-C3,55475,1,1161.5,1,3.25,middle50,False
B-G1.042-C3,55475,1,1167.75,1,6.25,middle50,False
B-G1.042-C3,55475,1,1312.75,1,145.0,middle50,False
B-G1.042-C3,55475,1,1314.75,1,2.0,middle50,False
B-G1.042-C3,55475,1,1316.75,1,2.0,middle50,False
B-G1.042-C3,55475,1,1324.5,2,7.75,middle50,False
B-G1.042-C3,55475,1,1332.0,1,7.5,middle50,False
B-G1.042-C3,55475,1,1335.0,1,3.0,middle50,False
B-G1.042-C3,55475,1,1338.75,1,3.75,middle50,False
B-G1.042-C3,55475,1,1340.25,1,1.5,middle50,False
B-G1.042-C3,55475,1,1374.5,1,34.25,middle50,False
B-G1.042-C3,55475,1,1379.0,2,4.5,middle50,False
B-G1.042-C3,55475,1,1387.75,1,8.75,middle50,False
B-G1.042-C3,55475,1,1389.5,1,1.75,middle50,False
B-G1.042-C3,55475,1,1393.5,1,4.0,middle50,False
B-G1.042-C3,55475,1,1404.75,1,11.25,middle50,False
B-G1.042-C3,55475,1,1411.25,5,6.5,middle50,False
B-G1.042-C3,55475,1,1421.5,1,10.25,middle50,False
B-G1.042-C3,55475,1,1429.5,3,8.0,late25,False
B-G1.042-C3,55475,1,1432.75,1,3.25,late25,False
B-G1.042-C3,55475,1,1436.25,1,3.5,late25,False
B-G1.042-C3,55475,1,1438.5,1,2.25,late25,False
B-G1.042-C3,55475,1,1442.5,1,4.0,late25,False
B-G1.042-C3,55475,1,1446.75,1,4.25,late25,False
B-G1.042-C3,55475,1,1451.0,1,4.25,late25,False
B-G1.042-C3,55475,1,1483.5,2,32.5,late25,False
B-G1.042-C3,55475,1,1485.75,1,2.25,late25,False
B-G1.042-C3,55475,1,1488.0,1,2.25,late25,False
B-G1.042-C3,55475,1,1491.0,1,3.0,late25,False
B-G1.042-C3,55475,1,1496.25,1,5.25,late25,False
B-G1.042-C3,55475,1,1498.25,1,2.0,late25,False
B-G1.042-C3,55475,1,1503.0,1,4.75,late25,False
B-G1.042-C3,55475,1,1505.0,1,2.0,late25,False
B-G1.042-C3,55475,1,1509.5,1,4.5,late25,False
B-G1.042-C3,55475,2,1640.0,3,130.5,early25,False
B-G1.042-C3,55475,2,1641.75,1,1.75,early25,False
B-G1.042-C3,55475,2,1644.25,1,2.5,early25,False
B-G1.042-C3,55475,2,1646.0,2,1.75,early25,False
B-G1.042-C3,55475,2,1647.25,1,1.25,early25,False
B-G1.042-C3,55475,2,1650.5,2,3.25,early25,False
B-G1.042-C3,55475,2,1654.25,2,3.75,early25,False
B-G1.042-C3,55475,2,1655.75,1,1.5,early25,False
B-G1.042-C3,55475,2,1663.75,3,8.0,early25,False
B-G1.042-C3,55475,2,1691.75,2,28.0,early25,False
B-G1.042-C3,55475,2,1693.5,1,1.75,early25,False
B-G1.042-C3,55475,2,1698.25,1,4.75,early25,False
B-G1.042-C3,55475,2,1703.75,2,5.5,early25,False
B-G1.042-C3,55475,2,1709.25,3,5.5,early25,False
B-G1.042-C3,55475,2,1718.75,3,9.5,early25,False
B-G1.042-C3,55475,2,1723.0,1,4.25,early25,False
B-G1.042-C3,55475,2,1745.5,1,22.5,early25,False
B-G1.042-C3,55475,2,1749.25,2,3.75,early25,False
B-G1.042-C3,55475,2,1753.5,1,4.25,early25,False
B-G1.042-C3,55475,2,1758.5,3,5.0,early25,False
B-G1.042-C3,55475,2,1762.75,2,4.25,early25,False
B-G1.042-C3,55475,2,1765.75,1,3.0,early25,False
B-G1.042-C3,55475,2,1769.75,1,4.0,early25,False
B-G1.042-C3,55475,2,1796.5,21,26.75,early25,False
B-G1.042-C3,55475,2,1800.5,1,4.0,early25,False
B-G1.042-C3,55475,2,1805.25,2,4.75,early25,False
B-G1.042-C3,55475,2,1812.0,1,6.75,early25,False
B-G1.042-C3,55475,2,1814.25,2,2.25,early25,False
B-G1.042-C3,55475,2,1816.25,1,2.0,early25,False
B-G1.042-C3,55475,2,1823.25,2,7.0,early25,False
B-G1.042-C3,55475,2,1825.25,1,2.0,early25,False
B-G1.042-C3,55475,2,1827.25,1,2.0,early25,False
B-G1.042-C3,55475,2,1847.25,2,20.0,early25,False
B-G1.042-C3,55475,2,1851.0,2,3.75,early25,False
B-G1.042-C3,55475,2,1854.25,1,3.25,early25,False
B-G1.042-C3,55475,2,1858.5,2,4.25,early25,False
B-G1.042-C3,55475,2,1863.5,2,5.0,early25,False
B-G1.042-C3,55475,2,1867.75,1,4.25,early25,False
B-G1.042-C3,55475,2,1872.5,2,4.75,early25,False
B-G1.042-C3,55475,2,1876.25,1,3.75,early25,False
B-G1.042-C3,55475,2,1900.75,17,24.5,early25,False
B-G1.042-C3,55475,2,1905.75,1,5.0,early25,False
B-G1.042-C3,55475,2,1918.75,1,13.0,early25,False
B-G1.042-C3,55475,2,1921.75,2,3.0,early25,False
B-G1.042-C3,55475,2,1926.0,2,4.25,early25,False
B-G1.042-C3,55475,2,1931.0,1,5.0,early25,False
B-G1.042-C3,55475,2,2074.25,1,143.25,middle50,False
B-G1.042-C3,55475,2,2078.5,1,4.25,middle50,False
B-G1.042-C3,55475,2,2081.75,2,3.25,middle50,False
B-G1.042-C3,55475,2,2085.25,1,3.5,middle50,False
B-G1.042-C3,55475,2,2088.0,1,2.75,middle50,False
B-G1.042-C3,55475,2,2091.75,1,3.75,middle50,False
B-G1.042-C3,55475,2,2098.75,1,7.0,middle50,False
B-G1.042-C3,55475,2,2103.5,1,4.75,middle50,False
B-G1.042-C3,55475,2,2135.25,1,31.75,middle50,False
B-G1.042-C3,55475,2,2137.25,1,2.0,middle50,False
B-G1.042-C3,55475,2,2143.5,1,6.25,middle50,False
B-G1.042-C3,55475,2,2152.75,2,9.25,middle50,False
B-G1.042-C3,55475,2,2154.5,1,1.75,middle50,False
B-G1.042-C3,55475,2,2160.75,1,6.25,middle50,False
B-G1.042-C3,55475,2,2184.5,1,23.75,middle50,False
B-G1.042-C3,55475,2,2193.0,1,8.5,middle50,False
B-G1.042-C3,55475,2,2199.0,1,6.0,middle50,False
B-G1.042-C3,55475,2,2207.75,1,8.75,middle50,False
B-G1.042-C3,55475,2,2211.25,1,3.5,middle50,False
B-G1.042-C3,55475,2,2241.25,1,30.0,middle50,False
B-G1.042-C3,55475,2,2243.5,1,2.25,middle50,False
B-G1.042-C3,55475,2,2250.0,1,6.5,middle50,False
B-G1.042-C3,55475,2,2256.0,2,6.0,middle50,False
B-G1.042-C3,55475,2,2263.0,2,7.0,middle50,False
B-G1.042-C3,55475,2,2267.0,2,4.0,middle50,False
B-G1.042-C3,55475,2,2275.25,2,8.25,middle50,False
B-G1.042-C3,55475,2,2281.0,3,5.75,middle50,False
B-G1.042-C3,55475,2,2436.5,2,155.5,middle50,False
B-G1.042-C3,55475,2,2441.25,2,4.75,middle50,False
B-G1.042-C3,55475,2,2476.75,1,35.5,middle50,False
B-G1.042-C3,55475,2,2480.0,1,3.25,middle50,False
B-G1.042-C3,55475,2,2486.25,1,6.25,middle50,False
B-G1.042-C3,55475,2,2489.0,1,2.75,middle50,False
B-G1.042-C3,55475,2,2491.75,1,2.75,middle50,False
B-G1.042-C3,55475,2,2498.25,2,6.5,middle50,False
B-G1.042-C3,55475,2,2501.0,1,2.75,middle50,False
B-G1.042-C3,55475,2,2503.75,1,2.75,middle50,False
B-G1.042-C3,55475,2,2510.75,2,7.0,middle50,False
B-G1.042-C3,55475,2,2516.5,3,5.75,middle50,False
B-G1.042-C3,55475,2,2526.5,1,10.0,middle50,False
B-G1.042-C3,55475,2,2529.5,1,3.0,middle50,False
B-G1.042-C3,55475,2,2536.25,1,6.75,middle50,False
B-G1.042-C3,55475,2,2538.75,1,2.5,middle50,False
B-G1.042-C3,55475,2,2542.5,1,3.75,middle50,False
B-G1.042-C3,55475,2,2546.25,1,3.75,middle50,False
B-G1.042-C3,55475,2,2549.25,1,3.0,middle50,False
B-G1.042-C3,55475,2,2552.75,8,3.5,middle50,False
B-G1.042-C3,55475,2,2581.75,1,29.0,middle50,False
B-G1.042-C3,55475,2,2583.5,1,1.75,middle50,False
B-G1.042-C3,55475,2,2588.0,1,4.5,middle50,False
B-G1.042-C3,55475,2,2589.75,1,1.75,middle50,False
B-G1.042-C3,55475,2,2594.25,1,4.5,middle50,False
B-G1.042-C3,55475,2,2596.25,1,2.0,middle50,False
B-G1.042-C3,55475,2,2598.5,1,2.25,middle50,False
B-G1.042-C3,55475,2,2602.5,1,4.0,middle50,False
B-G1.042-C3,55475,2,2604.0,1,1.5,middle50,False
B-G1.042-C3,55475,2,2605.5,1,1.5,middle50,False
B-G1.042-C3,55475,2,2610.75,1,5.25,middle50,False
B-G1.042-C3,55475,2,2611.75,2,1.0,middle50,False
B-G1.042-C3,55475,2,2748.5,1,136.75,late25,False
B-G1.042-C3,55475,2,2752.5,1,4.0,late25,False
B-G1.042-C3,55475,2,2759.0,1,6.5,late25,False
B-G1.042-C3,55475,2,2765.5,1,6.5,late25,False
B-G1.042-C3,55475,2,2774.0,1,8.5,late25,False
B-G1.042-C3,55475,2,2802.0,1,28.0,late25,False
B-G1.042-C3,55475,2,2805.5,1,3.5,late25,False
B-G1.042-C3,55475,2,2811.0,1,5.5,late25,False
B-G1.042-C3,55475,2,2813.0,1,2.0,late25,False
B-G1.042-C3,55475,2,2820.5,1,7.5,late25,False
B-G1.042-C3,55475,2,2824.0,1,3.5,late25,False
B-G1.042-C3,55475,2,2827.75,1,3.75,late25,False
B-G1.042-C3,55475,2,2830.5,1,2.75,late25,False
B-G1.042-C3,55475,2,2857.5,1,27.0,late25,False
B-G1.042-C3,55475,2,2868.75,1,11.25,late25,False
B-G1.042-C3,55475,2,2872.5,1,3.75,late25,False
B-G1.042-C3,55475,2,2876.75,1,4.25,late25,False
B-G1.042-C3,55475,2,2879.75,1,3.0,late25,False
B-G1.042-C3,55475,2,2911.5,1,31.75,late25,False
B-G1.042-C3,55475,2,2914.0,1,2.5,late25,False
B-G1.042-C3,55475,2,2916.75,1,2.75,late25,False
B-G1.042-C3,55475,2,2921.0,1,4.25,late25,False
B-G1.042-C3,55475,2,2924.25,1,3.25,late25,False
B-G1.042-C3,55475,2,2931.0,1,6.75,late25,False
B-G1.042-C3,55475,2,2936.5,1,5.5,late25,False
B-G1.042-C3,55475,2,2944.25,1,7.75,late25,False
B-G1.042-C3,55475,3,3060.0,2,115.75,early25,True
B-G1.042-C3,55475,3,3063.25,1,3.25,early25,True
B-G1.042-C3,55475,3,3067.25,2,4.0,early25,True
B-G1.042-C3,55475,3,3070.5,2,3.25,early25,True
B-G1.042-C3,55475,3,3073.75,1,3.25,early25,True
B-G1.042-C3,55475,3,3081.0,2,7.25,early25,True
B-G1.042-C3,55475,3,3088.75,2,7.75,early25,True
B-G1.042-C3,55475,3,3118.5,1,29.75,early25,True
B-G1.042-C3,55475,3,3120.5,1,2.0,early25,True
B-G1.042-C3,55475,3,3127.0,2,6.5,early25,True
B-G1.042-C3,55475,3,3133.5,2,6.5,early25,True
B-G1.042-C3,55475,3,3162.0,2,28.5,early25,True
B-G1.042-C3,55475,3,3176.0,1,14.0,early25,True
B-G1.042-C3,55475,3,3179.75,1,3.75,early25,True
B-G1.042-C3,55475,3,3184.25,1,4.5,early25,True
B-G1.042-C3,55475,3,3188.25,1,4.0,middle50,True
B-G1.042-C3,55475,3,3192.0,1,3.75,middle50,True
B-G1.042-C3,55475,3,3195.25,1,3.25,middle50,True
B-G1.042-C3,55475,3,3198.75,1,3.5,middle50,True
B-G1.042-C3,55475,3,3203.25,10,4.5,middle50,True
B-G1.042-C3,55475,3,3233.25,1,30.0,middle50,True
B-G1.042-C3,55475,3,3240.25,2,7.0,middle50,True
B-G1.042-C3,55475,3,3259.75,2,19.5,middle50,True
B-G1.042-C3,55475,3,3283.0,1,23.25,middle50,True
B-G1.042-C3,55475,3,3286.5,1,3.5,middle50,True
B-G1.042-C3,55475,3,3290.5,1,4.0,middle50,True
B-G1.042-C3,55475,3,3295.25,1,4.75,middle50,True
B-G1.042-C3,55475,3,3303.25,1,8.0,middle50,True
B-G1.042-C3,55475,3,3306.75,1,3.5,middle50,True
B-G1.042-C3,55475,3,3335.25,8,28.5,middle50,True
B-G1.042-C3,55475,3,3343.0,1,7.75,middle50,True
B-G1.042-C3,55475,3,3348.25,1,5.25,middle50,True
B-G1.042-C3,55475,3,3356.0,1,7.75,middle50,True
B-G1.042-C3,55475,3,3373.0,2,17.0,middle50,True
B-G1.042-C3,55475,3,3386.25,1,13.25,middle50,True
B-G1.042-C3,55475,3,3391.25,1,5.0,middle50,True
B-G1.042-C3,55475,3,3397.75,1,6.5,middle50,True
B-G1.042-C3,55475,3,3402.25,1,4.5,middle50,True
B-G1.042-C3,55475,3,3404.75,5,2.5,middle50,True
B-G1.042-C3,55475,3,3410.5,1,5.75,middle50,True
B-G1.042-C3,55475,3,3440.5,1,30.0,middle50,True
B-G1.042-C3,55475,3,3448.75,1,8.25,middle50,True
B-G1.042-C3,55475,3,3459.5,1,10.75,middle50,True
B-G1.042-C3,55475,3,3464.75,1,5.25,late25,True
B-G1.042-C3,55475,3,3475.0,1,10.25,late25,True
B-G1.042-C3,55475,3,3482.25,3,7.25,late25,True
B-G1.042-C3,55475,3,3490.25,1,8.0,late25,True
B-G1.042-C3,55475,3,3501.5,1,11.25,late25,True
B-G1.042-C3,55475,3,3517.0,1,15.5,late25,True
B-G1.042-C3,55475,3,3551.5,1,34.5,late25,True
B-G1.042-C3,55475,3,3556.75,1,5.25,late25,True
B-G1.042-C3,55475,3,3565.25,1,8.5,late25,True
B-G1.042-C3,55475,3,3571.0,1,5.75,late25,True
B-G1.042-C3,55475,3,3584.5,1,13.5,late25,True
B-G1.042-C3,63394,0,0.25,3,,early25,False
B-G1.042-C3,63394,0,8.25,1,8.0,early25,False
B-G1.042-C3,63394,0,34.25,1,26.0,early25,False
B-G1.042-C3,63394,0,39.25,1,5.0,early25,False
B-G1.042-C3,63394,0,46.5,1,7.25,early25,False
B-G1.042-C3,63394,0,97.5,1,51.0,early25,False
B-G1.042-C3,63394,0,112.4999999998,1,14.999999999799996,early25,False
B-G1.042-C3,63394,0,131.9999999998,5,19.5,early25,False
B-G1.042-C3,63394,0,164.2499999998,3,32.25,early25,False
B-G1.042-C3,63394,0,174.7499999998,1,10.5,early25,False
B-G1.042-C3,63394,0,221.4999999998,1,46.75,middle50,False
B-G1.042-C3,63394,0,233.9999999998,1,12.5,middle50,False
B-G1.042-C3,63394,0,240.2499999998,1,6.25,middle50,False
B-G1.042-C3,63394,0,243.9999999998,1,3.75,middle50,False
B-G1.042-C3,63394,0,409.2499999998,1,165.25000000000003,middle50,False
B-G1.042-C3,63394,0,414.9999999998,1,5.75,middle50,False
B-G1.042-C3,63394,0,424.7499999998,1,9.75,middle50,False
B-G1.042-C3,63394,0,432.2499999998,1,7.5,middle50,False
B-G1.042-C3,63394,0,460.9999999998,1,28.75,middle50,False
B-G1.042-C3,63394,0,468.7499999998,2,7.75,middle50,False
B-G1.042-C3,63394,0,475.7499999998,1,7.0,middle50,False
B-G1.042-C3,63394,0,485.2499999998,1,9.5,middle50,False
B-G1.042-C3,63394,0,496.2499999998,13,11.0,middle50,False
B-G1.042-C3,63394,0,545.7499999998,1,49.5,late25,False
B-G1.042-C3,63394,0,578.9999999998,1,33.25,late25,False
B-G1.042-C3,63394,0,582.4999999998,1,3.5,late25,False
B-G1.042-C3,63394,0,587.7499999998,1,5.25,late25,False
B-G1.042-C3,63394,0,593.9999999998,1,6.25,late25,False
B-G1.042-C3,63394,0,602.4999999998,1,8.5,late25,False
B-G1.042-C3,63394,0,722.2499999998,1,119.75,late25,False
B-G1.042-C3,63394,1,743.7499999998,1,21.5,early25,False
B-G1.042-C3,63394,1,747.7499999998,1,4.0,early25,False
B-G1.042-C3,63394,1,749.7499999998,2,2.0,early25,False
B-G1.042-C3,63394,1,757.4999999998,2,7.75,early25,False
B-G1.042-C3,63394,1,761.2499999998,1,3.75,early25,False
B-G1.042-C3,63394,1,768.7499999998,2,7.5,early25,False
B-G1.042-C3,63394,1,798.4999999998,1,29.75,early25,False
B-G1.042-C3,63394,1,803.2499999998,1,4.75,early25,False
B-G1.042-C3,63394,1,806.7499999998,2,3.5,early25,False
B-G1.042-C3,63394,1,810.9999999998,1,4.25,early25,False
B-G1.042-C3,63394,1,817.9999999998,1,7.0,early25,False
B-G1.042-C3,63394,1,820.4999999998,1,2.5,early25,False
B-G1.042-C3,63394,1,824.2499999998,1,3.75,early25,False
B-G1.042-C3,63394,1,830.2499999998,2,6.0,early25,False
B-G1.042-C3,63394,1,854.7499999998,1,24.5,early25,False
B-G1.042-C3,63394,1,858.4999999998,1,3.75,early25,False
B-G1.042-C3,63394,1,860.4999999998,1,2.0,early25,False
B-G1.042-C3,63394,1,864.9999999998,1,4.5,early25,False
B-G1.042-C3,63394,1,870.4999999998,2,5.5,early25,False
B-G1.042-C3,63394,1,876.9999999998,1,6.5,early25,False
B-G1.042-C3,63394,1,880.2499999998,1,3.25,early25,False
B-G1.042-C3,63394,1,907.9999999998,1,27.75,early25,False
B-G1.042-C3,63394,1,911.2499999998,2,3.25,early25,False
B-G1.042-C3,63394,1,917.2499999998,2,6.0,middle50,False
B-G1.042-C3,63394,1,921.2499999998,1,4.0,middle50,False
B-G1.042-C3,63394,1,926.7499999998,1,5.5,middle50,False
B-G1.042-C3,63394,1,931.4999999998,2,4.75,middle50,False
B-G1.042-C3,63394,1,938.2499999998,1,6.75,middle50,False
B-G1.042-C3,63394,1,957.4999999998,1,19.25,middle50,False
B-G1.042-C3,63394,1,962.9999999998,2,5.5,middle50,False
B-G1.042-C3,63394,1,966.7499999998,1,3.75,middle50,False
B-G1.042-C3,63394,1,969.7499999998,1,3.0,middle50,False
B-G1.042-C3,63394,1,975.9999999998,1,6.25,middle50,False
B-G1.042-C3,63394,1,980.7499999998,1,4.75,middle50,False
B-G1.042-C3,63394,1,982.9999999998,1,2.25,middle50,False
B-G1.042-C3,63394,1,1015.2499999998,1,32.25,middle50,False
B-G1.042-C3,63394,1,1018.2499999998,1,3.0,middle50,False
B-G1.042-C3,63394,1,1022.2499999998,1,4.0,middle50,False
B-G1.042-C3,63394,1,1025.4999999998,1,3.2499999999998863,middle50,False
B-G1.042-C3,63394,1,1028.9999999998,1,3.5,middle50,False
B-G1.042-C3,63394,1,1033.9999999998,2,5.0,middle50,False
B-G1.042-C3,63394,1,1036.9999999998,1,3.0,middle50,False
B-G1.042-C3,63394,1,1040.9999999998,1,4.0,middle50,False
B-G1.042-C3,63394,1,1049.2499999998,1,8.25,middle50,False
B-G1.042-C3,63394,1,1193.9999999998,1,144.75,middle50,False
B-G1.042-C3,63394,1,1196.7499999998,1,2.75,middle50,False
B-G1.042-C3,63394,1,1201.4999999998,1,4.75,middle50,False
B-G1.042-C3,63394,1,1206.7499999998,1,5.25,middle50,False
B-G1.042-C3,63394,1,1211.2499999998,1,4.5,middle50,False
B-G1.042-C3,63394,1,1214.2499999998,1,3.0,middle50,False
B-G1.042-C3,63394,1,1221.2499999998,1,7.0,middle50,False
B-G1.042-C3,63394,1,1248.7499999998,1,27.5,middle50,False
B-G1.042-C3,63394,1,1255.4999999998,1,6.75,middle50,False
B-G1.042-C3,63394,1,1256.4999999998,1,1.0,middle50,False
B-G1.042-C3,63394,1,1257.4999999998,1,1.0,middle50,False
B-G1.042-C3,63394,1,1263.2499999998,2,5.75,middle50,False
B-G1.042-C3,63394,1,1266.2499999998,1,3.0,middle50,False
B-G1.042-C3,63394,1,1269.4999999998,1,3.25,middle50,False
B-G1.042-C3,63394,1,1272.4999999998,1,3.0,middle50,False
B-G1.042-C3,63394,1,1276.2499999998,1,3.75,middle50,False
B-G1.042-C3,63394,1,1279.2499999998,1,3.0,middle50,False
B-G1.042-C3,63394,1,1286.2499999998,1,7.0,middle50,False
B-G1.042-C3,63394,1,1304.2499999998,1,18.0,late25,False
B-G1.042-C3,63394,1,1306.2499999998,1,2.0,late25,False
B-G1.042-C3,63394,1,1311.9999999998,1,5.75,late25,False
B-G1.042-C3,63394,1,1317.7499999998,1,5.75,late25,False
B-G1.042-C3,63394,1,1323.4999999998,1,5.75,late25,False
B-G1.042-C3,63394,1,1330.7499999998,1,7.25,late25,False
B-G1.042-C3,63394,1,1358.9999999998,2,28.25,late25,False
B-G1.042-C3,63394,1,1366.2499999998,1,7.25,late25,False
B-G1.042-C3,63394,1,1367.9999999998,1,1.75,late25,False
B-G1.042-C3,63394,1,1372.2499999998,1,4.25,late25,False
B-G1.042-C3,63394,1,1376.7499999998,1,4.5,late25,False
B-G1.042-C3,63394,1,1379.7499999998,1,3.0,late25,False
B-G1.042-C3,63394,1,1382.4999999998,1,2.75,late25,False
B-G1.042-C3,63394,1,1385.7499999998,1,3.25,late25,False
B-G1.042-C3,63394,1,1388.4999999998,1,2.75,late25,False
B-G1.042-C3,63394,2,1512.9999999998,1,124.5,early25,False
B-G1.042-C3,63394,2,1515.2499999998,1,2.25,early25,False
B-G1.042-C3,63394,2,1518.4999999998,3,3.25,early25,False
B-G1.042-C3,63394,2,1520.4999999998,1,2.0,early25,False
B-G1.042-C3,63394,2,1522.4999999998,2,2.0,early25,False
B-G1.042-C3,63394,2,1525.4999999998,2,3.0,early25,False
B-G1.042-C3,63394,2,1528.4999999998,2,3.0,early25,False
B-G1.042-C3,63394,2,1531.9999999998,2,3.5,early25,False
B-G1.042-C3,63394,2,1534.4999999998,1,2.5,early25,False
B-G1.042-C3,63394,2,1536.4999999998,1,2.0,early25,False
B-G1.042-C3,63394,2,1572.2499999998,2,35.75,early25,False
B-G1.042-C3,63394,2,1576.2499999998,2,4.0,early25,False
B-G1.042-C3,63394,2,1577.2499999998,1,1.0,early25,False
B-G1.042-C3,63394,2,1581.7499999998,2,4.5,early25,False
B-G1.042-C3,63394,2,1584.2499999998,1,2.5,early25,False
B-G1.042-C3,63394,2,1588.2499999998,2,4.0,early25,False
B-G1.042-C3,63394,2,1589.7499999998,1,1.5,early25,False
B-G1.042-C3,63394,2,1591.9999999998,2,2.25,early25,False
B-G1.042-C3,63394,2,1593.2499999998,1,1.25,early25,False
B-G1.042-C3,63394,2,1598.9999999998,3,5.75,early25,False
B-G1.042-C3,63394,2,1606.2499999998,1,7.25,early25,False
B-G1.042-C3,63394,2,1612.7499999998,7,6.5,early25,False
B-G1.042-C3,63394,2,1624.9999999998,2,12.25,early25,False
B-G1.042-C3,63394,2,1628.4999999998,1,3.5,early25,False
B-G1.042-C3,63394,2,1633.2499999998,2,4.75,early25,False
B-G1.042-C3,63394,2,1638.7499999998,3,5.5,early25,False
B-G1.042-C3,63394,2,1643.4999999998,2,4.75,early25,False
B-G1.042-C3,63394,2,1648.9999999998,2,5.5,early25,False
B-G1.042-C3,63394,2,1652.9999999998,1,4.0,early25,False
B-G1.042-C3,63394,2,1680.4999999998,22,27.5,early25,False
B-G1.042-C3,63394,2,1687.7499999998,2,7.25,early25,False
B-G1.042-C3,63394,2,1695.2499999998,2,7.5,early25,False
B-G1.042-C3,63394,2,1701.7499999998,1,6.5,early25,False
B-G1.042-C3,63394,2,1706.4999999998,2,4.75,early25,False
B-G1.042-C3,63394,2,1715.9999999998,2,9.5,early25,False
B-G1.042-C3,63394,2,1734.7499999998,1,18.75,early25,False
B-G1.042-C3,63394,2,1740.2499999998,2,5.5,early25,False
B-G1.042-C3,63394,2,1745.7499999998,2,5.5,early25,False
B-G1.042-C3,63394,2,1749.9999999998,1,4.25,early25,False
B-G1.042-C3,63394,2,1752.7499999998,1,2.75,early25,False
B-G1.042-C3,63394,2,1788.2499999998,2,35.5,middle50,False
B-G1.042-C3,63394,2,1795.2499999998,2,7.0,middle50,False
B-G1.042-C3,63394,2,1802.25,2,7.000000000200089,middle50,False
B-G1.042-C3,63394,2,1806.75,2,4.5,middle50,False
B-G1.042-C3,63394,2,1811.0,2,4.25,middle50,False
B-G1.042-C3,63394,2,1815.5,2,4.5,middle50,False
B-G1.042-C3,63394,2,1822.5,1,7.0,middle50,False
B-G1.042-C3,63394,2,1966.25,1,143.75,middle50,False
B-G1.042-C3,63394,2,1970.75,2,4.5,middle50,False
B-G1.042-C3,63394,2,1974.75,1,4.0,middle50,False
B-G1.042-C3,63394,2,1980.75,2,6.0,middle50,False
B-G1.042-C3,63394,2,1985.25,1,4.5,middle50,False
B-G1.042-C3,63394,2,1990.5,1,5.25,middle50,False
B-G1.042-C3,63394,2,2020.5,2,30.0,middle50,False
B-G1.042-C3,63394,2,2031.0,1,10.5,middle50,False
B-G1.042-C3,63394,2,2034.75,2,3.75,middle50,False
B-G1.042-C3,63394,2,2039.25,1,4.5,middle50,False
B-G1.042-C3,63394,2,2042.25,1,3.0,middle50,False
B-G1.042-C3,63394,2,2046.25,1,4.0,middle50,False
B-G1.042-C3,63394,2,2061.0,4,14.75,middle50,False
B-G1.042-C3,63394,2,2074.75,1,13.75,middle50,False
B-G1.042-C3,63394,2,2083.5,2,8.75,middle50,False
B-G1.042-C3,63394,2,2087.5,1,4.0,middle50,False
B-G1.042-C3,63394,2,2094.25,2,6.75,middle50,False
B-G1.042-C3,63394,2,2099.25,2,5.0,middle50,False
B-G1.042-C3,63394,2,2127.0,1,27.75,middle50,False
B-G1.042-C3,63394,2,2131.0,2,4.0,middle50,False
B-G1.042-C3,63394,2,2135.0,1,4.0,middle50,False
B-G1.042-C3,63394,2,2138.0,1,3.0,middle50,False
B-G1.042-C3,63394,2,2141.75,1,3.75,middle50,False
B-G1.042-C3,63394,2,2145.5,2,3.75,middle50,False
B-G1.042-C3,63394,2,2153.75,1,8.25,middle50,False
B-G1.042-C3,63394,2,2155.75,1,2.0,middle50,False
B-G1.042-C3,63394,2,2163.75,1,8.0,middle50,False
B-G1.042-C3,63394,2,2169.5,3,5.75,middle50,False
B-G1.042-C3,63394,2,2295.75,3,126.25,middle50,False
B-G1.042-C3,63394,2,2298.75,1,3.0,middle50,False
B-G1.042-C3,63394,2,2304.0,1,5.25,middle50,False
B-G1.042-C3,63394,2,2307.25,1,3.25,middle50,False
B-G1.042-C3,63394,2,2311.25,1,4.0,middle50,False
B-G1.042-C3,63394,2,2315.0,1,3.75,middle50,False
B-G1.042-C3,63394,2,2322.25,1,7.25,late25,False
B-G1.042-C3,63394,2,2326.5,1,4.25,late25,False
B-G1.042-C3,63394,2,2349.5,1,23.0,late25,False
B-G1.042-C3,63394,2,2353.0,10,3.5,late25,False
B-G1.042-C3,63394,2,2359.0,1,6.0,late25,False
B-G1.042-C3,63394,2,2366.25,2,7.25,late25,False
B-G1.042-C3,63394,2,2370.0,1,3.75,late25,False
B-G1.042-C3,63394,2,2372.0,1,2.0,late25,False
B-G1.042-C3,63394,2,2374.75,1,2.75,late25,False
B-G1.042-C3,63394,2,2375.5,1,0.75,late25,False
B-G1.042-C3,63394,2,2380.0,1,4.5,late25,False
B-G1.042-C3,63394,2,2388.25,3,8.25,late25,False
B-G1.042-C3,63394,2,2401.25,1,13.0,late25,False
B-G1.042-C3,63394,2,2403.75,1,2.5,late25,False
B-G1.042-C3,63394,2,2410.5,1,6.75,late25,False
B-G1.042-C3,63394,2,2414.25,1,3.75,late25,False
B-G1.042-C3,63394,2,2417.0,1,2.75,late25,False
B-G1.042-C3,63394,2,2420.25,7,3.25,late25,False
B-G1.042-C3,63394,2,2455.0,1,34.75,late25,False
B-G1.042-C3,63394,2,2457.75,1,2.75,late25,False
B-G1.042-C3,63394,2,2471.75,1,14.0,late25,False
B-G1.042-C3,63394,2,2475.25,1,3.5,late25,False
B-G1.042-C3,63394,2,2478.75,1,3.5,late25,False
B-G1.042-C3,63394,2,2485.25,1,6.5,late25,False
B-G1.042-C3,63394,2,2494.25,5,9.0,late25,False
B-G1.042-C3,63394,3,2599.5,2,105.25,early25,True
B-G1.042-C3,63394,3,2608.5,1,9.0,early25,True
B-G1.042-C3,63394,3,2611.25,1,2.75,early25,True
B-G1.042-C3,63394,3,2615.25,1,4.0,early25,True
B-G1.042-C3,63394,3,2618.25,1,3.0,early25,True
B-G1.042-C3,63394,3,2619.5,1,1.25,early25,True
B-G1.042-C3,63394,3,2626.75,8,7.25,early25,True
B-G1.042-C3,63394,3,2629.5,4,2.75,early25,True
B-G1.042-C3,63394,3,2638.25,2,8.75,early25,True
B-G1.042-C3,63394,3,2668.5,2,30.25,early25,True
B-G1.042-C3,63394,3,2674.5,1,6.0,early25,True
B-G1.042-C3,63394,3,2680.0,2,5.5,early25,True
B-G1.042-C3,63394,3,2686.0,1,6.0,early25,True
B-G1.042-C3,63394,3,2705.0,2,19.0,early25,True
B-G1.042-C3,63394,3,2719.25,1,14.25,early25,True
B-G1.042-C3,63394,3,2722.75,1,3.5,early25,True
B-G1.042-C3,63394,3,2727.25,1,4.5,early25,True
B-G1.042-C3,63394,3,2731.5,1,4.25,early25,True
B-G1.042-C3,63394,3,2735.25,1,3.75,early25,True
B-G1.042-C3,63394,3,2738.25,1,3.0,early25,True
B-G1.042-C3,63394,3,2742.0,1,3.75,early25,True
B-G1.042-C3,63394,3,2746.5,10,4.5,early25,True
B-G1.042-C3,63394,3,2780.25,1,33.75,early25,True
B-G1.042-C3,63394,3,2784.5,1,4.25,early25,True
B-G1.042-C3,63394,3,2792.0,1,7.5,early25,True
B-G1.042-C3,63394,3,2797.75,2,5.75,early25,True
B-G1.042-C3,63394,3,2799.5,1,1.75,early25,True
B-G1.042-C3,63394,3,2811.5,1,12.0,early25,True
B-G1.042-C3,63394,3,2819.0,6,7.5,early25,True
B-G1.042-C3,63394,3,2832.25,1,13.25,early25,True
B-G1.042-C3,63394,3,2835.5,1,3.25,early25,True
B-G1.042-C3,63394,3,2843.0,1,7.5,early25,True
B-G1.042-C3,63394,3,2847.0,1,4.0,middle50,True
B-G1.042-C3,63394,3,2850.5,1,3.5,middle50,True
B-G1.042-C3,63394,3,2857.0,1,6.5,middle50,True
B-G1.042-C3,63394,3,2861.0,8,4.0,middle50,True
B-G1.042-C3,63394,3,2899.75,1,38.75,middle50,True
B-G1.042-C3,63394,3,2905.0,2,5.25,middle50,True
B-G1.042-C3,63394,3,2912.25,1,7.25,middle50,True
B-G1.042-C3,63394,3,2914.25,1,2.0,middle50,True
B-G1.042-C3,63394,3,2947.25,2,33.0,middle50,True
B-G1.042-C3,63394,3,2953.75,1,6.5,middle50,True
B-G1.042-C3,63394,3,2961.5,1,7.75,middle50,True
B-G1.042-C3,63394,3,2964.75,1,3.25,middle50,True
B-G1.042-C3,63394,3,2971.0,1,6.25,middle50,True
B-G1.042-C3,63394,3,2996.75,6,25.75,middle50,True
B-G1.042-C3,63394,3,3012.75,1,16.0,middle50,True
B-G1.042-C3,63394,3,3017.75,1,5.0,middle50,True
B-G1.042-C3,63394,3,3029.0,1,11.25,middle50,True
B-G1.042-C3,63394,3,3035.0,1,6.0,middle50,True
B-G1.042-C3,63394,3,3044.25,1,9.25,middle50,True
B-G1.042-C3,63394,3,3058.25,1,14.0,middle50,True
B-G1.042-C3,63394,3,3064.5,1,6.25,middle50,True
B-G1.042-C3,63394,3,3071.75,1,7.25,middle50,True
B-G1.042-C3,63394,3,3102.75,1,31.0,middle50,True
B-G1.042-C3,63394,3,3107.0,1,4.25,middle50,True
B-G1.042-C3,63394,3,3111.5,4,4.5,middle50,True
B-G1.042-C3,63394,3,3128.75,1,17.25,middle50,True
B-G1.042-C3,63394,3,3149.25,1,20.5,middle50,True
B-G1.042-C3,63394,3,3168.5,1,19.25,middle50,True
B-G1.042-C3,63394,3,3207.5,1,39.0,middle50,True
B-G1.042-C3,63394,3,3220.75,1,13.25,middle50,True
B-G1.042-C3,63394,3,3226.5,1,5.75,middle50,True
B-G1.042-C3,63394,3,3255.0,1,28.5,middle50,True
B-G1.042-C3,63394,3,3273.5,1,18.5,middle50,True
B-G1.042-C3,63394,3,3318.0,1,44.5,middle50,True
B-G1.042-C3,63394,3,3327.25,1,9.25,middle50,True
B-G1.042-C3,63394,3,3336.75,1,9.5,middle50,True
B-G1.042-C3,63394,3,3359.75,1,23.0,late25,True
B-G1.042-C3,63394,3,3367.5,1,7.75,late25,True
B-G1.042-C3,63394,3,3372.25,3,4.75,late25,True
B-G1.042-C3,63394,3,3376.25,1,4.0,late25,True
B-G1.042-C3,63394,3,3409.5,1,33.25,late25,True
B-G1.042-C3,63394,3,3424.0,1,14.5,late25,True
B-G1.042-C3,63394,3,3427.75,1,3.75,late25,True
B-G1.042-C3,63394,3,3438.75,1,11.0,late25,True
B-G1.042-C3,63394,3,3468.75,1,30.0,late25,True
B-G1.042-C3,63394,3,3483.75,1,15.0,late25,True
B-G1.042-C3,63394,3,3529.75,1,46.0,late25,True
B-G1.042-C3,63394,3,3547.0,1,17.25,late25,True
B-G1.042-C3,63394,3,3568.0,1,21.0,late25,True
B-G1.042-C3,63394,3,3578.75,1,10.75,late25,True
B-G1.042-C3,63394,3,3599.25,1,20.5,late25,True
B-G1.042-C3,71313,0,0.25,3,,early25,False
B-G1.042-C3,71313,0,8.5,1,8.25,early25,False
B-G1.042-C3,71313,0,18.25,1,9.75,early25,False
B-G1.042-C3,71313,0,45.75,1,27.5,early25,False
B-G1.042-C3,71313,0,63.5,1,17.75,early25,False
B-G1.042-C3,71313,0,101.25,1,37.75,early25,False
B-G1.042-C3,71313,0,104.25,1,3.0,early25,False
B-G1.042-C3,71313,0,159.75,1,55.5,early25,False
B-G1.042-C3,71313,0,164.0,1,4.25,early25,False
B-G1.042-C3,71313,0,172.5,1,8.5,early25,False
B-G1.042-C3,71313,0,175.75,1,3.25,early25,False
B-G1.042-C3,71313,0,183.0,1,7.25,early25,False
B-G1.042-C3,71313,0,221.5,1,38.5,middle50,False
B-G1.042-C3,71313,0,227.25,1,5.75,middle50,False
B-G1.042-C3,71313,0,229.5,1,2.25,middle50,False
B-G1.042-C3,71313,0,236.5,1,7.0,middle50,False
B-G1.042-C3,71313,0,240.25,1,3.75,middle50,False
B-G1.042-C3,71313,0,277.5,1,37.25,middle50,False
B-G1.042-C3,71313,0,289.5,1,12.0,middle50,False
B-G1.042-C3,71313,0,301.0,1,11.5,middle50,False
B-G1.042-C3,71313,0,334.75,1,33.75,middle50,False
B-G1.042-C3,71313,0,346.0,1,11.25,middle50,False
B-G1.042-C3,71313,0,352.75,1,6.75,middle50,False
B-G1.042-C3,71313,0,357.25,1,4.5,middle50,False
B-G1.042-C3,71313,0,360.75,1,3.5,middle50,False
B-G1.042-C3,71313,0,521.0,1,160.25,middle50,False
B-G1.042-C3,71313,0,524.25,1,3.25,middle50,False
B-G1.042-C3,71313,0,534.25,1,10.0,middle50,False
B-G1.042-C3,71313,0,543.75,1,9.5,middle50,False
B-G1.042-C3,71313,0,575.25,1,31.5,middle50,False
B-G1.042-C3,71313,0,578.75,1,3.5,middle50,False
B-G1.042-C3,71313,0,585.75,1,7.0,middle50,False
B-G1.042-C3,71313,0,590.5,1,4.75,middle50,False
B-G1.042-C3,71313,0,597.75,1,7.25,middle50,False
B-G1.042-C3,71313,0,601.5,1,3.75,middle50,False
B-G1.042-C3,71313,0,609.25,1,7.75,middle50,False
B-G1.042-C3,71313,0,637.0,1,27.75,late25,False
B-G1.042-C3,71313,0,643.5,1,6.5,late25,False
B-G1.042-C3,71313,0,648.5,1,5.0,late25,False
B-G1.042-C3,71313,0,657.0,1,8.5,late25,False
B-G1.042-C3,71313,0,664.5,1,7.5,late25,False
B-G1.042-C3,71313,0,687.0,1,22.5,late25,False
B-G1.042-C3,71313,0,691.75,1,4.75,late25,False
B-G1.042-C3,71313,0,697.0,11,5.25,late25,False
B-G1.042-C3,71313,0,703.25,1,6.25,late25,False
B-G1.042-C3,71313,0,710.75,1,7.5,late25,False
B-G1.042-C3,71313,1,833.25,1,122.5,early25,False
B-G1.042-C3,71313,1,846.75,1,13.5,early25,False
B-G1.042-C3,71313,1,857.0,1,10.25,early25,False
B-G1.042-C3,71313,1,863.25,1,6.25,early25,False
B-G1.042-C3,71313,1,865.0,1,1.75,early25,False
B-G1.042-C3,71313,1,868.25,1,3.25,early25,False
B-G1.042-C3,71313,1,873.5,1,5.25,early25,False
B-G1.042-C3,71313,1,905.0,1,31.5,early25,False
B-G1.042-C3,71313,1,910.0,1,5.0,early25,False
B-G1.042-C3,71313,1,919.0,1,9.0,early25,False
B-G1.042-C3,71313,1,922.5,1,3.5,early25,False
B-G1.042-C3,71313,1,926.25,2,3.75,early25,False
B-G1.042-C3,71313,1,927.5,1,1.25,early25,False
B-G1.042-C3,71313,1,932.5,2,5.0,early25,False
B-G1.042-C3,71313,1,960.75,1,28.25,early25,False
B-G1.042-C3,71313,1,963.75,1,3.0,early25,False
B-G1.042-C3,71313,1,1016.25,2,52.5,early25,False
B-G1.042-C3,71313,1,1023.25,2,7.0,middle50,False
B-G1.042-C3,71313,1,1031.0,1,7.75,middle50,False
B-G1.042-C3,71313,1,1034.5,1,3.5,middle50,False
B-G1.042-C3,71313,1,1035.75,1,1.25,middle50,False
B-G1.042-C3,71313,1,1041.25,1,5.5,middle50,False
B-G1.042-C3,71313,1,1051.5,2,10.25,middle50,False
B-G1.042-C3,71313,1,1058.25,5,6.75,middle50,False
B-G1.042-C3,71313,1,1072.75,1,14.5,middle50,False
B-G1.042-C3,71313,1,1080.5,1,7.75,middle50,False
B-G1.042-C3,71313,1,1085.0,1,4.5,middle50,False
B-G1.042-C3,71313,1,1090.0,1,5.0,middle50,False
B-G1.042-C3,71313,1,1095.25,2,5.25,middle50,False
B-G1.042-C3,71313,1,1100.0,1,4.75,middle50,False
B-G1.042-C3,71313,1,1133.25,1,33.25,middle50,False
B-G1.042-C3,71313,1,1135.0,1,1.75,middle50,False
B-G1.042-C3,71313,1,1138.5,1,3.5,middle50,False
B-G1.042-C3,71313,1,1142.25,1,3.75,middle50,False
B-G1.042-C3,71313,1,1148.0,1,5.75,middle50,False
B-G1.042-C3,71313,1,1151.25,1,3.25,middle50,False
B-G1.042-C3,71313,1,1156.0,2,4.75,middle50,False
B-G1.042-C3,71313,1,1309.5,1,153.5,middle50,False
B-G1.042-C3,71313,1,1313.5,1,4.0,middle50,False
B-G1.042-C3,71313,1,1316.75,1,3.25,middle50,False
B-G1.042-C3,71313,1,1331.25,1,14.5,middle50,False
B-G1.042-C3,71313,1,1335.5,1,4.25,middle50,False
B-G1.042-C3,71313,1,1340.5,1,5.0,middle50,False
B-G1.042-C3,71313,1,1364.75,2,24.25,middle50,False
B-G1.042-C3,71313,1,1368.25,1,3.5,middle50,False
B-G1.042-C3,71313,1,1374.0,2,5.75,middle50,False
B-G1.042-C3,71313,1,1379.0,1,5.0,middle50,False
B-G1.042-C3,71313,1,1382.0,1,3.0,middle50,False
B-G1.042-C3,71313,1,1385.75,1,3.75,middle50,False
B-G1.042-C3,71313,1,1389.75,14,4.0,middle50,False
B-G1.042-C3,71313,1,1414.75,1,25.0,late25,False
B-G1.042-C3,71313,1,1418.0,1,3.25,late25,False
B-G1.042-C3,71313,1,1422.25,1,4.25,late25,False
B-G1.042-C3,71313,1,1431.75,1,9.5,late25,False
B-G1.042-C3,71313,1,1435.25,1,3.5,late25,False
B-G1.042-C3,71313,1,1439.5,2,4.25,late25,False
B-G1.042-C3,71313,1,1443.25,1,3.75,late25,False
B-G1.042-C3,71313,1,1470.0,1,26.75,late25,False
B-G1.042-C3,71313,1,1472.5,13,2.5,late25,False
B-G1.042-C3,71313,1,1475.75,1,3.25,late25,False
B-G1.042-C3,71313,1,1481.5,1,5.75,late25,False
B-G1.042-C3,71313,1,1485.5,1,4.0,late25,False
B-G1.042-C3,71313,1,1486.5,1,1.0,late25,False
B-G1.042-C3,71313,1,1491.25,1,4.75,late25,False
B-G1.042-C3,71313,1,1499.5,1,8.25,late25,False
B-G1.042-C3,71313,2,1612.25,1,112.75,early25,False
B-G1.042-C3,71313,2,1621.75,1,9.5,early25,False
B-G1.042-C3,71313,2,1623.0,1,1.25,early25,False
B-G1.042-C3,71313,2,1624.5,1,1.5,early25,False
B-G1.042-C3,71313,2,1626.75,1,2.25,early25,False
B-G1.042-C3,71313,2,1630.25,2,3.5,early25,False
B-G1.042-C3,71313,2,1634.25,2,4.0,early25,False
B-G1.042-C3,71313,2,1638.5,2,4.25,early25,False
B-G1.042-C3,71313,2,1642.75,1,4.25,early25,False
B-G1.042-C3,71313,2,1646.0,2,3.25,early25,False
B-G1.042-C3,71313,2,1650.25,1,4.25,early25,False
B-G1.042-C3,71313,2,1655.0,3,4.75,early25,False
B-G1.042-C3,71313,2,1680.5,2,25.5,early25,False
B-G1.042-C3,71313,2,1684.0,2,3.5,early25,False
B-G1.042-C3,71313,2,1686.5,1,2.5,early25,False
B-G1.042-C3,71313,2,1689.5,2,3.0,early25,False
B-G1.042-C3,71313,2,1692.5,20,3.0,early25,False
B-G1.042-C3,71313,2,1695.75,2,3.25,early25,False
B-G1.042-C3,71313,2,1697.5,1,1.75,early25,False
B-G1.042-C3,71313,2,1700.0,1,2.5,early25,False
B-G1.042-C3,71313,2,1702.75,7,2.75,early25,False
B-G1.042-C3,71313,2,1704.5,1,1.75,early25,False
B-G1.042-C3,71313,2,1707.25,1,2.75,early25,False
B-G1.042-C3,71313,2,1735.25,1,28.0,early25,False
B-G1.042-C3,71313,2,1740.25,1,5.0,early25,False
B-G1.042-C3,71313,2,1744.5,2,4.25,early25,False
B-G1.042-C3,71313,2,1747.75,1,3.25,early25,False
B-G1.042-C3,71313,2,1751.75,1,4.0,early25,False
B-G1.042-C3,71313,2,1756.5,2,4.75,early25,False
B-G1.042-C3,71313,2,1761.25,2,4.75,early25,False
B-G1.042-C3,71313,2,1765.0,1,3.75,early25,False
B-G1.042-C3,71313,2,1769.0,16,4.0,early25,False
B-G1.042-C3,71313,2,1791.5,1,22.5,early25,False
B-G1.042-C3,71313,2,1793.5,1,2.0,early25,False
B-G1.042-C3,71313,2,1796.25,1,2.75,early25,False
B-G1.042-C3,71313,2,1799.75,1,3.5,early25,False
B-G1.042-C3,71313,2,1801.5,1,1.75,early25,False
B-G1.042-C3,71313,2,1803.0,1,1.5,early25,False
B-G1.042-C3,71313,2,1805.5,1,2.5,early25,False
B-G1.042-C3,71313,2,1807.5,1,2.0,early25,False
B-G1.042-C3,71313,2,1811.75,1,4.25,early25,False
B-G1.042-C3,71313,2,1814.5,1,2.75,early25,False
B-G1.042-C3,71313,2,1818.0,1,3.5,early25,False
B-G1.042-C3,71313,2,1820.25,1,2.25,early25,False
B-G1.042-C3,71313,2,1825.0,1,4.75,early25,False
B-G1.042-C3,71313,2,1976.5,1,151.5,middle50,False
B-G1.042-C3,71313,2,1980.0,1,3.5,middle50,False
B-G1.042-C3,71313,2,1985.25,1,5.25,middle50,False
B-G1.042-C3,71313,2,1989.0,1,3.75,middle50,False
B-G1.042-C3,71313,2,1992.25,1,3.25,middle50,False
B-G1.042-C3,71313,2,2004.0,1,11.75,middle50,False
B-G1.042-C3,71313,2,2007.5,1,3.5,middle50,False
B-G1.042-C3,71313,2,2031.75,2,24.25,middle50,False
B-G1.042-C3,71313,2,2035.75,1,4.0,middle50,False
B-G1.042-C3,71313,2,2039.75,1,4.0,middle50,False
B-G1.042-C3,71313,2,2042.75,1,3.0,middle50,False
B-G1.042-C3,71313,2,2046.25,12,3.5,middle50,False
B-G1.042-C3,71313,2,2048.75,1,2.5,middle50,False
B-G1.042-C3,71313,2,2052.5,1,3.75,middle50,False
B-G1.042-C3,71313,2,2058.25,1,5.75,middle50,False
B-G1.042-C3,71313,2,2077.5,1,19.25,middle50,False
B-G1.042-C3,71313,2,2082.0,1,4.5,middle50,False
B-G1.042-C3,71313,2,2085.5,1,3.5,middle50,False
B-G1.042-C3,71313,2,2089.0,1,3.5,middle50,False
B-G1.042-C3,71313,2,2095.5,2,6.5,middle50,False
B-G1.042-C3,71313,2,2099.5,1,4.0,middle50,False
B-G1.042-C3,71313,2,2105.75,10,6.25,middle50,False
B-G1.042-C3,71313,2,2133.25,1,27.5,middle50,False
B-G1.042-C3,71313,2,2137.25,1,4.0,middle50,False
B-G1.042-C3,71313,2,2139.75,1,2.5,middle50,False
B-G1.042-C3,71313,2,2148.0,1,8.25,middle50,False
B-G1.042-C3,71313,2,2151.0,1,3.0,middle50,False
B-G1.042-C3,71313,2,2154.75,1,3.75,middle50,False
B-G1.042-C3,71313,2,2158.5,1,3.75,middle50,False
B-G1.042-C3,71313,2,2161.25,1,2.75,middle50,False
B-G1.042-C3,71313,2,2170.25,1,9.0,middle50,False
B-G1.042-C3,71313,2,2293.25,1,123.0,middle50,False
B-G1.042-C3,71313,2,2300.0,1,6.75,middle50,False
B-G1.042-C3,71313,2,2303.0,1,3.0,middle50,False
B-G1.042-C3,71313,2,2306.25,1,3.25,middle50,False
B-G1.042-C3,71313,2,2311.5,1,5.25,middle50,False
B-G1.042-C3,71313,2,2318.75,1,7.25,middle50,False
B-G1.042-C3,71313,2,2323.25,1,4.5,middle50,False
B-G1.042-C3,71313,2,2349.0,1,25.75,late25,False
B-G1.042-C3,71313,2,2351.5,1,2.5,late25,False
B-G1.042-C3,71313,2,2356.5,1,5.0,late25,False
B-G1.042-C3,71313,2,2358.0,1,1.5,late25,False
B-G1.042-C3,71313,2,2363.5,1,5.5,late25,False
B-G1.042-C3,71313,2,2367.75,1,4.25,late25,False
B-G1.042-C3,71313,2,2371.75,1,4.0,late25,False
B-G1.042-C3,71313,2,2379.0,1,7.25,late25,False
B-G1.042-C3,71313,2,2380.0,1,1.0,late25,False
B-G1.042-C3,71313,2,2398.75,1,18.75,late25,False
B-G1.042-C3,71313,2,2407.25,1,8.5,late25,False
B-G1.042-C3,71313,2,2411.5,1,4.25,late25,False
B-G1.042-C3,71313,2,2417.0,1,5.5,late25,False
B-G1.042-C3,71313,2,2420.75,5,3.75,late25,False
B-G1.042-C3,71313,2,2451.5,1,30.75,late25,False
B-G1.042-C3,71313,2,2454.5,1,3.0,late25,False
B-G1.042-C3,71313,2,2458.25,1,3.75,late25,False
B-G1.042-C3,71313,2,2461.0,1,2.75,late25,False
B-G1.042-C3,71313,2,2467.75,1,6.75,late25,False
B-G1.042-C3,71313,2,2472.0,1,4.25,late25,False
B-G1.042-C3,71313,2,2475.0,1,3.0,late25,False
B-G1.042-C3,71313,2,2487.75,1,12.75,late25,False
B-G1.042-C3,71313,3,2603.75,2,116.0,early25,True
B-G1.042-C3,71313,3,2606.25,1,2.5,early25,True
B-G1.042-C3,71313,3,2610.25,2,4.0,early25,True
B-G1.042-C3,71313,3,2611.75,1,1.5,early25,True
B-G1.042-C3,71313,3,2617.75,1,6.0,early25,True
B-G1.042-C3,71313,3,2625.25,2,7.5,early25,True
B-G1.042-C3,71313,3,2632.75,1,7.5,early25,True
B-G1.042-C3,71313,3,2670.0,1,37.25,early25,True
B-G1.042-C3,71313,3,2673.0,1,3.0,early25,True
B-G1.042-C3,71313,3,2682.0,2,9.0,early25,True
B-G1.042-C3,71313,3,2685.25,1,3.25,early25,True
B-G1.042-C3,71313,3,2688.25,1,3.0,early25,True
B-G1.042-C3,71313,3,2722.5,2,34.25,early25,True
B-G1.042-C3,71313,3,2731.25,1,8.75,early25,True
B-G1.042-C3,71313,3,2745.75,2,14.5,early25,True
B-G1.042-C3,71313,3,2778.5,2,32.75,early25,True
B-G1.042-C3,71313,3,2783.25,1,4.75,early25,True
B-G1.042-C3,71313,3,2790.0,2,6.75,early25,True
B-G1.042-C3,71313,3,2794.75,1,4.75,early25,True
B-G1.042-C3,71313,3,2803.5,2,8.75,early25,True
B-G1.042-C3,71313,3,2817.5,4,14.0,early25,True
B-G1.042-C3,71313,3,2831.25,2,13.75,early25,True
B-G1.042-C3,71313,3,2835.75,1,4.5,early25,True
B-G1.042-C3,71313,3,2839.5,1,3.75,early25,True
B-G1.042-C3,71313,3,2847.75,1,8.25,middle50,True
B-G1.042-C3,71313,3,2892.0,1,44.25,middle50,True
B-G1.042-C3,71313,3,2895.75,1,3.75,middle50,True
B-G1.042-C3,71313,3,2902.0,1,6.25,middle50,True
B-G1.042-C3,71313,3,2908.25,2,6.25,middle50,True
B-G1.042-C3,71313,3,2918.5,1,10.25,middle50,True
B-G1.042-C3,71313,3,2924.75,3,6.25,middle50,True
B-G1.042-C3,71313,3,2938.5,1,13.75,middle50,True
B-G1.042-C3,71313,3,2941.75,1,3.25,middle50,True
B-G1.042-C3,71313,3,2945.25,1,3.5,middle50,True
B-G1.042-C3,71313,3,2949.5,1,4.25,middle50,True
B-G1.042-C3,71313,3,2953.5,1,4.0,middle50,True
B-G1.042-C3,71313,3,2957.0,1,3.5,middle50,True
B-G1.042-C3,71313,3,2963.5,1,6.5,middle50,True
B-G1.042-C3,71313,3,2991.25,8,27.75,middle50,True
B-G1.042-C3,71313,3,3005.5,1,14.25,middle50,True
B-G1.042-C3,71313,3,3013.0,1,7.5,middle50,True
B-G1.042-C3,71313,3,3015.0,1,2.0,middle50,True
B-G1.042-C3,71313,3,3027.75,1,12.75,middle50,True
B-G1.042-C3,71313,3,3035.75,5,8.0,middle50,True
B-G1.042-C3,71313,3,3050.0,1,14.25,middle50,True
B-G1.042-C3,71313,3,3057.75,1,7.75,middle50,True
B-G1.042-C3,71313,3,3071.75,1,14.0,middle50,True
B-G1.042-C3,71313,3,3103.75,2,32.0,middle50,True
B-G1.042-C3,71313,3,3109.0,1,5.25,middle50,True
B-G1.042-C3,71313,3,3117.75,1,8.75,middle50,True
B-G1.042-C3,71313,3,3128.0,1,10.25,middle50,True
B-G1.042-C3,71313,3,3157.25,1,29.25,middle50,True
B-G1.042-C3,71313,3,3163.0,1,5.75,middle50,True
B-G1.042-C3,71313,3,3170.0,1,7.0,middle50,True
B-G1.042-C3,71313,3,3173.75,1,3.75,middle50,True
B-G1.042-C3,71313,3,3179.75,5,6.0,middle50,True
B-G1.042-C3,71313,3,3185.0,1,5.25,middle50,True
B-G1.042-C3,71313,3,3213.25,1,28.25,middle50,True
B-G1.042-C3,71313,3,3219.25,1,6.0,middle50,True
B-G1.042-C3,71313,3,3223.5,1,4.25,middle50,True
B-G1.042-C3,71313,3,3229.0,1,5.5,middle50,True
B-G1.042-C3,71313,3,3233.0,1,4.0,middle50,True
B-G1.042-C3,71313,3,3237.25,1,4.25,middle50,True
B-G1.042-C3,71313,3,3260.5,1,23.25,middle50,True
B-G1.042-C3,71313,3,3267.25,1,6.75,middle50,True
B-G1.042-C3,71313,3,3274.25,1,7.0,middle50,True
B-G1.042-C3,71313,3,3281.0,1,6.75,middle50,True
B-G1.042-C3,71313,3,3288.75,1,7.75,middle50,True
B-G1.042-C3,71313,3,3315.5,1,26.75,middle50,True
B-G1.042-C3,71313,3,3320.75,5,5.25,middle50,True
B-G1.042-C3,71313,3,3328.25,1,7.5,middle50,True
B-G1.042-C3,71313,3,3331.5,1,3.25,middle50,True
B-G1.042-C3,71313,3,3336.5,1,5.0,middle50,True
B-G1.042-C3,71313,3,3343.0,1,6.5,middle50,True
B-G1.042-C3,71313,3,3362.0,1,19.0,late25,True
B-G1.042-C3,71313,3,3370.0,1,8.0,late25,True
B-G1.042-C3,71313,3,3376.5,1,6.5,late25,True
B-G1.042-C3,71313,3,3382.75,1,6.25,late25,True
B-G1.042-C3,71313,3,3386.0,3,3.25,late25,True
B-G1.042-C3,71313,3,3399.75,1,13.75,late25,True
B-G1.042-C3,71313,3,3422.75,1,23.0,late25,True
B-G1.042-C3,71313,3,3432.25,1,9.5,late25,True
B-G1.042-C3,71313,3,3442.25,1,10.0,late25,True
B-G1.042-C3,71313,3,3457.0,1,14.75,late25,True
B-G1.042-C3,71313,3,3469.25,1,12.25,late25,True
B-G1.042-C3,71313,3,3474.25,1,5.0,late25,True
B-G1.042-C3,71313,3,3483.75,1,9.5,late25,True
B-G1.042-C3,71313,3,3490.0,1,6.25,late25,True
B-G1.042-C3,71313,3,3493.0,3,3.0,late25,True
B-G1.042-C3,71313,3,3533.0,1,40.0,late25,True
B-G1.042-C3,71313,3,3536.0,1,3.0,late25,True
B-G1.042-C3,71313,3,3539.5,1,3.5,late25,True
B-G1.042-C3,71313,3,3550.5,1,11.0,late25,True
B-G1.042-C3,71313,3,3562.5,2,12.0,late25,True
B-G1.045-C2,42,0,0.25,3,,early25,False
B-G1.045-C2,42,0,8.25,1,8.0,early25,False
B-G1.045-C2,42,0,21.5,1,13.25,early25,False
B-G1.045-C2,42,0,46.25,1,24.75,early25,False
B-G1.045-C2,42,0,57.25,1,11.0,early25,False
B-G1.045-C2,42,0,99.75,1,42.5,early25,False
B-G1.045-C2,42,0,105.0,1,5.25,early25,False
B-G1.045-C2,42,0,119.0,1,14.0,early25,False
B-G1.045-C2,42,0,162.75,1,43.75,early25,False
B-G1.045-C2,42,0,172.5,1,9.75,early25,False
B-G1.045-C2,42,0,210.5,1,38.0,early25,False
B-G1.045-C2,42,0,222.75,1,12.25,early25,False
B-G1.045-C2,42,0,230.75,1,8.0,early25,False
B-G1.045-C2,42,0,237.5,1,6.75,early25,False
B-G1.045-C2,42,0,278.0,1,40.5,middle50,False
B-G1.045-C2,42,0,292.5,1,14.5,middle50,False
B-G1.045-C2,42,0,332.25,1,39.75,middle50,False
B-G1.045-C2,42,0,335.75,1,3.5,middle50,False
B-G1.045-C2,42,0,343.75,1,8.0,middle50,False
B-G1.045-C2,42,0,349.75,1,6.0,middle50,False
B-G1.045-C2,42,0,355.0,1,5.25,middle50,False
B-G1.045-C2,42,0,359.25,1,4.25,middle50,False
B-G1.045-C2,42,0,515.25,1,156.0,middle50,False
B-G1.045-C2,42,0,522.75,1,7.5,middle50,False
B-G1.045-C2,42,0,529.0,1,6.25,middle50,False
B-G1.045-C2,42,0,535.5,1,6.5,middle50,False
B-G1.045-C2,42,0,541.0,1,5.5,middle50,False
B-G1.045-C2,42,0,572.25,1,31.25,middle50,False
B-G1.045-C2,42,0,578.75,1,6.5,middle50,False
B-G1.045-C2,42,0,582.5,1,3.75,middle50,False
B-G1.045-C2,42,0,593.0,1,10.5,middle50,False
B-G1.045-C2,42,0,599.5,1,6.5,middle50,False
B-G1.045-C2,42,0,616.5,4,17.0,middle50,False
B-G1.045-C2,42,0,753.75,1,137.25,late25,False
B-G1.045-C2,42,0,764.5,1,10.75,late25,False
B-G1.045-C2,42,0,777.25,1,12.75,late25,False
B-G1.045-C2,42,0,807.5,1,30.25,late25,False
B-G1.045-C2,42,0,813.75,1,6.25,late25,False
B-G1.045-C2,42,0,819.5,1,5.75,late25,False
B-G1.045-C2,42,0,824.25,1,4.75,late25,False
B-G1.045-C2,42,0,829.25,1,5.0,late25,False
B-G1.045-C2,42,0,831.5,1,2.25,late25,False
B-G1.045-C2,42,0,835.5,1,4.0,late25,False
B-G1.045-C2,42,0,837.75,1,2.25,late25,False
B-G1.045-C2,42,1,972.0,1,134.25,early25,False
B-G1.045-C2,42,1,976.0,2,4.0,early25,False
B-G1.045-C2,42,1,982.25,1,6.25,early25,False
B-G1.045-C2,42,1,985.25,1,3.0,early25,False
B-G1.045-C2,42,1,987.75,1,2.5,early25,False
B-G1.045-C2,42,1,989.5,1,1.75,early25,False
B-G1.045-C2,42,1,991.25,1,1.75,early25,False
B-G1.045-C2,42,1,993.0,1,1.75,early25,False
B-G1.045-C2,42,1,997.0,2,4.0,early25,False
B-G1.045-C2,42,1,999.75,1,2.75,early25,False
B-G1.045-C2,42,1,1027.75,1,28.0,early25,False
B-G1.045-C2,42,1,1030.0,1,2.25,early25,False
B-G1.045-C2,42,1,1032.0,1,2.0,early25,False
B-G1.045-C2,42,1,1033.0,1,1.0,early25,False
B-G1.045-C2,42,1,1034.25,1,1.25,early25,False
B-G1.045-C2,42,1,1035.75,1,1.5,early25,False
B-G1.045-C2,42,1,1040.25,2,4.5,early25,False
B-G1.045-C2,42,1,1045.0,1,4.75,early25,False
B-G1.045-C2,42,1,1051.0,1,6.0,early25,False
B-G1.045-C2,42,1,1052.25,1,1.25,early25,False
B-G1.045-C2,42,1,1059.25,1,7.0,early25,False
B-G1.045-C2,42,1,1080.75,1,21.5,early25,False
B-G1.045-C2,42,1,1081.75,1,1.0,early25,False
B-G1.045-C2,42,1,1083.0,1,1.25,early25,False
B-G1.045-C2,42,1,1088.0,2,5.0,early25,False
B-G1.045-C2,42,1,1090.5,1,2.5,early25,False
B-G1.045-C2,42,1,1098.25,1,7.75,early25,False
B-G1.045-C2,42,1,1103.75,1,5.5,early25,False
B-G1.045-C2,42,1,1139.25,2,35.5,middle50,False
B-G1.045-C2,42,1,1144.0,1,4.75,middle50,False
B-G1.045-C2,42,1,1146.75,1,2.75,middle50,False
B-G1.045-C2,42,1,1150.75,1,4.0,middle50,False
B-G1.045-C2,42,1,1154.25,2,3.5,middle50,False
B-G1.045-C2,42,1,1158.0,1,3.75,middle50,False
B-G1.045-C2,42,1,1161.5,1,3.5,middle50,False
B-G1.045-C2,42,1,1166.25,1,4.75,middle50,False
B-G1.045-C2,42,1,1189.5,1,23.25,middle50,False
B-G1.045-C2,42,1,1193.0,1,3.5,middle50,False
B-G1.045-C2,42,1,1197.25,2,4.25,middle50,False
B-G1.045-C2,42,1,1201.5,1,4.25,middle50,False
B-G1.045-C2,42,1,1207.0,1,5.5,middle50,False
B-G1.045-C2,42,1,1211.5,2,4.5,middle50,False
B-G1.045-C2,42,1,1219.0,1,7.5,middle50,False
B-G1.045-C2,42,1,1245.25,17,26.25,middle50,False
B-G1.045-C2,42,1,1248.25,1,3.0,middle50,False
B-G1.045-C2,42,1,1252.5,1,4.25,middle50,False
B-G1.045-C2,42,1,1255.0,1,2.5,middle50,False
B-G1.045-C2,42,1,1257.75,1,2.75,middle50,False
B-G1.045-C2,42,1,1261.75,1,4.0,middle50,False
B-G1.045-C2,42,1,1265.25,1,3.5,middle50,False
B-G1.045-C2,42,1,1269.75,2,4.5,middle50,False
B-G1.045-C2,42,1,1275.0,1,5.25,middle50,False
B-G1.045-C2,42,1,1416.0,1,141.0,middle50,False
B-G1.045-C2,42,1,1420.25,1,4.25,middle50,False
B-G1.045-C2,42,1,1422.25,1,2.0,middle50,False
B-G1.045-C2,42,1,1429.5,2,7.25,middle50,False
B-G1.045-C2,42,1,1464.0,1,34.5,late25,False
B-G1.045-C2,42,1,1469.25,1,5.25,late25,False
B-G1.045-C2,42,1,1472.5,1,3.25,late25,False
B-G1.045-C2,42,1,1476.0,1,3.5,late25,False
B-G1.045-C2,42,1,1478.75,1,2.75,late25,False
B-G1.045-C2,42,1,1483.5,1,4.75,late25,False
B-G1.045-C2,42,1,1486.75,1,3.25,late25,False
B-G1.045-C2,42,1,1497.0,1,10.25,late25,False
B-G1.045-C2,42,2,1620.75,2,123.75,early25,False
B-G1.045-C2,42,2,1622.75,2,2.0,early25,False
B-G1.045-C2,42,2,1625.25,1,2.5,early25,False
B-G1.045-C2,42,2,1627.5,2,2.25,early25,False
B-G1.045-C2,42,2,1630.25,1,2.75,early25,False
B-G1.045-C2,42,2,1635.75,2,5.5,early25,False
B-G1.045-C2,42,2,1642.0,2,6.25,early25,False
B-G1.045-C2,42,2,1646.5,2,4.5,early25,False
B-G1.045-C2,42,2,1653.5,2,7.0,early25,False
B-G1.045-C2,42,2,1677.5,3,24.0,early25,False
B-G1.045-C2,42,2,1683.0,2,5.5,early25,False
B-G1.045-C2,42,2,1687.0,2,4.0,early25,False
B-G1.045-C2,42,2,1691.75,25,4.75,early25,False
B-G1.045-C2,42,2,1694.75,1,3.0,early25,False
B-G1.045-C2,42,2,1696.0,1,1.25,early25,False
B-G1.045-C2,42,2,1700.25,2,4.25,early25,False
B-G1.045-C2,42,2,1702.5,1,2.25,early25,False
B-G1.045-C2,42,2,1706.0,1,3.5,early25,False
B-G1.045-C2,42,2,1708.5,2,2.5,early25,False
B-G1.045-C2,42,2,1714.75,5,6.25,early25,False
B-G1.045-C2,42,2,1725.0,1,10.25,early25,False
B-G1.045-C2,42,2,1726.25,1,1.25,early25,False
B-G1.045-C2,42,2,1729.0,1,2.75,early25,False
B-G1.045-C2,42,2,1731.25,2,2.25,early25,False
B-G1.045-C2,42,2,1740.75,1,9.5,early25,False
B-G1.045-C2,42,2,1743.25,1,2.5,early25,False
B-G1.045-C2,42,2,1744.75,1,1.5,early25,False
B-G1.045-C2,42,2,1748.5,1,3.75,early25,False
B-G1.045-C2,42,2,1755.25,3,6.75,early25,False
B-G1.045-C2,42,2,1781.0,1,25.75,early25,False
B-G1.045-C2,42,2,1789.25,3,8.25,early25,False
B-G1.045-C2,42,2,1797.25,2,8.0,early25,False
B-G1.045-C2,42,2,1800.75,1,3.5,early25,False
B-G1.045-C2,42,2,1804.0,1,3.25,early25,False
B-G1.045-C2,42,2,1807.5,1,3.5,early25,False
B-G1.045-C2,42,2,1811.75,1,4.25,early25,False
B-G1.045-C2,42,2,1818.25,1,6.5,early25,False
B-G1.045-C2,42,2,1824.25,5,6.0,early25,False
B-G1.045-C2,42,2,1836.25,1,12.0,early25,False
B-G1.045-C2,42,2,1839.0,1,2.75,early25,False
B-G1.045-C2,42,2,1840.75,1,1.75,early25,False
B-G1.045-C2,42,2,1846.25,2,5.5,early25,False
B-G1.045-C2,42,2,1847.75,1,1.5,early25,False
B-G1.045-C2,42,2,1858.25,2,10.5,early25,False
B-G1.045-C2,42,2,1862.25,1,4.0,early25,False
B-G1.045-C2,42,2,1894.0,2,31.75,early25,False
B-G1.045-C2,42,2,1896.25,1,2.25,early25,False
B-G1.045-C2,42,2,1901.5,2,5.25,early25,False
B-G1.045-C2,42,2,1911.25,1,9.75,early25,False
B-G1.045-C2,42,2,1920.5,2,9.25,early25,False
B-G1.045-C2,42,2,1940.25,1,19.75,early25,False
B-G1.045-C2,42,2,1944.75,2,4.5,early25,False
B-G1.045-C2,42,2,1949.5,1,4.75,early25,False
B-G1.045-C2,42,2,1954.25,2,4.75,early25,False
B-G1.045-C2,42,2,1958.75,1,4.5,early25,False
B-G1.045-C2,42,2,1963.75,1,5.0,middle50,False
B-G1.045-C2,42,2,1994.75,1,31.0,middle50,False
B-G1.045-C2,42,2,1998.25,1,3.5,middle50,False
B-G1.045-C2,42,2,2000.75,1,2.5,middle50,False
B-G1.045-C2,42,2,2005.0,2,4.25,middle50,False
B-G1.045-C2,42,2,2009.25,1,4.25,middle50,False
B-G1.045-C2,42,2,2016.0,2,6.75,middle50,False
B-G1.045-C2,42,2,2020.0,2,4.0,middle50,False
B-G1.045-C2,42,2,2025.25,1,5.25,middle50,False
B-G1.045-C2,42,2,2172.25,1,147.0,middle50,False
B-G1.045-C2,42,2,2177.75,2,5.5,middle50,False
B-G1.045-C2,42,2,2187.25,2,9.5,middle50,False
B-G1.045-C2,42,2,2192.75,2,5.5,middle50,False
B-G1.045-C2,42,2,2227.0,1,34.25,middle50,False
B-G1.045-C2,42,2,2230.75,1,3.75,middle50,False
B-G1.045-C2,42,2,2237.75,1,7.0,middle50,False
B-G1.045-C2,42,2,2241.25,1,3.5,middle50,False
B-G1.045-C2,42,2,2248.5,1,7.25,middle50,False
B-G1.045-C2,42,2,2253.5,2,5.0,middle50,False
B-G1.045-C2,42,2,2260.75,1,7.25,middle50,False
B-G1.045-C2,42,2,2414.0,1,153.25,middle50,False
B-G1.045-C2,42,2,2420.5,1,6.5,middle50,False
B-G1.045-C2,42,2,2423.75,1,3.25,middle50,False
B-G1.045-C2,42,2,2429.0,1,5.25,middle50,False
B-G1.045-C2,42,2,2459.5,1,30.5,middle50,False
B-G1.045-C2,42,2,2462.0,1,2.5,middle50,False
B-G1.045-C2,42,2,2465.75,1,3.75,middle50,False
B-G1.045-C2,42,2,2468.0,1,2.25,middle50,False
B-G1.045-C2,42,2,2473.0,1,5.0,middle50,False
B-G1.045-C2,42,2,2476.75,2,3.75,middle50,False
B-G1.045-C2,42,2,2482.0,1,5.25,middle50,False
B-G1.045-C2,42,2,2486.0,1,4.0,middle50,False
B-G1.045-C2,42,2,2500.0,5,14.0,middle50,False
B-G1.045-C2,42,2,2622.25,1,122.25,middle50,False
B-G1.045-C2,42,2,2624.5,4,2.25,middle50,False
B-G1.045-C2,42,2,2628.5,1,4.0,middle50,False
B-G1.045-C2,42,2,2637.0,1,8.5,middle50,False
B-G1.045-C2,42,2,2638.75,3,1.75,middle50,False
B-G1.045-C2,42,2,2644.75,1,6.0,middle50,False
B-G1.045-C2,42,2,2649.25,1,4.5,middle50,False
B-G1.045-C2,42,2,2655.0,2,5.75,middle50,False
B-G1.045-C2,42,2,2681.75,1,26.75,middle50,False
B-G1.045-C2,42,2,2690.25,2,8.5,late25,False
B-G1.045-C2,42,2,2694.5,1,4.25,late25,False
B-G1.045-C2,42,2,2701.5,1,7.0,late25,False
B-G1.045-C2,42,2,2709.0,1,7.5,late25,False
B-G1.045-C2,42,2,2850.25,1,141.25,late25,False
B-G1.045-C2,42,2,2855.25,1,5.0,late25,False
B-G1.045-C2,42,2,2860.0,1,4.75,late25,False
B-G1.045-C2,42,2,2867.0,1,7.0,late25,False
B-G1.045-C2,42,2,2872.5,1,5.5,late25,False
B-G1.045-C2,42,2,2878.0,1,5.5,late25,False
B-G1.045-C2,42,2,2906.25,1,28.25,late25,False
B-G1.045-C2,42,2,2909.75,1,3.5,late25,False
B-G1.045-C2,42,2,2914.5,1,4.75,late25,False
B-G1.045-C2,42,2,2918.25,1,3.75,late25,False
B-G1.045-C2,42,2,2920.25,5,2.0,late25,False
B-G1.045-C2,42,2,2924.25,5,4.0,late25,False
B-G1.045-C2,42,2,2926.5,1,2.25,late25,False
B-G1.045-C2,42,2,2933.25,1,6.75,late25,False
B-G1.045-C2,42,2,2945.5,2,12.25,late25,False
B-G1.045-C2,42,3,3066.75,1,121.25,early25,True
B-G1.045-C2,42,3,3072.0,1,5.25,early25,True
B-G1.045-C2,42,3,3088.5,1,16.5,early25,True
B-G1.045-C2,42,3,3094.0,1,5.5,early25,True
B-G1.045-C2,42,3,3118.0,2,24.0,early25,True
B-G1.045-C2,42,3,3121.75,1,3.75,early25,True
B-G1.045-C2,42,3,3125.0,1,3.25,early25,True
B-G1.045-C2,42,3,3128.25,1,3.25,early25,True
B-G1.045-C2,42,3,3131.0,1,2.75,early25,True
B-G1.045-C2,42,3,3134.75,11,3.75,early25,True
B-G1.045-C2,42,3,3140.75,1,6.0,early25,True
B-G1.045-C2,42,3,3142.25,1,1.5,early25,True
B-G1.045-C2,42,3,3149.25,1,7.0,early25,True
B-G1.045-C2,42,3,3162.75,1,13.5,early25,True
B-G1.045-C2,42,3,3165.75,1,3.0,early25,True
B-G1.045-C2,42,3,3168.5,1,2.75,early25,True
B-G1.045-C2,42,3,3176.25,1,7.75,early25,True
B-G1.045-C2,42,3,3183.5,2,7.25,middle50,True
B-G1.045-C2,42,3,3190.75,1,7.25,middle50,True
B-G1.045-C2,42,3,3227.75,2,37.0,middle50,True
B-G1.045-C2,42,3,3237.0,1,9.25,middle50,True
B-G1.045-C2,42,3,3243.5,2,6.5,middle50,True
B-G1.045-C2,42,3,3250.0,1,6.5,middle50,True
B-G1.045-C2,42,3,3267.25,1,17.25,middle50,True
B-G1.045-C2,42,3,3274.25,1,7.0,middle50,True
B-G1.045-C2,42,3,3278.75,1,4.5,middle50,True
B-G1.045-C2,42,3,3283.0,1,4.25,middle50,True
B-G1.045-C2,42,3,3287.5,1,4.5,middle50,True
B-G1.045-C2,42,3,3295.0,7,7.5,middle50,True
B-G1.045-C2,42,3,3324.25,1,29.25,middle50,True
B-G1.045-C2,42,3,3329.25,1,5.0,middle50,True
B-G1.045-C2,42,3,3340.25,1,11.0,middle50,True
B-G1.045-C2,42,3,3344.0,1,3.75,middle50,True
B-G1.045-C2,42,3,3352.5,1,8.5,middle50,True
B-G1.045-C2,42,3,3358.5,1,6.0,middle50,True
B-G1.045-C2,42,3,3380.25,1,21.75,middle50,True
B-G1.045-C2,42,3,3383.75,1,3.5,middle50,True
B-G1.045-C2,42,3,3388.25,1,4.5,middle50,True
B-G1.045-C2,42,3,3393.25,1,5.0,middle50,True
B-G1.045-C2,42,3,3435.75,1,42.5,middle50,True
B-G1.045-C2,42,3,3441.75,1,6.0,middle50,True
B-G1.045-C2,42,3,3445.75,1,4.0,middle50,True
B-G1.045-C2,42,3,3455.75,1,10.0,middle50,True
B-G1.045-C2,42,3,3458.75,1,3.0,middle50,True
B-G1.045-C2,42,3,3483.25,1,24.5,late25,True
B-G1.045-C2,42,3,3490.0,1,6.75,late25,True
B-G1.045-C2,42,3,3497.25,1,7.25,late25,True
B-G1.045-C2,42,3,3535.75,1,38.5,late25,True
B-G1.045-C2,42,3,3542.0,1,6.25,late25,True
B-G1.045-C2,42,3,3548.75,1,6.75,late25,True
B-G1.045-C2,42,3,3555.0,1,6.25,late25,True
B-G1.045-C2,42,3,3561.5,1,6.5,late25,True
B-G1.045-C2,42,3,3591.25,1,29.75,late25,True
B-G1.045-C2,42,3,3596.5,1,5.25,late25,True
B-G1.045-C2,7961,0,0.25,3,,early25,False
B-G1.045-C2,7961,0,8.25,1,8.0,early25,False
B-G1.045-C2,7961,0,18.75,1,10.5,early25,False
B-G1.045-C2,7961,0,53.5,1,34.75,early25,False
B-G1.045-C2,7961,0,93.75,1,40.25,early25,False
B-G1.045-C2,7961,0,103.0,1,9.25,early25,False
B-G1.045-C2,7961,0,119.4999999999,1,16.499999999899998,early25,False
B-G1.045-C2,7961,0,159.2499999999,1,39.750000000000014,early25,False
B-G1.045-C2,7961,0,212.9999999999,1,53.75,middle50,False
B-G1.045-C2,7961,0,217.7499999999,1,4.75,middle50,False
B-G1.045-C2,7961,0,224.4999999999,1,6.75,middle50,False
B-G1.045-C2,7961,0,236.7499999999,1,12.25,middle50,False
B-G1.045-C2,7961,0,242.2499999999,1,5.5,middle50,False
B-G1.045-C2,7961,0,281.9999999999,1,39.75,middle50,False
B-G1.045-C2,7961,0,289.7499999999,1,7.75,middle50,False
B-G1.045-C2,7961,0,300.9999999999,1,11.25,middle50,False
B-G1.045-C2,7961,0,337.4999999999,1,36.5,middle50,False
B-G1.045-C2,7961,0,344.7499999999,1,7.25,middle50,False
B-G1.045-C2,7961,0,349.7499999999,1,5.0,middle50,False
B-G1.045-C2,7961,0,356.4999999999,1,6.75,middle50,False
B-G1.045-C2,7961,0,360.9999999999,1,4.5,middle50,False
B-G1.045-C2,7961,0,529.4999999999,1,168.49999999999994,middle50,False
B-G1.045-C2,7961,0,547.2499999999,1,17.75,late25,False
B-G1.045-C2,7961,0,553.7499999999,1,6.5,late25,False
B-G1.045-C2,7961,0,562.2499999999,1,8.5,late25,False
B-G1.045-C2,7961,0,586.7499999999,2,24.5,late25,False
B-G1.045-C2,7961,0,594.2499999999,1,7.5,late25,False
B-G1.045-C2,7961,0,603.7499999999,1,9.5,late25,False
B-G1.045-C2,7961,0,610.2499999999,13,6.5,late25,False
B-G1.045-C2,7961,1,750.9999999999,1,140.75,early25,False
B-G1.045-C2,7961,1,767.7499999999,1,16.75,early25,False
B-G1.045-C2,7961,1,775.7499999999,1,8.0,early25,False
B-G1.045-C2,7961,1,805.9999999999,2,30.25,early25,False
B-G1.045-C2,7961,1,811.4999999999,2,5.5,early25,False
B-G1.045-C2,7961,1,818.2499999999,1,6.75,early25,False
B-G1.045-C2,7961,1,831.2499999999,1,13.0,early25,False
B-G1.045-C2,7961,1,834.7499999999,1,3.5,early25,False
B-G1.045-C2,7961,1,857.9999999999,1,23.25,early25,False
B-G1.045-C2,7961,1,861.7499999999,2,3.75,early25,False
B-G1.045-C2,7961,1,869.4999999999,1,7.75,early25,False
B-G1.045-C2,7961,1,876.2499999999,2,6.75,early25,False
B-G1.045-C2,7961,1,879.4999999999,2,3.25,early25,False
B-G1.045-C2,7961,1,885.9999999999,2,6.5,early25,False
B-G1.045-C2,7961,1,923.2499999999,1,37.25,early25,False
B-G1.045-C2,7961,1,927.4999999999,2,4.25,early25,False
B-G1.045-C2,7961,1,935.7499999999,2,8.25,early25,False
B-G1.045-C2,7961,1,938.7499999999,1,3.0,early25,False
B-G1.045-C2,7961,1,942.9999999999,1,4.25,early25,False
B-G1.045-C2,7961,1,948.7499999999,1,5.75,early25,False
B-G1.045-C2,7961,1,968.2499999999,2,19.5,early25,False
B-G1.045-C2,7961,1,974.4999999999,1,6.25,early25,False
B-G1.045-C2,7961,1,978.2499999999,1,3.75,middle50,False
B-G1.045-C2,7961,1,982.2499999999,2,4.0,middle50,False
B-G1.045-C2,7961,1,993.2499999999,1,11.0,middle50,False
B-G1.045-C2,7961,1,1024.7499999999,1,31.5,middle50,False
B-G1.045-C2,7961,1,1033.7499999999,2,9.0,middle50,False
B-G1.045-C2,7961,1,1038.4999999999,1,4.75,middle50,False
B-G1.045-C2,7961,1,1040.7499999999,1,2.25,middle50,False
B-G1.045-C2,7961,1,1044.7499999999,2,4.0,middle50,False
B-G1.045-C2,7961,1,1048.2499999999,1,3.5,middle50,False
B-G1.045-C2,7961,1,1060.2499999999,1,12.0,middle50,False
B-G1.045-C2,7961,1,1077.4999999999,1,17.25,middle50,False
B-G1.045-C2,7961,1,1080.9999999999,2,3.5,middle50,False
B-G1.045-C2,7961,1,1085.4999999999,1,4.5,middle50,False
B-G1.045-C2,7961,1,1087.7499999999,1,2.25,middle50,False
B-G1.045-C2,7961,1,1095.2499999999,1,7.5,middle50,False
B-G1.045-C2,7961,1,1101.9999999999,1,6.75,middle50,False
B-G1.045-C2,7961,1,1134.7499999999,1,32.75,middle50,False
B-G1.045-C2,7961,1,1139.7499999999,2,5.0,middle50,False
B-G1.045-C2,7961,1,1143.9999999999,1,4.25,middle50,False
B-G1.045-C2,7961,1,1147.7499999999,2,3.75,middle50,False
B-G1.045-C2,7961,1,1154.7499999999,1,7.0,middle50,False
B-G1.045-C2,7961,1,1157.4999999999,1,2.75,middle50,False
B-G1.045-C2,7961,1,1160.2499999999,1,2.75,middle50,False
B-G1.045-C2,7961,1,1164.7499999999,1,4.5,middle50,False
B-G1.045-C2,7961,1,1316.4999999999,2,151.75,middle50,False
B-G1.045-C2,7961,1,1320.4999999999,1,4.0,middle50,False
B-G1.045-C2,7961,1,1325.7499999999,1,5.25,middle50,False
B-G1.045-C2,7961,1,1330.4999999999,2,4.75,middle50,False
B-G1.045-C2,7961,1,1334.2499999999,1,3.75,middle50,False
B-G1.045-C2,7961,1,1337.4999999999,1,3.25,middle50,False
B-G1.045-C2,7961,1,1340.9999999999,1,3.5,middle50,False
B-G1.045-C2,7961,1,1376.2499999999,1,35.25,middle50,False
B-G1.045-C2,7961,1,1381.4999999999,1,5.25,middle50,False
B-G1.045-C2,7961,1,1385.2499999999,2,3.75,middle50,False
B-G1.045-C2,7961,1,1390.7499999999,1,5.5,middle50,False
B-G1.045-C2,7961,1,1396.9999999999,1,6.25,middle50,False
B-G1.045-C2,7961,1,1399.2499999999,1,2.25,middle50,False
B-G1.045-C2,7961,1,1540.4999999999,1,141.25,late25,False
B-G1.045-C2,7961,1,1546.9999999999,1,6.5,late25,False
B-G1.045-C2,7961,1,1550.4999999999,1,3.5,late25,False
B-G1.045-C2,7961,1,1554.9999999999,1,4.5,late25,False
B-G1.045-C2,7961,1,1559.4999999999,1,4.5,late25,False
B-G1.045-C2,7961,1,1562.9999999999,2,3.5,late25,False
B-G1.045-C2,7961,1,1566.4999999999,1,3.5,late25,False
B-G1.045-C2,7961,1,1597.4999999999,1,31.0,late25,False
B-G1.045-C2,7961,1,1599.7499999999,1,2.25,late25,False
B-G1.045-C2,7961,1,1604.7499999999,2,5.0,late25,False
B-G1.045-C2,7961,1,1607.7499999999,1,3.0,late25,False
B-G1.045-C2,7961,1,1610.4999999999,1,2.75,late25,False
B-G1.045-C2,7961,1,1613.4999999999,1,3.0,late25,False
B-G1.045-C2,7961,1,1615.4999999999,1,2.0,late25,False
B-G1.045-C2,7961,1,1617.2499999999,1,1.75,late25,False
B-G1.045-C2,7961,1,1623.9999999999,1,6.75,late25,False
B-G1.045-C2,7961,1,1624.9999999999,1,1.0,late25,False
B-G1.045-C2,7961,2,1754.9999999999,1,130.0,early25,False
B-G1.045-C2,7961,2,1758.2499999999,1,3.25,early25,False
B-G1.045-C2,7961,2,1760.9999999999,1,2.75,early25,False
B-G1.045-C2,7961,2,1767.2499999999,2,6.25,early25,False
B-G1.045-C2,7961,2,1772.2499999999,2,5.0,early25,False
B-G1.045-C2,7961,2,1779.2499999999,2,7.0,early25,False
B-G1.045-C2,7961,2,1787.2499999999,3,8.0,early25,False
B-G1.045-C2,7961,2,1813.75,2,26.500000000100044,early25,False
B-G1.045-C2,7961,2,1819.25,3,5.5,early25,False
B-G1.045-C2,7961,2,1823.5,2,4.25,early25,False
B-G1.045-C2,7961,2,1827.75,2,4.25,early25,False
B-G1.045-C2,7961,2,1832.5,2,4.75,early25,False
B-G1.045-C2,7961,2,1836.0,1,3.5,early25,False
B-G1.045-C2,7961,2,1841.25,3,5.25,early25,False
B-G1.045-C2,7961,2,1850.5,2,9.25,early25,False
B-G1.045-C2,7961,2,1892.25,1,41.75,early25,False
B-G1.045-C2,7961,2,1946.5,2,54.25,early25,False
B-G1.045-C2,7961,2,1950.5,23,4.0,early25,False
B-G1.045-C2,7961,2,1954.0,2,3.5,early25,False
B-G1.045-C2,7961,2,1957.75,19,3.75,early25,False
B-G1.045-C2,7961,2,1960.25,1,2.5,early25,False
B-G1.045-C2,7961,2,1969.75,5,9.5,early25,False
B-G1.045-C2,7961,2,1980.75,1,11.0,early25,False
B-G1.045-C2,7961,2,1982.25,4,1.5,early25,False
B-G1.045-C2,7961,2,1986.75,1,4.5,early25,False
B-G1.045-C2,7961,2,1991.25,1,4.5,early25,False
B-G1.045-C2,7961,2,1999.0,2,7.75,early25,False
B-G1.045-C2,7961,2,2007.5,2,8.5,early25,False
B-G1.045-C2,7961,2,2037.0,1,29.5,early25,False
B-G1.045-C2,7961,2,2039.25,2,2.25,early25,False
B-G1.045-C2,7961,2,2042.75,1,3.5,early25,False
B-G1.045-C2,7961,2,2046.5,2,3.75,early25,False
B-G1.045-C2,7961,2,2049.75,1,3.25,early25,False
B-G1.045-C2,7961,2,2053.25,1,3.5,early25,False
B-G1.045-C2,7961,2,2059.25,2,6.0,early25,False
B-G1.045-C2,7961,2,2062.0,1,2.75,early25,False
B-G1.045-C2,7961,2,2066.5,2,4.5,early25,False
B-G1.045-C2,7961,2,2073.5,1,7.0,early25,False
B-G1.045-C2,7961,2,2224.5,1,151.0,middle50,False
B-G1.045-C2,7961,2,2228.5,1,4.0,middle50,False
B-G1.045-C2,7961,2,2243.75,1,15.25,middle50,False
B-G1.045-C2,7961,2,2244.75,1,1.0,middle50,False
B-G1.045-C2,7961,2,2248.5,1,3.75,middle50,False
B-G1.045-C2,7961,2,2254.5,2,6.0,middle50,False
B-G1.045-C2,7961,2,2280.75,1,26.25,middle50,False
B-G1.045-C2,7961,2,2284.0,1,3.25,middle50,False
B-G1.045-C2,7961,2,2289.0,1,5.0,middle50,False
B-G1.045-C2,7961,2,2291.25,1,2.25,middle50,False
B-G1.045-C2,7961,2,2305.0,1,13.75,middle50,False
B-G1.045-C2,7961,2,2306.75,1,1.75,middle50,False
B-G1.045-C2,7961,2,2310.5,1,3.75,middle50,False
B-G1.045-C2,7961,2,2454.75,1,144.25,middle50,False
B-G1.045-C2,7961,2,2459.75,1,5.0,middle50,False
B-G1.045-C2,7961,2,2463.5,1,3.75,middle50,False
B-G1.045-C2,7961,2,2468.5,1,5.0,middle50,False
B-G1.045-C2,7961,2,2472.75,1,4.25,middle50,False
B-G1.045-C2,7961,2,2476.0,1,3.25,middle50,False
B-G1.045-C2,7961,2,2479.25,1,3.25,middle50,False
B-G1.045-C2,7961,2,2511.25,1,32.0,middle50,False
B-G1.045-C2,7961,2,2515.75,1,4.5,middle50,False
B-G1.045-C2,7961,2,2521.0,1,5.25,middle50,False
B-G1.045-C2,7961,2,2524.0,1,3.0,middle50,False
B-G1.045-C2,7961,2,2527.75,1,3.75,middle50,False
B-G1.045-C2,7961,2,2531.25,1,3.5,middle50,False
B-G1.045-C2,7961,2,2535.25,2,4.0,middle50,False
B-G1.045-C2,7961,2,2537.25,1,2.0,middle50,False
B-G1.045-C2,7961,2,2546.0,1,8.75,middle50,False
B-G1.045-C2,7961,2,2551.75,3,5.75,middle50,False
B-G1.045-C2,7961,2,2691.75,2,140.0,middle50,False
B-G1.045-C2,7961,2,2701.75,1,10.0,middle50,False
B-G1.045-C2,7961,2,2707.0,1,5.25,middle50,False
B-G1.045-C2,7961,2,2710.5,1,3.5,middle50,False
B-G1.045-C2,7961,2,2713.75,1,3.25,middle50,False
B-G1.045-C2,7961,2,2719.0,1,5.25,middle50,False
B-G1.045-C2,7961,2,2745.25,2,26.25,middle50,False
B-G1.045-C2,7961,2,2753.0,1,7.75,middle50,False
B-G1.045-C2,7961,2,2756.25,1,3.25,middle50,False
B-G1.045-C2,7961,2,2761.5,1,5.25,middle50,False
B-G1.045-C2,7961,2,2769.5,1,8.0,middle50,False
B-G1.045-C2,7961,2,2773.5,1,4.0,middle50,False
B-G1.045-C2,7961,2,2906.5,1,133.0,middle50,False
B-G1.045-C2,7961,2,2913.0,1,6.5,middle50,False
B-G1.045-C2,7961,2,2919.25,1,6.25,middle50,False
B-G1.045-C2,7961,2,2926.25,1,7.0,middle50,False
B-G1.045-C2,7961,2,2929.25,1,3.0,middle50,False
B-G1.045-C2,7961,2,2933.5,1,4.25,middle50,False
B-G1.045-C2,7961,2,2963.5,1,30.0,late25,False
B-G1.045-C2,7961,2,2966.0,1,2.5,late25,False
B-G1.045-C2,7961,2,2968.75,8,2.75,late25,False
B-G1.045-C2,7961,2,2981.25,1,12.5,late25,False
B-G1.045-C2,7961,2,2982.5,1,1.25,late25,False
B-G1.045-C2,7961,2,2991.5,2,9.0,late25,False
B-G1.045-C2,7961,2,3138.5,1,147.0,late25,False
B-G1.045-C2,7961,2,3145.25,1,6.75,late25,False
B-G1.045-C2,7961,2,3148.25,1,3.0,late25,False
B-G1.045-C2,7961,2,3154.25,1,6.0,late25,False
B-G1.045-C2,7961,2,3160.0,1,5.75,late25,False
B-G1.045-C2,7961,2,3163.75,1,3.75,late25,False
B-G1.045-C2,7961,2,3169.25,1,5.5,late25,False
B-G1.045-C2,7961,2,3196.25,1,27.0,late25,False
B-G1.045-C2,7961,2,3201.75,1,5.5,late25,False
B-G1.045-C2,7961,2,3205.75,1,4.0,late25,False
B-G1.045-C2,7961,2,3210.75,6,5.0,late25,False
B-G1.045-C2,7961,2,3212.75,1,2.0,late25,False
B-G1.045-C2,7961,2,3214.75,5,2.0,late25,False
B-G1.045-C2,7961,2,3221.75,1,7.0,late25,False
B-G1.045-C2,7961,2,3237.5,2,15.75,late25,False
B-G1.045-C2,7961,3,3342.0,1,104.5,early25,True
B-G1.045-C2,7961,3,3351.5,1,9.5,early25,True
B-G1.045-C2,7961,3,3361.0,1,9.5,early25,True
B-G1.045-C2,7961,3,3369.0,1,8.0,early25,True
B-G1.045-C2,7961,3,3374.25,1,5.25,early25,True
B-G1.045-C2,7961,3,3378.25,1,4.0,early25,True
B-G1.045-C2,7961,3,3383.0,1,4.75,early25,True
B-G1.045-C2,7961,3,3406.5,1,23.5,middle50,True
B-G1.045-C2,7961,3,3408.5,1,2.0,middle50,True
B-G1.045-C2,7961,3,3410.5,1,2.0,middle50,True
B-G1.045-C2,7961,3,3414.0,1,3.5,middle50,True
B-G1.045-C2,7961,3,3416.5,1,2.5,middle50,True
B-G1.045-C2,7961,3,3419.75,1,3.25,middle50,True
B-G1.045-C2,7961,3,3421.75,1,2.0,middle50,True
B-G1.045-C2,7961,3,3424.5,1,2.75,middle50,True
B-G1.045-C2,7961,3,3429.25,1,4.75,middle50,True
B-G1.045-C2,7961,3,3433.0,11,3.75,middle50,True
B-G1.045-C2,7961,3,3435.0,1,2.0,middle50,True
B-G1.045-C2,7961,3,3436.75,3,1.75,middle50,True
B-G1.045-C2,7961,3,3439.75,1,3.0,middle50,True
B-G1.045-C2,7961,3,3446.75,3,7.0,middle50,True
B-G1.045-C2,7961,3,3462.75,1,16.0,middle50,True
B-G1.045-C2,7961,3,3466.5,1,3.75,middle50,True
B-G1.045-C2,7961,3,3474.25,1,7.75,middle50,True
B-G1.045-C2,7961,3,3478.0,1,3.75,middle50,True
B-G1.045-C2,7961,3,3480.0,1,2.0,middle50,True
B-G1.045-C2,7961,3,3515.25,1,35.25,middle50,True
B-G1.045-C2,7961,3,3521.25,1,6.0,middle50,True
B-G1.045-C2,7961,3,3529.0,1,7.75,middle50,True
B-G1.045-C2,7961,3,3534.5,1,5.5,late25,True
B-G1.045-C2,7961,3,3540.75,1,6.25,late25,True
B-G1.045-C2,7961,3,3549.25,1,8.5,late25,True
B-G1.045-C2,7961,3,3555.5,2,6.25,late25,True
B-G1.045-C2,7961,3,3568.25,1,12.75,late25,True
B-G1.045-C2,7961,3,3575.0,2,6.75,late25,True
B-G1.045-C2,7961,3,3576.75,2,1.75,late25,True
B-G1.045-C2,7961,3,3581.25,2,4.5,late25,True
B-G1.045-C2,7961,3,3590.25,1,9.0,late25,True
B-G1.045-C2,15880,0,0.25,3,,early25,False
B-G1.045-C2,15880,0,9.5,1,9.25,early25,False
B-G1.045-C2,15880,0,26.75,1,17.25,early25,False
B-G1.045-C2,15880,0,28.75,1,2.0,early25,False
B-G1.045-C2,15880,0,41.0,1,12.25,early25,False
B-G1.045-C2,15880,0,51.0,1,10.0,early25,False
B-G1.045-C2,15880,0,94.0,1,43.0,early25,False
B-G1.045-C2,15880,0,111.25,1,17.25,early25,False
B-G1.045-C2,15880,0,156.75,1,45.5,early25,False
B-G1.045-C2,15880,0,173.75,1,17.0,early25,False
B-G1.045-C2,15880,0,206.5,1,32.75,early25,False
B-G1.045-C2,15880,0,212.5,1,6.0,early25,False
B-G1.045-C2,15880,0,218.0,1,5.5,early25,False
B-G1.045-C2,15880,0,226.0,1,8.0,early25,False
B-G1.045-C2,15880,0,228.75,1,2.75,early25,False
B-G1.045-C2,15880,0,238.5,1,9.75,middle50,False
B-G1.045-C2,15880,0,273.0,1,34.5,middle50,False
B-G1.045-C2,15880,0,276.75,1,3.75,middle50,False
B-G1.045-C2,15880,0,283.0,1,6.25,middle50,False
B-G1.045-C2,15880,0,286.75,1,3.75,middle50,False
B-G1.045-C2,15880,0,293.0,1,6.25,middle50,False
B-G1.045-C2,15880,0,296.5,1,3.5,middle50,False
B-G1.045-C2,15880,0,329.0,1,32.5,middle50,False
B-G1.045-C2,15880,0,335.25,1,6.25,middle50,False
B-G1.045-C2,15880,0,340.5,1,5.25,middle50,False
B-G1.045-C2,15880,0,346.0,1,5.5,middle50,False
B-G1.045-C2,15880,0,352.75,1,6.75,middle50,False
B-G1.045-C2,15880,0,357.0,1,4.25,middle50,False
B-G1.045-C2,15880,0,510.0,1,153.0,middle50,False
B-G1.045-C2,15880,0,513.25,1,3.25,middle50,False
B-G1.045-C2,15880,0,520.5,1,7.25,middle50,False
B-G1.045-C2,15880,0,527.25,1,6.75,middle50,False
B-G1.045-C2,15880,0,535.5,1,8.25,middle50,False
B-G1.045-C2,15880,0,539.5,1,4.0,middle50,False
B-G1.045-C2,15880,0,569.5,1,30.0,middle50,False
B-G1.045-C2,15880,0,574.75,1,5.25,middle50,False
B-G1.045-C2,15880,0,581.25,1,6.5,middle50,False
B-G1.045-C2,15880,0,589.0,1,7.75,middle50,False
B-G1.045-C2,15880,0,594.0,1,5.0,middle50,False
B-G1.045-C2,15880,0,603.75,1,9.75,middle50,False
B-G1.045-C2,15880,0,748.75,1,145.0,late25,False
B-G1.045-C2,15880,0,760.0,1,11.25,late25,False
B-G1.045-C2,15880,0,796.25,1,36.25,late25,False
B-G1.045-C2,15880,0,801.0,1,4.75,late25,False
B-G1.045-C2,15880,0,810.25,1,9.25,late25,False
B-G1.045-C2,15880,0,814.0,1,3.75,late25,False
B-G1.045-C2,15880,0,822.5,1,8.5,late25,False
B-G1.045-C2,15880,1,959.5,1,137.0,early25,False
B-G1.045-C2,15880,1,963.0,2,3.5,early25,False
B-G1.045-C2,15880,1,966.0,1,3.0,early25,False
B-G1.045-C2,15880,1,969.0,1,3.0,early25,False
B-G1.045-C2,15880,1,973.25,1,4.25,early25,False
B-G1.045-C2,15880,1,974.75,1,1.5,early25,False
B-G1.045-C2,15880,1,975.75,1,1.0,early25,False
B-G1.045-C2,15880,1,981.0,1,5.25,early25,False
B-G1.045-C2,15880,1,985.5,1,4.5,early25,False
B-G1.045-C2,15880,1,989.5,1,4.0,early25,False
B-G1.045-C2,15880,1,1019.75,2,30.25,early25,False
B-G1.045-C2,15880,1,1028.25,1,8.5,early25,False
B-G1.045-C2,15880,1,1031.0,1,2.75,early25,False
B-G1.045-C2,15880,1,1035.25,1,4.25,early25,False
B-G1.045-C2,15880,1,1044.75,2,9.5,early25,False
B-G1.045-C2,15880,1,1053.0,2,8.25,early25,False
B-G1.045-C2,15880,1,1075.75,1,22.75,early25,False
B-G1.045-C2,15880,1,1079.75,1,4.0,early25,False
B-G1.045-C2,15880,1,1084.75,2,5.0,early25,False
B-G1.045-C2,15880,1,1093.0,1,8.25,early25,False
B-G1.045-C2,15880,1,1100.0,1,7.0,early25,False
B-G1.045-C2,15880,1,1139.5,1,39.5,middle50,False
B-G1.045-C2,15880,1,1144.75,1,5.25,middle50,False
B-G1.045-C2,15880,1,1149.75,1,5.0,middle50,False
B-G1.045-C2,15880,1,1155.75,2,6.0,middle50,False
B-G1.045-C2,15880,1,1158.25,1,2.5,middle50,False
B-G1.045-C2,15880,1,1183.0,1,24.75,middle50,False
B-G1.045-C2,15880,1,1187.75,1,4.75,middle50,False
B-G1.045-C2,15880,1,1192.0,2,4.25,middle50,False
B-G1.045-C2,15880,1,1198.0,1,6.0,middle50,False
B-G1.045-C2,15880,1,1202.75,2,4.75,middle50,False
B-G1.045-C2,15880,1,1206.25,1,3.5,middle50,False
B-G1.045-C2,15880,1,1210.75,1,4.5,middle50,False
B-G1.045-C2,15880,1,1215.0,18,4.25,middle50,False
B-G1.045-C2,15880,1,1238.0,1,23.0,middle50,False
B-G1.045-C2,15880,1,1246.0,1,8.0,middle50,False
B-G1.045-C2,15880,1,1251.5,1,5.5,middle50,False
B-G1.045-C2,15880,1,1253.25,1,1.75,middle50,False
B-G1.045-C2,15880,1,1258.5,1,5.25,middle50,False
B-G1.045-C2,15880,1,1260.25,1,1.75,middle50,False
B-G1.045-C2,15880,1,1262.75,1,2.5,middle50,False
B-G1.045-C2,15880,1,1267.25,1,4.5,middle50,False
B-G1.045-C2,15880,1,1270.5,1,3.25,middle50,False
B-G1.045-C2,15880,1,1408.75,1,138.25,middle50,False
B-G1.045-C2,15880,1,1412.5,1,3.75,middle50,False
B-G1.045-C2,15880,1,1414.75,1,2.25,middle50,False
B-G1.045-C2,15880,1,1421.0,1,6.25,middle50,False
B-G1.045-C2,15880,1,1426.5,1,5.5,middle50,False
B-G1.045-C2,15880,1,1433.5,1,7.0,middle50,False
B-G1.045-C2,15880,1,1463.25,1,29.75,late25,False
B-G1.045-C2,15880,1,1465.25,1,2.0,late25,False
B-G1.045-C2,15880,1,1467.75,1,2.5,late25,False
B-G1.045-C2,15880,1,1469.5,1,1.75,late25,False
B-G1.045-C2,15880,1,1472.5,1,3.0,late25,False
B-G1.045-C2,15880,1,1475.0,1,2.5,late25,False
B-G1.045-C2,15880,1,1477.5,1,2.5,late25,False
B-G1.045-C2,15880,1,1479.5,1,2.0,late25,False
B-G1.045-C2,15880,1,1481.25,1,1.75,late25,False
B-G1.045-C2,15880,1,1484.25,1,3.0,late25,False
B-G1.045-C2,15880,1,1487.75,1,3.5,late25,False
B-G1.045-C2,15880,1,1491.75,1,4.0,late25,False
B-G1.045-C2,15880,1,1499.0,1,7.25,late25,False
B-G1.045-C2,15880,2,1624.25,2,125.25,early25,False
B-G1.045-C2,15880,2,1626.25,1,2.0,early25,False
B-G1.045-C2,15880,2,1629.25,2,3.0,early25,False
B-G1.045-C2,15880,2,1636.0,2,6.75,early25,False
B-G1.045-C2,15880,2,1640.75,2,4.75,early25,False
B-G1.045-C2,15880,2,1645.75,2,5.0,early25,False
B-G1.045-C2,15880,2,1651.5,2,5.75,early25,False
B-G1.045-C2,15880,2,1678.75,2,27.25,early25,False
B-G1.045-C2,15880,2,1681.5,2,2.75,early25,False
B-G1.045-C2,15880,2,1685.0,1,3.5,early25,False
B-G1.045-C2,15880,2,1688.5,23,3.5,early25,False
B-G1.045-C2,15880,2,1693.0,1,4.5,early25,False
B-G1.045-C2,15880,2,1695.0,1,2.0,early25,False
B-G1.045-C2,15880,2,1696.5,1,1.5,early25,False
B-G1.045-C2,15880,2,1702.0,3,5.5,early25,False
B-G1.045-C2,15880,2,1735.5,1,33.5,early25,False
B-G1.045-C2,15880,2,1737.25,1,1.75,early25,False
B-G1.045-C2,15880,2,1738.75,1,1.5,early25,False
B-G1.045-C2,15880,2,1742.0,1,3.25,early25,False
B-G1.045-C2,15880,2,1746.0,2,4.0,early25,False
B-G1.045-C2,15880,2,1749.25,2,3.25,early25,False
B-G1.045-C2,15880,2,1760.5,3,11.25,early25,False
B-G1.045-C2,15880,2,1790.75,1,30.25,early25,False
B-G1.045-C2,15880,2,1800.25,3,9.5,early25,False
B-G1.045-C2,15880,2,1806.0,3,5.75,early25,False
B-G1.045-C2,15880,2,1811.5,3,5.5,early25,False
B-G1.045-C2,15880,2,1817.0,2,5.5,early25,False
B-G1.045-C2,15880,2,1826.75,2,9.75,early25,False
B-G1.045-C2,15880,2,1841.75,1,15.0,early25,False
B-G1.045-C2,15880,2,1845.5,1,3.75,early25,False
B-G1.045-C2,15880,2,1849.5,2,4.0,early25,False
B-G1.045-C2,15880,2,1854.25,1,4.75,early25,False
B-G1.045-C2,15880,2,1858.5,1,4.25,early25,False
B-G1.045-C2,15880,2,1861.5,1,3.0,early25,False
B-G1.045-C2,15880,2,1865.5,1,4.0,early25,False
B-G1.045-C2,15880,2,1869.0,14,3.5,early25,False
B-G1.045-C2,15880,2,1902.5,1,33.5,early25,False
B-G1.045-C2,15880,2,1905.5,1,3.0,early25,False
B-G1.045-C2,15880,2,1908.25,2,2.75,early25,False
B-G1.045-C2,15880,2,1911.0,1,2.75,early25,False
B-G1.045-C2,15880,2,1916.0,1,5.0,early25,False
B-G1.045-C2,15880,2,1922.0,1,6.0,early25,False
B-G1.045-C2,15880,2,1924.0,1,2.0,early25,False
B-G1.045-C2,15880,2,1927.5,1,3.5,early25,False
B-G1.045-C2,15880,2,1933.25,1,5.75,early25,False
B-G1.045-C2,15880,2,1950.25,1,17.0,early25,False
B-G1.045-C2,15880,2,1953.75,1,3.5,early25,False
B-G1.045-C2,15880,2,1955.75,1,2.0,early25,False
B-G1.045-C2,15880,2,1967.25,3,11.5,middle50,False
B-G1.045-C2,15880,2,1970.0,1,2.75,middle50,False
B-G1.045-C2,15880,2,1975.25,2,5.25,middle50,False
B-G1.045-C2,15880,2,2010.25,2,35.0,middle50,False
B-G1.045-C2,15880,2,2013.0,1,2.75,middle50,False
B-G1.045-C2,15880,2,2018.25,1,5.25,middle50,False
B-G1.045-C2,15880,2,2021.5,1,3.25,middle50,False
B-G1.045-C2,15880,2,2026.75,2,5.25,middle50,False
B-G1.045-C2,15880,2,2033.75,1,7.0,middle50,False
B-G1.045-C2,15880,2,2190.75,1,157.0,middle50,False
B-G1.045-C2,15880,2,2192.5,1,1.75,middle50,False
B-G1.045-C2,15880,2,2196.0,1,3.5,middle50,False
B-G1.045-C2,15880,2,2202.25,1,6.25,middle50,False
B-G1.045-C2,15880,2,2209.5,1,7.25,middle50,False
B-G1.045-C2,15880,2,2215.5,1,6.0,middle50,False
B-G1.045-C2,15880,2,2221.25,1,5.75,middle50,False
B-G1.045-C2,15880,2,2245.75,1,24.5,middle50,False
B-G1.045-C2,15880,2,2248.25,1,2.5,middle50,False
B-G1.045-C2,15880,2,2253.5,1,5.25,middle50,False
B-G1.045-C2,15880,2,2257.75,1,4.25,middle50,False
B-G1.045-C2,15880,2,2262.25,2,4.5,middle50,False
B-G1.045-C2,15880,2,2269.75,1,7.5,middle50,False
B-G1.045-C2,15880,2,2272.5,1,2.75,middle50,False
B-G1.045-C2,15880,2,2275.5,2,3.0,middle50,False
B-G1.045-C2,15880,2,2420.75,1,145.25,middle50,False
B-G1.045-C2,15880,2,2424.0,2,3.25,middle50,False
B-G1.045-C2,15880,2,2429.0,1,5.0,middle50,False
B-G1.045-C2,15880,2,2435.0,1,6.0,middle50,False
B-G1.045-C2,15880,2,2439.5,1,4.5,middle50,False
B-G1.045-C2,15880,2,2443.0,1,3.5,middle50,False
B-G1.045-C2,15880,2,2449.75,1,6.75,middle50,False
B-G1.045-C2,15880,2,2477.5,1,27.75,middle50,False
B-G1.045-C2,15880,2,2481.0,1,3.5,middle50,False
B-G1.045-C2,15880,2,2483.0,1,2.0,middle50,False
B-G1.045-C2,15880,2,2488.75,7,5.75,middle50,False
B-G1.045-C2,15880,2,2492.25,1,3.5,middle50,False
B-G1.045-C2,15880,2,2496.0,1,3.75,middle50,False
B-G1.045-C2,15880,2,2500.0,1,4.0,middle50,False
B-G1.045-C2,15880,2,2502.75,1,2.75,middle50,False
B-G1.045-C2,15880,2,2507.25,1,4.5,middle50,False
B-G1.045-C2,15880,2,2655.25,1,148.0,middle50,False
B-G1.045-C2,15880,2,2660.5,1,5.25,middle50,False
B-G1.045-C2,15880,2,2665.0,1,4.5,middle50,False
B-G1.045-C2,15880,2,2667.75,1,2.75,middle50,False
B-G1.045-C2,15880,2,2695.0,1,27.25,late25,False
B-G1.045-C2,15880,2,2698.5,1,3.5,late25,False
B-G1.045-C2,15880,2,2704.75,1,6.25,late25,False
B-G1.045-C2,15880,2,2708.25,1,3.5,late25,False
B-G1.045-C2,15880,2,2710.5,1,2.25,late25,False
B-G1.045-C2,15880,2,2717.0,1,6.5,late25,False
B-G1.045-C2,15880,2,2719.75,8,2.75,late25,False
B-G1.045-C2,15880,2,2725.0,1,5.25,late25,False
B-G1.045-C2,15880,2,2734.75,5,9.75,late25,False
B-G1.045-C2,15880,2,2858.0,1,123.25,late25,False
B-G1.045-C2,15880,2,2876.25,1,18.25,late25,False
B-G1.045-C2,15880,2,2881.25,1,5.0,late25,False
B-G1.045-C2,15880,2,2912.0,1,30.75,late25,False
B-G1.045-C2,15880,2,2916.75,1,4.75,late25,False
B-G1.045-C2,15880,2,2919.0,1,2.25,late25,False
B-G1.045-C2,15880,2,2924.5,5,5.5,late25,False
B-G1.045-C2,15880,2,2927.0,1,2.5,late25,False
B-G1.045-C2,15880,2,2930.0,1,3.0,late25,False
B-G1.045-C2,15880,2,2938.0,1,8.0,late25,False
B-G1.045-C2,15880,2,2953.0,4,15.0,late25,False
B-G1.045-C2,15880,3,3064.75,1,111.75,early25,True
B-G1.045-C2,15880,3,3072.5,2,7.75,early25,True
B-G1.045-C2,15880,3,3076.5,2,4.0,early25,True
B-G1.045-C2,15880,3,3079.25,1,2.75,early25,True
B-G1.045-C2,15880,3,3085.25,1,6.0,early25,True
B-G1.045-C2,15880,3,3089.25,1,4.0,early25,True
B-G1.045-C2,15880,3,3092.75,1,3.5,early25,True
B-G1.045-C2,15880,3,3095.0,1,2.25,early25,True
B-G1.045-C2,15880,3,3121.5,1,26.5,early25,True
B-G1.045-C2,15880,3,3124.0,8,2.5,early25,True
B-G1.045-C2,15880,3,3136.5,2,12.5,early25,True
B-G1.045-C2,15880,3,3143.5,1,7.0,early25,True
B-G1.045-C2,15880,3,3149.5,1,6.0,early25,True
B-G1.045-C2,15880,3,3158.25,1,8.75,early25,True
B-G1.045-C2,15880,3,3173.75,1,15.5,early25,True
B-G1.045-C2,15880,3,3178.75,1,5.0,early25,True
B-G1.045-C2,15880,3,3183.0,1,4.25,early25,True
B-G1.045-C2,15880,3,3204.75,1,21.75,middle50,True
B-G1.045-C2,15880,3,3231.0,1,26.25,middle50,True
B-G1.045-C2,15880,3,3236.75,2,5.75,middle50,True
B-G1.045-C2,15880,3,3242.75,1,6.0,middle50,True
B-G1.045-C2,15880,3,3252.5,2,9.75,middle50,True
B-G1.045-C2,15880,3,3258.5,1,6.0,middle50,True
B-G1.045-C2,15880,3,3266.75,3,8.25,middle50,True
B-G1.045-C2,15880,3,3278.25,1,11.5,middle50,True
B-G1.045-C2,15880,3,3282.75,1,4.5,middle50,True
B-G1.045-C2,15880,3,3287.5,1,4.75,middle50,True
B-G1.045-C2,15880,3,3294.5,2,7.0,middle50,True
B-G1.045-C2,15880,3,3301.5,1,7.0,middle50,True
B-G1.045-C2,15880,3,3336.25,1,34.75,middle50,True
B-G1.045-C2,15880,3,3341.75,1,5.5,middle50,True
B-G1.045-C2,15880,3,3349.5,1,7.75,middle50,True
B-G1.045-C2,15880,3,3355.75,1,6.25,middle50,True
B-G1.045-C2,15880,3,3370.0,1,14.25,middle50,True
B-G1.045-C2,15880,3,3378.25,4,8.25,middle50,True
B-G1.045-C2,15880,3,3393.75,1,15.5,middle50,True
B-G1.045-C2,15880,3,3395.5,3,1.75,middle50,True
B-G1.045-C2,15880,3,3404.75,1,9.25,middle50,True
B-G1.045-C2,15880,3,3411.5,1,6.75,middle50,True
B-G1.045-C2,15880,3,3445.0,1,33.5,middle50,True
B-G1.045-C2,15880,3,3450.5,1,5.5,middle50,True
B-G1.045-C2,15880,3,3456.25,1,5.75,middle50,True
B-G1.045-C2,15880,3,3460.0,2,3.75,middle50,True
B-G1.045-C2,15880,3,3465.25,1,5.25,late25,True
B-G1.045-C2,15880,3,3470.75,2,5.5,late25,True
B-G1.045-C2,15880,3,3486.75,4,16.0,late25,True
B-G1.045-C2,15880,3,3502.75,1,16.0,late25,True
B-G1.045-C2,15880,3,3516.0,1,13.25,late25,True
B-G1.045-C2,15880,3,3561.0,1,45.0,late25,True
B-G1.045-C2,15880,3,3566.5,1,5.5,late25,True
B-G1.045-C2,15880,3,3571.75,1,5.25,late25,True
B-G1.045-C2,15880,3,3580.0,1,8.25,late25,True
B-G1.045-C2,15880,3,3592.75,3,12.75,late25,True
B-G1.045-C2,23799,0,0.25,3,,early25,False
B-G1.045-C2,23799,0,8.25,1,8.0,early25,False
B-G1.045-C2,23799,0,17.25,1,9.0,early25,False
B-G1.045-C2,23799,0,46.25,1,29.0,early25,False
B-G1.045-C2,23799,0,62.5,1,16.25,early25,False
B-G1.045-C2,23799,0,89.0,1,26.5,early25,False
B-G1.045-C2,23799,0,113.75,1,24.75,early25,False
B-G1.045-C2,23799,0,166.25,1,52.5,early25,False
B-G1.045-C2,23799,0,170.25,1,4.0,early25,False
B-G1.045-C2,23799,0,217.5,1,47.25,early25,False
B-G1.045-C2,23799,0,224.25,1,6.75,early25,False
B-G1.045-C2,23799,0,237.25,1,13.0,early25,False
B-G1.045-C2,23799,0,240.25,1,3.0,middle50,False
B-G1.045-C2,23799,0,279.25,1,39.0,middle50,False
B-G1.045-C2,23799,0,288.75,1,9.5,middle50,False
B-G1.045-C2,23799,0,293.0,1,4.25,middle50,False
B-G1.045-C2,23799,0,300.0,1,7.0,middle50,False
B-G1.045-C2,23799,0,332.5,1,32.5,middle50,False
B-G1.045-C2,23799,0,342.0,1,9.5,middle50,False
B-G1.045-C2,23799,0,346.5,1,4.5,middle50,False
B-G1.045-C2,23799,0,350.5,1,4.0,middle50,False
B-G1.045-C2,23799,0,357.75,1,7.25,middle50,False
B-G1.045-C2,23799,0,363.0,1,5.25,middle50,False
B-G1.045-C2,23799,0,521.25,1,158.25,middle50,False
B-G1.045-C2,23799,0,527.0,1,5.75,middle50,False
B-G1.045-C2,23799,0,533.25,1,6.25,middle50,False
B-G1.045-C2,23799,0,543.0,1,9.75,middle50,False
B-G1.045-C2,23799,0,576.5,1,33.5,middle50,False
B-G1.045-C2,23799,0,589.25,1,12.75,middle50,False
B-G1.045-C2,23799,0,590.5,1,1.25,middle50,False
B-G1.045-C2,23799,0,597.25,1,6.75,middle50,False
B-G1.045-C2,23799,0,598.5,1,1.25,middle50,False
B-G1.045-C2,23799,0,603.5,1,5.0,middle50,False
B-G1.045-C2,23799,0,759.5,1,156.0,late25,False
B-G1.045-C2,23799,0,763.0,1,3.5,late25,False
B-G1.045-C2,23799,0,766.75,1,3.75,late25,False
B-G1.045-C2,23799,0,771.0,1,4.25,late25,False
B-G1.045-C2,23799,0,779.25,1,8.25,late25,False
B-G1.045-C2,23799,0,786.25,1,7.0,late25,False
B-G1.045-C2,23799,0,819.5,2,33.25,late25,False
B-G1.045-C2,23799,0,825.75,1,6.25,late25,False
B-G1.045-C2,23799,0,834.0,1,8.25,late25,False
B-G1.045-C2,23799,0,839.5,11,5.5,late25,False
B-G1.045-C2,23799,0,848.75,1,9.25,late25,False
B-G1.045-C2,23799,1,988.75,1,140.0,early25,False
B-G1.045-C2,23799,1,993.5,2,4.75,early25,False
B-G1.045-C2,23799,1,999.5,1,6.0,early25,False
B-G1.045-C2,23799,1,1000.75,1,1.25,early25,False
B-G1.045-C2,23799,1,1007.25,2,6.5,early25,False
B-G1.045-C2,23799,1,1036.75,1,29.5,early25,False
B-G1.045-C2,23799,1,1042.75,1,6.0,early25,False
B-G1.045-C2,23799,1,1061.0,2,18.25,early25,False
B-G1.045-C2,23799,1,1072.0,2,11.0,early25,False
B-G1.045-C2,23799,1,1080.0,6,8.0,early25,False
B-G1.045-C2,23799,1,1098.75,1,18.75,early25,False
B-G1.045-C2,23799,1,1105.25,2,6.5,early25,False
B-G1.045-C2,23799,1,1110.0,1,4.75,early25,False
B-G1.045-C2,23799,1,1117.75,2,7.75,early25,False
B-G1.045-C2,23799,1,1125.0,2,7.25,early25,False
B-G1.045-C2,23799,1,1150.25,1,25.25,early25,False
B-G1.045-C2,23799,1,1154.75,1,4.5,middle50,False
B-G1.045-C2,23799,1,1159.75,17,5.0,middle50,False
B-G1.045-C2,23799,1,1163.5,4,3.75,middle50,False
B-G1.045-C2,23799,1,1166.0,1,2.5,middle50,False
B-G1.045-C2,23799,1,1170.75,1,4.75,middle50,False
B-G1.045-C2,23799,1,1172.25,4,1.5,middle50,False
B-G1.045-C2,23799,1,1174.75,1,2.5,middle50,False
B-G1.045-C2,23799,1,1190.0,5,15.25,middle50,False
B-G1.045-C2,23799,1,1335.75,1,145.75,middle50,False
B-G1.045-C2,23799,1,1341.0,1,5.25,middle50,False
B-G1.045-C2,23799,1,1343.25,3,2.25,middle50,False
B-G1.045-C2,23799,1,1346.5,1,3.25,middle50,False
B-G1.045-C2,23799,1,1350.5,1,4.0,middle50,False
B-G1.045-C2,23799,1,1356.5,4,6.0,middle50,False
B-G1.045-C2,23799,1,1357.75,3,1.25,middle50,False
B-G1.045-C2,23799,1,1386.0,3,28.25,middle50,False
B-G1.045-C2,23799,1,1387.5,4,1.5,middle50,False
B-G1.045-C2,23799,1,1393.5,1,6.0,middle50,False
B-G1.045-C2,23799,1,1396.0,1,2.5,middle50,False
B-G1.045-C2,23799,1,1402.5,1,6.5,middle50,False
B-G1.045-C2,23799,1,1405.75,1,3.25,middle50,False
B-G1.045-C2,23799,1,1409.0,1,3.25,middle50,False
B-G1.045-C2,23799,1,1414.0,1,5.0,middle50,False
B-G1.045-C2,23799,1,1420.25,1,6.25,middle50,False
B-G1.045-C2,23799,1,1426.25,3,6.0,middle50,False
B-G1.045-C2,23799,1,1546.5,1,120.25,middle50,False
B-G1.045-C2,23799,1,1549.25,2,2.75,late25,False
B-G1.045-C2,23799,1,1553.75,1,4.5,late25,False
B-G1.045-C2,23799,1,1558.25,1,4.5,late25,False
B-G1.045-C2,23799,1,1560.25,1,2.0,late25,False
B-G1.045-C2,23799,1,1564.5,1,4.25,late25,False
B-G1.045-C2,23799,1,1570.5,1,6.0,late25,False
B-G1.045-C2,23799,1,1574.25,1,3.75,late25,False
B-G1.045-C2,23799,1,1600.75,1,26.5,late25,False
B-G1.045-C2,23799,1,1608.5,1,7.75,late25,False
B-G1.045-C2,23799,1,1610.5,1,2.0,late25,False
B-G1.045-C2,23799,1,1614.25,1,3.75,late25,False
B-G1.045-C2,23799,1,1617.5,1,3.25,late25,False
B-G1.045-C2,23799,1,1621.5,1,4.0,late25,False
B-G1.045-C2,23799,1,1624.75,1,3.25,late25,False
B-G1.045-C2,23799,1,1628.0,1,3.25,late25,False
B-G1.045-C2,23799,1,1639.5,1,11.5,late25,False
B-G1.045-C2,23799,1,1737.0,1,97.5,late25,False
B-G1.045-C2,23799,1,1741.0,1,4.0,late25,False
B-G1.045-C2,23799,2,1757.75,1,16.75,early25,False
B-G1.045-C2,23799,2,1759.75,2,2.0,early25,False
B-G1.045-C2,23799,2,1762.0,1,2.25,early25,False
B-G1.045-C2,23799,2,1766.5,1,4.5,early25,False
B-G1.045-C2,23799,2,1769.5,2,3.0,early25,False
B-G1.045-C2,23799,2,1770.5,1,1.0,early25,False
B-G1.045-C2,23799,2,1773.5,1,3.0,early25,False
B-G1.045-C2,23799,2,1778.75,1,5.25,early25,False
B-G1.045-C2,23799,2,1783.0,2,4.25,early25,False
B-G1.045-C2,23799,2,1793.25,3,10.25,early25,False
B-G1.045-C2,23799,2,1815.75,2,22.5,early25,False
B-G1.045-C2,23799,2,1817.0,1,1.25,early25,False
B-G1.045-C2,23799,2,1819.75,1,2.75,early25,False
B-G1.045-C2,23799,2,1825.0,3,5.25,early25,False
B-G1.045-C2,23799,2,1833.75,2,8.75,early25,False
B-G1.045-C2,23799,2,1839.25,3,5.5,early25,False
B-G1.045-C2,23799,2,1844.75,3,5.5,early25,False
B-G1.045-C2,23799,2,1864.25,2,19.5,early25,False
B-G1.045-C2,23799,2,1867.25,1,3.0,early25,False
B-G1.045-C2,23799,2,1871.25,2,4.0,early25,False
B-G1.045-C2,23799,2,1876.0,2,4.75,early25,False
B-G1.045-C2,23799,2,1880.0,1,4.0,early25,False
B-G1.045-C2,23799,2,1884.25,1,4.25,early25,False
B-G1.045-C2,23799,2,1886.25,1,2.0,early25,False
B-G1.045-C2,23799,2,1890.25,1,4.0,early25,False
B-G1.045-C2,23799,2,1919.25,1,29.0,early25,False
B-G1.045-C2,23799,2,1923.75,2,4.5,early25,False
B-G1.045-C2,23799,2,1928.5,2,4.75,early25,False
B-G1.045-C2,23799,2,1933.25,2,4.75,early25,False
B-G1.045-C2,23799,2,1938.25,3,5.0,early25,False
B-G1.045-C2,23799,2,1943.25,1,5.0,early25,False
B-G1.045-C2,23799,2,1947.0,1,3.75,early25,False
B-G1.045-C2,23799,2,1949.25,1,2.25,early25,False
B-G1.045-C2,23799,2,1976.5,2,27.25,early25,False
B-G1.045-C2,23799,2,1980.25,2,3.75,early25,False
B-G1.045-C2,23799,2,1988.25,2,8.0,early25,False
B-G1.045-C2,23799,2,1994.0,2,5.75,early25,False
B-G1.045-C2,23799,2,2026.5,2,32.5,middle50,False
B-G1.045-C2,23799,2,2035.5,2,9.0,middle50,False
B-G1.045-C2,23799,2,2039.25,1,3.75,middle50,False
B-G1.045-C2,23799,2,2041.5,1,2.25,middle50,False
B-G1.045-C2,23799,2,2045.5,1,4.0,middle50,False
B-G1.045-C2,23799,2,2047.5,1,2.0,middle50,False
B-G1.045-C2,23799,2,2052.75,2,5.25,middle50,False
B-G1.045-C2,23799,2,2062.25,4,9.5,middle50,False
B-G1.045-C2,23799,2,2202.25,1,140.0,middle50,False
B-G1.045-C2,23799,2,2205.25,1,3.0,middle50,False
B-G1.045-C2,23799,2,2208.25,3,3.0,middle50,False
B-G1.045-C2,23799,2,2212.25,1,4.0,middle50,False
B-G1.045-C2,23799,2,2216.75,1,4.5,middle50,False
B-G1.045-C2,23799,2,2222.5,2,5.75,middle50,False
B-G1.045-C2,23799,2,2231.25,1,8.75,middle50,False
B-G1.045-C2,23799,2,2255.25,1,24.0,middle50,False
B-G1.045-C2,23799,2,2259.25,2,4.0,middle50,False
B-G1.045-C2,23799,2,2263.75,1,4.5,middle50,False
B-G1.045-C2,23799,2,2267.5,1,3.75,middle50,False
B-G1.045-C2,23799,2,2269.75,1,2.25,middle50,False
B-G1.045-C2,23799,2,2272.0,1,2.25,middle50,False
B-G1.045-C2,23799,2,2275.0,1,3.0,middle50,False
B-G1.045-C2,23799,2,2277.75,1,2.75,middle50,False
B-G1.045-C2,23799,2,2282.25,1,4.5,middle50,False
B-G1.045-C2,23799,2,2285.5,8,3.25,middle50,False
B-G1.045-C2,23799,2,2288.0,1,2.5,middle50,False
B-G1.045-C2,23799,2,2294.5,9,6.5,middle50,False
B-G1.045-C2,23799,2,2442.5,1,148.0,middle50,False
B-G1.045-C2,23799,2,2452.5,1,10.0,middle50,False
B-G1.045-C2,23799,2,2456.5,1,4.0,middle50,False
B-G1.045-C2,23799,2,2462.25,1,5.75,middle50,False
B-G1.045-C2,23799,2,2489.75,1,27.5,middle50,False
B-G1.045-C2,23799,2,2495.5,1,5.75,middle50,False
B-G1.045-C2,23799,2,2499.5,1,4.0,middle50,False
B-G1.045-C2,23799,2,2502.75,1,3.25,middle50,False
B-G1.045-C2,23799,2,2506.5,1,3.75,middle50,False
B-G1.045-C2,23799,2,2512.75,9,6.25,middle50,False
B-G1.045-C2,23799,2,2524.75,1,12.0,middle50,False
B-G1.045-C2,23799,2,2655.75,1,131.0,late25,False
B-G1.045-C2,23799,2,2665.25,1,9.5,late25,False
B-G1.045-C2,23799,2,2678.0,1,12.75,late25,False
B-G1.045-C2,23799,2,2681.0,1,3.0,late25,False
B-G1.045-C2,23799,2,2709.5,1,28.5,late25,False
B-G1.045-C2,23799,2,2713.25,1,3.75,late25,False
B-G1.045-C2,23799,2,2718.25,1,5.0,late25,False
B-G1.045-C2,23799,2,2723.75,6,5.5,late25,False
B-G1.045-C2,23799,2,2730.25,1,6.5,late25,False
B-G1.045-C2,23799,2,2736.25,1,6.0,late25,False
B-G1.045-C2,23799,2,2742.25,1,6.0,late25,False
B-G1.045-C2,23799,3,2863.25,1,121.0,early25,True
B-G1.045-C2,23799,3,2870.5,1,7.25,early25,True
B-G1.045-C2,23799,3,2872.25,1,1.75,early25,True
B-G1.045-C2,23799,3,2875.5,1,3.25,early25,True
B-G1.045-C2,23799,3,2878.75,1,3.25,early25,True
B-G1.045-C2,23799,3,2882.5,1,3.75,early25,True
B-G1.045-C2,23799,3,2886.75,1,4.25,early25,True
B-G1.045-C2,23799,3,2891.75,2,5.0,early25,True
B-G1.045-C2,23799,3,2896.5,1,4.75,early25,True
B-G1.045-C2,23799,3,2920.75,2,24.25,early25,True
B-G1.045-C2,23799,3,2924.0,1,3.25,early25,True
B-G1.045-C2,23799,3,2927.0,1,3.0,early25,True
B-G1.045-C2,23799,3,2931.0,14,4.0,early25,True
B-G1.045-C2,23799,3,2967.25,1,36.25,early25,True
B-G1.045-C2,23799,3,2970.25,1,3.0,early25,True
B-G1.045-C2,23799,3,2973.75,1,3.5,early25,True
B-G1.045-C2,23799,3,2978.25,1,4.5,early25,True
B-G1.045-C2,23799,3,2982.0,1,3.75,early25,True
B-G1.045-C2,23799,3,2988.0,1,6.0,early25,True
B-G1.045-C2,23799,3,2991.25,8,3.25,early25,True
B-G1.045-C2,23799,3,3022.5,1,31.25,early25,True
B-G1.045-C2,23799,3,3026.25,1,3.75,early25,True
B-G1.045-C2,23799,3,3035.25,2,9.0,middle50,True
B-G1.045-C2,23799,3,3037.0,1,1.75,middle50,True
B-G1.045-C2,23799,3,3044.0,1,7.0,middle50,True
B-G1.045-C2,23799,3,3048.75,1,4.75,middle50,True
B-G1.045-C2,23799,3,3078.0,2,29.25,middle50,True
B-G1.045-C2,23799,3,3083.5,1,5.5,middle50,True
B-G1.045-C2,23799,3,3091.75,1,8.25,middle50,True
B-G1.045-C2,23799,3,3100.5,1,8.75,middle50,True
B-G1.045-C2,23799,3,3129.75,1,29.25,middle50,True
B-G1.045-C2,23799,3,3135.5,1,5.75,middle50,True
B-G1.045-C2,23799,3,3141.5,1,6.0,middle50,True
B-G1.045-C2,23799,3,3147.25,2,5.75,middle50,True
B-G1.045-C2,23799,3,3153.5,1,6.25,middle50,True
B-G1.045-C2,23799,3,3169.5,3,16.0,middle50,True
B-G1.045-C2,23799,3,3190.25,1,20.75,middle50,True
B-G1.045-C2,23799,3,3201.5,1,11.25,middle50,True
B-G1.045-C2,23799,3,3210.25,1,8.75,middle50,True
B-G1.045-C2,23799,3,3235.75,1,25.5,middle50,True
B-G1.045-C2,23799,3,3237.75,1,2.0,middle50,True
B-G1.045-C2,23799,3,3243.75,5,6.0,middle50,True
B-G1.045-C2,23799,3,3247.75,1,4.0,middle50,True
B-G1.045-C2,23799,3,3256.0,1,8.25,middle50,True
B-G1.045-C2,23799,3,3265.5,1,9.5,middle50,True
B-G1.045-C2,23799,3,3275.75,4,10.25,middle50,True
B-G1.045-C2,23799,3,3289.25,1,13.5,middle50,True
B-G1.045-C2,23799,3,3296.0,1,6.75,middle50,True
B-G1.045-C2,23799,3,3299.0,1,3.0,middle50,True
B-G1.045-C2,23799,3,3303.75,3,4.75,middle50,True
B-G1.045-C2,23799,3,3313.5,1,9.75,middle50,True
B-G1.045-C2,23799,3,3349.25,1,35.75,middle50,True
B-G1.045-C2,23799,3,3354.75,1,5.5,middle50,True
B-G1.045-C2,23799,3,3369.0,2,14.25,middle50,True
B-G1.045-C2,23799,3,3379.0,1,10.0,middle50,True
B-G1.045-C2,23799,3,3412.5,1,33.5,late25,True
B-G1.045-C2,23799,3,3420.75,1,8.25,late25,True
B-G1.045-C2,23799,3,3460.75,1,40.0,late25,True
B-G1.045-C2,23799,3,3464.0,1,3.25,late25,True
B-G1.045-C2,23799,3,3473.5,1,9.5,late25,True
B-G1.045-C2,23799,3,3479.0,1,5.5,late25,True
B-G1.045-C2,23799,3,3495.0,1,16.0,late25,True
B-G1.045-C2,23799,3,3503.5,3,8.5,late25,True
B-G1.045-C2,23799,3,3513.25,1,9.75,late25,True
B-G1.045-C2,23799,3,3520.5,1,7.25,late25,True
B-G1.045-C2,23799,3,3527.75,1,7.25,late25,True
B-G1.045-C2,23799,3,3534.0,1,6.25,late25,True
B-G1.045-C2,23799,3,3538.0,5,4.0,late25,True
B-G1.045-C2,23799,3,3574.25,1,36.25,late25,True
B-G1.045-C2,23799,3,3583.75,1,9.5,late25,True
B-G1.045-C2,23799,3,3589.25,1,5.5,late25,True
B-G1.045-C2,23799,3,3596.0,1,6.75,late25,True
B-G1.045-C2,23799,3,3599.75,1,3.75,late25,True
B-G1.045-C2,31718,0,0.25,3,,early25,False
B-G1.045-C2,31718,0,8.5,1,8.25,early25,False
B-G1.045-C2,31718,0,18.0,1,9.5,early25,False
B-G1.045-C2,31718,0,33.75,1,15.75,early25,False
B-G1.045-C2,31718,0,53.25,1,19.5,early25,False
B-G1.045-C2,31718,0,93.75,1,40.5,early25,False
B-G1.045-C2,31718,0,103.75,1,10.0,early25,False
B-G1.045-C2,31718,0,116.0,1,12.25,early25,False
B-G1.045-C2,31718,0,155.25,1,39.25,early25,False
B-G1.045-C2,31718,0,161.75,1,6.5,early25,False
B-G1.045-C2,31718,0,165.0,1,3.25,early25,False
B-G1.045-C2,31718,0,172.5,1,7.5,early25,False
B-G1.045-C2,31718,0,176.5,1,4.0,early25,False
B-G1.045-C2,31718,0,215.25,1,38.75,early25,False
B-G1.045-C2,31718,0,221.25,1,6.0,early25,False
B-G1.045-C2,31718,0,230.25,1,9.0,early25,False
B-G1.045-C2,31718,0,234.25,1,4.0,early25,False
B-G1.045-C2,31718,0,238.75,1,4.5,middle50,False
B-G1.045-C2,31718,0,280.0,1,41.25,middle50,False
B-G1.045-C2,31718,0,294.25,1,14.25,middle50,False
B-G1.045-C2,31718,0,301.25,1,7.0,middle50,False
B-G1.045-C2,31718,0,332.0,1,30.75,middle50,False
B-G1.045-C2,31718,0,335.0,1,3.0,middle50,False
B-G1.045-C2,31718,0,343.5,1,8.5,middle50,False
B-G1.045-C2,31718,0,346.25,1,2.75,middle50,False
B-G1.045-C2,31718,0,353.25,1,7.0,middle50,False
B-G1.045-C2,31718,0,358.75,1,5.5,middle50,False
B-G1.045-C2,31718,0,519.75,1,161.0,middle50,False
B-G1.045-C2,31718,0,522.25,1,2.5,middle50,False
B-G1.045-C2,31718,0,533.0,1,10.75,middle50,False
B-G1.045-C2,31718,0,545.75,1,12.75,middle50,False
B-G1.045-C2,31718,0,555.0,2,9.25,middle50,False
B-G1.045-C2,31718,0,578.75,1,23.75,middle50,False
B-G1.045-C2,31718,0,582.25,1,3.5,middle50,False
B-G1.045-C2,31718,0,593.25,12,11.0,middle50,False
B-G1.045-C2,31718,0,605.5,1,12.25,middle50,False
B-G1.045-C2,31718,0,773.75,1,168.25,late25,False
B-G1.045-C2,31718,0,804.75,1,31.0,late25,False
B-G1.045-C2,31718,0,810.75,1,6.0,late25,False
B-G1.045-C2,31718,0,818.25,1,7.5,late25,False
B-G1.045-C2,31718,0,822.25,1,4.0,late25,False
B-G1.045-C2,31718,0,827.5,1,5.25,late25,False
B-G1.045-C2,31718,0,837.5,1,10.0,late25,False
B-G1.045-C2,31718,0,944.0,1,106.5,late25,False
B-G1.045-C2,31718,1,965.5,1,21.5,early25,False
B-G1.045-C2,31718,1,970.25,1,4.75,early25,False
B-G1.045-C2,31718,1,972.75,2,2.5,early25,False
B-G1.045-C2,31718,1,974.75,1,2.0,early25,False
B-G1.045-C2,31718,1,977.75,1,3.0,early25,False
B-G1.045-C2,31718,1,983.5,1,5.75,early25,False
B-G1.045-C2,31718,1,988.75,2,5.25,early25,False
B-G1.045-C2,31718,1,1029.0,1,40.25,early25,False
B-G1.045-C2,31718,1,1034.0,1,5.0,early25,False
B-G1.045-C2,31718,1,1035.5,1,1.5,early25,False
B-G1.045-C2,31718,1,1037.25,1,1.75,early25,False
B-G1.045-C2,31718,1,1040.75,1,3.5,early25,False
B-G1.045-C2,31718,1,1042.5,1,1.75,early25,False
B-G1.045-C2,31718,1,1048.75,1,6.25,early25,False
B-G1.045-C2,31718,1,1057.25,2,8.5,early25,False
B-G1.045-C2,31718,1,1078.25,1,21.0,early25,False
B-G1.045-C2,31718,1,1084.25,1,6.0,early25,False
B-G1.045-C2,31718,1,1088.0,1,3.75,early25,False
B-G1.045-C2,31718,1,1090.25,1,2.25,early25,False
B-G1.045-C2,31718,1,1095.25,1,5.0,early25,False
B-G1.045-C2,31718,1,1101.75,1,6.5,early25,False
B-G1.045-C2,31718,1,1130.25,1,28.5,middle50,False
B-G1.045-C2,31718,1,1138.0,1,7.75,middle50,False
B-G1.045-C2,31718,1,1140.5,1,2.5,middle50,False
B-G1.045-C2,31718,1,1146.5,1,6.0,middle50,False
B-G1.045-C2,31718,1,1149.5,1,3.0,middle50,False
B-G1.045-C2,31718,1,1152.5,1,3.0,middle50,False
B-G1.045-C2,31718,1,1156.75,1,4.25,middle50,False
B-G1.045-C2,31718,1,1161.0,1,4.25,middle50,False
B-G1.045-C2,31718,1,1193.5,1,32.5,middle50,False
B-G1.045-C2,31718,1,1197.5,1,4.0,middle50,False
B-G1.045-C2,31718,1,1202.5,1,5.0,middle50,False
B-G1.045-C2,31718,1,1206.75,1,4.25,middle50,False
B-G1.045-C2,31718,1,1211.5,1,4.75,middle50,False
B-G1.045-C2,31718,1,1216.0,1,4.5,middle50,False
B-G1.045-C2,31718,1,1222.0,2,6.0,middle50,False
B-G1.045-C2,31718,1,1227.25,1,5.25,middle50,False
B-G1.045-C2,31718,1,1249.75,1,22.5,middle50,False
B-G1.045-C2,31718,1,1253.25,1,3.5,middle50,False
B-G1.045-C2,31718,1,1256.25,17,3.0,middle50,False
B-G1.045-C2,31718,1,1258.25,1,2.0,middle50,False
B-G1.045-C2,31718,1,1266.5,1,8.25,middle50,False
B-G1.045-C2,31718,1,1271.0,1,4.5,middle50,False
B-G1.045-C2,31718,1,1273.75,1,2.75,middle50,False
B-G1.045-C2,31718,1,1276.5,1,2.75,middle50,False
B-G1.045-C2,31718,1,1279.75,1,3.25,middle50,False
B-G1.045-C2,31718,1,1413.75,1,134.0,middle50,False
B-G1.045-C2,31718,1,1418.5,1,4.75,middle50,False
B-G1.045-C2,31718,1,1423.75,1,5.25,middle50,False
B-G1.045-C2,31718,1,1429.25,1,5.5,middle50,False
B-G1.045-C2,31718,1,1436.25,1,7.0,middle50,False
B-G1.045-C2,31718,1,1441.75,1,5.5,middle50,False
B-G1.045-C2,31718,1,1472.25,1,30.5,late25,False
B-G1.045-C2,31718,1,1475.75,1,3.5,late25,False
B-G1.045-C2,31718,1,1479.25,1,3.5,late25,False
B-G1.045-C2,31718,1,1481.25,1,2.0,late25,False
B-G1.045-C2,31718,1,1485.25,1,4.0,late25,False
B-G1.045-C2,31718,1,1489.0,1,3.75,late25,False
B-G1.045-C2,31718,1,1490.0,1,1.0,late25,False
B-G1.045-C2,31718,1,1495.25,1,5.25,late25,False
B-G1.045-C2,31718,1,1498.75,1,3.5,late25,False
B-G1.045-C2,31718,1,1504.5,1,5.75,late25,False
B-G1.045-C2,31718,2,1629.5,2,125.0,early25,False
B-G1.045-C2,31718,2,1633.75,3,4.25,early25,False
B-G1.045-C2,31718,2,1637.0,2,3.25,early25,False
B-G1.045-C2,31718,2,1639.25,1,2.25,early25,False
B-G1.045-C2,31718,2,1644.25,2,5.0,early25,False
B-G1.045-C2,31718,2,1650.0,2,5.75,early25,False
B-G1.045-C2,31718,2,1654.0,2,4.0,early25,False
B-G1.045-C2,31718,2,1660.25,2,6.25,early25,False
B-G1.045-C2,31718,2,1684.5,3,24.25,early25,False
B-G1.045-C2,31718,2,1689.5,2,5.0,early25,False
B-G1.045-C2,31718,2,1693.25,2,3.75,early25,False
B-G1.045-C2,31718,2,1697.75,25,4.5,early25,False
B-G1.045-C2,31718,2,1700.0,1,2.25,early25,False
B-G1.045-C2,31718,2,1702.25,2,2.25,early25,False
B-G1.045-C2,31718,2,1710.25,1,8.0,early25,False
B-G1.045-C2,31718,2,1712.0,1,1.75,early25,False
B-G1.045-C2,31718,2,1714.25,2,2.25,early25,False
B-G1.045-C2,31718,2,1730.25,2,16.0,early25,False
B-G1.045-C2,31718,2,1734.0,1,3.75,early25,False
B-G1.045-C2,31718,2,1740.5,1,6.5,early25,False
B-G1.045-C2,31718,2,1744.5,1,4.0,early25,False
B-G1.045-C2,31718,2,1748.0,2,3.5,early25,False
B-G1.045-C2,31718,2,1752.5,1,4.5,early25,False
B-G1.045-C2,31718,2,1757.0,2,4.5,early25,False
B-G1.045-C2,31718,2,1762.25,2,5.25,early25,False
B-G1.045-C2,31718,2,1788.25,1,26.0,early25,False
B-G1.045-C2,31718,2,1791.5,2,3.25,early25,False
B-G1.045-C2,31718,2,1795.0,17,3.5,early25,False
B-G1.045-C2,31718,2,1796.25,1,1.25,early25,False
B-G1.045-C2,31718,2,1799.25,1,3.0,early25,False
B-G1.045-C2,31718,2,1804.0,1,4.75,early25,False
B-G1.045-C2,31718,2,1809.5,3,5.5,early25,False
B-G1.045-C2,31718,2,1814.5,1,5.0,early25,False
B-G1.045-C2,31718,2,1818.75,1,4.25,early25,False
B-G1.045-C2,31718,2,1836.0,1,17.25,early25,False
B-G1.045-C2,31718,2,1839.25,1,3.25,early25,False
B-G1.045-C2,31718,2,1842.25,1,3.0,early25,False
B-G1.045-C2,31718,2,1846.25,1,4.0,early25,False
B-G1.045-C2,31718,2,1849.75,1,3.5,early25,False
B-G1.045-C2,31718,2,1852.25,1,2.5,early25,False
B-G1.045-C2,31718,2,1855.5,1,3.25,early25,False
B-G1.045-C2,31718,2,1858.25,11,2.75,early25,False
B-G1.045-C2,31718,2,1861.75,1,3.5,early25,False
B-G1.045-C2,31718,2,1863.5,1,1.75,early25,False
B-G1.045-C2,31718,2,1892.75,1,29.25,early25,False
B-G1.045-C2,31718,2,1896.25,2,3.5,early25,False
B-G1.045-C2,31718,2,1899.25,1,3.0,early25,False
B-G1.045-C2,31718,2,1902.5,1,3.25,early25,False
B-G1.045-C2,31718,2,1904.0,1,1.5,early25,False
B-G1.045-C2,31718,2,1910.25,1,6.25,early25,False
B-G1.045-C2,31718,2,1914.25,1,4.0,early25,False
B-G1.045-C2,31718,2,1916.75,1,2.5,early25,False
B-G1.045-C2,31718,2,1926.25,1,9.5,early25,False
B-G1.045-C2,31718,2,2077.5,2,151.25,middle50,False
B-G1.045-C2,31718,2,2081.25,1,3.75,middle50,False
B-G1.045-C2,31718,2,2089.0,1,7.75,middle50,False
B-G1.045-C2,31718,2,2122.75,1,33.75,middle50,False
B-G1.045-C2,31718,2,2130.0,1,7.25,middle50,False
B-G1.045-C2,31718,2,2135.75,2,5.75,middle50,False
B-G1.045-C2,31718,2,2140.5,1,4.75,middle50,False
B-G1.045-C2,31718,2,2147.5,1,7.0,middle50,False
B-G1.045-C2,31718,2,2166.5,3,19.0,middle50,False
B-G1.045-C2,31718,2,2296.25,1,129.75,middle50,False
B-G1.045-C2,31718,2,2298.5,1,2.25,middle50,False
B-G1.045-C2,31718,2,2302.0,1,3.5,middle50,False
B-G1.045-C2,31718,2,2305.25,1,3.25,middle50,False
B-G1.045-C2,31718,2,2312.25,1,7.0,middle50,False
B-G1.045-C2,31718,2,2315.0,1,2.75,middle50,False
B-G1.045-C2,31718,2,2321.25,1,6.25,middle50,False
B-G1.045-C2,31718,2,2324.25,1,3.0,middle50,False
B-G1.045-C2,31718,2,2326.5,1,2.25,middle50,False
B-G1.045-C2,31718,2,2353.5,8,27.0,middle50,False
B-G1.045-C2,31718,2,2359.75,1,6.25,middle50,False
B-G1.045-C2,31718,2,2368.75,1,9.0,middle50,False
B-G1.045-C2,31718,2,2375.75,1,7.0,middle50,False
B-G1.045-C2,31718,2,2380.25,1,4.5,middle50,False
B-G1.045-C2,31718,2,2383.25,1,3.0,middle50,False
B-G1.045-C2,31718,2,2538.25,1,155.0,middle50,False
B-G1.045-C2,31718,2,2548.75,1,10.5,middle50,False
B-G1.045-C2,31718,2,2553.25,1,4.5,middle50,False
B-G1.045-C2,31718,2,2556.75,1,3.5,middle50,False
B-G1.045-C2,31718,2,2561.5,1,4.75,middle50,False
B-G1.045-C2,31718,2,2564.0,1,2.5,middle50,False
B-G1.045-C2,31718,2,2596.75,1,32.75,middle50,False
B-G1.045-C2,31718,2,2603.0,1,6.25,middle50,False
B-G1.045-C2,31718,2,2605.5,1,2.5,middle50,False
B-G1.045-C2,31718,2,2608.25,1,2.75,middle50,False
B-G1.045-C2,31718,2,2614.25,1,6.0,middle50,False
B-G1.045-C2,31718,2,2616.5,1,2.25,middle50,False
B-G1.045-C2,31718,2,2617.75,1,1.25,middle50,False
B-G1.045-C2,31718,2,2625.25,1,7.5,late25,False
B-G1.045-C2,31718,2,2761.75,1,136.5,late25,False
B-G1.045-C2,31718,2,2769.25,1,7.5,late25,False
B-G1.045-C2,31718,2,2773.0,1,3.75,late25,False
B-G1.045-C2,31718,2,2780.5,1,7.5,late25,False
B-G1.045-C2,31718,2,2784.75,1,4.25,late25,False
B-G1.045-C2,31718,2,2821.25,2,36.5,late25,False
B-G1.045-C2,31718,2,2828.75,1,7.5,late25,False
B-G1.045-C2,31718,2,2832.25,1,3.5,late25,False
B-G1.045-C2,31718,2,2839.25,1,7.0,late25,False
B-G1.045-C2,31718,2,2841.75,1,2.5,late25,False
B-G1.045-C2,31718,2,2847.75,1,6.0,late25,False
B-G1.045-C2,31718,2,2856.0,2,8.25,late25,False
B-G1.045-C2,31718,3,2970.25,1,114.25,early25,True
B-G1.045-C2,31718,3,2972.0,1,1.75,early25,True
B-G1.045-C2,31718,3,2973.75,1,1.75,early25,True
B-G1.045-C2,31718,3,2976.5,2,2.75,early25,True
B-G1.045-C2,31718,3,2979.25,2,2.75,early25,True
B-G1.045-C2,31718,3,2983.5,1,4.25,early25,True
B-G1.045-C2,31718,3,2986.25,1,2.75,early25,True
B-G1.045-C2,31718,3,2994.0,2,7.75,early25,True
B-G1.045-C2,31718,3,3025.25,1,31.25,early25,True
B-G1.045-C2,31718,3,3027.0,1,1.75,early25,True
B-G1.045-C2,31718,3,3032.25,2,5.25,early25,True
B-G1.045-C2,31718,3,3039.0,2,6.75,early25,True
B-G1.045-C2,31718,3,3047.25,1,8.25,early25,True
B-G1.045-C2,31718,3,3049.25,1,2.0,early25,True
B-G1.045-C2,31718,3,3050.5,1,1.25,early25,True
B-G1.045-C2,31718,3,3056.75,2,6.25,early25,True
B-G1.045-C2,31718,3,3071.75,1,15.0,early25,True
B-G1.045-C2,31718,3,3076.75,1,5.0,early25,True
B-G1.045-C2,31718,3,3080.5,1,3.75,early25,True
B-G1.045-C2,31718,3,3082.25,1,1.75,early25,True
B-G1.045-C2,31718,3,3087.0,2,4.75,early25,True
B-G1.045-C2,31718,3,3094.5,1,7.5,early25,True
B-G1.045-C2,31718,3,3133.5,1,39.0,middle50,True
B-G1.045-C2,31718,3,3143.25,1,9.75,middle50,True
B-G1.045-C2,31718,3,3145.75,1,2.5,middle50,True
B-G1.045-C2,31718,3,3154.75,1,9.0,middle50,True
B-G1.045-C2,31718,3,3159.25,1,4.5,middle50,True
B-G1.045-C2,31718,3,3175.5,6,16.25,middle50,True
B-G1.045-C2,31718,3,3193.25,2,17.75,middle50,True
B-G1.045-C2,31718,3,3198.5,4,5.25,middle50,True
B-G1.045-C2,31718,3,3201.0,4,2.5,middle50,True
B-G1.045-C2,31718,3,3207.25,1,6.25,middle50,True
B-G1.045-C2,31718,3,3240.5,4,33.25,middle50,True
B-G1.045-C2,31718,3,3242.25,3,1.75,middle50,True
B-G1.045-C2,31718,3,3244.0,3,1.75,middle50,True
B-G1.045-C2,31718,3,3250.25,2,6.25,middle50,True
B-G1.045-C2,31718,3,3260.25,1,10.0,middle50,True
B-G1.045-C2,31718,3,3268.5,1,8.25,middle50,True
B-G1.045-C2,31718,3,3299.0,1,30.5,middle50,True
B-G1.045-C2,31718,3,3310.25,1,11.25,middle50,True
B-G1.045-C2,31718,3,3345.25,1,35.0,middle50,True
B-G1.045-C2,31718,3,3349.75,2,4.5,middle50,True
B-G1.045-C2,31718,3,3358.25,1,8.5,middle50,True
B-G1.045-C2,31718,3,3368.25,1,10.0,middle50,True
B-G1.045-C2,31718,3,3373.75,1,5.5,middle50,True
B-G1.045-C2,31718,3,3384.25,4,10.5,middle50,True
B-G1.045-C2,31718,3,3397.75,1,13.5,middle50,True
B-G1.045-C2,31718,3,3401.25,1,3.5,middle50,True
B-G1.045-C2,31718,3,3405.5,1,4.25,middle50,True
B-G1.045-C2,31718,3,3409.75,1,4.25,middle50,True
B-G1.045-C2,31718,3,3412.0,3,2.25,middle50,True
B-G1.045-C2,31718,3,3420.5,1,8.5,middle50,True
B-G1.045-C2,31718,3,3455.25,1,34.75,late25,True
B-G1.045-C2,31718,3,3467.75,1,12.5,late25,True
B-G1.045-C2,31718,3,3473.75,1,6.0,late25,True
B-G1.045-C2,31718,3,3478.75,1,5.0,late25,True
B-G1.045-C2,31718,3,3501.75,1,23.0,late25,True
B-G1.045-C2,31718,3,3506.5,1,4.75,late25,True
B-G1.045-C2,31718,3,3516.75,1,10.25,late25,True
B-G1.045-C2,31718,3,3525.0,4,8.25,late25,True
B-G1.045-C2,31718,3,3556.0,1,31.0,late25,True
B-G1.045-C2,31718,3,3561.0,1,5.0,late25,True
B-G1.045-C2,31718,3,3573.0,1,12.0,late25,True
B-G1.045-C2,31718,3,3580.25,1,7.25,late25,True
B-G1.045-C2,31718,3,3586.0,1,5.75,late25,True
B-G1.045-C2,39637,0,0.25,3,,early25,False
B-G1.045-C2,39637,0,9.5,1,9.25,early25,False
B-G1.045-C2,39637,0,20.25,1,10.75,early25,False
B-G1.045-C2,39637,0,45.0,1,24.75,early25,False
B-G1.045-C2,39637,0,87.5,1,42.5,early25,False
B-G1.045-C2,39637,0,91.0,1,3.5,early25,False
B-G1.045-C2,39637,0,109.0,1,18.0,early25,False
B-G1.045-C2,39637,0,110.5,1,1.5,early25,False
B-G1.045-C2,39637,0,133.5,5,23.0,early25,False
B-G1.045-C2,39637,0,166.75,1,33.25,early25,False
B-G1.045-C2,39637,0,185.75,1,19.0,early25,False
B-G1.045-C2,39637,0,198.5,2,12.75,early25,False
B-G1.045-C2,39637,0,221.25,1,22.75,middle50,False
B-G1.045-C2,39637,0,227.0,1,5.75,middle50,False
B-G1.045-C2,39637,0,234.75,1,7.75,middle50,False
B-G1.045-C2,39637,0,243.25,13,8.5,middle50,False
B-G1.045-C2,39637,0,245.25,1,2.0,middle50,False
B-G1.045-C2,39637,0,413.5,1,168.25,middle50,False
B-G1.045-C2,39637,0,455.25,1,41.75,middle50,False
B-G1.045-C2,39637,0,460.5,1,5.25,middle50,False
B-G1.045-C2,39637,0,466.25,1,5.75,middle50,False
B-G1.045-C2,39637,0,470.5,1,4.25,middle50,False
B-G1.045-C2,39637,0,477.5,1,7.0,middle50,False
B-G1.045-C2,39637,0,483.5,1,6.0,middle50,False
B-G1.045-C2,39637,0,491.5,1,8.0,middle50,False
B-G1.045-C2,39637,0,662.0,12,170.5,late25,False
B-G1.045-C2,39637,0,689.25,1,27.25,late25,False
B-G1.045-C2,39637,0,694.75,1,5.5,late25,False
B-G1.045-C2,39637,0,698.25,1,3.5,late25,False
B-G1.045-C2,39637,0,703.0,1,4.75,late25,False
B-G1.045-C2,39637,0,706.75,1,3.75,late25,False
B-G1.045-C2,39637,0,709.75,1,3.0,late25,False
B-G1.045-C2,39637,0,715.5,1,5.75,late25,False
B-G1.045-C2,39637,0,819.75,1,104.25,late25,False
B-G1.045-C2,39637,1,845.75,1,26.0,early25,False
B-G1.045-C2,39637,1,847.5,1,1.75,early25,False
B-G1.045-C2,39637,1,851.25,1,3.75,early25,False
B-G1.045-C2,39637,1,855.5,1,4.25,early25,False
B-G1.045-C2,39637,1,860.75,1,5.25,early25,False
B-G1.045-C2,39637,1,865.25,2,4.5,early25,False
B-G1.045-C2,39637,1,871.5,2,6.25,early25,False
B-G1.045-C2,39637,1,877.0,1,5.5,early25,False
B-G1.045-C2,39637,1,902.75,1,25.75,early25,False
B-G1.045-C2,39637,1,907.0,2,4.25,early25,False
B-G1.045-C2,39637,1,910.5,20,3.5,early25,False
B-G1.045-C2,39637,1,918.75,1,8.25,early25,False
B-G1.045-C2,39637,1,922.25,1,3.5,early25,False
B-G1.045-C2,39637,1,927.5,1,5.25,early25,False
B-G1.045-C2,39637,1,1081.75,1,154.25,middle50,False
B-G1.045-C2,39637,1,1088.0,1,6.25,middle50,False
B-G1.045-C2,39637,1,1092.0,2,4.0,middle50,False
B-G1.045-C2,39637,1,1099.25,1,7.25,middle50,False
B-G1.045-C2,39637,1,1108.25,1,9.0,middle50,False
B-G1.045-C2,39637,1,1112.0,1,3.75,middle50,False
B-G1.045-C2,39637,1,1142.0,1,30.0,middle50,False
B-G1.045-C2,39637,1,1147.75,1,5.75,middle50,False
B-G1.045-C2,39637,1,1150.25,1,2.5,middle50,False
B-G1.045-C2,39637,1,1154.0,1,3.75,middle50,False
B-G1.045-C2,39637,1,1156.25,1,2.25,middle50,False
B-G1.045-C2,39637,1,1164.75,1,8.5,middle50,False
B-G1.045-C2,39637,1,1307.5,1,142.75,middle50,False
B-G1.045-C2,39637,1,1311.75,1,4.25,middle50,False
B-G1.045-C2,39637,1,1316.75,1,5.0,middle50,False
B-G1.045-C2,39637,1,1320.25,1,3.5,middle50,False
B-G1.045-C2,39637,1,1323.5,1,3.25,middle50,False
B-G1.045-C2,39637,1,1333.25,1,9.75,middle50,False
B-G1.045-C2,39637,1,1337.25,1,4.0,middle50,False
B-G1.045-C2,39637,1,1342.25,1,5.0,middle50,False
B-G1.045-C2,39637,1,1367.5,2,25.25,middle50,False
B-G1.045-C2,39637,1,1373.0,2,5.5,middle50,False
B-G1.045-C2,39637,1,1380.25,1,7.25,middle50,False
B-G1.045-C2,39637,1,1385.0,12,4.75,middle50,False
B-G1.045-C2,39637,1,1388.0,1,3.0,middle50,False
B-G1.045-C2,39637,1,1389.5,1,1.5,middle50,False
B-G1.045-C2,39637,1,1525.25,1,135.75,late25,False
B-G1.045-C2,39637,1,1539.75,1,14.5,late25,False
B-G1.045-C2,39637,1,1544.75,1,5.0,late25,False
B-G1.045-C2,39637,1,1549.25,1,4.5,late25,False
B-G1.045-C2,39637,1,1553.0,1,3.75,late25,False
B-G1.045-C2,39637,1,1584.0,1,31.0,late25,False
B-G1.045-C2,39637,1,1587.0,1,3.0,late25,False
B-G1.045-C2,39637,1,1589.25,1,2.25,late25,False
B-G1.045-C2,39637,1,1592.25,1,3.0,late25,False
B-G1.045-C2,39637,1,1595.0,11,2.75,late25,False
B-G1.045-C2,39637,1,1596.5,1,1.5,late25,False
B-G1.045-C2,39637,1,1610.25,1,13.75,late25,False
B-G1.045-C2,39637,1,1613.0,1,2.75,late25,False
B-G1.045-C2,39637,1,1620.0,1,7.0,late25,False
B-G1.045-C2,39637,2,1740.25,1,120.25,early25,False
B-G1.045-C2,39637,2,1742.5,2,2.25,early25,False
B-G1.045-C2,39637,2,1745.0,1,2.5,early25,False
B-G1.045-C2,39637,2,1747.5,2,2.5,early25,False
B-G1.045-C2,39637,2,1750.5,2,3.0,early25,False
B-G1.045-C2,39637,2,1753.5,2,3.0,early25,False
B-G1.045-C2,39637,2,1758.0,1,4.5,early25,False
B-G1.045-C2,39637,2,1763.0,2,5.0,early25,False
B-G1.045-C2,39637,2,1766.75,2,3.75,early25,False
B-G1.045-C2,39637,2,1771.75,2,5.0,early25,False
B-G1.045-C2,39637,2,1797.75,2,26.0,early25,False
B-G1.045-C2,39637,2,1802.5,2,4.75,early25,False
B-G1.045-C2,39637,2,1806.0,1,3.5,early25,False
B-G1.045-C2,39637,2,1809.75,21,3.75,early25,False
B-G1.045-C2,39637,2,1812.0,1,2.25,early25,False
B-G1.045-C2,39637,2,1816.25,1,4.25,early25,False
B-G1.045-C2,39637,2,1817.5,1,1.25,early25,False
B-G1.045-C2,39637,2,1819.0,1,1.5,early25,False
B-G1.045-C2,39637,2,1819.75,1,0.75,early25,False
B-G1.045-C2,39637,2,1821.5,1,1.75,early25,False
B-G1.045-C2,39637,2,1826.75,1,5.25,early25,False
B-G1.045-C2,39637,2,1829.0,1,2.25,early25,False
B-G1.045-C2,39637,2,1835.5,5,6.5,early25,False
B-G1.045-C2,39637,2,1848.0,1,12.5,early25,False
B-G1.045-C2,39637,2,1853.5,1,5.5,early25,False
B-G1.045-C2,39637,2,1859.75,3,6.25,early25,False
B-G1.045-C2,39637,2,1862.5,1,2.75,early25,False
B-G1.045-C2,39637,2,1868.75,2,6.25,early25,False
B-G1.045-C2,39637,2,1903.75,2,35.0,early25,False
B-G1.045-C2,39637,2,1908.75,2,5.0,early25,False
B-G1.045-C2,39637,2,1913.75,3,5.0,early25,False
B-G1.045-C2,39637,2,1917.0,1,3.25,early25,False
B-G1.045-C2,39637,2,1922.0,1,5.0,early25,False
B-G1.045-C2,39637,2,1927.0,3,5.0,early25,False
B-G1.045-C2,39637,2,1939.5,2,12.5,early25,False
B-G1.045-C2,39637,2,1962.0,1,22.5,middle50,False
B-G1.045-C2,39637,2,1964.0,1,2.0,middle50,False
B-G1.045-C2,39637,2,1967.75,1,3.75,middle50,False
B-G1.045-C2,39637,2,1973.25,2,5.5,middle50,False
B-G1.045-C2,39637,2,1978.5,2,5.25,middle50,False
B-G1.045-C2,39637,2,2013.5,2,35.0,middle50,False
B-G1.045-C2,39637,2,2017.0,2,3.5,middle50,False
B-G1.045-C2,39637,2,2020.25,1,3.25,middle50,False
B-G1.045-C2,39637,2,2024.5,1,4.25,middle50,False
B-G1.045-C2,39637,2,2026.0,1,1.5,middle50,False
B-G1.045-C2,39637,2,2030.0,1,4.0,middle50,False
B-G1.045-C2,39637,2,2032.0,1,2.0,middle50,False
B-G1.045-C2,39637,2,2036.25,1,4.25,middle50,False
B-G1.045-C2,39637,2,2040.5,2,4.25,middle50,False
B-G1.045-C2,39637,2,2186.0,1,145.5,middle50,False
B-G1.045-C2,39637,2,2193.75,1,7.75,middle50,False
B-G1.045-C2,39637,2,2197.0,1,3.25,middle50,False
B-G1.045-C2,39637,2,2199.75,1,2.75,middle50,False
B-G1.045-C2,39637,2,2203.75,1,4.0,middle50,False
B-G1.045-C2,39637,2,2207.5,1,3.75,middle50,False
B-G1.045-C2,39637,2,2211.75,1,4.25,middle50,False
B-G1.045-C2,39637,2,2216.0,1,4.25,middle50,False
B-G1.045-C2,39637,2,2242.5,1,26.5,middle50,False
B-G1.045-C2,39637,2,2245.5,11,3.0,middle50,False
B-G1.045-C2,39637,2,2250.75,1,5.25,middle50,False
B-G1.045-C2,39637,2,2252.5,1,1.75,middle50,False
B-G1.045-C2,39637,2,2259.0,1,6.5,middle50,False
B-G1.045-C2,39637,2,2278.25,1,19.25,middle50,False
B-G1.045-C2,39637,2,2407.25,1,129.0,late25,False
B-G1.045-C2,39637,2,2411.0,1,3.75,late25,False
B-G1.045-C2,39637,2,2415.75,1,4.75,late25,False
B-G1.045-C2,39637,2,2420.5,1,4.75,late25,False
B-G1.045-C2,39637,2,2423.0,1,2.5,late25,False
B-G1.045-C2,39637,2,2425.75,1,2.75,late25,False
B-G1.045-C2,39637,2,2430.75,1,5.0,late25,False
B-G1.045-C2,39637,2,2437.0,1,6.25,late25,False
B-G1.045-C2,39637,2,2440.0,1,3.0,late25,False
B-G1.045-C2,39637,2,2465.25,1,25.25,late25,False
B-G1.045-C2,39637,2,2467.25,1,2.0,late25,False
B-G1.045-C2,39637,2,2469.25,7,2.0,late25,False
B-G1.045-C2,39637,2,2472.0,1,2.75,late25,False
B-G1.045-C2,39637,2,2476.25,1,4.25,late25,False
B-G1.045-C2,39637,2,2480.5,7,4.25,late25,False
B-G1.045-C2,39637,2,2487.25,1,6.75,late25,False
B-G1.045-C2,39637,2,2490.25,1,3.0,late25,False
B-G1.045-C2,39637,2,2493.25,1,3.0,late25,False
B-G1.045-C2,39637,2,2496.0,1,2.75,late25,False
B-G1.045-C2,39637,2,2504.5,4,8.5,late25,False
B-G1.045-C2,39637,3,2623.5,1,119.0,early25,True
B-G1.045-C2,39637,3,2625.5,1,2.0,early25,True
B-G1.045-C2,39637,3,2627.25,1,1.75,early25,True
B-G1.045-C2,39637,3,2628.5,1,1.25,early25,True
B-G1.045-C2,39637,3,2630.5,1,2.0,early25,True
B-G1.045-C2,39637,3,2634.5,1,4.0,early25,True
B-G1.045-C2,39637,3,2636.25,1,1.75,early25,True
B-G1.045-C2,39637,3,2637.5,1,1.25,early25,True
B-G1.045-C2,39637,3,2641.75,1,4.25,early25,True
B-G1.045-C2,39637,3,2646.25,1,4.5,early25,True
B-G1.045-C2,39637,3,2651.75,2,5.5,early25,True
B-G1.045-C2,39637,3,2678.75,1,27.0,early25,True
B-G1.045-C2,39637,3,2682.25,1,3.5,early25,True
B-G1.045-C2,39637,3,2686.0,1,3.75,early25,True
B-G1.045-C2,39637,3,2689.0,1,3.0,early25,True
B-G1.045-C2,39637,3,2693.5,14,4.5,early25,True
B-G1.045-C2,39637,3,2697.0,6,3.5,early25,True
B-G1.045-C2,39637,3,2703.5,6,6.5,early25,True
B-G1.045-C2,39637,3,2707.75,1,4.25,early25,True
B-G1.045-C2,39637,3,2716.5,3,8.75,early25,True
B-G1.045-C2,39637,3,2726.25,4,9.75,early25,True
B-G1.045-C2,39637,3,2729.25,1,3.0,early25,True
B-G1.045-C2,39637,3,2731.0,4,1.75,early25,True
B-G1.045-C2,39637,3,2732.5,4,1.5,early25,True
B-G1.045-C2,39637,3,2735.5,1,3.0,early25,True
B-G1.045-C2,39637,3,2743.75,1,8.25,early25,True
B-G1.045-C2,39637,3,2747.25,1,3.5,early25,True
B-G1.045-C2,39637,3,2785.0,1,37.75,early25,True
B-G1.045-C2,39637,3,2790.75,1,5.75,early25,True
B-G1.045-C2,39637,3,2798.0,1,7.25,early25,True
B-G1.045-C2,39637,3,2801.75,1,3.75,early25,True
B-G1.045-C2,39637,3,2808.25,1,6.5,early25,True
B-G1.045-C2,39637,3,2819.5,1,11.25,early25,True
B-G1.045-C2,39637,3,2827.75,5,8.25,early25,True
B-G1.045-C2,39637,3,2842.75,1,15.0,early25,True
B-G1.045-C2,39637,3,2848.25,1,5.5,early25,True
B-G1.045-C2,39637,3,2853.5,1,5.25,middle50,True
B-G1.045-C2,39637,3,2865.5,1,12.0,middle50,True
B-G1.045-C2,39637,3,2896.0,1,30.5,middle50,True
B-G1.045-C2,39637,3,2901.5,1,5.5,middle50,True
B-G1.045-C2,39637,3,2907.0,1,5.5,middle50,True
B-G1.045-C2,39637,3,2912.5,1,5.5,middle50,True
B-G1.045-C2,39637,3,2918.25,1,5.75,middle50,True
B-G1.045-C2,39637,3,2930.0,1,11.75,middle50,True
B-G1.045-C2,39637,3,2947.25,1,17.25,middle50,True
B-G1.045-C2,39637,3,2951.5,1,4.25,middle50,True
B-G1.045-C2,39637,3,2958.75,1,7.25,middle50,True
B-G1.045-C2,39637,3,2965.25,1,6.5,middle50,True
B-G1.045-C2,39637,3,2969.5,6,4.25,middle50,True
B-G1.045-C2,39637,3,2999.75,1,30.25,middle50,True
B-G1.045-C2,39637,3,3011.5,1,11.75,middle50,True
B-G1.045-C2,39637,3,3015.25,1,3.75,middle50,True
B-G1.045-C2,39637,3,3024.75,1,9.5,middle50,True
B-G1.045-C2,39637,3,3028.5,1,3.75,middle50,True
B-G1.045-C2,39637,3,3054.5,1,26.0,middle50,True
B-G1.045-C2,39637,3,3064.75,1,10.25,middle50,True
B-G1.045-C2,39637,3,3071.5,1,6.75,middle50,True
B-G1.045-C2,39637,3,3107.25,1,35.75,middle50,True
B-G1.045-C2,39637,3,3113.25,1,6.0,middle50,True
B-G1.045-C2,39637,3,3119.0,1,5.75,middle50,True
B-G1.045-C2,39637,3,3127.0,1,8.0,middle50,True
B-G1.045-C2,39637,3,3132.75,1,5.75,middle50,True
B-G1.045-C2,39637,3,3154.25,1,21.5,middle50,True
B-G1.045-C2,39637,3,3158.25,1,4.0,middle50,True
B-G1.045-C2,39637,3,3167.25,1,9.0,middle50,True
B-G1.045-C2,39637,3,3204.5,1,37.25,middle50,True
B-G1.045-C2,39637,3,3208.75,1,4.25,middle50,True
B-G1.045-C2,39637,3,3217.0,1,8.25,middle50,True
B-G1.045-C2,39637,3,3219.75,1,2.75,middle50,True
B-G1.045-C2,39637,3,3231.0,1,11.25,middle50,True
B-G1.045-C2,39637,3,3234.25,1,3.25,middle50,True
B-G1.045-C2,39637,3,3265.0,1,30.75,middle50,True
B-G1.045-C2,39637,3,3278.75,1,13.75,middle50,True
B-G1.045-C2,39637,3,3285.0,1,6.25,middle50,True
B-G1.045-C2,39637,3,3317.5,1,32.5,middle50,True
B-G1.045-C2,39637,3,3323.5,1,6.0,middle50,True
B-G1.045-C2,39637,3,3335.5,1,12.0,middle50,True
B-G1.045-C2,39637,3,3351.25,3,15.75,late25,True
B-G1.045-C2,39637,3,3378.25,1,27.0,late25,True
B-G1.045-C2,39637,3,3419.25,1,41.0,late25,True
B-G1.045-C2,39637,3,3430.5,1,11.25,late25,True
B-G1.045-C2,39637,3,3437.5,1,7.0,late25,True
B-G1.045-C2,39637,3,3454.25,1,16.75,late25,True
B-G1.045-C2,39637,3,3485.0,1,30.75,late25,True
B-G1.045-C2,39637,3,3492.0,1,7.0,late25,True
B-G1.045-C2,39637,3,3502.5,1,10.5,late25,True
B-G1.045-C2,39637,3,3538.5,1,36.0,late25,True
B-G1.045-C2,39637,3,3549.5,1,11.0,late25,True
B-G1.045-C2,39637,3,3555.0,1,5.5,late25,True
B-G1.045-C2,39637,3,3589.25,1,34.25,late25,True
B-G1.045-C2,47556,0,0.25,3,,early25,False
B-G1.045-C2,47556,0,9.5,1,9.25,early25,False
B-G1.045-C2,47556,0,25.0,1,15.5,early25,False
B-G1.045-C2,47556,0,37.5,1,12.5,early25,False
B-G1.045-C2,47556,0,43.25,1,5.75,early25,False
B-G1.045-C2,47556,0,49.5,1,6.25,early25,False
B-G1.045-C2,47556,0,87.5,1,38.0,early25,False
B-G1.045-C2,47556,0,90.25,1,2.75,early25,False
B-G1.045-C2,47556,0,93.5,1,3.25,early25,False
B-G1.045-C2,47556,0,99.75,1,6.25,early25,False
B-G1.045-C2,47556,0,102.75,1,3.0,early25,False
B-G1.045-C2,47556,0,107.25,1,4.5,early25,False
B-G1.045-C2,47556,0,153.0,1,45.75,early25,False
B-G1.045-C2,47556,0,167.25,1,14.25,early25,False
B-G1.045-C2,47556,0,175.75,1,8.5,early25,False
B-G1.045-C2,47556,0,211.75,1,36.0,early25,False
B-G1.045-C2,47556,0,218.25,1,6.5,early25,False
B-G1.045-C2,47556,0,221.25,1,3.0,early25,False
B-G1.045-C2,47556,0,225.5,1,4.25,early25,False
B-G1.045-C2,47556,0,232.75,1,7.25,early25,False
B-G1.045-C2,47556,0,240.0,1,7.25,early25,False
B-G1.045-C2,47556,0,405.75,1,165.75,middle50,False
B-G1.045-C2,47556,0,411.75,1,6.0,middle50,False
B-G1.045-C2,47556,0,420.5,1,8.75,middle50,False
B-G1.045-C2,47556,0,457.75,1,37.25,middle50,False
B-G1.045-C2,47556,0,464.25,1,6.5,middle50,False
B-G1.045-C2,47556,0,471.25,1,7.0,middle50,False
B-G1.045-C2,47556,0,473.0,1,1.75,middle50,False
B-G1.045-C2,47556,0,477.5,1,4.5,middle50,False
B-G1.045-C2,47556,0,637.5,1,160.0,middle50,False
B-G1.045-C2,47556,0,640.0,1,2.5,middle50,False
B-G1.045-C2,47556,0,648.0,1,8.0,middle50,False
B-G1.045-C2,47556,0,658.75,1,10.75,middle50,False
B-G1.045-C2,47556,0,673.5,1,14.75,middle50,False
B-G1.045-C2,47556,0,699.25,2,25.75,middle50,False
B-G1.045-C2,47556,0,706.75,1,7.5,middle50,False
B-G1.045-C2,47556,0,711.75,1,5.0,middle50,False
B-G1.045-C2,47556,0,721.75,1,10.0,middle50,False
B-G1.045-C2,47556,0,725.25,1,3.5,middle50,False
B-G1.045-C2,47556,0,730.5,1,5.25,middle50,False
B-G1.045-C2,47556,0,887.5,1,157.0,late25,False
B-G1.045-C2,47556,0,898.25,1,10.75,late25,False
B-G1.045-C2,47556,0,927.25,1,29.0,late25,False
B-G1.045-C2,47556,0,931.5,1,4.25,late25,False
B-G1.045-C2,47556,0,934.5,1,3.0,late25,False
B-G1.045-C2,47556,0,940.5,1,6.0,late25,False
B-G1.045-C2,47556,0,949.0,1,8.5,late25,False
B-G1.045-C2,47556,0,955.5,1,6.5,late25,False
B-G1.045-C2,47556,0,964.75,1,9.25,late25,False
B-G1.045-C2,47556,1,1097.75,1,133.0,early25,False
B-G1.045-C2,47556,1,1103.0,1,5.25,early25,False
B-G1.045-C2,47556,1,1111.25,1,8.25,early25,False
B-G1.045-C2,47556,1,1119.75,11,8.5,early25,False
B-G1.045-C2,47556,1,1125.5,1,5.75,early25,False
B-G1.045-C2,47556,1,1150.5,1,25.0,early25,False
B-G1.045-C2,47556,1,1156.5,2,6.0,early25,False
B-G1.045-C2,47556,1,1160.0,1,3.5,early25,False
B-G1.045-C2,47556,1,1164.5,1,4.5,early25,False
B-G1.045-C2,47556,1,1168.75,1,4.25,early25,False
B-G1.045-C2,47556,1,1175.25,3,6.5,early25,False
B-G1.045-C2,47556,1,1179.0,1,3.75,early25,False
B-G1.045-C2,47556,1,1188.25,2,9.25,early25,False
B-G1.045-C2,47556,1,1211.75,1,23.5,middle50,False
B-G1.045-C2,47556,1,1219.0,1,7.25,middle50,False
B-G1.045-C2,47556,1,1223.5,1,4.5,middle50,False
B-G1.045-C2,47556,1,1231.5,2,8.0,middle50,False
B-G1.045-C2,47556,1,1237.25,9,5.75,middle50,False
B-G1.045-C2,47556,1,1263.5,2,26.25,middle50,False
B-G1.045-C2,47556,1,1267.75,2,4.25,middle50,False
B-G1.045-C2,47556,1,1273.25,2,5.5,middle50,False
B-G1.045-C2,47556,1,1279.0,1,5.75,middle50,False
B-G1.045-C2,47556,1,1282.75,8,3.75,middle50,False
B-G1.045-C2,47556,1,1286.25,8,3.5,middle50,False
B-G1.045-C2,47556,1,1291.25,1,5.0,middle50,False
B-G1.045-C2,47556,1,1292.75,1,1.5,middle50,False
B-G1.045-C2,47556,1,1434.5,1,141.75,middle50,False
B-G1.045-C2,47556,1,1440.75,1,6.25,middle50,False
B-G1.045-C2,47556,1,1445.25,1,4.5,middle50,False
B-G1.045-C2,47556,1,1449.0,1,3.75,middle50,False
B-G1.045-C2,47556,1,1454.25,1,5.25,middle50,False
B-G1.045-C2,47556,1,1461.25,2,7.0,middle50,False
B-G1.045-C2,47556,1,1486.25,1,25.0,late25,False
B-G1.045-C2,47556,1,1489.0,1,2.75,late25,False
B-G1.045-C2,47556,1,1493.0,1,4.0,late25,False
B-G1.045-C2,47556,1,1497.25,12,4.25,late25,False
B-G1.045-C2,47556,1,1500.5,1,3.25,late25,False
B-G1.045-C2,47556,1,1514.25,1,13.75,late25,False
B-G1.045-C2,47556,2,1628.75,2,114.5,early25,False
B-G1.045-C2,47556,2,1640.5,1,11.75,early25,False
B-G1.045-C2,47556,2,1643.75,3,3.25,early25,False
B-G1.045-C2,47556,2,1647.75,2,4.0,early25,False
B-G1.045-C2,47556,2,1651.75,2,4.0,early25,False
B-G1.045-C2,47556,2,1654.75,2,3.0,early25,False
B-G1.045-C2,47556,2,1657.75,2,3.0,early25,False
B-G1.045-C2,47556,2,1660.75,2,3.0,early25,False
B-G1.045-C2,47556,2,1667.75,1,7.0,early25,False
B-G1.045-C2,47556,2,1702.75,4,35.0,early25,False
B-G1.045-C2,47556,2,1716.25,3,13.5,early25,False
B-G1.045-C2,47556,2,1733.5,1,17.25,early25,False
B-G1.045-C2,47556,2,1740.25,7,6.75,early25,False
B-G1.045-C2,47556,2,1754.0,2,13.75,early25,False
B-G1.045-C2,47556,2,1756.75,1,2.75,early25,False
B-G1.045-C2,47556,2,1762.0,6,5.25,early25,False
B-G1.045-C2,47556,2,1766.75,5,4.75,early25,False
B-G1.045-C2,47556,2,1768.5,6,1.75,early25,False
B-G1.045-C2,47556,2,1770.0,4,1.5,early25,False
B-G1.045-C2,47556,2,1777.5,1,7.5,early25,False
B-G1.045-C2,47556,2,1806.0,1,28.5,early25,False
B-G1.045-C2,47556,2,1807.75,1,1.75,early25,False
B-G1.045-C2,47556,2,1812.75,2,5.0,early25,False
B-G1.045-C2,47556,2,1821.25,1,8.5,early25,False
B-G1.045-C2,47556,2,1826.5,2,5.25,early25,False
B-G1.045-C2,47556,2,1829.75,1,3.25,early25,False
B-G1.045-C2,47556,2,1834.0,1,4.25,early25,False
B-G1.045-C2,47556,2,1844.0,2,10.0,early25,False
B-G1.045-C2,47556,2,1865.5,2,21.5,early25,False
B-G1.045-C2,47556,2,1870.75,2,5.25,early25,False
B-G1.045-C2,47556,2,1875.25,1,4.5,early25,False
B-G1.045-C2,47556,2,1881.5,1,6.25,early25,False
B-G1.045-C2,47556,2,1888.25,2,6.75,early25,False
B-G1.045-C2,47556,2,1915.5,1,27.25,early25,False
B-G1.045-C2,47556,2,1919.5,2,4.0,early25,False
B-G1.045-C2,47556,2,1922.5,1,3.0,early25,False
B-G1.045-C2,47556,2,1926.0,16,3.5,early25,False
B-G1.045-C2,47556,2,1929.5,1,3.5,early25,False
B-G1.045-C2,47556,2,1931.5,1,2.0,early25,False
B-G1.045-C2,47556,2,1935.5,1,4.0,early25,False
B-G1.045-C2,47556,2,1939.0,1,3.5,early25,False
B-G1.045-C2,47556,2,1945.5,1,6.5,early25,False
B-G1.045-C2,47556,2,1957.25,4,11.75,early25,False
B-G1.045-C2,47556,2,2100.5,1,143.25,middle50,False
B-G1.045-C2,47556,2,2109.25,1,8.75,middle50,False
B-G1.045-C2,47556,2,2112.0,1,2.75,middle50,False
B-G1.045-C2,47556,2,2114.5,1,2.5,middle50,False
B-G1.045-C2,47556,2,2123.25,1,8.75,middle50,False
B-G1.045-C2,47556,2,2128.75,2,5.5,middle50,False
B-G1.045-C2,47556,2,2160.5,1,31.75,middle50,False
B-G1.045-C2,47556,2,2163.25,1,2.75,middle50,False
B-G1.045-C2,47556,2,2167.25,1,4.0,middle50,False
B-G1.045-C2,47556,2,2169.0,1,1.75,middle50,False
B-G1.045-C2,47556,2,2172.25,1,3.25,middle50,False
B-G1.045-C2,47556,2,2176.25,1,4.0,middle50,False
B-G1.045-C2,47556,2,2180.25,1,4.0,middle50,False
B-G1.045-C2,47556,2,2185.25,1,5.0,middle50,False
B-G1.045-C2,47556,2,2197.75,4,12.5,middle50,False
B-G1.045-C2,47556,2,2334.75,2,137.0,middle50,False
B-G1.045-C2,47556,2,2336.0,1,1.25,middle50,False
B-G1.045-C2,47556,2,2339.25,2,3.25,middle50,False
B-G1.045-C2,47556,2,2341.75,1,2.5,middle50,False
B-G1.045-C2,47556,2,2343.0,1,1.25,middle50,False
B-G1.045-C2,47556,2,2350.75,2,7.75,middle50,False
B-G1.045-C2,47556,2,2355.75,1,5.0,middle50,False
B-G1.045-C2,47556,2,2358.75,1,3.0,middle50,False
B-G1.045-C2,47556,2,2385.75,1,27.0,middle50,False
B-G1.045-C2,47556,2,2389.0,1,3.25,middle50,False
B-G1.045-C2,47556,2,2392.0,1,3.0,middle50,False
B-G1.045-C2,47556,2,2395.25,1,3.25,middle50,False
B-G1.045-C2,47556,2,2398.0,1,2.75,middle50,False
B-G1.045-C2,47556,2,2400.75,10,2.75,middle50,False
B-G1.045-C2,47556,2,2404.0,1,3.25,middle50,False
B-G1.045-C2,47556,2,2414.75,1,10.75,middle50,False
B-G1.045-C2,47556,2,2549.5,1,134.75,middle50,False
B-G1.045-C2,47556,2,2553.25,1,3.75,middle50,False
B-G1.045-C2,47556,2,2557.25,1,4.0,middle50,False
B-G1.045-C2,47556,2,2562.0,1,4.75,middle50,False
B-G1.045-C2,47556,2,2565.0,1,3.0,middle50,False
B-G1.045-C2,47556,2,2571.5,1,6.5,middle50,False
B-G1.045-C2,47556,2,2574.5,1,3.0,middle50,False
B-G1.045-C2,47556,2,2577.5,1,3.0,middle50,False
B-G1.045-C2,47556,2,2611.0,1,33.5,middle50,False
B-G1.045-C2,47556,2,2612.75,1,1.75,middle50,False
B-G1.045-C2,47556,2,2621.25,1,8.5,middle50,False
B-G1.045-C2,47556,2,2627.75,1,6.5,middle50,False
B-G1.045-C2,47556,2,2630.75,1,3.0,middle50,False
B-G1.045-C2,47556,2,2635.0,1,4.25,late25,False
B-G1.045-C2,47556,2,2643.5,1,8.5,late25,False
B-G1.045-C2,47556,2,2649.25,2,5.75,late25,False
B-G1.045-C2,47556,2,2768.5,1,119.25,late25,False
B-G1.045-C2,47556,2,2774.75,1,6.25,late25,False
B-G1.045-C2,47556,2,2782.0,1,7.25,late25,False
B-G1.045-C2,47556,2,2788.5,1,6.5,late25,False
B-G1.045-C2,47556,2,2796.0,1,7.5,late25,False
B-G1.045-C2,47556,2,2800.25,1,4.25,late25,False
B-G1.045-C2,47556,2,2828.0,1,27.75,late25,False
B-G1.045-C2,47556,2,2831.25,5,3.25,late25,False
B-G1.045-C2,47556,2,2833.5,1,2.25,late25,False
B-G1.045-C2,47556,2,2841.25,1,7.75,late25,False
B-G1.045-C2,47556,2,2848.0,1,6.75,late25,False
B-G1.045-C2,47556,2,2855.75,1,7.75,late25,False
B-G1.045-C2,47556,2,2868.25,2,12.5,late25,False
B-G1.045-C2,47556,3,2985.75,1,117.5,early25,True
B-G1.045-C2,47556,3,2989.5,1,3.75,early25,True
B-G1.045-C2,47556,3,2990.5,1,1.0,early25,True
B-G1.045-C2,47556,3,2994.75,1,4.25,early25,True
B-G1.045-C2,47556,3,2999.25,1,4.5,early25,True
B-G1.045-C2,47556,3,3004.75,2,5.5,early25,True
B-G1.045-C2,47556,3,3009.5,1,4.75,early25,True
B-G1.045-C2,47556,3,3013.5,1,4.0,early25,True
B-G1.045-C2,47556,3,3039.0,1,25.5,early25,True
B-G1.045-C2,47556,3,3042.0,1,3.0,early25,True
B-G1.045-C2,47556,3,3046.0,13,4.0,early25,True
B-G1.045-C2,47556,3,3047.0,1,1.0,early25,True
B-G1.045-C2,47556,3,3053.0,1,6.0,early25,True
B-G1.045-C2,47556,3,3057.75,1,4.75,early25,True
B-G1.045-C2,47556,3,3060.75,1,3.0,early25,True
B-G1.045-C2,47556,3,3063.5,1,2.75,early25,True
B-G1.045-C2,47556,3,3069.5,1,6.0,early25,True
B-G1.045-C2,47556,3,3070.5,1,1.0,early25,True
B-G1.045-C2,47556,3,3077.75,3,7.25,early25,True
B-G1.045-C2,47556,3,3089.75,1,12.0,early25,True
B-G1.045-C2,47556,3,3093.0,1,3.25,early25,True
B-G1.045-C2,47556,3,3096.75,1,3.75,early25,True
B-G1.045-C2,47556,3,3102.25,1,5.5,early25,True
B-G1.045-C2,47556,3,3105.25,1,3.0,early25,True
B-G1.045-C2,47556,3,3108.0,6,2.75,early25,True
B-G1.045-C2,47556,3,3109.0,1,1.0,early25,True
B-G1.045-C2,47556,3,3115.25,1,6.25,early25,True
B-G1.045-C2,47556,3,3143.5,1,28.25,middle50,True
B-G1.045-C2,47556,3,3155.5,1,12.0,middle50,True
B-G1.045-C2,47556,3,3157.0,1,1.5,middle50,True
B-G1.045-C2,47556,3,3168.0,1,11.0,middle50,True
B-G1.045-C2,47556,3,3171.5,1,3.5,middle50,True
B-G1.045-C2,47556,3,3185.25,3,13.75,middle50,True
B-G1.045-C2,47556,3,3199.0,1,13.75,middle50,True
B-G1.045-C2,47556,3,3200.25,2,1.25,middle50,True
B-G1.045-C2,47556,3,3202.5,1,2.25,middle50,True
B-G1.045-C2,47556,3,3204.0,2,1.5,middle50,True
B-G1.045-C2,47556,3,3205.5,2,1.5,middle50,True
B-G1.045-C2,47556,3,3215.25,1,9.75,middle50,True
B-G1.045-C2,47556,3,3222.25,1,7.0,middle50,True
B-G1.045-C2,47556,3,3260.25,1,38.0,middle50,True
B-G1.045-C2,47556,3,3269.75,1,9.5,middle50,True
B-G1.045-C2,47556,3,3270.75,2,1.0,middle50,True
B-G1.045-C2,47556,3,3271.5,1,0.75,middle50,True
B-G1.045-C2,47556,3,3277.75,2,6.25,middle50,True
B-G1.045-C2,47556,3,3302.5,1,24.75,middle50,True
B-G1.045-C2,47556,3,3306.0,1,3.5,middle50,True
B-G1.045-C2,47556,3,3314.0,1,8.0,middle50,True
B-G1.045-C2,47556,3,3316.5,4,2.5,middle50,True
B-G1.045-C2,47556,3,3357.5,2,41.0,middle50,True
B-G1.045-C2,47556,3,3371.25,1,13.75,middle50,True
B-G1.045-C2,47556,3,3373.5,1,2.25,middle50,True
B-G1.045-C2,47556,3,3380.75,1,7.25,middle50,True
B-G1.045-C2,47556,3,3398.0,4,17.25,middle50,True
B-G1.045-C2,47556,3,3411.25,1,13.25,middle50,True
B-G1.045-C2,47556,3,3419.75,1,8.5,middle50,True
B-G1.045-C2,47556,3,3425.0,1,5.25,middle50,True
B-G1.045-C2,47556,3,3431.75,1,6.75,middle50,True
B-G1.045-C2,47556,3,3474.5,1,42.75,late25,True
B-G1.045-C2,47556,3,3486.25,1,11.75,late25,True
B-G1.045-C2,47556,3,3499.0,1,12.75,late25,True
B-G1.045-C2,47556,3,3504.75,1,5.75,late25,True
B-G1.045-C2,47556,3,3517.75,1,13.0,late25,True
B-G1.045-C2,47556,3,3520.75,1,3.0,late25,True
B-G1.045-C2,47556,3,3540.25,1,19.5,late25,True
B-G1.045-C2,47556,3,3544.25,1,4.0,late25,True
B-G1.045-C2,47556,3,3574.5,3,30.25,late25,True
B-G1.045-C2,47556,3,3577.0,1,2.5,late25,True
B-G1.045-C2,47556,3,3578.0,1,1.0,late25,True
B-G1.045-C2,47556,3,3582.75,1,4.75,late25,True
B-G1.045-C2,47556,3,3595.5,1,12.75,late25,True
B-G1.045-C2,55475,0,0.25,3,,early25,False
B-G1.045-C2,55475,0,8.5,1,8.25,early25,False
B-G1.045-C2,55475,0,25.25,1,16.75,early25,False
B-G1.045-C2,55475,0,44.0,1,18.75,early25,False
B-G1.045-C2,55475,0,57.5,1,13.5,early25,False
B-G1.045-C2,55475,0,102.0,1,44.5,early25,False
B-G1.045-C2,55475,0,115.5,1,13.5,early25,False
B-G1.045-C2,55475,0,119.5,1,4.0,early25,False
B-G1.045-C2,55475,0,160.75,1,41.25,early25,False
B-G1.045-C2,55475,0,172.75,1,12.0,early25,False
B-G1.045-C2,55475,0,178.25,1,5.5,early25,False
B-G1.045-C2,55475,0,212.0,1,33.75,early25,False
B-G1.045-C2,55475,0,217.75,1,5.75,early25,False
B-G1.045-C2,55475,0,229.25,1,11.5,early25,False
B-G1.045-C2,55475,0,269.5,1,40.25,middle50,False
B-G1.045-C2,55475,0,277.75,1,8.25,middle50,False
B-G1.045-C2,55475,0,287.0,1,9.25,middle50,False
B-G1.045-C2,55475,0,293.75,1,6.75,middle50,False
B-G1.045-C2,55475,0,304.25,2,10.5,middle50,False
B-G1.045-C2,55475,0,329.0,1,24.75,middle50,False
B-G1.045-C2,55475,0,342.25,1,13.25,middle50,False
B-G1.045-C2,55475,0,348.25,1,6.0,middle50,False
B-G1.045-C2,55475,0,355.0,13,6.75,middle50,False
B-G1.045-C2,55475,0,518.75,1,163.75,middle50,False
B-G1.045-C2,55475,0,562.5,1,43.75,middle50,False
B-G1.045-C2,55475,0,572.75,1,10.25,middle50,False
B-G1.045-C2,55475,0,580.75,1,8.0,middle50,False
B-G1.045-C2,55475,0,597.5,1,16.75,middle50,False
B-G1.045-C2,55475,0,743.25,1,145.75,late25,False
B-G1.045-C2,55475,0,751.5,1,8.25,late25,False
B-G1.045-C2,55475,0,758.75,1,7.25,late25,False
B-G1.045-C2,55475,0,762.75,1,4.0,late25,False
B-G1.045-C2,55475,0,768.25,1,5.5,late25,False
B-G1.045-C2,55475,0,795.0,11,26.75,late25,False
B-G1.045-C2,55475,0,805.5,1,10.5,late25,False
B-G1.045-C2,55475,0,809.75,1,4.25,late25,False
B-G1.045-C2,55475,0,811.75,1,2.0,late25,False
B-G1.045-C2,55475,0,817.0,1,5.25,late25,False
B-G1.045-C2,55475,0,822.5,1,5.5,late25,False
B-G1.045-C2,55475,1,955.0,1,132.5,early25,False
B-G1.045-C2,55475,1,956.25,1,1.25,early25,False
B-G1.045-C2,55475,1,959.25,1,3.0,early25,False
B-G1.045-C2,55475,1,960.5,1,1.25,early25,False
B-G1.045-C2,55475,1,963.0,1,2.5,early25,False
B-G1.045-C2,55475,1,965.0,1,2.0,early25,False
B-G1.045-C2,55475,1,967.0,1,2.0,early25,False
B-G1.045-C2,55475,1,968.75,1,1.75,early25,False
B-G1.045-C2,55475,1,972.25,1,3.5,early25,False
B-G1.045-C2,55475,1,981.75,2,9.5,early25,False
B-G1.045-C2,55475,1,1011.5,1,29.75,early25,False
B-G1.045-C2,55475,1,1014.0,1,2.5,early25,False
B-G1.045-C2,55475,1,1017.0,1,3.0,early25,False
B-G1.045-C2,55475,1,1020.25,1,3.25,early25,False
B-G1.045-C2,55475,1,1023.75,2,3.5,early25,False
B-G1.045-C2,55475,1,1028.75,1,5.0,early25,False
B-G1.045-C2,55475,1,1030.75,1,2.0,early25,False
B-G1.045-C2,55475,1,1035.5,2,4.75,early25,False
B-G1.045-C2,55475,1,1040.0,2,4.5,early25,False
B-G1.045-C2,55475,1,1077.75,1,37.75,early25,False
B-G1.045-C2,55475,1,1084.75,1,7.0,early25,False
B-G1.045-C2,55475,1,1122.5,1,37.75,early25,False
B-G1.045-C2,55475,1,1130.0,1,7.5,middle50,False
B-G1.045-C2,55475,1,1132.5,1,2.5,middle50,False
B-G1.045-C2,55475,1,1140.5,2,8.0,middle50,False
B-G1.045-C2,55475,1,1145.0,1,4.5,middle50,False
B-G1.045-C2,55475,1,1147.75,1,2.75,middle50,False
B-G1.045-C2,55475,1,1151.25,1,3.5,middle50,False
B-G1.045-C2,55475,1,1163.0,5,11.75,middle50,False
B-G1.045-C2,55475,1,1305.5,1,142.5,middle50,False
B-G1.045-C2,55475,1,1314.5,1,9.0,middle50,False
B-G1.045-C2,55475,1,1320.0,2,5.5,middle50,False
B-G1.045-C2,55475,1,1324.0,1,4.0,middle50,False
B-G1.045-C2,55475,1,1330.75,1,6.75,middle50,False
B-G1.045-C2,55475,1,1337.0,2,6.25,middle50,False
B-G1.045-C2,55475,1,1358.5,1,21.5,middle50,False
B-G1.045-C2,55475,1,1362.25,1,3.75,middle50,False
B-G1.045-C2,55475,1,1366.75,13,4.5,middle50,False
B-G1.045-C2,55475,1,1371.5,1,4.75,middle50,False
B-G1.045-C2,55475,1,1378.5,1,7.0,middle50,False
B-G1.045-C2,55475,1,1380.75,1,2.25,middle50,False
B-G1.045-C2,55475,1,1388.75,1,8.0,middle50,False
B-G1.045-C2,55475,1,1522.0,1,133.25,late25,False
B-G1.045-C2,55475,1,1526.25,2,4.25,late25,False
B-G1.045-C2,55475,1,1529.25,1,3.0,late25,False
B-G1.045-C2,55475,1,1535.5,1,6.25,late25,False
B-G1.045-C2,55475,1,1539.25,1,3.75,late25,False
B-G1.045-C2,55475,1,1543.5,1,4.25,late25,False
B-G1.045-C2,55475,1,1547.5,1,4.0,late25,False
B-G1.045-C2,55475,1,1550.0,1,2.5,late25,False
B-G1.045-C2,55475,1,1575.25,1,25.25,late25,False
B-G1.045-C2,55475,1,1577.75,12,2.5,late25,False
B-G1.045-C2,55475,1,1583.75,1,6.0,late25,False
B-G1.045-C2,55475,1,1592.25,1,8.5,late25,False
B-G1.045-C2,55475,1,1594.5,1,2.25,late25,False
B-G1.045-C2,55475,1,1596.0,1,1.5,late25,False
B-G1.045-C2,55475,1,1602.5,1,6.5,late25,False
B-G1.045-C2,55475,1,1605.0,1,2.5,late25,False
B-G1.045-C2,55475,2,1730.5,1,125.5,early25,False
B-G1.045-C2,55475,2,1732.5,1,2.0,early25,False
B-G1.045-C2,55475,2,1734.0,1,1.5,early25,False
B-G1.045-C2,55475,2,1740.0,2,6.0,early25,False
B-G1.045-C2,55475,2,1742.5,2,2.5,early25,False
B-G1.045-C2,55475,2,1745.5,2,3.0,early25,False
B-G1.045-C2,55475,2,1747.0,1,1.5,early25,False
B-G1.045-C2,55475,2,1749.25,1,2.25,early25,False
B-G1.045-C2,55475,2,1751.0,1,1.75,early25,False
B-G1.045-C2,55475,2,1758.0,3,7.0,early25,False
B-G1.045-C2,55475,2,1789.25,4,31.25,early25,False
B-G1.045-C2,55475,2,1793.5,1,4.25,early25,False
B-G1.045-C2,55475,2,1794.5,1,1.0,early25,False
B-G1.045-C2,55475,2,1798.5,2,4.0,early25,False
B-G1.045-C2,55475,2,1804.0,3,5.5,early25,False
B-G1.045-C2,55475,2,1815.0,3,11.0,early25,False
B-G1.045-C2,55475,2,1852.75,1,37.75,early25,False
B-G1.045-C2,55475,2,1860.5,3,7.75,early25,False
B-G1.045-C2,55475,2,1863.75,1,3.25,early25,False
B-G1.045-C2,55475,2,1874.0,3,10.25,early25,False
B-G1.045-C2,55475,2,1918.25,2,44.25,early25,False
B-G1.045-C2,55475,2,1924.0,1,5.75,early25,False
B-G1.045-C2,55475,2,1928.0,1,4.0,early25,False
B-G1.045-C2,55475,2,1929.75,1,1.75,early25,False
B-G1.045-C2,55475,2,1955.25,2,25.5,early25,False
B-G1.045-C2,55475,2,1962.75,2,7.5,early25,False
B-G1.045-C2,55475,2,1967.0,2,4.25,early25,False
B-G1.045-C2,55475,2,2007.75,2,40.75,early25,False
B-G1.045-C2,55475,2,2011.5,2,3.75,early25,False
B-G1.045-C2,55475,2,2015.5,1,4.0,early25,False
B-G1.045-C2,55475,2,2018.75,2,3.25,early25,False
B-G1.045-C2,55475,2,2022.0,1,3.25,early25,False
B-G1.045-C2,55475,2,2024.5,1,2.5,early25,False
B-G1.045-C2,55475,2,2028.75,1,4.25,early25,False
B-G1.045-C2,55475,2,2033.0,2,4.25,early25,False
B-G1.045-C2,55475,2,2043.25,2,10.25,early25,False
B-G1.045-C2,55475,2,2063.25,1,20.0,early25,False
B-G1.045-C2,55475,2,2073.25,2,10.0,early25,False
B-G1.045-C2,55475,2,2077.0,1,3.75,middle50,False
B-G1.045-C2,55475,2,2086.0,1,9.0,middle50,False
B-G1.045-C2,55475,2,2093.0,3,7.0,middle50,False
B-G1.045-C2,55475,2,2117.25,1,24.25,middle50,False
B-G1.045-C2,55475,2,2124.5,1,7.25,middle50,False
B-G1.045-C2,55475,2,2128.25,3,3.75,middle50,False
B-G1.045-C2,55475,2,2131.0,1,2.75,middle50,False
B-G1.045-C2,55475,2,2134.5,2,3.5,middle50,False
B-G1.045-C2,55475,2,2138.25,2,3.75,middle50,False
B-G1.045-C2,55475,2,2140.0,1,1.75,middle50,False
B-G1.045-C2,55475,2,2141.75,1,1.75,middle50,False
B-G1.045-C2,55475,2,2143.25,1,1.5,middle50,False
B-G1.045-C2,55475,2,2151.0,2,7.75,middle50,False
B-G1.045-C2,55475,2,2157.0,4,6.0,middle50,False
B-G1.045-C2,55475,2,2293.25,1,136.25,middle50,False
B-G1.045-C2,55475,2,2295.25,1,2.0,middle50,False
B-G1.045-C2,55475,2,2298.5,1,3.25,middle50,False
B-G1.045-C2,55475,2,2303.75,1,5.25,middle50,False
B-G1.045-C2,55475,2,2307.25,1,3.5,middle50,False
B-G1.045-C2,55475,2,2312.5,1,5.25,middle50,False
B-G1.045-C2,55475,2,2315.0,2,2.5,middle50,False
B-G1.045-C2,55475,2,2325.5,2,10.5,middle50,False
B-G1.045-C2,55475,2,2352.75,2,27.25,middle50,False
B-G1.045-C2,55475,2,2354.25,1,1.5,middle50,False
B-G1.045-C2,55475,2,2356.5,1,2.25,middle50,False
B-G1.045-C2,55475,2,2358.75,1,2.25,middle50,False
B-G1.045-C2,55475,2,2364.25,1,5.5,middle50,False
B-G1.045-C2,55475,2,2367.0,1,2.75,middle50,False
B-G1.045-C2,55475,2,2371.25,1,4.25,middle50,False
B-G1.045-C2,55475,2,2374.0,1,2.75,middle50,False
B-G1.045-C2,55475,2,2378.0,1,4.0,middle50,False
B-G1.045-C2,55475,2,2382.0,1,4.0,middle50,False
B-G1.045-C2,55475,2,2526.0,1,144.0,middle50,False
B-G1.045-C2,55475,2,2531.0,1,5.0,middle50,False
B-G1.045-C2,55475,2,2536.0,2,5.0,middle50,False
B-G1.045-C2,55475,2,2538.5,1,2.5,middle50,False
B-G1.045-C2,55475,2,2546.75,1,8.25,middle50,False
B-G1.045-C2,55475,2,2550.5,1,3.75,middle50,False
B-G1.045-C2,55475,2,2578.5,1,28.0,middle50,False
B-G1.045-C2,55475,2,2584.0,1,5.5,middle50,False
B-G1.045-C2,55475,2,2589.0,2,5.0,middle50,False
B-G1.045-C2,55475,2,2591.0,1,2.0,middle50,False
B-G1.045-C2,55475,2,2595.0,1,4.0,middle50,False
B-G1.045-C2,55475,2,2599.75,1,4.75,middle50,False
B-G1.045-C2,55475,2,2604.0,1,4.25,middle50,False
B-G1.045-C2,55475,2,2607.0,1,3.0,middle50,False
B-G1.045-C2,55475,2,2610.0,1,3.0,middle50,False
B-G1.045-C2,55475,2,2751.0,1,141.0,middle50,False
B-G1.045-C2,55475,2,2754.25,1,3.25,middle50,False
B-G1.045-C2,55475,2,2756.25,1,2.0,middle50,False
B-G1.045-C2,55475,2,2761.75,1,5.5,middle50,False
B-G1.045-C2,55475,2,2766.5,1,4.75,middle50,False
B-G1.045-C2,55475,2,2768.75,1,2.25,middle50,False
B-G1.045-C2,55475,2,2780.75,1,12.0,middle50,False
B-G1.045-C2,55475,2,2809.5,1,28.75,late25,False
B-G1.045-C2,55475,2,2812.0,1,2.5,late25,False
B-G1.045-C2,55475,2,2816.0,1,4.0,late25,False
B-G1.045-C2,55475,2,2818.0,7,2.0,late25,False
B-G1.045-C2,55475,2,2821.0,1,3.0,late25,False
B-G1.045-C2,55475,2,2824.0,1,3.0,late25,False
B-G1.045-C2,55475,2,2827.0,1,3.0,late25,False
B-G1.045-C2,55475,2,2830.5,1,3.5,late25,False
B-G1.045-C2,55475,2,2835.75,1,5.25,late25,False
B-G1.045-C2,55475,2,2842.75,1,7.0,late25,False
B-G1.045-C2,55475,2,2966.0,1,123.25,late25,False
B-G1.045-C2,55475,2,2975.0,1,9.0,late25,False
B-G1.045-C2,55475,2,2978.25,1,3.25,late25,False
B-G1.045-C2,55475,2,2984.75,1,6.5,late25,False
B-G1.045-C2,55475,2,2992.75,1,8.0,late25,False
B-G1.045-C2,55475,2,2996.75,1,4.0,late25,False
B-G1.045-C2,55475,2,3022.0,1,25.25,late25,False
B-G1.045-C2,55475,2,3025.0,7,3.0,late25,False
B-G1.045-C2,55475,2,3030.75,1,5.75,late25,False
B-G1.045-C2,55475,2,3040.5,1,9.75,late25,False
B-G1.045-C2,55475,2,3047.25,2,6.75,late25,False
B-G1.045-C2,55475,2,3050.75,1,3.5,late25,False
B-G1.045-C2,55475,3,3177.5,2,126.75,early25,True
B-G1.045-C2,55475,3,3180.0,1,2.5,early25,True
B-G1.045-C2,55475,3,3181.5,1,1.5,early25,True
B-G1.045-C2,55475,3,3186.25,1,4.75,early25,True
B-G1.045-C2,55475,3,3190.75,2,4.5,early25,True
B-G1.045-C2,55475,3,3196.25,1,5.5,early25,True
B-G1.045-C2,55475,3,3199.5,1,3.25,early25,True
B-G1.045-C2,55475,3,3203.75,1,4.25,early25,True
B-G1.045-C2,55475,3,3207.25,1,3.5,early25,True
B-G1.045-C2,55475,3,3231.0,1,23.75,early25,True
B-G1.045-C2,55475,3,3234.75,1,3.75,early25,True
B-G1.045-C2,55475,3,3239.25,1,4.5,early25,True
B-G1.045-C2,55475,3,3243.25,2,4.0,early25,True
B-G1.045-C2,55475,3,3247.0,1,3.75,early25,True
B-G1.045-C2,55475,3,3250.0,1,3.0,early25,True
B-G1.045-C2,55475,3,3253.75,1,3.75,early25,True
B-G1.045-C2,55475,3,3257.25,1,3.5,early25,True
B-G1.045-C2,55475,3,3261.5,12,4.25,early25,True
B-G1.045-C2,55475,3,3264.75,1,3.25,early25,True
B-G1.045-C2,55475,3,3273.0,6,8.25,middle50,True
B-G1.045-C2,55475,3,3293.25,1,20.25,middle50,True
B-G1.045-C2,55475,3,3303.0,1,9.75,middle50,True
B-G1.045-C2,55475,3,3308.75,7,5.75,middle50,True
B-G1.045-C2,55475,3,3338.75,1,30.0,middle50,True
B-G1.045-C2,55475,3,3341.5,1,2.75,middle50,True
B-G1.045-C2,55475,3,3346.25,1,4.75,middle50,True
B-G1.045-C2,55475,3,3348.0,1,1.75,middle50,True
B-G1.045-C2,55475,3,3350.0,1,2.0,middle50,True
B-G1.045-C2,55475,3,3351.75,1,1.75,middle50,True
B-G1.045-C2,55475,3,3360.75,1,9.0,middle50,True
B-G1.045-C2,55475,3,3363.75,1,3.0,middle50,True
B-G1.045-C2,55475,3,3374.75,1,11.0,middle50,True
B-G1.045-C2,55475,3,3387.0,1,12.25,middle50,True
B-G1.045-C2,55475,3,3392.0,1,5.0,middle50,True
B-G1.045-C2,55475,3,3398.25,1,6.25,middle50,True
B-G1.045-C2,55475,3,3402.0,1,3.75,middle50,True
B-G1.045-C2,55475,3,3410.0,1,8.0,middle50,True
B-G1.045-C2,55475,3,3413.25,1,3.25,middle50,True
B-G1.045-C2,55475,3,3417.25,6,4.0,middle50,True
B-G1.045-C2,55475,3,3446.25,1,29.0,middle50,True
B-G1.045-C2,55475,3,3449.25,1,3.0,middle50,True
B-G1.045-C2,55475,3,3455.75,1,6.5,middle50,True
B-G1.045-C2,55475,3,3460.75,1,5.0,middle50,True
B-G1.045-C2,55475,3,3465.0,1,4.25,middle50,True
B-G1.045-C2,55475,3,3469.0,1,4.0,middle50,True
B-G1.045-C2,55475,3,3481.25,1,12.25,middle50,True
B-G1.045-C2,55475,3,3507.5,1,26.25,late25,True
B-G1.045-C2,55475,3,3509.75,1,2.25,late25,True
B-G1.045-C2,55475,3,3515.25,1,5.5,late25,True
B-G1.045-C2,55475,3,3521.75,1,6.5,late25,True
B-G1.045-C2,55475,3,3529.0,5,7.25,late25,True
B-G1.045-C2,55475,3,3558.25,1,29.25,late25,True
B-G1.045-C2,55475,3,3569.75,1,11.5,late25,True
B-G1.045-C2,55475,3,3575.0,1,5.25,late25,True
B-G1.045-C2,55475,3,3580.5,1,5.5,late25,True
B-G1.045-C2,55475,3,3596.25,1,15.75,late25,True
B-G1.045-C2,63394,0,0.25,3,,early25,False
B-G1.045-C2,63394,0,8.25,1,8.0,early25,False
B-G1.045-C2,63394,0,33.75,1,25.5,early25,False
B-G1.045-C2,63394,0,38.75,1,5.0,early25,False
B-G1.045-C2,63394,0,46.25,1,7.5,early25,False
B-G1.045-C2,63394,0,90.5,1,44.25,early25,False
B-G1.045-C2,63394,0,105.75,1,15.25,early25,False
B-G1.045-C2,63394,0,108.75,1,3.0,early25,False
B-G1.045-C2,63394,0,112.75,1,4.0,early25,False
B-G1.045-C2,63394,0,167.5,1,54.75,early25,False
B-G1.045-C2,63394,0,177.0,1,9.5,early25,False
B-G1.045-C2,63394,0,184.0,1,7.0,early25,False
B-G1.045-C2,63394,0,216.25,2,32.25,middle50,False
B-G1.045-C2,63394,0,224.5,1,8.25,middle50,False
B-G1.045-C2,63394,0,228.75,1,4.25,middle50,False
B-G1.045-C2,63394,0,235.0,1,6.25,middle50,False
B-G1.045-C2,63394,0,241.75,14,6.75,middle50,False
B-G1.045-C2,63394,0,450.25,1,208.5,middle50,False
B-G1.045-C2,63394,0,458.25,1,8.0,middle50,False
B-G1.045-C2,63394,0,464.25,1,6.0,middle50,False
B-G1.045-C2,63394,0,466.5,1,2.25,middle50,False
B-G1.045-C2,63394,0,475.75,1,9.25,middle50,False
B-G1.045-C2,63394,0,480.0,1,4.25,middle50,False
B-G1.045-C2,63394,0,633.5,1,153.5,late25,False
B-G1.045-C2,63394,0,643.0,1,9.5,late25,False
B-G1.045-C2,63394,0,648.25,1,5.25,late25,False
B-G1.045-C2,63394,0,653.25,1,5.0,late25,False
B-G1.045-C2,63394,0,682.25,1,29.0,late25,False
B-G1.045-C2,63394,0,685.25,1,3.0,late25,False
B-G1.045-C2,63394,0,692.75,1,7.5,late25,False
B-G1.045-C2,63394,0,699.75,1,7.0,late25,False
B-G1.045-C2,63394,0,704.75,1,5.0,late25,False
B-G1.045-C2,63394,0,709.5,1,4.75,late25,False
B-G1.045-C2,63394,1,846.25,1,136.75,early25,False
B-G1.045-C2,63394,1,852.5,1,6.25,early25,False
B-G1.045-C2,63394,1,854.5,1,2.0,early25,False
B-G1.045-C2,63394,1,857.0,1,2.5,early25,False
B-G1.045-C2,63394,1,862.0,2,5.0,early25,False
B-G1.045-C2,63394,1,867.5,1,5.5,early25,False
B-G1.045-C2,63394,1,872.5,2,5.0,early25,False
B-G1.045-C2,63394,1,879.5,2,7.0,early25,False
B-G1.045-C2,63394,1,903.75,1,24.25,early25,False
B-G1.045-C2,63394,1,907.25,2,3.5,early25,False
B-G1.045-C2,63394,1,912.0,1,4.75,early25,False
B-G1.045-C2,63394,1,916.5,22,4.5,early25,False
B-G1.045-C2,63394,1,926.75,1,10.25,early25,False
B-G1.045-C2,63394,1,930.0,1,3.25,early25,False
B-G1.045-C2,63394,1,930.5,1,0.5,early25,False
B-G1.045-C2,63394,1,942.0,6,11.5,early25,False
B-G1.045-C2,63394,1,955.5,1,13.5,early25,False
B-G1.045-C2,63394,1,958.75,1,3.25,early25,False
B-G1.045-C2,63394,1,964.5,1,5.75,early25,False
B-G1.045-C2,63394,1,968.25,1,3.75,early25,False
B-G1.045-C2,63394,1,973.0,1,4.75,early25,False
B-G1.045-C2,63394,1,977.0,1,4.0,early25,False
B-G1.045-C2,63394,1,979.5,1,2.5,early25,False
B-G1.045-C2,63394,1,1020.5,1,41.0,middle50,False
B-G1.045-C2,63394,1,1023.75,1,3.25,middle50,False
B-G1.045-C2,63394,1,1030.25,1,6.5,middle50,False
B-G1.045-C2,63394,1,1034.25,2,4.0,middle50,False
B-G1.045-C2,63394,1,1039.25,1,5.0,middle50,False
B-G1.045-C2,63394,1,1047.75,1,8.5,middle50,False
B-G1.045-C2,63394,1,1186.25,1,138.5,middle50,False
B-G1.045-C2,63394,1,1191.5,1,5.25,middle50,False
B-G1.045-C2,63394,1,1193.5,1,2.0,middle50,False
B-G1.045-C2,63394,1,1196.75,1,3.25,middle50,False
B-G1.045-C2,63394,1,1201.5,1,4.75,middle50,False
B-G1.045-C2,63394,1,1208.0,1,6.5,middle50,False
B-G1.045-C2,63394,1,1214.0,1,6.0,middle50,False
B-G1.045-C2,63394,1,1242.75,2,28.75,middle50,False
B-G1.045-C2,63394,1,1245.75,1,3.0,middle50,False
B-G1.045-C2,63394,1,1247.5,1,1.75,middle50,False
B-G1.045-C2,63394,1,1250.5,1,3.0,middle50,False
B-G1.045-C2,63394,1,1252.0,1,1.5,middle50,False
B-G1.045-C2,63394,1,1255.25,1,3.25,middle50,False
B-G1.045-C2,63394,1,1259.0,1,3.75,middle50,False
B-G1.045-C2,63394,1,1263.75,1,4.75,middle50,False
B-G1.045-C2,63394,1,1270.0,1,6.25,middle50,False
B-G1.045-C2,63394,1,1272.5,1,2.5,middle50,False
B-G1.045-C2,63394,1,1284.5,4,12.0,middle50,False
B-G1.045-C2,63394,1,1408.0,1,123.5,middle50,False
B-G1.045-C2,63394,1,1411.25,1,3.25,late25,False
B-G1.045-C2,63394,1,1415.0,1,3.75,late25,False
B-G1.045-C2,63394,1,1418.75,1,3.75,late25,False
B-G1.045-C2,63394,1,1422.0,1,3.25,late25,False
B-G1.045-C2,63394,1,1425.75,1,3.75,late25,False
B-G1.045-C2,63394,1,1429.5,1,3.75,late25,False
B-G1.045-C2,63394,1,1434.25,1,4.75,late25,False
B-G1.045-C2,63394,1,1438.5,1,4.25,late25,False
B-G1.045-C2,63394,1,1467.0,1,28.5,late25,False
B-G1.045-C2,63394,1,1469.75,12,2.75,late25,False
B-G1.045-C2,63394,1,1475.25,1,5.5,late25,False
B-G1.045-C2,63394,1,1479.25,1,4.0,late25,False
B-G1.045-C2,63394,1,1484.75,1,5.5,late25,False
B-G1.045-C2,63394,1,1487.75,1,3.0,late25,False
B-G1.045-C2,63394,1,1490.5,1,2.75,late25,False
B-G1.045-C2,63394,1,1494.25,1,3.75,late25,False
B-G1.045-C2,63394,2,1622.0,1,127.75,early25,False
B-G1.045-C2,63394,2,1625.75,2,3.75,early25,False
B-G1.045-C2,63394,2,1628.5,1,2.75,early25,False
B-G1.045-C2,63394,2,1630.5,1,2.0,early25,False
B-G1.045-C2,63394,2,1632.25,1,1.75,early25,False
B-G1.045-C2,63394,2,1635.0,2,2.75,early25,False
B-G1.045-C2,63394,2,1644.75,4,9.75,early25,False
B-G1.045-C2,63394,2,1650.0,1,5.25,early25,False
B-G1.045-C2,63394,2,1681.75,2,31.75,early25,False
B-G1.045-C2,63394,2,1685.75,1,4.0,early25,False
B-G1.045-C2,63394,2,1691.75,2,6.0,early25,False
B-G1.045-C2,63394,2,1695.0,1,3.25,early25,False
B-G1.045-C2,63394,2,1702.5,3,7.5,early25,False
B-G1.045-C2,63394,2,1708.0,3,5.5,early25,False
B-G1.045-C2,63394,2,1715.75,1,7.75,early25,False
B-G1.045-C2,63394,2,1736.5,2,20.75,early25,False
B-G1.045-C2,63394,2,1742.25,3,5.75,early25,False
B-G1.045-C2,63394,2,1788.5,2,46.25,early25,False
B-G1.045-C2,63394,2,1801.5,4,13.0,early25,False
B-G1.045-C2,63394,2,1806.75,3,5.25,early25,False
B-G1.045-C2,63394,2,1838.0,2,31.25,early25,False
B-G1.045-C2,63394,2,1850.0,2,12.0,early25,False
B-G1.045-C2,63394,2,1854.0,1,4.0,early25,False
B-G1.045-C2,63394,2,1858.5,1,4.5,early25,False
B-G1.045-C2,63394,2,1898.75,2,40.25,early25,False
B-G1.045-C2,63394,2,1903.5,3,4.75,early25,False
B-G1.045-C2,63394,2,1908.5,3,5.0,early25,False
B-G1.045-C2,63394,2,1913.5,2,5.0,early25,False
B-G1.045-C2,63394,2,1920.0,2,6.5,early25,False
B-G1.045-C2,63394,2,1927.75,1,7.75,early25,False
B-G1.045-C2,63394,2,1933.75,5,6.0,early25,False
B-G1.045-C2,63394,2,1948.75,1,15.0,early25,False
B-G1.045-C2,63394,2,1949.75,3,1.0,early25,False
B-G1.045-C2,63394,2,1955.0,2,5.25,early25,False
B-G1.045-C2,63394,2,1960.25,1,5.25,early25,False
B-G1.045-C2,63394,2,1963.0,1,2.75,early25,False
B-G1.045-C2,63394,2,1969.25,2,6.25,early25,False
B-G1.045-C2,63394,2,2004.0,1,34.75,middle50,False
B-G1.045-C2,63394,2,2009.25,2,5.25,middle50,False
B-G1.045-C2,63394,2,2011.75,2,2.5,middle50,False
B-G1.045-C2,63394,2,2017.75,1,6.0,middle50,False
B-G1.045-C2,63394,2,2023.0,2,5.25,middle50,False
B-G1.045-C2,63394,2,2025.5,1,2.5,middle50,False
B-G1.045-C2,63394,2,2028.75,1,3.25,middle50,False
B-G1.045-C2,63394,2,2035.75,1,7.0,middle50,False
B-G1.045-C2,63394,2,2042.0,4,6.25,middle50,False
B-G1.045-C2,63394,2,2179.75,1,137.75,middle50,False
B-G1.045-C2,63394,2,2188.25,2,8.5,middle50,False
B-G1.045-C2,63394,2,2193.25,1,5.0,middle50,False
B-G1.045-C2,63394,2,2196.25,1,3.0,middle50,False
B-G1.045-C2,63394,2,2205.75,1,9.5,middle50,False
B-G1.045-C2,63394,2,2235.75,2,30.0,middle50,False
B-G1.045-C2,63394,2,2237.5,1,1.75,middle50,False
B-G1.045-C2,63394,2,2241.0,1,3.5,middle50,False
B-G1.045-C2,63394,2,2245.5,1,4.5,middle50,False
B-G1.045-C2,63394,2,2258.0,1,12.5,middle50,False
B-G1.045-C2,63394,2,2262.25,1,4.25,middle50,False
B-G1.045-C2,63394,2,2271.0,2,8.75,middle50,False
B-G1.045-C2,63394,2,2418.75,2,147.75,middle50,False
B-G1.045-C2,63394,2,2423.75,1,5.0,middle50,False
B-G1.045-C2,63394,2,2426.25,1,2.5,middle50,False
B-G1.045-C2,63394,2,2428.75,1,2.5,middle50,False
B-G1.045-C2,63394,2,2438.0,2,9.25,middle50,False
B-G1.045-C2,63394,2,2440.5,1,2.5,middle50,False
B-G1.045-C2,63394,2,2469.5,1,29.0,middle50,False
B-G1.045-C2,63394,2,2474.0,1,4.5,middle50,False
B-G1.045-C2,63394,2,2478.0,1,4.0,middle50,False
B-G1.045-C2,63394,2,2482.0,1,4.0,middle50,False
B-G1.045-C2,63394,2,2484.5,1,2.5,middle50,False
B-G1.045-C2,63394,2,2488.5,1,4.0,middle50,False
B-G1.045-C2,63394,2,2492.75,1,4.25,middle50,False
B-G1.045-C2,63394,2,2496.0,1,3.25,middle50,False
B-G1.045-C2,63394,2,2509.5,3,13.5,middle50,False
B-G1.045-C2,63394,2,2636.75,1,127.25,middle50,False
B-G1.045-C2,63394,2,2648.75,1,12.0,middle50,False
B-G1.045-C2,63394,2,2651.75,1,3.0,middle50,False
B-G1.045-C2,63394,2,2654.25,1,2.5,middle50,False
B-G1.045-C2,63394,2,2661.5,1,7.25,middle50,False
B-G1.045-C2,63394,2,2665.5,1,4.0,middle50,False
B-G1.045-C2,63394,2,2669.5,1,4.0,middle50,False
B-G1.045-C2,63394,2,2694.5,1,25.0,middle50,False
B-G1.045-C2,63394,2,2697.5,9,3.0,late25,False
B-G1.045-C2,63394,2,2702.0,1,4.5,late25,False
B-G1.045-C2,63394,2,2706.75,1,4.75,late25,False
B-G1.045-C2,63394,2,2710.0,1,3.25,late25,False
B-G1.045-C2,63394,2,2714.5,1,4.5,late25,False
B-G1.045-C2,63394,2,2720.0,1,5.5,late25,False
B-G1.045-C2,63394,2,2724.25,1,4.25,late25,False
B-G1.045-C2,63394,2,2865.0,1,140.75,late25,False
B-G1.045-C2,63394,2,2867.75,1,2.75,late25,False
B-G1.045-C2,63394,2,2872.0,1,4.25,late25,False
B-G1.045-C2,63394,2,2875.5,1,3.5,late25,False
B-G1.045-C2,63394,2,2880.0,1,4.5,late25,False
B-G1.045-C2,63394,2,2886.25,1,6.25,late25,False
B-G1.045-C2,63394,2,2892.0,1,5.75,late25,False
B-G1.045-C2,63394,2,2918.75,1,26.75,late25,False
B-G1.045-C2,63394,2,2925.0,1,6.25,late25,False
B-G1.045-C2,63394,2,2927.5,1,2.5,late25,False
B-G1.045-C2,63394,2,2930.5,7,3.0,late25,False
B-G1.045-C2,63394,2,2939.25,1,8.75,late25,False
B-G1.045-C2,63394,2,2943.5,1,4.25,late25,False
B-G1.045-C2,63394,2,2954.0,1,10.5,late25,False
B-G1.045-C2,63394,2,2961.75,4,7.75,late25,False
B-G1.045-C2,63394,3,3077.0,1,115.25,early25,True
B-G1.045-C2,63394,3,3079.25,1,2.25,early25,True
B-G1.045-C2,63394,3,3083.0,1,3.75,early25,True
B-G1.045-C2,63394,3,3089.5,1,6.5,early25,True
B-G1.045-C2,63394,3,3092.5,2,3.0,early25,True
B-G1.045-C2,63394,3,3097.75,1,5.25,early25,True
B-G1.045-C2,63394,3,3102.25,1,4.5,early25,True
B-G1.045-C2,63394,3,3106.75,1,4.5,early25,True
B-G1.045-C2,63394,3,3131.75,1,25.0,early25,True
B-G1.045-C2,63394,3,3135.75,1,4.0,early25,True
B-G1.045-C2,63394,3,3139.5,1,3.75,early25,True
B-G1.045-C2,63394,3,3142.5,1,3.0,early25,True
B-G1.045-C2,63394,3,3145.75,11,3.25,early25,True
B-G1.045-C2,63394,3,3150.0,1,4.25,early25,True
B-G1.045-C2,63394,3,3156.75,1,6.75,early25,True
B-G1.045-C2,63394,3,3163.0,2,6.25,early25,True
B-G1.045-C2,63394,3,3171.0,3,8.0,early25,True
B-G1.045-C2,63394,3,3185.25,2,14.25,early25,True
B-G1.045-C2,63394,3,3198.5,1,13.25,middle50,True
B-G1.045-C2,63394,3,3205.75,2,7.25,middle50,True
B-G1.045-C2,63394,3,3248.75,1,43.0,middle50,True
B-G1.045-C2,63394,3,3254.75,1,6.0,middle50,True
B-G1.045-C2,63394,3,3260.75,2,6.0,middle50,True
B-G1.045-C2,63394,3,3266.75,2,6.0,middle50,True
B-G1.045-C2,63394,3,3285.5,1,18.75,middle50,True
B-G1.045-C2,63394,3,3290.0,1,4.5,middle50,True
B-G1.045-C2,63394,3,3294.75,2,4.75,middle50,True
B-G1.045-C2,63394,3,3299.5,1,4.75,middle50,True
B-G1.045-C2,63394,3,3309.5,1,10.0,middle50,True
B-G1.045-C2,63394,3,3340.0,1,30.5,middle50,True
B-G1.045-C2,63394,3,3351.25,2,11.25,middle50,True
B-G1.045-C2,63394,3,3360.25,1,9.0,middle50,True
B-G1.045-C2,63394,3,3366.0,2,5.75,middle50,True
B-G1.045-C2,63394,3,3377.25,1,11.25,middle50,True
B-G1.045-C2,63394,3,3394.75,1,17.5,middle50,True
B-G1.045-C2,63394,3,3398.5,1,3.75,middle50,True
B-G1.045-C2,63394,3,3405.5,1,7.0,middle50,True
B-G1.045-C2,63394,3,3412.25,1,6.75,middle50,True
B-G1.045-C2,63394,3,3447.0,1,34.75,middle50,True
B-G1.045-C2,63394,3,3457.0,1,10.0,middle50,True
B-G1.045-C2,63394,3,3462.75,1,5.75,middle50,True
B-G1.045-C2,63394,3,3474.5,2,11.75,late25,True
B-G1.045-C2,63394,3,3508.75,1,34.25,late25,True
B-G1.045-C2,63394,3,3516.75,1,8.0,late25,True
B-G1.045-C2,63394,3,3520.75,1,4.0,late25,True
B-G1.045-C2,63394,3,3524.25,1,3.5,late25,True
B-G1.045-C2,63394,3,3530.75,1,6.5,late25,True
B-G1.045-C2,63394,3,3535.0,7,4.25,late25,True
B-G1.045-C2,63394,3,3564.0,1,29.0,late25,True
B-G1.045-C2,63394,3,3578.5,1,14.5,late25,True
B-G1.045-C2,63394,3,3580.75,1,2.25,late25,True
B-G1.045-C2,63394,3,3592.0,1,11.25,late25,True
B-G1.045-C2,71313,0,0.25,3,,early25,False
B-G1.045-C2,71313,0,8.5,1,8.25,early25,False
B-G1.045-C2,71313,0,18.5,1,10.0,early25,False
B-G1.045-C2,71313,0,37.25,1,18.75,early25,False
B-G1.045-C2,71313,0,46.75,1,9.5,early25,False
B-G1.045-C2,71313,0,92.75,1,46.0,early25,False
B-G1.045-C2,71313,0,106.5,1,13.75,early25,False
B-G1.045-C2,71313,0,157.5,1,51.0,early25,False
B-G1.045-C2,71313,0,170.5,1,13.0,early25,False
B-G1.045-C2,71313,0,174.0,1,3.5,early25,False
B-G1.045-C2,71313,0,184.25,1,10.25,early25,False
B-G1.045-C2,71313,0,216.5,1,32.25,early25,False
B-G1.045-C2,71313,0,222.75,1,6.25,early25,False
B-G1.045-C2,71313,0,227.25,1,4.5,early25,False
B-G1.045-C2,71313,0,230.25,1,3.0,early25,False
B-G1.045-C2,71313,0,237.25,1,7.0,early25,False
B-G1.045-C2,71313,0,248.0,1,10.75,middle50,False
B-G1.045-C2,71313,0,287.25,1,39.25,middle50,False
B-G1.045-C2,71313,0,294.5,1,7.25,middle50,False
B-G1.045-C2,71313,0,298.0,1,3.5,middle50,False
B-G1.045-C2,71313,0,307.5,1,9.5,middle50,False
B-G1.045-C2,71313,0,344.75,1,37.25,middle50,False
B-G1.045-C2,71313,0,352.25,1,7.5,middle50,False
B-G1.045-C2,71313,0,355.5,1,3.25,middle50,False
B-G1.045-C2,71313,0,359.5,1,4.0,middle50,False
B-G1.045-C2,71313,0,365.75,1,6.25,middle50,False
B-G1.045-C2,71313,0,375.25,1,9.5,middle50,False
B-G1.045-C2,71313,0,540.0,1,164.75,middle50,False
B-G1.045-C2,71313,0,581.25,1,41.25,middle50,False
B-G1.045-C2,71313,0,586.0,1,4.75,middle50,False
B-G1.045-C2,71313,0,590.25,1,4.25,middle50,False
B-G1.045-C2,71313,0,599.5,1,9.25,middle50,False
B-G1.045-C2,71313,0,602.75,1,3.25,middle50,False
B-G1.045-C2,71313,0,608.5,1,5.75,middle50,False
B-G1.045-C2,71313,0,616.75,1,8.25,middle50,False
B-G1.045-C2,71313,0,760.25,1,143.5,late25,False
B-G1.045-C2,71313,0,765.0,1,4.75,late25,False
B-G1.045-C2,71313,0,771.75,1,6.75,late25,False
B-G1.045-C2,71313,0,777.75,1,6.0,late25,False
B-G1.045-C2,71313,0,784.5,1,6.75,late25,False
B-G1.045-C2,71313,0,817.75,2,33.25,late25,False
B-G1.045-C2,71313,0,824.0,1,6.25,late25,False
B-G1.045-C2,71313,0,832.0,1,8.0,late25,False
B-G1.045-C2,71313,0,837.5,11,5.5,late25,False
B-G1.045-C2,71313,0,841.0,1,3.5,late25,False
B-G1.045-C2,71313,0,846.75,1,5.75,late25,False
B-G1.045-C2,71313,1,977.25,1,130.5,early25,False
B-G1.045-C2,71313,1,981.0,1,3.75,early25,False
B-G1.045-C2,71313,1,985.25,1,4.25,early25,False
B-G1.045-C2,71313,1,992.25,2,7.0,early25,False
B-G1.045-C2,71313,1,994.75,1,2.5,early25,False
B-G1.045-C2,71313,1,998.0,1,3.25,early25,False
B-G1.045-C2,71313,1,1001.0,1,3.0,early25,False
B-G1.045-C2,71313,1,1031.5,1,30.5,early25,False
B-G1.045-C2,71313,1,1035.75,2,4.25,early25,False
B-G1.045-C2,71313,1,1041.5,2,5.75,early25,False
B-G1.045-C2,71313,1,1045.5,1,4.0,early25,False
B-G1.045-C2,71313,1,1050.75,1,5.25,early25,False
B-G1.045-C2,71313,1,1053.75,1,3.0,early25,False
B-G1.045-C2,71313,1,1056.75,1,3.0,early25,False
B-G1.045-C2,71313,1,1068.25,1,11.5,early25,False
B-G1.045-C2,71313,1,1075.25,6,7.0,early25,False
B-G1.045-C2,71313,1,1090.0,1,14.75,early25,False
B-G1.045-C2,71313,1,1092.25,1,2.25,early25,False
B-G1.045-C2,71313,1,1096.5,1,4.25,early25,False
B-G1.045-C2,71313,1,1100.25,1,3.75,early25,False
B-G1.045-C2,71313,1,1106.75,4,6.5,early25,False
B-G1.045-C2,71313,1,1110.75,1,4.0,early25,False
B-G1.045-C2,71313,1,1147.5,1,36.75,early25,False
B-G1.045-C2,71313,1,1150.75,2,3.25,early25,False
B-G1.045-C2,71313,1,1159.0,1,8.25,middle50,False
B-G1.045-C2,71313,1,1161.75,1,2.75,middle50,False
B-G1.045-C2,71313,1,1166.0,2,4.25,middle50,False
B-G1.045-C2,71313,1,1170.25,1,4.25,middle50,False
B-G1.045-C2,71313,1,1171.25,4,1.0,middle50,False
B-G1.045-C2,71313,1,1174.25,1,3.0,middle50,False
B-G1.045-C2,71313,1,1327.0,1,152.75,middle50,False
B-G1.045-C2,71313,1,1330.0,1,3.0,middle50,False
B-G1.045-C2,71313,1,1333.75,1,3.75,middle50,False
B-G1.045-C2,71313,1,1337.25,1,3.5,middle50,False
B-G1.045-C2,71313,1,1341.5,1,4.25,middle50,False
B-G1.045-C2,71313,1,1347.5,1,6.0,middle50,False
B-G1.045-C2,71313,1,1351.75,1,4.25,middle50,False
B-G1.045-C2,71313,1,1378.25,1,26.5,middle50,False
B-G1.045-C2,71313,1,1383.75,1,5.5,middle50,False
B-G1.045-C2,71313,1,1387.0,2,3.25,middle50,False
B-G1.045-C2,71313,1,1389.75,1,2.75,middle50,False
B-G1.045-C2,71313,1,1393.25,1,3.5,middle50,False
B-G1.045-C2,71313,1,1396.75,1,3.5,middle50,False
B-G1.045-C2,71313,1,1398.5,1,1.75,middle50,False
B-G1.045-C2,71313,1,1403.25,1,4.75,middle50,False
B-G1.045-C2,71313,1,1409.25,1,6.0,middle50,False
B-G1.045-C2,71313,1,1415.75,2,6.5,middle50,False
B-G1.045-C2,71313,1,1554.75,1,139.0,late25,False
B-G1.045-C2,71313,1,1561.0,1,6.25,late25,False
B-G1.045-C2,71313,1,1564.0,1,3.0,late25,False
B-G1.045-C2,71313,1,1567.75,1,3.75,late25,False
B-G1.045-C2,71313,1,1571.0,1,3.25,late25,False
B-G1.045-C2,71313,1,1575.75,1,4.75,late25,False
B-G1.045-C2,71313,1,1579.5,1,3.75,late25,False
B-G1.045-C2,71313,1,1591.25,1,11.75,late25,False
B-G1.045-C2,71313,1,1608.25,1,17.0,late25,False
B-G1.045-C2,71313,1,1611.0,13,2.75,late25,False
B-G1.045-C2,71313,1,1615.25,1,4.25,late25,False
B-G1.045-C2,71313,1,1620.0,1,4.75,late25,False
B-G1.045-C2,71313,1,1626.0,1,6.0,late25,False
B-G1.045-C2,71313,1,1630.75,1,4.75,late25,False
B-G1.045-C2,71313,1,1635.75,1,5.0,late25,False
B-G1.045-C2,71313,1,1641.25,1,5.5,late25,False
B-G1.045-C2,71313,1,1745.25,1,104.0,late25,False
B-G1.045-C2,71313,2,1762.5,2,17.25,early25,False
B-G1.045-C2,71313,2,1765.25,2,2.75,early25,False
B-G1.045-C2,71313,2,1769.25,2,4.0,early25,False
B-G1.045-C2,71313,2,1774.0,2,4.75,early25,False
B-G1.045-C2,71313,2,1779.25,2,5.25,early25,False
B-G1.045-C2,71313,2,1784.5,2,5.25,early25,False
B-G1.045-C2,71313,2,1788.5,2,4.0,early25,False
B-G1.045-C2,71313,2,1794.25,2,5.75,early25,False
B-G1.045-C2,71313,2,1819.75,3,25.5,early25,False
B-G1.045-C2,71313,2,1823.25,1,3.5,early25,False
B-G1.045-C2,71313,2,1827.5,23,4.25,early25,False
B-G1.045-C2,71313,2,1830.25,1,2.75,early25,False
B-G1.045-C2,71313,2,1838.0,2,7.75,early25,False
B-G1.045-C2,71313,2,1842.75,2,4.75,early25,False
B-G1.045-C2,71313,2,1848.75,2,6.0,early25,False
B-G1.045-C2,71313,2,1858.25,3,9.5,early25,False
B-G1.045-C2,71313,2,1864.5,5,6.25,early25,False
B-G1.045-C2,71313,2,1875.5,1,11.0,early25,False
B-G1.045-C2,71313,2,1881.0,1,5.5,early25,False
B-G1.045-C2,71313,2,1886.5,1,5.5,early25,False
B-G1.045-C2,71313,2,1900.5,1,14.0,early25,False
B-G1.045-C2,71313,2,1931.25,1,30.75,early25,False
B-G1.045-C2,71313,2,1938.5,1,7.25,early25,False
B-G1.045-C2,71313,2,1942.25,1,3.75,early25,False
B-G1.045-C2,71313,2,1951.0,1,8.75,early25,False
B-G1.045-C2,71313,2,1956.5,2,5.5,early25,False
B-G1.045-C2,71313,2,1960.75,1,4.25,early25,False
B-G1.045-C2,71313,2,1981.75,2,21.0,early25,False
B-G1.045-C2,71313,2,1984.25,1,2.5,early25,False
B-G1.045-C2,71313,2,1987.0,1,2.75,early25,False
B-G1.045-C2,71313,2,1991.5,1,4.5,early25,False
B-G1.045-C2,71313,2,1997.25,2,5.75,early25,False
B-G1.045-C2,71313,2,2002.75,2,5.5,early25,False
B-G1.045-C2,71313,2,2035.5,2,32.75,early25,False
B-G1.045-C2,71313,2,2039.25,2,3.75,early25,False
B-G1.045-C2,71313,2,2043.0,1,3.75,early25,False
B-G1.045-C2,71313,2,2052.75,1,9.75,middle50,False
B-G1.045-C2,71313,2,2057.0,2,4.25,middle50,False
B-G1.045-C2,71313,2,2060.0,1,3.0,middle50,False
B-G1.045-C2,71313,2,2071.5,1,11.5,middle50,False
B-G1.045-C2,71313,2,2090.25,2,18.75,middle50,False
B-G1.045-C2,71313,2,2093.75,1,3.5,middle50,False
B-G1.045-C2,71313,2,2096.75,1,3.0,middle50,False
B-G1.045-C2,71313,2,2100.75,1,4.0,middle50,False
B-G1.045-C2,71313,2,2104.75,1,4.0,middle50,False
B-G1.045-C2,71313,2,2109.0,1,4.25,middle50,False
B-G1.045-C2,71313,2,2113.5,2,4.5,middle50,False
B-G1.045-C2,71313,2,2117.0,1,3.5,middle50,False
B-G1.045-C2,71313,2,2142.25,12,25.25,middle50,False
B-G1.045-C2,71313,2,2144.5,1,2.25,middle50,False
B-G1.045-C2,71313,2,2147.25,1,2.75,middle50,False
B-G1.045-C2,71313,2,2153.5,1,6.25,middle50,False
B-G1.045-C2,71313,2,2156.0,1,2.5,middle50,False
B-G1.045-C2,71313,2,2159.0,1,3.0,middle50,False
B-G1.045-C2,71313,2,2163.0,1,4.0,middle50,False
B-G1.045-C2,71313,2,2166.5,1,3.5,middle50,False
B-G1.045-C2,71313,2,2172.25,2,5.75,middle50,False
B-G1.045-C2,71313,2,2174.5,1,2.25,middle50,False
B-G1.045-C2,71313,2,2334.0,1,159.5,middle50,False
B-G1.045-C2,71313,2,2340.0,2,6.0,middle50,False
B-G1.045-C2,71313,2,2348.75,1,8.75,middle50,False
B-G1.045-C2,71313,2,2352.25,1,3.5,middle50,False
B-G1.045-C2,71313,2,2358.25,1,6.0,middle50,False
B-G1.045-C2,71313,2,2382.25,1,24.0,middle50,False
B-G1.045-C2,71313,2,2384.75,1,2.5,middle50,False
B-G1.045-C2,71313,2,2391.5,8,6.75,middle50,False
B-G1.045-C2,71313,2,2396.25,1,4.75,middle50,False
B-G1.045-C2,71313,2,2399.25,1,3.0,middle50,False
B-G1.045-C2,71313,2,2407.0,1,7.75,middle50,False
B-G1.045-C2,71313,2,2410.25,1,3.25,middle50,False
B-G1.045-C2,71313,2,2412.25,1,2.0,middle50,False
B-G1.045-C2,71313,2,2414.25,1,2.0,middle50,False
B-G1.045-C2,71313,2,2546.25,1,132.0,middle50,False
B-G1.045-C2,71313,2,2549.25,1,3.0,middle50,False
B-G1.045-C2,71313,2,2553.0,1,3.75,middle50,False
B-G1.045-C2,71313,2,2561.5,1,8.5,middle50,False
B-G1.045-C2,71313,2,2566.0,1,4.5,middle50,False
B-G1.045-C2,71313,2,2569.25,1,3.25,middle50,False
B-G1.045-C2,71313,2,2573.25,8,4.0,middle50,False
B-G1.045-C2,71313,2,2605.25,1,32.0,middle50,False
B-G1.045-C2,71313,2,2610.5,1,5.25,middle50,False
B-G1.045-C2,71313,2,2614.5,1,4.0,middle50,False
B-G1.045-C2,71313,2,2624.5,1,10.0,middle50,False
B-G1.045-C2,71313,2,2626.5,1,2.0,middle50,False
B-G1.045-C2,71313,2,2637.25,4,10.75,middle50,False
B-G1.045-C2,71313,2,2762.5,1,125.25,late25,False
B-G1.045-C2,71313,2,2766.75,1,4.25,late25,False
B-G1.045-C2,71313,2,2772.0,1,5.25,late25,False
B-G1.045-C2,71313,2,2778.0,4,6.0,late25,False
B-G1.045-C2,71313,2,2779.75,2,1.75,late25,False
B-G1.045-C2,71313,2,2786.0,1,6.25,late25,False
B-G1.045-C2,71313,2,2791.25,1,5.25,late25,False
B-G1.045-C2,71313,2,2817.5,3,26.25,late25,False
B-G1.045-C2,71313,2,2821.0,3,3.5,late25,False
B-G1.045-C2,71313,2,2822.75,3,1.75,late25,False
B-G1.045-C2,71313,2,2826.5,1,3.75,late25,False
B-G1.045-C2,71313,2,2830.25,1,3.75,late25,False
B-G1.045-C2,71313,2,2836.0,1,5.75,late25,False
B-G1.045-C2,71313,2,2843.5,1,7.5,late25,False
B-G1.045-C2,71313,2,2847.75,1,4.25,late25,False
B-G1.045-C2,71313,2,2860.0,2,12.25,late25,False
B-G1.045-C2,71313,3,2963.75,1,103.75,early25,True
B-G1.045-C2,71313,3,2975.0,1,11.25,early25,True
B-G1.045-C2,71313,3,2981.0,2,6.0,early25,True
B-G1.045-C2,71313,3,2985.0,1,4.0,early25,True
B-G1.045-C2,71313,3,2988.75,1,3.75,early25,True
B-G1.045-C2,71313,3,2992.75,1,4.0,early25,True
B-G1.045-C2,71313,3,2997.25,1,4.5,early25,True
B-G1.045-C2,71313,3,3001.75,2,4.5,early25,True
B-G1.045-C2,71313,3,3005.5,1,3.75,early25,True
B-G1.045-C2,71313,3,3033.75,1,28.25,early25,True
B-G1.045-C2,71313,3,3038.0,11,4.25,early25,True
B-G1.045-C2,71313,3,3040.0,1,2.0,early25,True
B-G1.045-C2,71313,3,3042.0,1,2.0,early25,True
B-G1.045-C2,71313,3,3049.25,1,7.25,early25,True
B-G1.045-C2,71313,3,3054.0,1,4.75,early25,True
B-G1.045-C2,71313,3,3076.5,1,22.5,early25,True
B-G1.045-C2,71313,3,3087.0,2,10.5,early25,True
B-G1.045-C2,71313,3,3101.0,2,14.0,early25,True
B-G1.045-C2,71313,3,3135.25,1,34.25,middle50,True
B-G1.045-C2,71313,3,3141.0,1,5.75,middle50,True
B-G1.045-C2,71313,3,3147.0,1,6.0,middle50,True
B-G1.045-C2,71313,3,3152.75,2,5.75,middle50,True
B-G1.045-C2,71313,3,3158.5,1,5.75,middle50,True
B-G1.045-C2,71313,3,3161.25,1,2.75,middle50,True
B-G1.045-C2,71313,3,3174.0,2,12.75,middle50,True
B-G1.045-C2,71313,3,3181.75,4,7.75,middle50,True
B-G1.045-C2,71313,3,3190.75,1,9.0,middle50,True
B-G1.045-C2,71313,3,3196.25,1,5.5,middle50,True
B-G1.045-C2,71313,3,3202.75,1,6.5,middle50,True
B-G1.045-C2,71313,3,3207.75,1,5.0,middle50,True
B-G1.045-C2,71313,3,3210.25,5,2.5,middle50,True
B-G1.045-C2,71313,3,3219.5,1,9.25,middle50,True
B-G1.045-C2,71313,3,3250.5,1,31.0,middle50,True
B-G1.045-C2,71313,3,3262.25,4,11.75,middle50,True
B-G1.045-C2,71313,3,3265.0,3,2.75,middle50,True
B-G1.045-C2,71313,3,3266.75,1,1.75,middle50,True
B-G1.045-C2,71313,3,3270.75,1,4.0,middle50,True
B-G1.045-C2,71313,3,3272.0,2,1.25,middle50,True
B-G1.045-C2,71313,3,3284.5,1,12.5,middle50,True
B-G1.045-C2,71313,3,3292.75,3,8.25,middle50,True
B-G1.045-C2,71313,3,3304.0,1,11.25,middle50,True
B-G1.045-C2,71313,3,3317.5,1,13.5,middle50,True
B-G1.045-C2,71313,3,3325.25,3,7.75,middle50,True
B-G1.045-C2,71313,3,3361.75,1,36.5,middle50,True
B-G1.045-C2,71313,3,3363.5,3,1.75,middle50,True
B-G1.045-C2,71313,3,3380.0,1,16.5,middle50,True
B-G1.045-C2,71313,3,3385.25,1,5.25,middle50,True
B-G1.045-C2,71313,3,3407.25,1,22.0,middle50,True
B-G1.045-C2,71313,3,3414.5,1,7.25,middle50,True
B-G1.045-C2,71313,3,3421.5,1,7.0,middle50,True
B-G1.045-C2,71313,3,3427.75,1,6.25,middle50,True
B-G1.045-C2,71313,3,3432.0,4,4.25,middle50,True
B-G1.045-C2,71313,3,3465.0,1,33.0,late25,True
B-G1.045-C2,71313,3,3472.25,1,7.25,late25,True
B-G1.045-C2,71313,3,3483.5,1,11.25,late25,True
B-G1.045-C2,71313,3,3490.75,1,7.25,late25,True
B-G1.045-C2,71313,3,3507.25,2,16.5,late25,True
B-G1.045-C2,71313,3,3520.0,1,12.75,late25,True
B-G1.045-C2,71313,3,3526.0,1,6.0,late25,True
B-G1.045-C2,71313,3,3536.25,1,10.25,late25,True
B-G1.045-C2,71313,3,3543.0,1,6.75,late25,True
B-G1.045-C2,71313,3,3575.5,4,32.5,late25,True
B-G1.045-C2,71313,3,3581.25,1,5.75,late25,True
B-G1.045-C2,71313,3,3587.5,1,6.25,late25,True
B-G1.045-C2,71313,3,3596.5,1,9.0,late25,True
B-G1.045-C3,42,0,0.25,3,,early25,False
B-G1.045-C3,42,0,8.25,1,8.0,early25,False
B-G1.045-C3,42,0,21.5,1,13.25,early25,False
B-G1.045-C3,42,0,46.25,1,24.75,early25,False
B-G1.045-C3,42,0,57.25,1,11.0,early25,False
B-G1.045-C3,42,0,99.75,1,42.5,early25,False
B-G1.045-C3,42,0,105.0,1,5.25,early25,False
B-G1.045-C3,42,0,119.0,1,14.0,early25,False
B-G1.045-C3,42,0,162.75,1,43.75,early25,False
B-G1.045-C3,42,0,172.5,1,9.75,early25,False
B-G1.045-C3,42,0,210.5,1,38.0,middle50,False
B-G1.045-C3,42,0,222.75,1,12.25,middle50,False
B-G1.045-C3,42,0,230.75,1,8.0,middle50,False
B-G1.045-C3,42,0,237.5,1,6.75,middle50,False
B-G1.045-C3,42,0,278.0,1,40.5,middle50,False
B-G1.045-C3,42,0,292.5,1,14.5,middle50,False
B-G1.045-C3,42,0,332.25,1,39.75,middle50,False
B-G1.045-C3,42,0,335.75,1,3.5,middle50,False
B-G1.045-C3,42,0,343.75,1,8.0,middle50,False
B-G1.045-C3,42,0,349.75,1,6.0,middle50,False
B-G1.045-C3,42,0,355.0,1,5.25,middle50,False
B-G1.045-C3,42,0,359.25,1,4.25,middle50,False
B-G1.045-C3,42,0,515.25,1,156.0,middle50,False
B-G1.045-C3,42,0,522.75,1,7.5,middle50,False
B-G1.045-C3,42,0,529.0,1,6.25,middle50,False
B-G1.045-C3,42,0,535.5,1,6.5,middle50,False
B-G1.045-C3,42,0,541.0,1,5.5,middle50,False
B-G1.045-C3,42,0,572.25,1,31.25,middle50,False
B-G1.045-C3,42,0,578.75,1,6.5,middle50,False
B-G1.045-C3,42,0,582.5,1,3.75,middle50,False
B-G1.045-C3,42,0,593.0,1,10.5,middle50,False
B-G1.045-C3,42,0,599.5,1,6.5,middle50,False
B-G1.045-C3,42,0,616.5,4,17.0,middle50,False
B-G1.045-C3,42,0,639.5,1,23.0,late25,False
B-G1.045-C3,42,0,647.75,1,8.25,late25,False
B-G1.045-C3,42,0,657.0,1,9.25,late25,False
B-G1.045-C3,42,0,691.5,1,34.5,late25,False
B-G1.045-C3,42,0,695.75,1,4.25,late25,False
B-G1.045-C3,42,0,704.25,1,8.5,late25,False
B-G1.045-C3,42,0,711.5,1,7.25,late25,False
B-G1.045-C3,42,0,715.5,1,4.0,late25,False
B-G1.045-C3,42,0,719.0,1,3.5,late25,False
B-G1.045-C3,42,0,726.25,1,7.25,late25,False
B-G1.045-C3,42,1,858.25,1,132.0,early25,False
B-G1.045-C3,42,1,862.25,1,4.0,early25,False
B-G1.045-C3,42,1,864.5,1,2.25,early25,False
B-G1.045-C3,42,1,868.0,1,3.5,early25,False
B-G1.045-C3,42,1,872.5,1,4.5,early25,False
B-G1.045-C3,42,1,874.25,1,1.75,early25,False
B-G1.045-C3,42,1,877.5,1,3.25,early25,False
B-G1.045-C3,42,1,882.25,1,4.75,early25,False
B-G1.045-C3,42,1,912.5,1,30.25,early25,False
B-G1.045-C3,42,1,915.5,1,3.0,early25,False
B-G1.045-C3,42,1,919.25,2,3.75,early25,False
B-G1.045-C3,42,1,922.75,1,3.5,early25,False
B-G1.045-C3,42,1,926.75,1,4.0,early25,False
B-G1.045-C3,42,1,929.5,1,2.75,early25,False
B-G1.045-C3,42,1,936.75,1,7.25,early25,False
B-G1.045-C3,42,1,943.25,2,6.5,early25,False
B-G1.045-C3,42,1,975.75,1,32.5,early25,False
B-G1.045-C3,42,1,988.5,2,12.75,early25,False
B-G1.045-C3,42,1,993.25,1,4.75,early25,False
B-G1.045-C3,42,1,1028.5,2,35.25,early25,False
B-G1.045-C3,42,1,1036.5,1,8.0,early25,False
B-G1.045-C3,42,1,1040.0,1,3.5,early25,False
B-G1.045-C3,42,1,1047.75,2,7.75,early25,False
B-G1.045-C3,42,1,1054.5,1,6.75,early25,False
B-G1.045-C3,42,1,1086.25,1,31.75,early25,False
B-G1.045-C3,42,1,1093.75,2,7.5,early25,False
B-G1.045-C3,42,1,1097.75,1,4.0,early25,False
B-G1.045-C3,42,1,1102.25,1,4.5,early25,False
B-G1.045-C3,42,1,1106.0,1,3.75,early25,False
B-G1.045-C3,42,1,1133.0,1,27.0,early25,False
B-G1.045-C3,42,1,1136.0,1,3.0,early25,False
B-G1.045-C3,42,1,1140.0,1,4.0,early25,False
B-G1.045-C3,42,1,1143.0,1,3.0,middle50,False
B-G1.045-C3,42,1,1147.25,1,4.25,middle50,False
B-G1.045-C3,42,1,1150.5,2,3.25,middle50,False
B-G1.045-C3,42,1,1153.5,1,3.0,middle50,False
B-G1.045-C3,42,1,1157.5,1,4.0,middle50,False
B-G1.045-C3,42,1,1161.25,1,3.75,middle50,False
B-G1.045-C3,42,1,1188.75,1,27.5,middle50,False
B-G1.045-C3,42,1,1194.75,1,6.0,middle50,False
B-G1.045-C3,42,1,1202.75,1,8.0,middle50,False
B-G1.045-C3,42,1,1205.25,1,2.5,middle50,False
B-G1.045-C3,42,1,1210.5,1,5.25,middle50,False
B-G1.045-C3,42,1,1215.25,1,4.75,middle50,False
B-G1.045-C3,42,1,1245.25,1,30.0,middle50,False
B-G1.045-C3,42,1,1248.75,1,3.5,middle50,False
B-G1.045-C3,42,1,1250.0,1,1.25,middle50,False
B-G1.045-C3,42,1,1253.75,1,3.75,middle50,False
B-G1.045-C3,42,1,1258.75,1,5.0,middle50,False
B-G1.045-C3,42,1,1263.5,1,4.75,middle50,False
B-G1.045-C3,42,1,1270.75,1,7.25,middle50,False
B-G1.045-C3,42,1,1278.75,2,8.0,middle50,False
B-G1.045-C3,42,1,1423.75,1,145.0,middle50,False
B-G1.045-C3,42,1,1429.0,1,5.25,middle50,False
B-G1.045-C3,42,1,1433.75,1,4.75,middle50,False
B-G1.045-C3,42,1,1436.5,1,2.75,middle50,False
B-G1.045-C3,42,1,1441.5,1,5.0,middle50,False
B-G1.045-C3,42,1,1444.5,1,3.0,middle50,False
B-G1.045-C3,42,1,1447.25,1,2.75,middle50,False
B-G1.045-C3,42,1,1450.25,1,3.0,middle50,False
B-G1.045-C3,42,1,1479.5,2,29.25,middle50,False
B-G1.045-C3,42,1,1486.5,1,7.0,middle50,False
B-G1.045-C3,42,1,1490.75,2,4.25,middle50,False
B-G1.045-C3,42,1,1496.25,1,5.5,middle50,False
B-G1.045-C3,42,1,1498.75,1,2.5,middle50,False
B-G1.045-C3,42,1,1501.25,1,2.5,middle50,False
B-G1.045-C3,42,1,1502.25,1,1.0,middle50,False
B-G1.045-C3,42,1,1507.0,1,4.75,middle50,False
B-G1.045-C3,42,1,1530.5,1,23.5,middle50,False
B-G1.045-C3,42,1,1533.0,1,2.5,middle50,False
B-G1.045-C3,42,1,1537.25,1,4.25,middle50,False
B-G1.045-C3,42,1,1544.5,1,7.25,middle50,False
B-G1.045-C3,42,1,1551.75,1,7.25,middle50,False
B-G1.045-C3,42,1,1553.5,1,1.75,middle50,False
B-G1.045-C3,42,1,1586.25,1,32.75,middle50,False
B-G1.045-C3,42,1,1589.0,1,2.75,middle50,False
B-G1.045-C3,42,1,1594.0,1,5.0,middle50,False
B-G1.045-C3,42,1,1595.25,1,1.25,middle50,False
B-G1.045-C3,42,1,1598.5,1,3.25,middle50,False
B-G1.045-C3,42,1,1600.75,1,2.25,middle50,False
B-G1.045-C3,42,1,1604.5,1,3.75,middle50,False
B-G1.045-C3,42,1,1610.75,1,6.25,middle50,False
B-G1.045-C3,42,1,1614.25,1,3.5,middle50,False
B-G1.045-C3,42,1,1751.0,1,136.75,middle50,False
B-G1.045-C3,42,1,1753.75,1,2.75,middle50,False
B-G1.045-C3,42,1,1757.75,1,4.0,late25,False
B-G1.045-C3,42,1,1762.25,1,4.5,late25,False
B-G1.045-C3,42,1,1765.75,1,3.5,late25,False
B-G1.045-C3,42,1,1768.25,1,2.5,late25,False
B-G1.045-C3,42,1,1776.25,1,8.0,late25,False
B-G1.045-C3,42,1,1806.25,1,30.0,late25,False
B-G1.045-C3,42,1,1808.5,1,2.25,late25,False
B-G1.045-C3,42,1,1812.5,1,4.0,late25,False
B-G1.045-C3,42,1,1817.5,1,5.0,late25,False
B-G1.045-C3,42,1,1820.25,1,2.75,late25,False
B-G1.045-C3,42,1,1822.5,1,2.25,late25,False
B-G1.045-C3,42,1,1825.75,1,3.25,late25,False
B-G1.045-C3,42,1,1831.5,1,5.75,late25,False
B-G1.045-C3,42,1,1833.75,1,2.25,late25,False
B-G1.045-C3,42,1,1837.25,1,3.5,late25,False
B-G1.045-C3,42,1,1860.25,1,23.0,late25,False
B-G1.045-C3,42,1,1864.5,1,4.25,late25,False
B-G1.045-C3,42,1,1867.25,1,2.75,late25,False
B-G1.045-C3,42,1,1877.25,1,10.0,late25,False
B-G1.045-C3,42,1,1886.25,1,9.0,late25,False
B-G1.045-C3,42,1,1914.25,1,28.0,late25,False
B-G1.045-C3,42,1,1917.25,1,3.0,late25,False
B-G1.045-C3,42,1,1921.0,1,3.75,late25,False
B-G1.045-C3,42,1,1924.25,1,3.25,late25,False
B-G1.045-C3,42,1,1929.0,1,4.75,late25,False
B-G1.045-C3,42,1,1932.5,1,3.5,late25,False
B-G1.045-C3,42,1,1945.5,1,13.0,late25,False
B-G1.045-C3,42,1,2056.75,1,111.25,late25,False
B-G1.045-C3,42,1,2060.5,1,3.75,late25,False
B-G1.045-C3,42,2,2078.0,1,17.5,early25,False
B-G1.045-C3,42,2,2079.75,1,1.75,early25,False
B-G1.045-C3,42,2,2083.0,2,3.25,early25,False
B-G1.045-C3,42,2,2085.75,1,2.75,early25,False
B-G1.045-C3,42,2,2090.5,2,4.75,early25,False
B-G1.045-C3,42,2,2096.25,2,5.75,early25,False
B-G1.045-C3,42,2,2100.25,1,4.0,early25,False
B-G1.045-C3,42,2,2105.5,2,5.25,early25,False
B-G1.045-C3,42,2,2111.75,2,6.25,early25,False
B-G1.045-C3,42,2,2137.25,2,25.5,early25,False
B-G1.045-C3,42,2,2140.75,2,3.5,early25,False
B-G1.045-C3,42,2,2144.75,20,4.0,early25,False
B-G1.045-C3,42,2,2147.25,1,2.5,early25,False
B-G1.045-C3,42,2,2148.0,1,0.75,early25,False
B-G1.045-C3,42,2,2151.25,1,3.25,early25,False
B-G1.045-C3,42,2,2156.0,2,4.75,early25,False
B-G1.045-C3,42,2,2160.75,2,4.75,early25,False
B-G1.045-C3,42,2,2167.25,3,6.5,early25,False
B-G1.045-C3,42,2,2183.0,1,15.75,early25,False
B-G1.045-C3,42,2,2185.75,1,2.75,early25,False
B-G1.045-C3,42,2,2188.75,1,3.0,early25,False
B-G1.045-C3,42,2,2192.5,1,3.75,early25,False
B-G1.045-C3,42,2,2196.5,1,4.0,early25,False
B-G1.045-C3,42,2,2201.75,2,5.25,early25,False
B-G1.045-C3,42,2,2206.25,1,4.5,early25,False
B-G1.045-C3,42,2,2209.25,1,3.0,early25,False
B-G1.045-C3,42,2,2213.25,1,4.0,early25,False
B-G1.045-C3,42,2,2239.0,12,25.75,early25,False
B-G1.045-C3,42,2,2240.25,1,1.25,early25,False
B-G1.045-C3,42,2,2243.5,1,3.25,early25,False
B-G1.045-C3,42,2,2247.75,2,4.25,early25,False
B-G1.045-C3,42,2,2250.25,1,2.5,early25,False
B-G1.045-C3,42,2,2255.75,1,5.5,early25,False
B-G1.045-C3,42,2,2262.75,2,7.0,early25,False
B-G1.045-C3,42,2,2269.25,2,6.5,early25,False
B-G1.045-C3,42,2,2420.25,1,151.0,middle50,False
B-G1.045-C3,42,2,2429.5,1,9.25,middle50,False
B-G1.045-C3,42,2,2432.25,1,2.75,middle50,False
B-G1.045-C3,42,2,2437.25,1,5.0,middle50,False
B-G1.045-C3,42,2,2439.25,1,2.0,middle50,False
B-G1.045-C3,42,2,2445.5,1,6.25,middle50,False
B-G1.045-C3,42,2,2473.75,1,28.25,middle50,False
B-G1.045-C3,42,2,2479.25,2,5.5,middle50,False
B-G1.045-C3,42,2,2483.25,1,4.0,middle50,False
B-G1.045-C3,42,2,2486.5,1,3.25,middle50,False
B-G1.045-C3,42,2,2490.25,1,3.75,middle50,False
B-G1.045-C3,42,2,2495.75,2,5.5,middle50,False
B-G1.045-C3,42,2,2498.75,1,3.0,middle50,False
B-G1.045-C3,42,2,2501.25,1,2.5,middle50,False
B-G1.045-C3,42,2,2509.0,1,7.75,middle50,False
B-G1.045-C3,42,2,2525.75,1,16.75,middle50,False
B-G1.045-C3,42,2,2529.0,1,3.25,middle50,False
B-G1.045-C3,42,2,2533.25,1,4.25,middle50,False
B-G1.045-C3,42,2,2539.25,1,6.0,middle50,False
B-G1.045-C3,42,2,2542.25,1,3.0,middle50,False
B-G1.045-C3,42,2,2550.5,2,8.25,middle50,False
B-G1.045-C3,42,2,2582.0,1,31.5,middle50,False
B-G1.045-C3,42,2,2588.5,1,6.5,middle50,False
B-G1.045-C3,42,2,2592.0,2,3.5,middle50,False
B-G1.045-C3,42,2,2599.0,1,7.0,middle50,False
B-G1.045-C3,42,2,2606.0,1,7.0,middle50,False
B-G1.045-C3,42,2,2610.0,1,4.0,middle50,False
B-G1.045-C3,42,2,2618.25,3,8.25,middle50,False
B-G1.045-C3,42,2,2747.75,1,129.5,middle50,False
B-G1.045-C3,42,2,2753.0,2,5.25,middle50,False
B-G1.045-C3,42,2,2757.75,1,4.75,middle50,False
B-G1.045-C3,42,2,2763.0,1,5.25,middle50,False
B-G1.045-C3,42,2,2768.25,1,5.25,middle50,False
B-G1.045-C3,42,2,2800.0,1,31.75,middle50,False
B-G1.045-C3,42,2,2803.25,1,3.25,middle50,False
B-G1.045-C3,42,2,2809.0,1,5.75,middle50,False
B-G1.045-C3,42,2,2812.75,1,3.75,middle50,False
B-G1.045-C3,42,2,2817.75,2,5.0,middle50,False
B-G1.045-C3,42,2,2821.75,1,4.0,middle50,False
B-G1.045-C3,42,2,2827.25,1,5.5,middle50,False
B-G1.045-C3,42,2,2836.5,1,9.25,middle50,False
B-G1.045-C3,42,2,2852.0,1,15.5,middle50,False
B-G1.045-C3,42,2,2856.5,1,4.5,middle50,False
B-G1.045-C3,42,2,2862.5,1,6.0,middle50,False
B-G1.045-C3,42,2,2867.0,1,4.5,middle50,False
B-G1.045-C3,42,2,2873.75,2,6.75,middle50,False
B-G1.045-C3,42,2,2906.5,1,32.75,middle50,False
B-G1.045-C3,42,2,2909.0,1,2.5,middle50,False
B-G1.045-C3,42,2,2915.75,1,6.75,middle50,False
B-G1.045-C3,42,2,2919.5,1,3.75,middle50,False
B-G1.045-C3,42,2,2925.0,1,5.5,middle50,False
B-G1.045-C3,42,2,2928.5,1,3.5,middle50,False
B-G1.045-C3,42,2,2932.25,1,3.75,middle50,False
B-G1.045-C3,42,2,2942.5,1,10.25,middle50,False
B-G1.045-C3,42,2,3076.25,1,133.75,late25,False
B-G1.045-C3,42,2,3080.0,1,3.75,late25,False
B-G1.045-C3,42,2,3089.75,1,9.75,late25,False
B-G1.045-C3,42,2,3093.25,1,3.5,late25,False
B-G1.045-C3,42,2,3098.5,1,5.25,late25,False
B-G1.045-C3,42,2,3137.0,1,38.5,late25,False
B-G1.045-C3,42,2,3143.25,1,6.25,late25,False
B-G1.045-C3,42,2,3149.5,1,6.25,late25,False
B-G1.045-C3,42,2,3152.25,1,2.75,late25,False
B-G1.045-C3,42,2,3155.75,1,3.5,late25,False
B-G1.045-C3,42,2,3159.25,1,3.5,late25,False
B-G1.045-C3,42,2,3166.0,1,6.75,late25,False
B-G1.045-C3,42,2,3171.5,2,5.5,late25,False
B-G1.045-C3,42,2,3187.0,1,15.5,late25,False
B-G1.045-C3,42,2,3188.25,1,1.25,late25,False
B-G1.045-C3,42,2,3191.5,1,3.25,late25,False
B-G1.045-C3,42,2,3199.0,1,7.5,late25,False
B-G1.045-C3,42,2,3202.25,1,3.25,late25,False
B-G1.045-C3,42,2,3207.25,1,5.0,late25,False
B-G1.045-C3,42,2,3235.25,1,28.0,late25,False
B-G1.045-C3,42,2,3236.0,1,0.75,late25,False
B-G1.045-C3,42,2,3236.75,2,0.75,late25,False
B-G1.045-C3,42,2,3240.75,1,4.0,late25,False
B-G1.045-C3,42,2,3253.0,1,12.25,late25,False
B-G1.045-C3,42,2,3256.5,1,3.5,late25,False
B-G1.045-C3,42,2,3260.25,1,3.75,late25,False
B-G1.045-C3,42,2,3264.25,1,4.0,late25,False
B-G1.045-C3,42,2,3274.25,1,10.0,late25,False
B-G1.045-C3,42,3,3398.75,1,124.5,early25,True
B-G1.045-C3,42,3,3401.25,1,2.5,early25,True
B-G1.045-C3,42,3,3413.5,2,12.25,early25,True
B-G1.045-C3,42,3,3420.0,1,6.5,early25,True
B-G1.045-C3,42,3,3424.0,2,4.0,early25,True
B-G1.045-C3,42,3,3454.0,1,30.0,middle50,True
B-G1.045-C3,42,3,3456.25,1,2.25,middle50,True
B-G1.045-C3,42,3,3462.25,2,6.0,middle50,True
B-G1.045-C3,42,3,3474.75,1,12.5,middle50,True
B-G1.045-C3,42,3,3478.0,1,3.25,middle50,True
B-G1.045-C3,42,3,3484.5,2,6.5,middle50,True
B-G1.045-C3,42,3,3486.5,1,2.0,middle50,True
B-G1.045-C3,42,3,3508.75,1,22.25,middle50,True
B-G1.045-C3,42,3,3513.5,1,4.75,middle50,True
B-G1.045-C3,42,3,3525.75,1,12.25,middle50,True
B-G1.045-C3,42,3,3531.75,1,6.0,middle50,True
B-G1.045-C3,42,3,3565.75,2,34.0,late25,True
B-G1.045-C3,42,3,3572.25,1,6.5,late25,True
B-G1.045-C3,42,3,3578.75,2,6.5,late25,True
B-G1.045-C3,42,3,3589.0,1,10.25,late25,True
B-G1.045-C3,7961,0,0.25,3,,early25,False
B-G1.045-C3,7961,0,8.25,1,8.0,early25,False
B-G1.045-C3,7961,0,18.75,1,10.5,early25,False
B-G1.045-C3,7961,0,53.5,1,34.75,early25,False
B-G1.045-C3,7961,0,93.75,1,40.25,early25,False
B-G1.045-C3,7961,0,103.0,1,9.25,early25,False
B-G1.045-C3,7961,0,119.4999999999,1,16.499999999899998,early25,False
B-G1.045-C3,7961,0,159.2499999999,1,39.750000000000014,early25,False
B-G1.045-C3,7961,0,212.9999999999,1,53.75,early25,False
B-G1.045-C3,7961,0,217.7499999999,1,4.75,early25,False
B-G1.045-C3,7961,0,224.4999999999,1,6.75,early25,False
B-G1.045-C3,7961,0,236.7499999999,1,12.25,early25,False
B-G1.045-C3,7961,0,242.2499999999,1,5.5,early25,False
B-G1.045-C3,7961,0,281.9999999999,1,39.75,early25,False
B-G1.045-C3,7961,0,289.7499999999,1,7.75,early25,False
B-G1.045-C3,7961,0,300.9999999999,1,11.25,middle50,False
B-G1.045-C3,7961,0,337.4999999999,1,36.5,middle50,False
B-G1.045-C3,7961,0,344.7499999999,1,7.25,middle50,False
B-G1.045-C3,7961,0,349.7499999999,1,5.0,middle50,False
B-G1.045-C3,7961,0,356.4999999999,1,6.75,middle50,False
B-G1.045-C3,7961,0,360.9999999999,1,4.5,middle50,False
B-G1.045-C3,7961,0,529.4999999999,1,168.49999999999994,middle50,False
B-G1.045-C3,7961,0,547.2499999999,1,17.75,middle50,False
B-G1.045-C3,7961,0,553.7499999999,1,6.5,middle50,False
B-G1.045-C3,7961,0,562.2499999999,1,8.5,middle50,False
B-G1.045-C3,7961,0,586.7499999999,2,24.5,middle50,False
B-G1.045-C3,7961,0,594.2499999999,1,7.5,middle50,False
B-G1.045-C3,7961,0,603.7499999999,1,9.5,middle50,False
B-G1.045-C3,7961,0,610.2499999999,13,6.5,middle50,False
B-G1.045-C3,7961,0,641.7499999999,1,31.5,middle50,False
B-G1.045-C3,7961,0,658.2499999999,1,16.5,middle50,False
B-G1.045-C3,7961,0,694.2499999999,1,36.0,middle50,False
B-G1.045-C3,7961,0,698.7499999999,1,4.5,middle50,False
B-G1.045-C3,7961,0,703.9999999999,1,5.25,middle50,False
B-G1.045-C3,7961,0,709.9999999999,1,6.0,middle50,False
B-G1.045-C3,7961,0,713.9999999999,1,4.0,middle50,False
B-G1.045-C3,7961,0,719.4999999999,1,5.5,middle50,False
B-G1.045-C3,7961,0,722.9999999999,1,3.5,middle50,False
B-G1.045-C3,7961,0,864.7499999999,1,141.75,middle50,False
B-G1.045-C3,7961,0,867.4999999999,1,2.75,middle50,False
B-G1.045-C3,7961,0,872.9999999999,1,5.5,middle50,False
B-G1.045-C3,7961,0,881.2499999999,1,8.25,late25,False
B-G1.045-C3,7961,0,885.7499999999,1,4.5,late25,False
B-G1.045-C3,7961,0,914.9999999999,1,29.25,late25,False
B-G1.045-C3,7961,0,920.2499999999,1,5.25,late25,False
B-G1.045-C3,7961,0,925.9999999999,1,5.75,late25,False
B-G1.045-C3,7961,0,928.2499999999,1,2.25,late25,False
B-G1.045-C3,7961,0,934.4999999999,1,6.25,late25,False
B-G1.045-C3,7961,0,938.4999999999,1,4.0,late25,False
B-G1.045-C3,7961,0,946.4999999999,1,8.0,late25,False
B-G1.045-C3,7961,0,970.4999999999,1,24.0,late25,False
B-G1.045-C3,7961,0,973.9999999999,1,3.5,late25,False
B-G1.045-C3,7961,0,980.2499999999,1,6.25,late25,False
B-G1.045-C3,7961,0,984.7499999999,1,4.5,late25,False
B-G1.045-C3,7961,0,987.2499999999,1,2.5,late25,False
B-G1.045-C3,7961,0,991.2499999999,1,4.0,late25,False
B-G1.045-C3,7961,0,996.9999999999,1,5.75,late25,False
B-G1.045-C3,7961,0,1027.4999999999,1,30.5,late25,False
B-G1.045-C3,7961,0,1032.9999999999,1,5.5,late25,False
B-G1.045-C3,7961,0,1035.7499999999,1,2.75,late25,False
B-G1.045-C3,7961,0,1038.9999999999,1,3.25,late25,False
B-G1.045-C3,7961,0,1042.2499999999,1,3.25,late25,False
B-G1.045-C3,7961,0,1046.9999999999,1,4.75,late25,False
B-G1.045-C3,7961,0,1051.2499999999,1,4.25,late25,False
B-G1.045-C3,7961,0,1057.7499999999,1,6.5,late25,False
B-G1.045-C3,7961,0,1153.4999999999,1,95.75,late25,False
B-G1.045-C3,7961,0,1161.2499999999,1,7.75,late25,False
B-G1.045-C3,7961,0,1164.9999999999,1,3.75,late25,False
B-G1.045-C3,7961,1,1187.7499999999,1,22.75,early25,False
B-G1.045-C3,7961,1,1189.7499999999,1,2.0,early25,False
B-G1.045-C3,7961,1,1192.9999999999,1,3.25,early25,False
B-G1.045-C3,7961,1,1195.9999999999,1,3.0,early25,False
B-G1.045-C3,7961,1,1198.2499999999,1,2.25,early25,False
B-G1.045-C3,7961,1,1203.9999999999,1,5.75,early25,False
B-G1.045-C3,7961,1,1207.4999999999,1,3.5,early25,False
B-G1.045-C3,7961,1,1212.7499999999,1,5.25,early25,False
B-G1.045-C3,7961,1,1244.7499999999,1,32.0,early25,False
B-G1.045-C3,7961,1,1247.2499999999,1,2.5,early25,False
B-G1.045-C3,7961,1,1248.7499999999,1,1.5,early25,False
B-G1.045-C3,7961,1,1256.7499999999,2,8.0,early25,False
B-G1.045-C3,7961,1,1263.7499999999,1,7.0,early25,False
B-G1.045-C3,7961,1,1267.9999999999,1,4.25,early25,False
B-G1.045-C3,7961,1,1270.7499999999,1,2.75,early25,False
B-G1.045-C3,7961,1,1274.7499999999,1,4.0,early25,False
B-G1.045-C3,7961,1,1420.9999999999,1,146.25,middle50,False
B-G1.045-C3,7961,1,1428.2499999999,1,7.25,middle50,False
B-G1.045-C3,7961,1,1431.2499999999,1,3.0,middle50,False
B-G1.045-C3,7961,1,1435.9999999999,1,4.75,middle50,False
B-G1.045-C3,7961,1,1438.4999999999,1,2.5,middle50,False
B-G1.045-C3,7961,1,1441.7499999999,1,3.25,middle50,False
B-G1.045-C3,7961,1,1446.2499999999,1,4.5,middle50,False
B-G1.045-C3,7961,1,1449.7499999999,2,3.5,middle50,False
B-G1.045-C3,7961,1,1479.9999999999,1,30.25,middle50,False
B-G1.045-C3,7961,1,1482.7499999999,1,2.75,middle50,False
B-G1.045-C3,7961,1,1485.4999999999,1,2.75,middle50,False
B-G1.045-C3,7961,1,1488.4999999999,1,3.0,middle50,False
B-G1.045-C3,7961,1,1491.7499999999,1,3.25,middle50,False
B-G1.045-C3,7961,1,1495.7499999999,2,4.0,middle50,False
B-G1.045-C3,7961,1,1499.2499999999,1,3.5,middle50,False
B-G1.045-C3,7961,1,1504.7499999999,1,5.5,middle50,False
B-G1.045-C3,7961,1,1507.4999999999,15,2.75,middle50,False
B-G1.045-C3,7961,1,1528.9999999999,1,21.5,middle50,False
B-G1.045-C3,7961,1,1544.7499999999,1,15.75,middle50,False
B-G1.045-C3,7961,1,1550.2499999999,1,5.5,middle50,False
B-G1.045-C3,7961,1,1555.2499999999,1,5.0,middle50,False
B-G1.045-C3,7961,1,1557.7499999999,1,2.5,middle50,False
B-G1.045-C3,7961,1,1583.9999999999,1,26.25,middle50,False
B-G1.045-C3,7961,1,1587.7499999999,1,3.75,late25,False
B-G1.045-C3,7961,1,1590.4999999999,1,2.75,late25,False
B-G1.045-C3,7961,1,1592.9999999999,1,2.5,late25,False
B-G1.045-C3,7961,1,1594.9999999999,1,2.0,late25,False
B-G1.045-C3,7961,1,1598.4999999999,1,3.5,late25,False
B-G1.045-C3,7961,1,1599.9999999999,1,1.5,late25,False
B-G1.045-C3,7961,1,1603.2499999999,1,3.25,late25,False
B-G1.045-C3,7961,1,1605.9999999999,1,2.75,late25,False
B-G1.045-C3,7961,1,1608.7499999999,1,2.75,late25,False
B-G1.045-C3,7961,1,1614.4999999999,1,5.75,late25,False
B-G1.045-C3,7961,1,1621.4999999999,1,7.0,late25,False
B-G1.045-C3,7961,2,1742.4999999999,2,121.0,early25,False
B-G1.045-C3,7961,2,1750.7499999999,3,8.25,early25,False
B-G1.045-C3,7961,2,1758.9999999999,3,8.25,early25,False
B-G1.045-C3,7961,2,1809.25,2,50.250000000100044,early25,False
B-G1.045-C3,7961,2,1815.25,3,6.0,early25,False
B-G1.045-C3,7961,2,1819.0,2,3.75,early25,False
B-G1.045-C3,7961,2,1822.75,1,3.75,early25,False
B-G1.045-C3,7961,2,1824.5,1,1.75,early25,False
B-G1.045-C3,7961,2,1825.5,1,1.0,early25,False
B-G1.045-C3,7961,2,1834.75,1,9.25,early25,False
B-G1.045-C3,7961,2,1847.75,1,13.0,early25,False
B-G1.045-C3,7961,2,1861.5,2,13.75,early25,False
B-G1.045-C3,7961,2,1874.0,2,12.5,early25,False
B-G1.045-C3,7961,2,1882.25,3,8.25,early25,False
B-G1.045-C3,7961,2,1917.25,2,35.0,early25,False
B-G1.045-C3,7961,2,1928.75,3,11.5,early25,False
B-G1.045-C3,7961,2,1937.75,3,9.0,early25,False
B-G1.045-C3,7961,2,1942.75,1,5.0,early25,False
B-G1.045-C3,7961,2,1945.75,1,3.0,early25,False
B-G1.045-C3,7961,2,1967.5,1,21.75,early25,False
B-G1.045-C3,7961,2,1972.25,2,4.75,early25,False
B-G1.045-C3,7961,2,1975.5,1,3.25,early25,False
B-G1.045-C3,7961,2,1978.75,1,3.25,early25,False
B-G1.045-C3,7961,2,1983.25,2,4.5,early25,False
B-G1.045-C3,7961,2,1987.75,2,4.5,early25,False
B-G1.045-C3,7961,2,2023.0,1,35.25,early25,False
B-G1.045-C3,7961,2,2030.0,3,7.0,middle50,False
B-G1.045-C3,7961,2,2033.75,1,3.75,middle50,False
B-G1.045-C3,7961,2,2036.0,2,2.25,middle50,False
B-G1.045-C3,7961,2,2039.5,1,3.5,middle50,False
B-G1.045-C3,7961,2,2041.25,1,1.75,middle50,False
B-G1.045-C3,7961,2,2045.0,1,3.75,middle50,False
B-G1.045-C3,7961,2,2047.0,1,2.0,middle50,False
B-G1.045-C3,7961,2,2053.75,1,6.75,middle50,False
B-G1.045-C3,7961,2,2059.5,1,5.75,middle50,False
B-G1.045-C3,7961,2,2065.75,5,6.25,middle50,False
B-G1.045-C3,7961,2,2083.5,1,17.75,middle50,False
B-G1.045-C3,7961,2,2087.75,2,4.25,middle50,False
B-G1.045-C3,7961,2,2091.0,1,3.25,middle50,False
B-G1.045-C3,7961,2,2095.75,2,4.75,middle50,False
B-G1.045-C3,7961,2,2100.25,1,4.5,middle50,False
B-G1.045-C3,7961,2,2105.0,2,4.75,middle50,False
B-G1.045-C3,7961,2,2108.75,1,3.75,middle50,False
B-G1.045-C3,7961,2,2133.0,15,24.25,middle50,False
B-G1.045-C3,7961,2,2134.5,1,1.5,middle50,False
B-G1.045-C3,7961,2,2135.5,3,1.0,middle50,False
B-G1.045-C3,7961,2,2138.25,1,2.75,middle50,False
B-G1.045-C3,7961,2,2146.25,1,8.0,middle50,False
B-G1.045-C3,7961,2,2150.0,1,3.75,middle50,False
B-G1.045-C3,7961,2,2156.5,1,6.5,middle50,False
B-G1.045-C3,7961,2,2158.0,3,1.5,middle50,False
B-G1.045-C3,7961,2,2160.75,1,2.75,middle50,False
B-G1.045-C3,7961,2,2165.25,1,4.5,middle50,False
B-G1.045-C3,7961,2,2171.5,3,6.25,middle50,False
B-G1.045-C3,7961,2,2311.25,1,139.75,middle50,False
B-G1.045-C3,7961,2,2312.5,1,1.25,middle50,False
B-G1.045-C3,7961,2,2319.25,1,6.75,middle50,False
B-G1.045-C3,7961,2,2326.0,1,6.75,middle50,False
B-G1.045-C3,7961,2,2329.25,1,3.25,middle50,False
B-G1.045-C3,7961,2,2332.5,1,3.25,middle50,False
B-G1.045-C3,7961,2,2337.25,1,4.75,middle50,False
B-G1.045-C3,7961,2,2366.5,1,29.25,middle50,False
B-G1.045-C3,7961,2,2371.25,1,4.75,middle50,False
B-G1.045-C3,7961,2,2374.0,1,2.75,middle50,False
B-G1.045-C3,7961,2,2376.25,1,2.25,middle50,False
B-G1.045-C3,7961,2,2382.25,1,6.0,middle50,False
B-G1.045-C3,7961,2,2384.25,1,2.0,middle50,False
B-G1.045-C3,7961,2,2387.5,1,3.25,middle50,False
B-G1.045-C3,7961,2,2391.75,1,4.25,middle50,False
B-G1.045-C3,7961,2,2395.75,2,4.0,middle50,False
B-G1.045-C3,7961,2,2418.25,1,22.5,middle50,False
B-G1.045-C3,7961,2,2422.75,1,4.5,middle50,False
B-G1.045-C3,7961,2,2428.75,2,6.0,middle50,False
B-G1.045-C3,7961,2,2467.75,1,39.0,middle50,False
B-G1.045-C3,7961,2,2473.5,1,5.75,middle50,False
B-G1.045-C3,7961,2,2477.25,2,3.75,middle50,False
B-G1.045-C3,7961,2,2482.5,1,5.25,middle50,False
B-G1.045-C3,7961,2,2486.5,1,4.0,middle50,False
B-G1.045-C3,7961,2,2490.5,1,4.0,middle50,False
B-G1.045-C3,7961,2,2493.0,1,2.5,middle50,False
B-G1.045-C3,7961,2,2496.0,1,3.0,middle50,False
B-G1.045-C3,7961,2,2504.0,1,8.0,middle50,False
B-G1.045-C3,7961,2,2636.0,1,132.0,late25,False
B-G1.045-C3,7961,2,2640.25,1,4.25,late25,False
B-G1.045-C3,7961,2,2649.0,2,8.75,late25,False
B-G1.045-C3,7961,2,2653.75,1,4.75,late25,False
B-G1.045-C3,7961,2,2660.0,1,6.25,late25,False
B-G1.045-C3,7961,2,2693.0,1,33.0,late25,False
B-G1.045-C3,7961,2,2696.5,1,3.5,late25,False
B-G1.045-C3,7961,2,2700.0,1,3.5,late25,False
B-G1.045-C3,7961,2,2703.75,1,3.75,late25,False
B-G1.045-C3,7961,2,2705.0,1,1.25,late25,False
B-G1.045-C3,7961,2,2710.25,1,5.25,late25,False
B-G1.045-C3,7961,2,2716.75,1,6.5,late25,False
B-G1.045-C3,7961,2,2720.0,1,3.25,late25,False
B-G1.045-C3,7961,2,2741.0,1,21.0,late25,False
B-G1.045-C3,7961,2,2747.5,1,6.5,late25,False
B-G1.045-C3,7961,2,2751.75,1,4.25,late25,False
B-G1.045-C3,7961,2,2755.75,1,4.0,late25,False
B-G1.045-C3,7961,2,2760.0,1,4.25,late25,False
B-G1.045-C3,7961,2,2767.0,8,7.0,late25,False
B-G1.045-C3,7961,2,2796.25,1,29.25,late25,False
B-G1.045-C3,7961,2,2799.75,1,3.5,late25,False
B-G1.045-C3,7961,2,2804.25,1,4.5,late25,False
B-G1.045-C3,7961,2,2808.25,1,4.0,late25,False
B-G1.045-C3,7961,2,2810.0,1,1.75,late25,False
B-G1.045-C3,7961,2,2813.75,1,3.75,late25,False
B-G1.045-C3,7961,2,2817.75,1,4.0,late25,False
B-G1.045-C3,7961,2,2822.75,1,5.0,late25,False
B-G1.045-C3,7961,2,2827.25,1,4.5,late25,False
B-G1.045-C3,7961,3,2951.25,2,124.0,early25,True
B-G1.045-C3,7961,3,2956.25,1,5.0,early25,True
B-G1.045-C3,7961,3,2959.25,2,3.0,early25,True
B-G1.045-C3,7961,3,2962.25,1,3.0,early25,True
B-G1.045-C3,7961,3,2965.25,1,3.0,early25,True
B-G1.045-C3,7961,3,2967.75,1,2.5,early25,True
B-G1.045-C3,7961,3,2970.0,1,2.25,early25,True
B-G1.045-C3,7961,3,3004.0,1,34.0,early25,True
B-G1.045-C3,7961,3,3007.25,1,3.25,early25,True
B-G1.045-C3,7961,3,3010.25,2,3.0,early25,True
B-G1.045-C3,7961,3,3011.75,1,1.5,early25,True
B-G1.045-C3,7961,3,3020.75,2,9.0,early25,True
B-G1.045-C3,7961,3,3023.25,1,2.5,early25,True
B-G1.045-C3,7961,3,3024.75,1,1.5,early25,True
B-G1.045-C3,7961,3,3027.0,1,2.25,early25,True
B-G1.045-C3,7961,3,3028.5,1,1.5,early25,True
B-G1.045-C3,7961,3,3034.75,2,6.25,early25,True
B-G1.045-C3,7961,3,3053.5,1,18.75,early25,True
B-G1.045-C3,7961,3,3058.0,1,4.5,early25,True
B-G1.045-C3,7961,3,3063.25,2,5.25,early25,True
B-G1.045-C3,7961,3,3068.25,1,5.0,early25,True
B-G1.045-C3,7961,3,3072.75,1,4.5,early25,True
B-G1.045-C3,7961,3,3077.0,1,4.25,early25,True
B-G1.045-C3,7961,3,3080.75,1,3.75,early25,True
B-G1.045-C3,7961,3,3086.0,11,5.25,early25,True
B-G1.045-C3,7961,3,3115.5,1,29.5,middle50,True
B-G1.045-C3,7961,3,3119.25,1,3.75,middle50,True
B-G1.045-C3,7961,3,3121.75,1,2.5,middle50,True
B-G1.045-C3,7961,3,3123.5,1,1.75,middle50,True
B-G1.045-C3,7961,3,3132.5,2,9.0,middle50,True
B-G1.045-C3,7961,3,3137.0,1,4.5,middle50,True
B-G1.045-C3,7961,3,3166.75,1,29.75,middle50,True
B-G1.045-C3,7961,3,3174.0,1,7.25,middle50,True
B-G1.045-C3,7961,3,3177.75,1,3.75,middle50,True
B-G1.045-C3,7961,3,3184.75,1,7.0,middle50,True
B-G1.045-C3,7961,3,3223.0,1,38.25,middle50,True
B-G1.045-C3,7961,3,3237.0,2,14.0,middle50,True
B-G1.045-C3,7961,3,3246.5,1,9.5,middle50,True
B-G1.045-C3,7961,3,3260.75,5,14.25,middle50,True
B-G1.045-C3,7961,3,3272.0,1,11.25,middle50,True
B-G1.045-C3,7961,3,3289.5,1,17.5,middle50,True
B-G1.045-C3,7961,3,3296.5,1,7.0,middle50,True
B-G1.045-C3,7961,3,3342.75,2,46.25,middle50,True
B-G1.045-C3,7961,3,3349.5,1,6.75,middle50,True
B-G1.045-C3,7961,3,3352.75,1,3.25,middle50,True
B-G1.045-C3,7961,3,3377.25,1,24.5,middle50,True
B-G1.045-C3,7961,3,3381.5,1,4.25,middle50,True
B-G1.045-C3,7961,3,3385.5,1,4.0,middle50,True
B-G1.045-C3,7961,3,3392.75,1,7.25,middle50,True
B-G1.045-C3,7961,3,3395.75,1,3.0,middle50,True
B-G1.045-C3,7961,3,3400.0,7,4.25,middle50,True
B-G1.045-C3,7961,3,3438.0,1,38.0,late25,True
B-G1.045-C3,7961,3,3443.75,1,5.75,late25,True
B-G1.045-C3,7961,3,3448.5,1,4.75,late25,True
B-G1.045-C3,7961,3,3454.0,1,5.5,late25,True
B-G1.045-C3,7961,3,3459.5,1,5.5,late25,True
B-G1.045-C3,7961,3,3485.25,1,25.75,late25,True
B-G1.045-C3,7961,3,3501.5,1,16.25,late25,True
B-G1.045-C3,7961,3,3539.5,1,38.0,late25,True
B-G1.045-C3,7961,3,3543.5,1,4.0,late25,True
B-G1.045-C3,7961,3,3552.5,1,9.0,late25,True
B-G1.045-C3,7961,3,3572.5,4,20.0,late25,True
B-G1.045-C3,7961,3,3594.0,1,21.5,late25,True
B-G1.045-C3,15880,0,0.25,3,,early25,False
B-G1.045-C3,15880,0,9.5,1,9.25,early25,False
B-G1.045-C3,15880,0,26.75,1,17.25,early25,False
B-G1.045-C3,15880,0,28.75,1,2.0,early25,False
B-G1.045-C3,15880,0,41.0,1,12.25,early25,False
B-G1.045-C3,15880,0,51.0,1,10.0,early25,False
B-G1.045-C3,15880,0,94.0,1,43.0,early25,False
B-G1.045-C3,15880,0,111.25,1,17.25,early25,False
B-G1.045-C3,15880,0,156.75,1,45.5,early25,False
B-G1.045-C3,15880,0,173.75,1,17.0,early25,False
B-G1.045-C3,15880,0,206.5,1,32.75,middle50,False
B-G1.045-C3,15880,0,212.5,1,6.0,middle50,False
B-G1.045-C3,15880,0,218.0,1,5.5,middle50,False
B-G1.045-C3,15880,0,226.0,1,8.0,middle50,False
B-G1.045-C3,15880,0,228.75,1,2.75,middle50,False
B-G1.045-C3,15880,0,238.5,1,9.75,middle50,False
B-G1.045-C3,15880,0,273.0,1,34.5,middle50,False
B-G1.045-C3,15880,0,276.75,1,3.75,middle50,False
B-G1.045-C3,15880,0,283.0,1,6.25,middle50,False
B-G1.045-C3,15880,0,286.75,1,3.75,middle50,False
B-G1.045-C3,15880,0,293.0,1,6.25,middle50,False
B-G1.045-C3,15880,0,296.5,1,3.5,middle50,False
B-G1.045-C3,15880,0,329.0,1,32.5,middle50,False
B-G1.045-C3,15880,0,335.25,1,6.25,middle50,False
B-G1.045-C3,15880,0,340.5,1,5.25,middle50,False
B-G1.045-C3,15880,0,346.0,1,5.5,middle50,False
B-G1.045-C3,15880,0,352.75,1,6.75,middle50,False
B-G1.045-C3,15880,0,357.0,1,4.25,middle50,False
B-G1.045-C3,15880,0,510.0,1,153.0,middle50,False
B-G1.045-C3,15880,0,513.25,1,3.25,middle50,False
B-G1.045-C3,15880,0,520.5,1,7.25,middle50,False
B-G1.045-C3,15880,0,527.25,1,6.75,middle50,False
B-G1.045-C3,15880,0,535.5,1,8.25,middle50,False
B-G1.045-C3,15880,0,539.5,1,4.0,middle50,False
B-G1.045-C3,15880,0,569.5,1,30.0,middle50,False
B-G1.045-C3,15880,0,574.75,1,5.25,middle50,False
B-G1.045-C3,15880,0,581.25,1,6.5,middle50,False
B-G1.045-C3,15880,0,589.0,1,7.75,middle50,False
B-G1.045-C3,15880,0,594.0,1,5.0,middle50,False
B-G1.045-C3,15880,0,603.75,1,9.75,middle50,False
B-G1.045-C3,15880,0,633.25,1,29.5,late25,False
B-G1.045-C3,15880,0,640.0,1,6.75,late25,False
B-G1.045-C3,15880,0,648.25,1,8.25,late25,False
B-G1.045-C3,15880,0,655.5,1,7.25,late25,False
B-G1.045-C3,15880,0,681.5,1,26.0,late25,False
B-G1.045-C3,15880,0,686.0,1,4.5,late25,False
B-G1.045-C3,15880,0,691.25,11,5.25,late25,False
B-G1.045-C3,15880,0,710.5,1,19.25,late25,False
B-G1.045-C3,15880,1,851.0,1,140.5,early25,False
B-G1.045-C3,15880,1,855.25,1,4.25,early25,False
B-G1.045-C3,15880,1,863.5,2,8.25,early25,False
B-G1.045-C3,15880,1,868.75,1,5.25,early25,False
B-G1.045-C3,15880,1,876.0,2,7.25,early25,False
B-G1.045-C3,15880,1,884.5,2,8.5,early25,False
B-G1.045-C3,15880,1,908.0,2,23.5,early25,False
B-G1.045-C3,15880,1,911.75,1,3.75,early25,False
B-G1.045-C3,15880,1,917.0,2,5.25,early25,False
B-G1.045-C3,15880,1,923.0,18,6.0,early25,False
B-G1.045-C3,15880,1,932.5,2,9.5,early25,False
B-G1.045-C3,15880,1,955.25,1,22.75,early25,False
B-G1.045-C3,15880,1,961.5,1,6.25,early25,False
B-G1.045-C3,15880,1,967.0,1,5.5,early25,False
B-G1.045-C3,15880,1,971.5,2,4.5,early25,False
B-G1.045-C3,15880,1,975.75,1,4.25,early25,False
B-G1.045-C3,15880,1,982.75,2,7.0,early25,False
B-G1.045-C3,15880,1,1013.75,1,31.0,early25,False
B-G1.045-C3,15880,1,1018.5,1,4.75,early25,False
B-G1.045-C3,15880,1,1024.75,2,6.25,early25,False
B-G1.045-C3,15880,1,1030.75,1,6.0,early25,False
B-G1.045-C3,15880,1,1033.75,1,3.0,early25,False
B-G1.045-C3,15880,1,1038.75,1,5.0,early25,False
B-G1.045-C3,15880,1,1041.75,1,3.0,early25,False
B-G1.045-C3,15880,1,1191.2499999999,1,149.49999999989996,middle50,False
B-G1.045-C3,15880,1,1195.4999999999,1,4.25,middle50,False
B-G1.045-C3,15880,1,1198.4999999999,1,3.0,middle50,False
B-G1.045-C3,15880,1,1203.4999999999,1,5.0,middle50,False
B-G1.045-C3,15880,1,1205.9999999999,1,2.5,middle50,False
B-G1.045-C3,15880,1,1215.9999999999,1,10.0,middle50,False
B-G1.045-C3,15880,1,1248.4999999999,1,32.5,middle50,False
B-G1.045-C3,15880,1,1251.4999999999,2,3.0,middle50,False
B-G1.045-C3,15880,1,1257.4999999999,1,6.0,middle50,False
B-G1.045-C3,15880,1,1261.2499999999,1,3.75,middle50,False
B-G1.045-C3,15880,1,1262.7499999999,1,1.5,middle50,False
B-G1.045-C3,15880,1,1267.2499999999,2,4.5,middle50,False
B-G1.045-C3,15880,1,1272.7499999999,1,5.5,middle50,False
B-G1.045-C3,15880,1,1275.2499999999,1,2.5,middle50,False
B-G1.045-C3,15880,1,1300.7499999999,1,25.5,middle50,False
B-G1.045-C3,15880,1,1303.7499999999,1,3.0,middle50,False
B-G1.045-C3,15880,1,1306.9999999999,1,3.25,middle50,False
B-G1.045-C3,15880,1,1313.2499999999,1,6.25,middle50,False
B-G1.045-C3,15880,1,1316.9999999999,2,3.75,middle50,False
B-G1.045-C3,15880,1,1324.4999999999,1,7.5,middle50,False
B-G1.045-C3,15880,1,1327.9999999999,1,3.5,middle50,False
B-G1.045-C3,15880,1,1361.7499999999,1,33.75,middle50,False
B-G1.045-C3,15880,1,1364.7499999999,1,3.0,middle50,False
B-G1.045-C3,15880,1,1366.2499999999,1,1.5,middle50,False
B-G1.045-C3,15880,1,1369.2499999999,1,3.0,middle50,False
B-G1.045-C3,15880,1,1373.9999999999,1,4.75,middle50,False
B-G1.045-C3,15880,1,1379.7499999999,2,5.75,middle50,False
B-G1.045-C3,15880,1,1385.4999999999,1,5.75,middle50,False
B-G1.045-C3,15880,1,1392.4999999999,1,7.0,middle50,False
B-G1.045-C3,15880,1,1398.7499999999,4,6.25,middle50,False
B-G1.045-C3,15880,1,1518.9999999999,1,120.25,middle50,False
B-G1.045-C3,15880,1,1525.2499999999,1,6.25,middle50,False
B-G1.045-C3,15880,1,1533.2499999999,1,8.0,middle50,False
B-G1.045-C3,15880,1,1535.4999999999,1,2.25,middle50,False
B-G1.045-C3,15880,1,1541.7499999999,4,6.25,middle50,False
B-G1.045-C3,15880,1,1548.2499999999,1,6.5,middle50,False
B-G1.045-C3,15880,1,1573.4999999999,1,25.25,middle50,False
B-G1.045-C3,15880,1,1578.7499999999,2,5.25,late25,False
B-G1.045-C3,15880,1,1581.9999999999,1,3.25,late25,False
B-G1.045-C3,15880,1,1586.9999999999,1,5.0,late25,False
B-G1.045-C3,15880,1,1589.9999999999,1,3.0,late25,False
B-G1.045-C3,15880,1,1599.7499999999,1,9.75,late25,False
B-G1.045-C3,15880,1,1602.2499999999,1,2.5,late25,False
B-G1.045-C3,15880,1,1605.7499999999,1,3.5,late25,False
B-G1.045-C3,15880,1,1618.2499999999,3,12.5,late25,False
B-G1.045-C3,15880,1,1629.4999999999,1,11.25,late25,False
B-G1.045-C3,15880,1,1637.4999999999,1,8.0,late25,False
B-G1.045-C3,15880,1,1641.4999999999,1,4.0,late25,False
B-G1.045-C3,15880,1,1647.7499999999,1,6.25,late25,False
B-G1.045-C3,15880,1,1653.7499999999,1,6.0,late25,False
B-G1.045-C3,15880,1,1658.4999999999,1,4.75,late25,False
B-G1.045-C3,15880,1,1684.4999999999,1,26.0,late25,False
B-G1.045-C3,15880,1,1690.2499999999,1,5.75,late25,False
B-G1.045-C3,15880,1,1692.2499999999,1,2.0,late25,False
B-G1.045-C3,15880,1,1696.9999999999,1,4.75,late25,False
B-G1.045-C3,15880,1,1702.9999999999,1,6.0,late25,False
B-G1.045-C3,15880,1,1707.4999999999,1,4.5,late25,False
B-G1.045-C3,15880,1,1710.7499999999,1,3.25,late25,False
B-G1.045-C3,15880,1,1713.7499999999,1,3.0,late25,False
B-G1.045-C3,15880,1,1812.0,1,98.25000000010004,late25,False
B-G1.045-C3,15880,1,1816.25,1,4.25,late25,False
B-G1.045-C3,15880,1,1820.5,1,4.25,late25,False
B-G1.045-C3,15880,2,1840.0,2,19.5,early25,False
B-G1.045-C3,15880,2,1841.25,1,1.25,early25,False
B-G1.045-C3,15880,2,1843.75,1,2.5,early25,False
B-G1.045-C3,15880,2,1846.5,2,2.75,early25,False
B-G1.045-C3,15880,2,1852.5,2,6.0,early25,False
B-G1.045-C3,15880,2,1857.25,1,4.75,early25,False
B-G1.045-C3,15880,2,1862.0,2,4.75,early25,False
B-G1.045-C3,15880,2,1865.5,1,3.5,early25,False
B-G1.045-C3,15880,2,1870.75,2,5.25,early25,False
B-G1.045-C3,15880,2,1898.0,2,27.25,early25,False
B-G1.045-C3,15880,2,1901.25,2,3.25,early25,False
B-G1.045-C3,15880,2,1905.0,18,3.75,early25,False
B-G1.045-C3,15880,2,1906.75,1,1.75,early25,False
B-G1.045-C3,15880,2,1914.0,1,7.25,early25,False
B-G1.045-C3,15880,2,1920.75,1,6.75,early25,False
B-G1.045-C3,15880,2,1923.25,1,2.5,early25,False
B-G1.045-C3,15880,2,1924.75,1,1.5,early25,False
B-G1.045-C3,15880,2,1928.25,1,3.5,early25,False
B-G1.045-C3,15880,2,1945.5,1,17.25,early25,False
B-G1.045-C3,15880,2,1949.0,1,3.5,early25,False
B-G1.045-C3,15880,2,1952.25,1,3.25,early25,False
B-G1.045-C3,15880,2,1956.25,1,4.0,early25,False
B-G1.045-C3,15880,2,1959.25,1,3.0,early25,False
B-G1.045-C3,15880,2,1967.75,2,8.5,early25,False
B-G1.045-C3,15880,2,2001.75,1,34.0,early25,False
B-G1.045-C3,15880,2,2004.75,1,3.0,early25,False
B-G1.045-C3,15880,2,2011.25,2,6.5,early25,False
B-G1.045-C3,15880,2,2018.5,2,7.25,early25,False
B-G1.045-C3,15880,2,2023.0,2,4.5,early25,False
B-G1.045-C3,15880,2,2027.25,1,4.25,early25,False
B-G1.045-C3,15880,2,2029.0,1,1.75,early25,False
B-G1.045-C3,15880,2,2051.5,1,22.5,early25,False
B-G1.045-C3,15880,2,2059.25,2,7.75,early25,False
B-G1.045-C3,15880,2,2066.5,1,7.25,early25,False
B-G1.045-C3,15880,2,2071.75,2,5.25,early25,False
B-G1.045-C3,15880,2,2111.75,1,40.0,middle50,False
B-G1.045-C3,15880,2,2115.75,1,4.0,middle50,False
B-G1.045-C3,15880,2,2119.5,1,3.75,middle50,False
B-G1.045-C3,15880,2,2122.75,1,3.25,middle50,False
B-G1.045-C3,15880,2,2126.0,1,3.25,middle50,False
B-G1.045-C3,15880,2,2127.75,1,1.75,middle50,False
B-G1.045-C3,15880,2,2132.75,2,5.0,middle50,False
B-G1.045-C3,15880,2,2145.5,4,12.75,middle50,False
B-G1.045-C3,15880,2,2282.5,3,137.0,middle50,False
B-G1.045-C3,15880,2,2285.25,3,2.75,middle50,False
B-G1.045-C3,15880,2,2293.75,1,8.5,middle50,False
B-G1.045-C3,15880,2,2298.0,1,4.25,middle50,False
B-G1.045-C3,15880,2,2303.5,1,5.5,middle50,False
B-G1.045-C3,15880,2,2307.25,1,3.75,middle50,False
B-G1.045-C3,15880,2,2311.75,1,4.5,middle50,False
B-G1.045-C3,15880,2,2314.75,1,3.0,middle50,False
B-G1.045-C3,15880,2,2341.0,1,26.25,middle50,False
B-G1.045-C3,15880,2,2345.75,1,4.75,middle50,False
B-G1.045-C3,15880,2,2348.25,1,2.5,middle50,False
B-G1.045-C3,15880,2,2355.75,8,7.5,middle50,False
B-G1.045-C3,15880,2,2360.5,2,4.75,middle50,False
B-G1.045-C3,15880,2,2363.25,1,2.75,middle50,False
B-G1.045-C3,15880,2,2365.5,2,2.25,middle50,False
B-G1.045-C3,15880,2,2371.75,1,6.25,middle50,False
B-G1.045-C3,15880,2,2385.75,1,14.0,middle50,False
B-G1.045-C3,15880,2,2388.5,1,2.75,middle50,False
B-G1.045-C3,15880,2,2395.5,1,7.0,middle50,False
B-G1.045-C3,15880,2,2400.5,1,5.0,middle50,False
B-G1.045-C3,15880,2,2405.5,1,5.0,middle50,False
B-G1.045-C3,15880,2,2408.75,1,3.25,middle50,False
B-G1.045-C3,15880,2,2412.25,1,3.5,middle50,False
B-G1.045-C3,15880,2,2445.25,1,33.0,middle50,False
B-G1.045-C3,15880,2,2449.0,1,3.75,middle50,False
B-G1.045-C3,15880,2,2451.0,1,2.0,middle50,False
B-G1.045-C3,15880,2,2456.0,1,5.0,middle50,False
B-G1.045-C3,15880,2,2459.75,1,3.75,middle50,False
B-G1.045-C3,15880,2,2463.5,1,3.75,middle50,False
B-G1.045-C3,15880,2,2468.0,1,4.5,middle50,False
B-G1.045-C3,15880,2,2471.75,1,3.75,middle50,False
B-G1.045-C3,15880,2,2478.5,1,6.75,middle50,False
B-G1.045-C3,15880,2,2485.75,5,7.25,middle50,False
B-G1.045-C3,15880,2,2608.5,1,122.75,middle50,False
B-G1.045-C3,15880,2,2613.0,1,4.5,middle50,False
B-G1.045-C3,15880,2,2617.5,1,4.5,middle50,False
B-G1.045-C3,15880,2,2622.0,1,4.5,middle50,False
B-G1.045-C3,15880,2,2626.5,1,4.5,middle50,False
B-G1.045-C3,15880,2,2632.5,1,6.0,late25,False
B-G1.045-C3,15880,2,2635.25,1,2.75,late25,False
B-G1.045-C3,15880,2,2663.75,6,28.5,late25,False
B-G1.045-C3,15880,2,2669.0,1,5.25,late25,False
B-G1.045-C3,15880,2,2676.25,1,7.25,late25,False
B-G1.045-C3,15880,2,2684.75,2,8.5,late25,False
B-G1.045-C3,15880,2,2693.0,1,8.25,late25,False
B-G1.045-C3,15880,2,2699.0,2,6.0,late25,False
B-G1.045-C3,15880,2,2709.25,1,10.25,late25,False
B-G1.045-C3,15880,2,2715.75,1,6.5,late25,False
B-G1.045-C3,15880,2,2720.75,1,5.0,late25,False
B-G1.045-C3,15880,2,2729.0,1,8.25,late25,False
B-G1.045-C3,15880,2,2734.75,1,5.75,late25,False
B-G1.045-C3,15880,2,2765.25,1,30.5,late25,False
B-G1.045-C3,15880,2,2769.5,1,4.25,late25,False
B-G1.045-C3,15880,2,2776.0,1,6.5,late25,False
B-G1.045-C3,15880,2,2777.75,1,1.75,late25,False
B-G1.045-C3,15880,2,2786.75,1,9.0,late25,False
B-G1.045-C3,15880,2,2791.0,1,4.25,late25,False
B-G1.045-C3,15880,2,2794.5,1,3.5,late25,False
B-G1.045-C3,15880,3,2914.5,1,120.0,early25,True
B-G1.045-C3,15880,3,2915.25,1,0.75,early25,True
B-G1.045-C3,15880,3,2920.25,1,5.0,early25,True
B-G1.045-C3,15880,3,2924.25,2,4.0,early25,True
B-G1.045-C3,15880,3,2928.5,1,4.25,early25,True
B-G1.045-C3,15880,3,2931.75,2,3.25,early25,True
B-G1.045-C3,15880,3,2937.5,1,5.75,early25,True
B-G1.045-C3,15880,3,2938.75,1,1.25,early25,True
B-G1.045-C3,15880,3,2973.75,2,35.0,early25,True
B-G1.045-C3,15880,3,2984.0,2,10.25,early25,True
B-G1.045-C3,15880,3,2996.5,1,12.5,early25,True
B-G1.045-C3,15880,3,3006.0,1,9.5,early25,True
B-G1.045-C3,15880,3,3023.5,1,17.5,early25,True
B-G1.045-C3,15880,3,3027.75,1,4.25,early25,True
B-G1.045-C3,15880,3,3032.5,1,4.75,early25,True
B-G1.045-C3,15880,3,3036.75,1,4.25,early25,True
B-G1.045-C3,15880,3,3041.5,1,4.75,early25,True
B-G1.045-C3,15880,3,3045.25,1,3.75,early25,True
B-G1.045-C3,15880,3,3049.5,8,4.25,early25,True
B-G1.045-C3,15880,3,3081.75,1,32.25,middle50,True
B-G1.045-C3,15880,3,3088.75,1,7.0,middle50,True
B-G1.045-C3,15880,3,3095.25,1,6.5,middle50,True
B-G1.045-C3,15880,3,3101.75,1,6.5,middle50,True
B-G1.045-C3,15880,3,3104.0,1,2.25,middle50,True
B-G1.045-C3,15880,3,3138.25,1,34.25,middle50,True
B-G1.045-C3,15880,3,3148.0,1,9.75,middle50,True
B-G1.045-C3,15880,3,3158.0,1,10.0,middle50,True
B-G1.045-C3,15880,3,3190.25,2,32.25,middle50,True
B-G1.045-C3,15880,3,3203.0,1,12.75,middle50,True
B-G1.045-C3,15880,3,3209.25,1,6.25,middle50,True
B-G1.045-C3,15880,3,3215.5,2,6.25,middle50,True
B-G1.045-C3,15880,3,3231.75,4,16.25,middle50,True
B-G1.045-C3,15880,3,3241.25,4,9.5,middle50,True
B-G1.045-C3,15880,3,3245.75,1,4.5,middle50,True
B-G1.045-C3,15880,3,3250.25,1,4.5,middle50,True
B-G1.045-C3,15880,3,3259.75,1,9.5,middle50,True
B-G1.045-C3,15880,3,3265.0,1,5.25,middle50,True
B-G1.045-C3,15880,3,3271.75,1,6.75,middle50,True
B-G1.045-C3,15880,3,3303.25,3,31.5,middle50,True
B-G1.045-C3,15880,3,3306.0,1,2.75,middle50,True
B-G1.045-C3,15880,3,3311.25,1,5.25,middle50,True
B-G1.045-C3,15880,3,3314.0,1,2.75,middle50,True
B-G1.045-C3,15880,3,3319.75,1,5.75,middle50,True
B-G1.045-C3,15880,3,3322.25,3,2.5,middle50,True
B-G1.045-C3,15880,3,3338.0,4,15.75,middle50,True
B-G1.045-C3,15880,3,3355.0,1,17.0,middle50,True
B-G1.045-C3,15880,3,3361.75,1,6.75,middle50,True
B-G1.045-C3,15880,3,3372.25,1,10.5,middle50,True
B-G1.045-C3,15880,3,3403.25,1,31.0,middle50,True
B-G1.045-C3,15880,3,3420.0,1,16.75,middle50,True
B-G1.045-C3,15880,3,3425.25,1,5.25,late25,True
B-G1.045-C3,15880,3,3432.75,1,7.5,late25,True
B-G1.045-C3,15880,3,3444.0,3,11.25,late25,True
B-G1.045-C3,15880,3,3454.0,2,10.0,late25,True
B-G1.045-C3,15880,3,3473.0,1,19.0,late25,True
B-G1.045-C3,15880,3,3479.25,1,6.25,late25,True
B-G1.045-C3,15880,3,3511.75,1,32.5,late25,True
B-G1.045-C3,15880,3,3518.25,1,6.5,late25,True
B-G1.045-C3,15880,3,3532.25,1,14.0,late25,True
B-G1.045-C3,15880,3,3537.25,1,5.0,late25,True
B-G1.045-C3,15880,3,3544.75,1,7.5,late25,True
B-G1.045-C3,15880,3,3552.0,3,7.25,late25,True
B-G1.045-C3,15880,3,3568.75,1,16.75,late25,True
B-G1.045-C3,15880,3,3575.5,1,6.75,late25,True
B-G1.045-C3,15880,3,3586.25,4,10.75,late25,True
B-G1.045-C3,23799,0,0.25,3,,early25,False
B-G1.045-C3,23799,0,8.25,1,8.0,early25,False
B-G1.045-C3,23799,0,17.25,1,9.0,early25,False
B-G1.045-C3,23799,0,46.25,1,29.0,early25,False
B-G1.045-C3,23799,0,62.5,1,16.25,early25,False
B-G1.045-C3,23799,0,89.0,1,26.5,early25,False
B-G1.045-C3,23799,0,113.75,1,24.75,early25,False
B-G1.045-C3,23799,0,166.25,1,52.5,early25,False
B-G1.045-C3,23799,0,170.25,1,4.0,early25,False
B-G1.045-C3,23799,0,217.5,1,47.25,middle50,False
B-G1.045-C3,23799,0,224.25,1,6.75,middle50,False
B-G1.045-C3,23799,0,237.25,1,13.0,middle50,False
B-G1.045-C3,23799,0,240.25,1,3.0,middle50,False
B-G1.045-C3,23799,0,279.25,1,39.0,middle50,False
B-G1.045-C3,23799,0,288.75,1,9.5,middle50,False
B-G1.045-C3,23799,0,293.0,1,4.25,middle50,False
B-G1.045-C3,23799,0,300.0,1,7.0,middle50,False
B-G1.045-C3,23799,0,332.5,1,32.5,middle50,False
B-G1.045-C3,23799,0,342.0,1,9.5,middle50,False
B-G1.045-C3,23799,0,346.5,1,4.5,middle50,False
B-G1.045-C3,23799,0,350.5,1,4.0,middle50,False
B-G1.045-C3,23799,0,357.75,1,7.25,middle50,False
B-G1.045-C3,23799,0,363.0,1,5.25,middle50,False
B-G1.045-C3,23799,0,521.25,1,158.25,middle50,False
B-G1.045-C3,23799,0,527.0,1,5.75,middle50,False
B-G1.045-C3,23799,0,533.25,1,6.25,middle50,False
B-G1.045-C3,23799,0,543.0,1,9.75,middle50,False
B-G1.045-C3,23799,0,576.5,1,33.5,middle50,False
B-G1.045-C3,23799,0,589.25,1,12.75,middle50,False
B-G1.045-C3,23799,0,590.5,1,1.25,middle50,False
B-G1.045-C3,23799,0,597.25,1,6.75,middle50,False
B-G1.045-C3,23799,0,598.5,1,1.25,middle50,False
B-G1.045-C3,23799,0,603.5,1,5.0,middle50,False
B-G1.045-C3,23799,0,636.5,1,33.0,late25,False
B-G1.045-C3,23799,0,642.5,1,6.0,late25,False
B-G1.045-C3,23799,0,650.25,1,7.75,late25,False
B-G1.045-C3,23799,0,659.75,1,9.5,late25,False
B-G1.045-C3,23799,0,668.5,1,8.75,late25,False
B-G1.045-C3,23799,0,689.75,1,21.25,late25,False
B-G1.045-C3,23799,0,701.0,12,11.25,late25,False
B-G1.045-C3,23799,0,703.75,1,2.75,late25,False
B-G1.045-C3,23799,0,715.0,1,11.25,late25,False
B-G1.045-C3,23799,0,721.0,1,6.0,late25,False
B-G1.045-C3,23799,1,835.25,1,114.25,early25,False
B-G1.045-C3,23799,1,850.5,1,15.25,early25,False
B-G1.045-C3,23799,1,854.5,1,4.0,early25,False
B-G1.045-C3,23799,1,859.25,2,4.75,early25,False
B-G1.045-C3,23799,1,862.75,1,3.5,early25,False
B-G1.045-C3,23799,1,878.0,2,15.25,early25,False
B-G1.045-C3,23799,1,915.0,2,37.0,early25,False
B-G1.045-C3,23799,1,919.0,1,4.0,early25,False
B-G1.045-C3,23799,1,921.0,1,2.0,early25,False
B-G1.045-C3,23799,1,926.75,1,5.75,early25,False
B-G1.045-C3,23799,1,934.0,2,7.25,early25,False
B-G1.045-C3,23799,1,963.0,1,29.0,early25,False
B-G1.045-C3,23799,1,966.0,1,3.0,early25,False
B-G1.045-C3,23799,1,968.0,1,2.0,early25,False
B-G1.045-C3,23799,1,980.0,1,12.0,early25,False
B-G1.045-C3,23799,1,1017.0,2,37.0,early25,False
B-G1.045-C3,23799,1,1023.0,1,6.0,early25,False
B-G1.045-C3,23799,1,1027.5,2,4.5,middle50,False
B-G1.045-C3,23799,1,1031.0,1,3.5,middle50,False
B-G1.045-C3,23799,1,1036.0,2,5.0,middle50,False
B-G1.045-C3,23799,1,1043.25,1,7.25,middle50,False
B-G1.045-C3,23799,1,1071.0,2,27.75,middle50,False
B-G1.045-C3,23799,1,1077.0,1,6.0,middle50,False
B-G1.045-C3,23799,1,1080.5,1,3.5,middle50,False
B-G1.045-C3,23799,1,1086.75,1,6.25,middle50,False
B-G1.045-C3,23799,1,1125.25,2,38.5,middle50,False
B-G1.045-C3,23799,1,1131.0,1,5.75,middle50,False
B-G1.045-C3,23799,1,1135.75,2,4.75,middle50,False
B-G1.045-C3,23799,1,1141.0,1,5.25,middle50,False
B-G1.045-C3,23799,1,1143.5,1,2.5,middle50,False
B-G1.045-C3,23799,1,1150.5,1,7.0,middle50,False
B-G1.045-C3,23799,1,1159.0,1,8.5,middle50,False
B-G1.045-C3,23799,1,1307.25,1,148.25,middle50,False
B-G1.045-C3,23799,1,1309.75,1,2.5,middle50,False
B-G1.045-C3,23799,1,1314.25,1,4.5,middle50,False
B-G1.045-C3,23799,1,1319.5,1,5.25,middle50,False
B-G1.045-C3,23799,1,1325.0,1,5.5,middle50,False
B-G1.045-C3,23799,1,1331.5,1,6.5,middle50,False
B-G1.045-C3,23799,1,1363.5,1,32.0,middle50,False
B-G1.045-C3,23799,1,1369.0,1,5.5,middle50,False
B-G1.045-C3,23799,1,1371.75,1,2.75,middle50,False
B-G1.045-C3,23799,1,1375.25,1,3.5,middle50,False
B-G1.045-C3,23799,1,1378.25,1,3.0,middle50,False
B-G1.045-C3,23799,1,1382.25,2,4.0,middle50,False
B-G1.045-C3,23799,1,1388.25,1,6.0,middle50,False
B-G1.045-C3,23799,1,1394.0,1,5.75,middle50,False
B-G1.045-C3,23799,1,1402.75,4,8.75,middle50,False
B-G1.045-C3,23799,1,1414.75,1,12.0,middle50,False
B-G1.045-C3,23799,1,1417.75,2,3.0,late25,False
B-G1.045-C3,23799,1,1421.25,1,3.5,late25,False
B-G1.045-C3,23799,1,1424.0,1,2.75,late25,False
B-G1.045-C3,23799,1,1427.5,1,3.5,late25,False
B-G1.045-C3,23799,1,1434.75,2,7.25,late25,False
B-G1.045-C3,23799,1,1438.0,1,3.25,late25,False
B-G1.045-C3,23799,1,1442.0,1,4.0,late25,False
B-G1.045-C3,23799,1,1472.5,1,30.5,late25,False
B-G1.045-C3,23799,1,1474.75,1,2.25,late25,False
B-G1.045-C3,23799,1,1481.25,1,6.5,late25,False
B-G1.045-C3,23799,1,1482.5,1,1.25,late25,False
B-G1.045-C3,23799,1,1485.5,1,3.0,late25,False
B-G1.045-C3,23799,1,1489.5,1,4.0,late25,False
B-G1.045-C3,23799,1,1493.5,1,4.0,late25,False
B-G1.045-C3,23799,1,1497.0,1,3.5,late25,False
B-G1.045-C3,23799,1,1500.0,1,3.0,late25,False
B-G1.045-C3,23799,2,1627.5,1,127.5,early25,False
B-G1.045-C3,23799,2,1629.25,2,1.75,early25,False
B-G1.045-C3,23799,2,1631.25,1,2.0,early25,False
B-G1.045-C3,23799,2,1633.25,2,2.0,early25,False
B-G1.045-C3,23799,2,1637.75,2,4.5,early25,False
B-G1.045-C3,23799,2,1640.0,1,2.25,early25,False
B-G1.045-C3,23799,2,1643.5,2,3.5,early25,False
B-G1.045-C3,23799,2,1645.75,2,2.25,early25,False
B-G1.045-C3,23799,2,1649.25,1,3.5,early25,False
B-G1.045-C3,23799,2,1651.5,2,2.25,early25,False
B-G1.045-C3,23799,2,1653.75,2,2.25,early25,False
B-G1.045-C3,23799,2,1655.75,1,2.0,early25,False
B-G1.045-C3,23799,2,1688.0,2,32.25,early25,False
B-G1.045-C3,23799,2,1689.5,1,1.5,early25,False
B-G1.045-C3,23799,2,1695.5,4,6.0,early25,False
B-G1.045-C3,23799,2,1699.25,1,3.75,early25,False
B-G1.045-C3,23799,2,1703.0,2,3.75,early25,False
B-G1.045-C3,23799,2,1708.75,3,5.75,early25,False
B-G1.045-C3,23799,2,1711.75,1,3.0,early25,False
B-G1.045-C3,23799,2,1712.75,2,1.0,early25,False
B-G1.045-C3,23799,2,1716.5,1,3.75,early25,False
B-G1.045-C3,23799,2,1725.0,7,8.5,early25,False
B-G1.045-C3,23799,2,1737.5,1,12.5,early25,False
B-G1.045-C3,23799,2,1741.25,2,3.75,early25,False
B-G1.045-C3,23799,2,1746.0,2,4.75,early25,False
B-G1.045-C3,23799,2,1751.0,2,5.0,early25,False
B-G1.045-C3,23799,2,1756.5,2,5.5,early25,False
B-G1.045-C3,23799,2,1762.0,2,5.5,early25,False
B-G1.045-C3,23799,2,1766.0,1,4.0,early25,False
B-G1.045-C3,23799,2,1793.0,20,27.0,early25,False
B-G1.045-C3,23799,2,1795.0,1,2.0,early25,False
B-G1.045-C3,23799,2,1799.0,1,4.0,early25,False
B-G1.045-C3,23799,2,1801.5,1,2.5,early25,False
B-G1.045-C3,23799,2,1804.0,1,2.5,early25,False
B-G1.045-C3,23799,2,1806.25,1,2.25,early25,False
B-G1.045-C3,23799,2,1808.25,1,2.0,early25,False
B-G1.045-C3,23799,2,1810.25,1,2.0,early25,False
B-G1.045-C3,23799,2,1815.25,1,5.0,early25,False
B-G1.045-C3,23799,2,1820.0,2,4.75,early25,False
B-G1.045-C3,23799,2,1828.75,2,8.75,early25,False
B-G1.045-C3,23799,2,1853.75,1,25.0,early25,False
B-G1.045-C3,23799,2,1859.0,2,5.25,early25,False
B-G1.045-C3,23799,2,1864.0,1,5.0,early25,False
B-G1.045-C3,23799,2,1865.5,1,1.5,early25,False
B-G1.045-C3,23799,2,1873.75,2,8.25,early25,False
B-G1.045-C3,23799,2,1883.5,3,9.75,early25,False
B-G1.045-C3,23799,2,1914.25,2,30.75,early25,False
B-G1.045-C3,23799,2,1918.75,2,4.5,early25,False
B-G1.045-C3,23799,2,1926.25,1,7.5,early25,False
B-G1.045-C3,23799,2,1934.25,2,8.0,early25,False
B-G1.045-C3,23799,2,1936.5,1,2.25,early25,False
B-G1.045-C3,23799,2,1940.75,2,4.25,early25,False
B-G1.045-C3,23799,2,1965.25,1,24.5,early25,False
B-G1.045-C3,23799,2,1968.0,1,2.75,early25,False
B-G1.045-C3,23799,2,1972.0,1,4.0,early25,False
B-G1.045-C3,23799,2,1976.5,2,4.5,early25,False
B-G1.045-C3,23799,2,1980.5,1,4.0,early25,False
B-G1.045-C3,23799,2,1985.0,1,4.5,early25,False
B-G1.045-C3,23799,2,1988.25,1,3.25,early25,False
B-G1.045-C3,23799,2,1992.25,12,4.0,early25,False
B-G1.045-C3,23799,2,2020.5,1,28.25,middle50,False
B-G1.045-C3,23799,2,2023.5,1,3.0,middle50,False
B-G1.045-C3,23799,2,2026.75,2,3.25,middle50,False
B-G1.045-C3,23799,2,2031.75,1,5.0,middle50,False
B-G1.045-C3,23799,2,2034.75,1,3.0,middle50,False
B-G1.045-C3,23799,2,2039.5,1,4.75,middle50,False
B-G1.045-C3,23799,2,2042.25,1,2.75,middle50,False
B-G1.045-C3,23799,2,2045.0,1,2.75,middle50,False
B-G1.045-C3,23799,2,2050.0,1,5.0,middle50,False
B-G1.045-C3,23799,2,2062.75,4,12.75,middle50,False
B-G1.045-C3,23799,2,2191.75,1,129.0,middle50,False
B-G1.045-C3,23799,2,2203.5,1,11.75,middle50,False
B-G1.045-C3,23799,2,2209.0,1,5.5,middle50,False
B-G1.045-C3,23799,2,2211.25,1,2.25,middle50,False
B-G1.045-C3,23799,2,2217.0,1,5.75,middle50,False
B-G1.045-C3,23799,2,2220.75,1,3.75,middle50,False
B-G1.045-C3,23799,2,2246.0,1,25.25,middle50,False
B-G1.045-C3,23799,2,2248.0,1,2.0,middle50,False
B-G1.045-C3,23799,2,2251.25,1,3.25,middle50,False
B-G1.045-C3,23799,2,2254.75,1,3.5,middle50,False
B-G1.045-C3,23799,2,2260.0,9,5.25,middle50,False
B-G1.045-C3,23799,2,2264.25,1,4.25,middle50,False
B-G1.045-C3,23799,2,2266.25,1,2.0,middle50,False
B-G1.045-C3,23799,2,2270.75,1,4.5,middle50,False
B-G1.045-C3,23799,2,2277.75,1,7.0,middle50,False
B-G1.045-C3,23799,2,2292.0,1,14.25,middle50,False
B-G1.045-C3,23799,2,2314.25,1,22.25,middle50,False
B-G1.045-C3,23799,2,2321.25,2,7.0,middle50,False
B-G1.045-C3,23799,2,2326.0,1,4.75,middle50,False
B-G1.045-C3,23799,2,2330.5,1,4.5,middle50,False
B-G1.045-C3,23799,2,2358.5,1,28.0,middle50,False
B-G1.045-C3,23799,2,2362.0,1,3.5,middle50,False
B-G1.045-C3,23799,2,2363.25,1,1.25,middle50,False
B-G1.045-C3,23799,2,2372.75,1,9.5,middle50,False
B-G1.045-C3,23799,2,2378.5,1,5.75,middle50,False
B-G1.045-C3,23799,2,2380.75,1,2.25,middle50,False
B-G1.045-C3,23799,2,2385.0,1,4.25,middle50,False
B-G1.045-C3,23799,2,2393.25,1,8.25,middle50,False
B-G1.045-C3,23799,2,2399.25,2,6.0,middle50,False
B-G1.045-C3,23799,2,2518.25,1,119.0,middle50,False
B-G1.045-C3,23799,2,2523.25,1,5.0,middle50,False
B-G1.045-C3,23799,2,2527.75,1,4.5,middle50,False
B-G1.045-C3,23799,2,2536.0,1,8.25,middle50,False
B-G1.045-C3,23799,2,2540.0,1,4.0,middle50,False
B-G1.045-C3,23799,2,2544.0,1,4.0,middle50,False
B-G1.045-C3,23799,2,2576.25,1,32.25,middle50,False
B-G1.045-C3,23799,2,2581.75,1,5.5,middle50,False
B-G1.045-C3,23799,2,2584.5,1,2.75,middle50,False
B-G1.045-C3,23799,2,2586.75,1,2.25,middle50,False
B-G1.045-C3,23799,2,2591.25,1,4.5,middle50,False
B-G1.045-C3,23799,2,2594.5,1,3.25,middle50,False
B-G1.045-C3,23799,2,2600.5,1,6.0,middle50,False
B-G1.045-C3,23799,2,2602.5,1,2.0,middle50,False
B-G1.045-C3,23799,2,2611.0,1,8.5,middle50,False
B-G1.045-C3,23799,2,2637.5,1,26.5,middle50,False
B-G1.045-C3,23799,2,2643.5,1,6.0,middle50,False
B-G1.045-C3,23799,2,2651.25,1,7.75,middle50,False
B-G1.045-C3,23799,2,2655.75,1,4.5,middle50,False
B-G1.045-C3,23799,2,2663.0,1,7.25,middle50,False
B-G1.045-C3,23799,2,2696.25,1,33.25,middle50,False
B-G1.045-C3,23799,2,2700.25,1,4.0,middle50,False
B-G1.045-C3,23799,2,2708.0,1,7.75,middle50,False
B-G1.045-C3,23799,2,2716.25,1,8.25,middle50,False
B-G1.045-C3,23799,2,2727.25,1,11.0,middle50,False
B-G1.045-C3,23799,2,2851.0,1,123.75,late25,False
B-G1.045-C3,23799,2,2857.5,1,6.5,late25,False
B-G1.045-C3,23799,2,2862.75,1,5.25,late25,False
B-G1.045-C3,23799,2,2869.0,1,6.25,late25,False
B-G1.045-C3,23799,2,2877.25,1,8.25,late25,False
B-G1.045-C3,23799,2,2909.75,1,32.5,late25,False
B-G1.045-C3,23799,2,2920.25,1,10.5,late25,False
B-G1.045-C3,23799,2,2927.0,1,6.75,late25,False
B-G1.045-C3,23799,2,2933.75,1,6.75,late25,False
B-G1.045-C3,23799,2,2937.0,1,3.25,late25,False
B-G1.045-C3,23799,2,2959.0,1,22.0,late25,False
B-G1.045-C3,23799,2,2968.5,1,9.5,late25,False
B-G1.045-C3,23799,2,2974.0,1,5.5,late25,False
B-G1.045-C3,23799,2,2980.0,3,6.0,late25,False
B-G1.045-C3,23799,2,2982.0,1,2.0,late25,False
B-G1.045-C3,23799,2,3013.5,1,31.5,late25,False
B-G1.045-C3,23799,2,3021.75,1,8.25,late25,False
B-G1.045-C3,23799,2,3033.0,1,11.25,late25,False
B-G1.045-C3,23799,2,3044.0,1,11.0,late25,False
B-G1.045-C3,23799,2,3053.75,3,9.75,late25,False
B-G1.045-C3,23799,2,3151.5,1,97.75,late25,False
B-G1.045-C3,23799,3,3166.0,1,14.5,early25,True
B-G1.045-C3,23799,3,3169.0,1,3.0,early25,True
B-G1.045-C3,23799,3,3174.0,1,5.0,early25,True
B-G1.045-C3,23799,3,3176.5,1,2.5,early25,True
B-G1.045-C3,23799,3,3179.5,1,3.0,early25,True
B-G1.045-C3,23799,3,3186.75,1,7.25,early25,True
B-G1.045-C3,23799,3,3221.0,1,34.25,early25,True
B-G1.045-C3,23799,3,3226.5,1,5.5,early25,True
B-G1.045-C3,23799,3,3230.75,1,4.25,early25,True
B-G1.045-C3,23799,3,3239.25,1,8.5,early25,True
B-G1.045-C3,23799,3,3249.75,1,10.5,early25,True
B-G1.045-C3,23799,3,3269.5,1,19.75,middle50,True
B-G1.045-C3,23799,3,3273.25,1,3.75,middle50,True
B-G1.045-C3,23799,3,3277.5,1,4.25,middle50,True
B-G1.045-C3,23799,3,3281.75,1,4.25,middle50,True
B-G1.045-C3,23799,3,3288.5,1,6.75,middle50,True
B-G1.045-C3,23799,3,3292.25,1,3.75,middle50,True
B-G1.045-C3,23799,3,3296.5,8,4.25,middle50,True
B-G1.045-C3,23799,3,3327.75,1,31.25,middle50,True
B-G1.045-C3,23799,3,3335.5,1,7.75,middle50,True
B-G1.045-C3,23799,3,3341.5,1,6.0,middle50,True
B-G1.045-C3,23799,3,3345.75,1,4.25,middle50,True
B-G1.045-C3,23799,3,3348.0,1,2.25,middle50,True
B-G1.045-C3,23799,3,3353.5,1,5.5,middle50,True
B-G1.045-C3,23799,3,3368.0,4,14.5,middle50,True
B-G1.045-C3,23799,3,3382.25,1,14.25,middle50,True
B-G1.045-C3,23799,3,3440.25,1,58.0,middle50,True
B-G1.045-C3,23799,3,3449.5,1,9.25,middle50,True
B-G1.045-C3,23799,3,3455.0,1,5.5,middle50,True
B-G1.045-C3,23799,3,3463.75,2,8.75,middle50,True
B-G1.045-C3,23799,3,3488.0,1,24.25,middle50,True
B-G1.045-C3,23799,3,3494.5,1,6.5,late25,True
B-G1.045-C3,23799,3,3501.0,1,6.5,late25,True
B-G1.045-C3,23799,3,3507.25,1,6.25,late25,True
B-G1.045-C3,23799,3,3535.75,1,28.5,late25,True
B-G1.045-C3,23799,3,3541.0,1,5.25,late25,True
B-G1.045-C3,23799,3,3546.5,1,5.5,late25,True
B-G1.045-C3,23799,3,3560.75,1,14.25,late25,True
B-G1.045-C3,23799,3,3575.25,2,14.5,late25,True
B-G1.045-C3,23799,3,3588.75,1,13.5,late25,True
B-G1.045-C3,23799,3,3595.25,1,6.5,late25,True
B-G1.045-C3,31718,0,0.25,3,,early25,False
B-G1.045-C3,31718,0,8.5,1,8.25,early25,False
B-G1.045-C3,31718,0,18.0,1,9.5,early25,False
B-G1.045-C3,31718,0,33.75,1,15.75,early25,False
B-G1.045-C3,31718,0,53.25,1,19.5,early25,False
B-G1.045-C3,31718,0,93.75,1,40.5,early25,False
B-G1.045-C3,31718,0,103.75,1,10.0,early25,False
B-G1.045-C3,31718,0,116.0,1,12.25,early25,False
B-G1.045-C3,31718,0,155.25,1,39.25,early25,False
B-G1.045-C3,31718,0,161.75,1,6.5,early25,False
B-G1.045-C3,31718,0,165.0,1,3.25,early25,False
B-G1.045-C3,31718,0,172.5,1,7.5,early25,False
B-G1.045-C3,31718,0,176.5,1,4.0,early25,False
B-G1.045-C3,31718,0,215.25,1,38.75,middle50,False
B-G1.045-C3,31718,0,221.25,1,6.0,middle50,False
B-G1.045-C3,31718,0,230.25,1,9.0,middle50,False
B-G1.045-C3,31718,0,234.25,1,4.0,middle50,False
B-G1.045-C3,31718,0,238.75,1,4.5,middle50,False
B-G1.045-C3,31718,0,280.0,1,41.25,middle50,False
B-G1.045-C3,31718,0,294.25,1,14.25,middle50,False
B-G1.045-C3,31718,0,301.25,1,7.0,middle50,False
B-G1.045-C3,31718,0,332.0,1,30.75,middle50,False
B-G1.045-C3,31718,0,335.0,1,3.0,middle50,False
B-G1.045-C3,31718,0,343.5,1,8.5,middle50,False
B-G1.045-C3,31718,0,346.25,1,2.75,middle50,False
B-G1.045-C3,31718,0,353.25,1,7.0,middle50,False
B-G1.045-C3,31718,0,358.75,1,5.5,middle50,False
B-G1.045-C3,31718,0,519.75,1,161.0,middle50,False
B-G1.045-C3,31718,0,522.25,1,2.5,middle50,False
B-G1.045-C3,31718,0,533.0,1,10.75,middle50,False
B-G1.045-C3,31718,0,545.75,1,12.75,middle50,False
B-G1.045-C3,31718,0,555.0,2,9.25,middle50,False
B-G1.045-C3,31718,0,578.75,1,23.75,middle50,False
B-G1.045-C3,31718,0,582.25,1,3.5,middle50,False
B-G1.045-C3,31718,0,593.25,12,11.0,middle50,False
B-G1.045-C3,31718,0,605.5,1,12.25,middle50,False
B-G1.045-C3,31718,0,683.25,1,77.75,late25,False
B-G1.045-C3,31718,0,691.0,1,7.75,late25,False
B-G1.045-C3,31718,0,695.5,1,4.5,late25,False
B-G1.045-C3,31718,0,702.5,1,7.0,late25,False
B-G1.045-C3,31718,0,709.75,1,7.25,late25,False
B-G1.045-C3,31718,0,714.5,1,4.75,late25,False
B-G1.045-C3,31718,0,828.5,1,114.0,late25,False
B-G1.045-C3,31718,1,838.25,2,9.75,early25,False
B-G1.045-C3,31718,1,858.0,1,19.75,early25,False
B-G1.045-C3,31718,1,860.5,2,2.5,early25,False
B-G1.045-C3,31718,1,866.75,2,6.25,early25,False
B-G1.045-C3,31718,1,873.75,2,7.0,early25,False
B-G1.045-C3,31718,1,880.0,2,6.25,early25,False
B-G1.045-C3,31718,1,883.5,1,3.5,early25,False
B-G1.045-C3,31718,1,910.5,2,27.0,early25,False
B-G1.045-C3,31718,1,914.75,10,4.25,early25,False
B-G1.045-C3,31718,1,926.5,1,11.75,early25,False
B-G1.045-C3,31718,1,932.75,1,6.25,early25,False
B-G1.045-C3,31718,1,935.25,1,2.5,early25,False
B-G1.045-C3,31718,1,938.25,1,3.0,early25,False
B-G1.045-C3,31718,1,946.0,1,7.75,early25,False
B-G1.045-C3,31718,1,964.75,2,18.75,early25,False
B-G1.045-C3,31718,1,966.0,1,1.25,early25,False
B-G1.045-C3,31718,1,969.5,1,3.5,early25,False
B-G1.045-C3,31718,1,972.5,1,3.0,early25,False
B-G1.045-C3,31718,1,975.75,1,3.25,early25,False
B-G1.045-C3,31718,1,980.0,1,4.25,early25,False
B-G1.045-C3,31718,1,986.0,2,6.0,early25,False
B-G1.045-C3,31718,1,1019.75,1,33.75,middle50,False
B-G1.045-C3,31718,1,1024.0,1,4.25,middle50,False
B-G1.045-C3,31718,1,1028.25,2,4.25,middle50,False
B-G1.045-C3,31718,1,1031.25,1,3.0,middle50,False
B-G1.045-C3,31718,1,1035.75,1,4.5,middle50,False
B-G1.045-C3,31718,1,1039.25,1,3.5,middle50,False
B-G1.045-C3,31718,1,1042.0,1,2.75,middle50,False
B-G1.045-C3,31718,1,1044.5,1,2.5,middle50,False
B-G1.045-C3,31718,1,1047.25,1,2.75,middle50,False
B-G1.045-C3,31718,1,1056.5,1,9.25,middle50,False
B-G1.045-C3,31718,1,1069.5,1,13.0,middle50,False
B-G1.045-C3,31718,1,1208.75,1,139.25,middle50,False
B-G1.045-C3,31718,1,1214.5,1,5.75,middle50,False
B-G1.045-C3,31718,1,1217.25,1,2.75,middle50,False
B-G1.045-C3,31718,1,1220.5,2,3.25,middle50,False
B-G1.045-C3,31718,1,1223.75,1,3.25,middle50,False
B-G1.045-C3,31718,1,1228.0,1,4.25,middle50,False
B-G1.045-C3,31718,1,1232.5,1,4.5,middle50,False
B-G1.045-C3,31718,1,1236.25,1,3.75,middle50,False
B-G1.045-C3,31718,1,1241.5,1,5.25,middle50,False
B-G1.045-C3,31718,1,1267.25,2,25.75,middle50,False
B-G1.045-C3,31718,1,1272.5,1,5.25,middle50,False
B-G1.045-C3,31718,1,1275.25,1,2.75,middle50,False
B-G1.045-C3,31718,1,1279.25,1,4.0,middle50,False
B-G1.045-C3,31718,1,1284.0,12,4.75,middle50,False
B-G1.045-C3,31718,1,1287.75,1,3.75,middle50,False
B-G1.045-C3,31718,1,1290.75,1,3.0,middle50,False
B-G1.045-C3,31718,1,1292.75,1,2.0,middle50,False
B-G1.045-C3,31718,1,1297.5,1,4.75,middle50,False
B-G1.045-C3,31718,1,1304.5,3,7.0,middle50,False
B-G1.045-C3,31718,1,1315.5,1,11.0,middle50,False
B-G1.045-C3,31718,1,1331.25,1,15.75,middle50,False
B-G1.045-C3,31718,1,1334.75,1,3.5,middle50,False
B-G1.045-C3,31718,1,1338.5,1,3.75,middle50,False
B-G1.045-C3,31718,1,1339.5,1,1.0,middle50,False
B-G1.045-C3,31718,1,1341.75,1,2.25,middle50,False
B-G1.045-C3,31718,1,1372.75,1,31.0,late25,False
B-G1.045-C3,31718,1,1374.75,1,2.0,late25,False
B-G1.045-C3,31718,1,1378.0,1,3.25,late25,False
B-G1.045-C3,31718,1,1383.0,1,5.0,late25,False
B-G1.045-C3,31718,1,1387.0,1,4.0,late25,False
B-G1.045-C3,31718,1,1392.0,2,5.0,late25,False
B-G1.045-C3,31718,1,1398.5,1,6.5,late25,False
B-G1.045-C3,31718,1,1402.5,1,4.0,late25,False
B-G1.045-C3,31718,1,1409.5,1,7.0,late25,False
B-G1.045-C3,31718,1,1511.75,1,102.25,late25,False
B-G1.045-C3,31718,2,1529.0,2,17.25,early25,False
B-G1.045-C3,31718,2,1531.5,2,2.5,early25,False
B-G1.045-C3,31718,2,1534.0,1,2.5,early25,False
B-G1.045-C3,31718,2,1536.0,2,2.0,early25,False
B-G1.045-C3,31718,2,1538.0,1,2.0,early25,False
B-G1.045-C3,31718,2,1539.5,1,1.5,early25,False
B-G1.045-C3,31718,2,1541.5,1,2.0,early25,False
B-G1.045-C3,31718,2,1544.5,1,3.0,early25,False
B-G1.045-C3,31718,2,1547.5,2,3.0,early25,False
B-G1.045-C3,31718,2,1549.75,2,2.25,early25,False
B-G1.045-C3,31718,2,1552.0,1,2.25,early25,False
B-G1.045-C3,31718,2,1555.0,2,3.0,early25,False
B-G1.045-C3,31718,2,1557.25,1,2.25,early25,False
B-G1.045-C3,31718,2,1584.75,1,27.5,early25,False
B-G1.045-C3,31718,2,1586.0,1,1.25,early25,False
B-G1.045-C3,31718,2,1587.5,1,1.5,early25,False
B-G1.045-C3,31718,2,1589.0,1,1.5,early25,False
B-G1.045-C3,31718,2,1590.0,1,1.0,early25,False
B-G1.045-C3,31718,2,1595.5,3,5.5,early25,False
B-G1.045-C3,31718,2,1607.25,1,11.75,early25,False
B-G1.045-C3,31718,2,1612.5,2,5.25,early25,False
B-G1.045-C3,31718,2,1635.25,2,22.75,early25,False
B-G1.045-C3,31718,2,1639.25,1,4.0,early25,False
B-G1.045-C3,31718,2,1644.5,2,5.25,early25,False
B-G1.045-C3,31718,2,1650.5,2,6.0,early25,False
B-G1.045-C3,31718,2,1655.75,1,5.25,early25,False
B-G1.045-C3,31718,2,1661.0,2,5.25,early25,False
B-G1.045-C3,31718,2,1665.0,2,4.0,early25,False
B-G1.045-C3,31718,2,1691.25,18,26.25,early25,False
B-G1.045-C3,31718,2,1695.75,2,4.5,early25,False
B-G1.045-C3,31718,2,1711.0,1,15.25,early25,False
B-G1.045-C3,31718,2,1713.5,1,2.5,early25,False
B-G1.045-C3,31718,2,1720.75,2,7.25,early25,False
B-G1.045-C3,31718,2,1729.25,4,8.5,early25,False
B-G1.045-C3,31718,2,1741.25,2,12.0,early25,False
B-G1.045-C3,31718,2,1745.5,1,4.25,early25,False
B-G1.045-C3,31718,2,1751.25,1,5.75,early25,False
B-G1.045-C3,31718,2,1752.5,1,1.25,early25,False
B-G1.045-C3,31718,2,1755.75,1,3.25,early25,False
B-G1.045-C3,31718,2,1757.0,3,1.25,early25,False
B-G1.045-C3,31718,2,1759.75,1,2.75,early25,False
B-G1.045-C3,31718,2,1762.25,1,2.5,early25,False
B-G1.045-C3,31718,2,1767.75,2,5.5,early25,False
B-G1.045-C3,31718,2,1794.0,4,26.25,middle50,False
B-G1.045-C3,31718,2,1798.0,1,4.0,middle50,False
B-G1.045-C3,31718,2,1802.5,2,4.5,middle50,False
B-G1.045-C3,31718,2,1809.0,1,6.5,middle50,False
B-G1.045-C3,31718,2,1814.0,1,5.0,middle50,False
B-G1.045-C3,31718,2,1818.5,2,4.5,middle50,False
B-G1.045-C3,31718,2,1825.5,2,7.0,middle50,False
B-G1.045-C3,31718,2,1975.0,1,149.5,middle50,False
B-G1.045-C3,31718,2,1978.5,1,3.5,middle50,False
B-G1.045-C3,31718,2,1983.5,2,5.0,middle50,False
B-G1.045-C3,31718,2,1988.75,1,5.25,middle50,False
B-G1.045-C3,31718,2,1993.5,1,4.75,middle50,False
B-G1.045-C3,31718,2,1996.75,1,3.25,middle50,False
B-G1.045-C3,31718,2,2000.5,1,3.75,middle50,False
B-G1.045-C3,31718,2,2004.25,1,3.75,middle50,False
B-G1.045-C3,31718,2,2028.0,1,23.75,middle50,False
B-G1.045-C3,31718,2,2032.0,1,4.0,middle50,False
B-G1.045-C3,31718,2,2036.25,1,4.25,middle50,False
B-G1.045-C3,31718,2,2039.25,1,3.0,middle50,False
B-G1.045-C3,31718,2,2042.75,11,3.5,middle50,False
B-G1.045-C3,31718,2,2046.5,1,3.75,middle50,False
B-G1.045-C3,31718,2,2050.25,1,3.75,middle50,False
B-G1.045-C3,31718,2,2052.0,1,1.75,middle50,False
B-G1.045-C3,31718,2,2055.75,1,3.75,middle50,False
B-G1.045-C3,31718,2,2067.5,3,11.75,middle50,False
B-G1.045-C3,31718,2,2078.5,2,11.0,middle50,False
B-G1.045-C3,31718,2,2089.0,1,10.5,middle50,False
B-G1.045-C3,31718,2,2091.0,1,2.0,middle50,False
B-G1.045-C3,31718,2,2093.25,1,2.25,middle50,False
B-G1.045-C3,31718,2,2097.0,3,3.75,middle50,False
B-G1.045-C3,31718,2,2101.75,1,4.75,middle50,False
B-G1.045-C3,31718,2,2131.5,2,29.75,middle50,False
B-G1.045-C3,31718,2,2132.25,1,0.75,middle50,False
B-G1.045-C3,31718,2,2133.75,2,1.5,middle50,False
B-G1.045-C3,31718,2,2137.25,1,3.5,middle50,False
B-G1.045-C3,31718,2,2143.25,1,6.0,middle50,False
B-G1.045-C3,31718,2,2147.0,2,3.75,middle50,False
B-G1.045-C3,31718,2,2150.75,1,3.75,middle50,False
B-G1.045-C3,31718,2,2154.5,1,3.75,middle50,False
B-G1.045-C3,31718,2,2158.25,1,3.75,middle50,False
B-G1.045-C3,31718,2,2169.5,1,11.25,middle50,False
B-G1.045-C3,31718,2,2175.0,2,5.5,middle50,False
B-G1.045-C3,31718,2,2296.25,1,121.25,middle50,False
B-G1.045-C3,31718,2,2301.0,1,4.75,middle50,False
B-G1.045-C3,31718,2,2305.5,1,4.5,middle50,False
B-G1.045-C3,31718,2,2311.5,1,6.0,middle50,False
B-G1.045-C3,31718,2,2315.0,1,3.5,middle50,False
B-G1.045-C3,31718,2,2318.25,1,3.25,middle50,False
B-G1.045-C3,31718,2,2321.75,1,3.5,middle50,False
B-G1.045-C3,31718,2,2352.0,1,30.25,late25,False
B-G1.045-C3,31718,2,2355.0,1,3.0,late25,False
B-G1.045-C3,31718,2,2358.5,1,3.5,late25,False
B-G1.045-C3,31718,2,2365.25,1,6.75,late25,False
B-G1.045-C3,31718,2,2368.0,1,2.75,late25,False
B-G1.045-C3,31718,2,2371.5,1,3.5,late25,False
B-G1.045-C3,31718,2,2376.75,1,5.25,late25,False
B-G1.045-C3,31718,2,2380.75,1,4.0,late25,False
B-G1.045-C3,31718,2,2394.0,2,13.25,late25,False
B-G1.045-C3,31718,2,2404.25,1,10.25,late25,False
B-G1.045-C3,31718,2,2411.0,1,6.75,late25,False
B-G1.045-C3,31718,2,2419.25,1,8.25,late25,False
B-G1.045-C3,31718,2,2423.75,1,4.5,late25,False
B-G1.045-C3,31718,2,2431.0,6,7.25,late25,False
B-G1.045-C3,31718,2,2460.75,1,29.75,late25,False
B-G1.045-C3,31718,2,2461.75,1,1.0,late25,False
B-G1.045-C3,31718,2,2464.75,1,3.0,late25,False
B-G1.045-C3,31718,2,2468.5,1,3.75,late25,False
B-G1.045-C3,31718,2,2476.25,1,7.75,late25,False
B-G1.045-C3,31718,2,2482.5,1,6.25,late25,False
B-G1.045-C3,31718,2,2483.75,2,1.25,late25,False
B-G1.045-C3,31718,2,2488.0,1,4.25,late25,False
B-G1.045-C3,31718,2,2496.25,1,8.25,late25,False
B-G1.045-C3,31718,3,2614.25,1,118.0,early25,True
B-G1.045-C3,31718,3,2618.5,1,4.25,early25,True
B-G1.045-C3,31718,3,2621.25,1,2.75,early25,True
B-G1.045-C3,31718,3,2623.75,3,2.5,early25,True
B-G1.045-C3,31718,3,2627.5,1,3.75,early25,True
B-G1.045-C3,31718,3,2628.75,1,1.25,early25,True
B-G1.045-C3,31718,3,2629.5,1,0.75,early25,True
B-G1.045-C3,31718,3,2631.5,1,2.0,early25,True
B-G1.045-C3,31718,3,2639.0,2,7.5,early25,True
B-G1.045-C3,31718,3,2674.75,2,35.75,early25,True
B-G1.045-C3,31718,3,2680.5,2,5.75,early25,True
B-G1.045-C3,31718,3,2683.0,1,2.5,early25,True
B-G1.045-C3,31718,3,2688.5,1,5.5,early25,True
B-G1.045-C3,31718,3,2695.5,2,7.0,early25,True
B-G1.045-C3,31718,3,2707.0,1,11.5,early25,True
B-G1.045-C3,31718,3,2727.75,2,20.75,early25,True
B-G1.045-C3,31718,3,2739.75,2,12.0,early25,True
B-G1.045-C3,31718,3,2779.25,1,39.5,early25,True
B-G1.045-C3,31718,3,2785.0,2,5.75,early25,True
B-G1.045-C3,31718,3,2795.25,2,10.25,early25,True
B-G1.045-C3,31718,3,2803.5,1,8.25,early25,True
B-G1.045-C3,31718,3,2853.75,1,50.25,middle50,True
B-G1.045-C3,31718,3,2860.75,1,7.0,middle50,True
B-G1.045-C3,31718,3,2872.25,1,11.5,middle50,True
B-G1.045-C3,31718,3,2879.25,1,7.0,middle50,True
B-G1.045-C3,31718,3,2908.75,2,29.5,middle50,True
B-G1.045-C3,31718,3,2912.25,1,3.5,middle50,True
B-G1.045-C3,31718,3,2923.25,1,11.0,middle50,True
B-G1.045-C3,31718,3,2927.5,1,4.25,middle50,True
B-G1.045-C3,31718,3,2934.25,1,6.75,middle50,True
B-G1.045-C3,31718,3,2945.0,5,10.75,middle50,True
B-G1.045-C3,31718,3,2961.25,1,16.25,middle50,True
B-G1.045-C3,31718,3,2970.25,1,9.0,middle50,True
B-G1.045-C3,31718,3,2975.0,1,4.75,middle50,True
B-G1.045-C3,31718,3,2983.0,1,8.0,middle50,True
B-G1.045-C3,31718,3,2986.0,1,3.0,middle50,True
B-G1.045-C3,31718,3,3014.0,7,28.0,middle50,True
B-G1.045-C3,31718,3,3023.75,1,9.75,middle50,True
B-G1.045-C3,31718,3,3025.25,1,1.5,middle50,True
B-G1.045-C3,31718,3,3035.0,1,9.75,middle50,True
B-G1.045-C3,31718,3,3041.75,1,6.75,middle50,True
B-G1.045-C3,31718,3,3051.0,4,9.25,middle50,True
B-G1.045-C3,31718,3,3062.75,1,11.75,middle50,True
B-G1.045-C3,31718,3,3069.25,1,6.5,middle50,True
B-G1.045-C3,31718,3,3079.0,1,9.75,middle50,True
B-G1.045-C3,31718,3,3082.5,1,3.5,middle50,True
B-G1.045-C3,31718,3,3089.25,1,6.75,middle50,True
B-G1.045-C3,31718,3,3092.5,4,3.25,middle50,True
B-G1.045-C3,31718,3,3115.25,1,22.75,middle50,True
B-G1.045-C3,31718,3,3121.5,1,6.25,middle50,True
B-G1.045-C3,31718,3,3132.75,1,11.25,middle50,True
B-G1.045-C3,31718,3,3146.0,1,13.25,middle50,True
B-G1.045-C3,31718,3,3157.0,3,11.0,middle50,True
B-G1.045-C3,31718,3,3185.25,1,28.25,middle50,True
B-G1.045-C3,31718,3,3195.5,1,10.25,middle50,True
B-G1.045-C3,31718,3,3229.0,1,33.5,middle50,True
B-G1.045-C3,31718,3,3241.5,1,12.5,middle50,True
B-G1.045-C3,31718,3,3247.5,1,6.0,middle50,True
B-G1.045-C3,31718,3,3268.25,1,20.75,middle50,True
B-G1.045-C3,31718,3,3300.0,1,31.75,middle50,True
B-G1.045-C3,31718,3,3307.0,1,7.0,middle50,True
B-G1.045-C3,31718,3,3314.0,1,7.0,middle50,True
B-G1.045-C3,31718,3,3324.0,5,10.0,middle50,True
B-G1.045-C3,31718,3,3364.75,1,40.75,late25,True
B-G1.045-C3,31718,3,3372.0,1,7.25,late25,True
B-G1.045-C3,31718,3,3386.5,1,14.5,late25,True
B-G1.045-C3,31718,3,3404.5,1,18.0,late25,True
B-G1.045-C3,31718,3,3417.75,1,13.25,late25,True
B-G1.045-C3,31718,3,3427.5,1,9.75,late25,True
B-G1.045-C3,31718,3,3471.25,1,43.75,late25,True
B-G1.045-C3,31718,3,3481.25,1,10.0,late25,True
B-G1.045-C3,31718,3,3506.5,1,25.25,late25,True
B-G1.045-C3,31718,3,3519.75,1,13.25,late25,True
B-G1.045-C3,31718,3,3532.0,1,12.25,late25,True
B-G1.045-C3,31718,3,3564.5,1,32.5,late25,True
B-G1.045-C3,31718,3,3573.75,1,9.25,late25,True
B-G1.045-C3,31718,3,3579.0,1,5.25,late25,True
B-G1.045-C3,31718,3,3595.5,1,16.5,late25,True
B-G1.045-C3,39637,0,0.25,3,,early25,False
B-G1.045-C3,39637,0,9.5,1,9.25,early25,False
B-G1.045-C3,39637,0,20.25,1,10.75,early25,False
B-G1.045-C3,39637,0,45.0,1,24.75,early25,False
B-G1.045-C3,39637,0,87.5,1,42.5,early25,False
B-G1.045-C3,39637,0,91.0,1,3.5,early25,False
B-G1.045-C3,39637,0,109.0,1,18.0,early25,False
B-G1.045-C3,39637,0,110.5,1,1.5,early25,False
B-G1.045-C3,39637,0,133.5,5,23.0,early25,False
B-G1.045-C3,39637,0,166.75,1,33.25,early25,False
B-G1.045-C3,39637,0,185.75,1,19.0,middle50,False
B-G1.045-C3,39637,0,198.5,2,12.75,middle50,False
B-G1.045-C3,39637,0,221.25,1,22.75,middle50,False
B-G1.045-C3,39637,0,227.0,1,5.75,middle50,False
B-G1.045-C3,39637,0,234.75,1,7.75,middle50,False
B-G1.045-C3,39637,0,243.25,13,8.5,middle50,False
B-G1.045-C3,39637,0,245.25,1,2.0,middle50,False
B-G1.045-C3,39637,0,413.5,1,168.25,middle50,False
B-G1.045-C3,39637,0,455.25,1,41.75,middle50,False
B-G1.045-C3,39637,0,460.5,1,5.25,middle50,False
B-G1.045-C3,39637,0,466.25,1,5.75,middle50,False
B-G1.045-C3,39637,0,470.5,1,4.25,middle50,False
B-G1.045-C3,39637,0,477.5,1,7.0,middle50,False
B-G1.045-C3,39637,0,483.5,1,6.0,middle50,False
B-G1.045-C3,39637,0,491.5,1,8.0,middle50,False
B-G1.045-C3,39637,0,536.5,12,45.0,late25,False
B-G1.045-C3,39637,0,572.0,1,35.5,late25,False
B-G1.045-C3,39637,0,582.0,1,10.0,late25,False
B-G1.045-C3,39637,0,587.5,1,5.5,late25,False
B-G1.045-C3,39637,0,592.0,1,4.5,late25,False
B-G1.045-C3,39637,0,596.25,1,4.25,late25,False
B-G1.045-C3,39637,0,707.5,1,111.25,late25,False
B-G1.045-C3,39637,1,721.5,2,14.0,early25,False
B-G1.045-C3,39637,1,734.5,1,13.0,early25,False
B-G1.045-C3,39637,1,737.0,1,2.5,early25,False
B-G1.045-C3,39637,1,739.0,1,2.0,early25,False
B-G1.045-C3,39637,1,741.0,1,2.0,early25,False
B-G1.045-C3,39637,1,747.75,2,6.75,early25,False
B-G1.045-C3,39637,1,754.0,2,6.25,early25,False
B-G1.045-C3,39637,1,757.5,1,3.5,early25,False
B-G1.045-C3,39637,1,762.75,2,5.25,early25,False
B-G1.045-C3,39637,1,769.25,9,6.5,early25,False
B-G1.045-C3,39637,1,792.25,1,23.0,early25,False
B-G1.045-C3,39637,1,792.75,1,0.5,early25,False
B-G1.045-C3,39637,1,806.0,2,13.25,early25,False
B-G1.045-C3,39637,1,812.25,1,6.25,early25,False
B-G1.045-C3,39637,1,816.0,1,3.75,early25,False
B-G1.045-C3,39637,1,820.0,1,4.0,early25,False
B-G1.045-C3,39637,1,824.75,2,4.75,early25,False
B-G1.045-C3,39637,1,832.5,5,7.75,early25,False
B-G1.045-C3,39637,1,984.75,1,152.25,middle50,False
B-G1.045-C3,39637,1,988.5,2,3.75,middle50,False
B-G1.045-C3,39637,1,995.25,1,6.75,middle50,False
B-G1.045-C3,39637,1,999.25,1,4.0,middle50,False
B-G1.045-C3,39637,1,1003.25,2,4.0,middle50,False
B-G1.045-C3,39637,1,1008.5,1,5.25,middle50,False
B-G1.045-C3,39637,1,1031.25,1,22.75,middle50,False
B-G1.045-C3,39637,1,1033.75,1,2.5,middle50,False
B-G1.045-C3,39637,1,1037.25,1,3.5,middle50,False
B-G1.045-C3,39637,1,1040.25,16,3.0,middle50,False
B-G1.045-C3,39637,1,1049.5,1,9.25,middle50,False
B-G1.045-C3,39637,1,1055.0,1,5.5,middle50,False
B-G1.045-C3,39637,1,1058.5,1,3.5,middle50,False
B-G1.045-C3,39637,1,1062.0,1,3.5,middle50,False
B-G1.045-C3,39637,1,1079.0,1,17.0,middle50,False
B-G1.045-C3,39637,1,1087.75,1,8.75,middle50,False
B-G1.045-C3,39637,1,1109.25,1,21.5,middle50,False
B-G1.045-C3,39637,1,1138.25,1,29.0,middle50,False
B-G1.045-C3,39637,1,1140.0,1,1.75,middle50,False
B-G1.045-C3,39637,1,1146.0,1,6.0,late25,False
B-G1.045-C3,39637,1,1147.5,1,1.5,late25,False
B-G1.045-C3,39637,1,1150.0,1,2.5,late25,False
B-G1.045-C3,39637,1,1151.5,1,1.5,late25,False
B-G1.045-C3,39637,1,1154.25,1,2.75,late25,False
B-G1.045-C3,39637,1,1157.0,1,2.75,late25,False
B-G1.045-C3,39637,1,1162.75,1,5.75,late25,False
B-G1.045-C3,39637,1,1166.25,1,3.5,late25,False
B-G1.045-C3,39637,1,1172.5,1,6.25,late25,False
B-G1.045-C3,39637,2,1304.0,2,131.5,early25,False
B-G1.045-C3,39637,2,1307.5,1,3.5,early25,False
B-G1.045-C3,39637,2,1310.0,1,2.5,early25,False
B-G1.045-C3,39637,2,1318.5,4,8.5,early25,False
B-G1.045-C3,39637,2,1360.75,3,42.25,early25,False
B-G1.045-C3,39637,2,1362.5,2,1.75,early25,False
B-G1.045-C3,39637,2,1364.0,1,1.5,early25,False
B-G1.045-C3,39637,2,1370.75,3,6.75,early25,False
B-G1.045-C3,39637,2,1377.75,1,7.0,early25,False
B-G1.045-C3,39637,2,1384.0,2,6.25,early25,False
B-G1.045-C3,39637,2,1395.5,3,11.5,early25,False
B-G1.045-C3,39637,2,1411.0,1,15.5,early25,False
B-G1.045-C3,39637,2,1420.0,3,9.0,early25,False
B-G1.045-C3,39637,2,1425.75,3,5.75,early25,False
B-G1.045-C3,39637,2,1432.0,2,6.25,early25,False
B-G1.045-C3,39637,2,1445.75,4,13.75,early25,False
B-G1.045-C3,39637,2,1474.5,3,28.75,early25,False
B-G1.045-C3,39637,2,1480.75,2,6.25,early25,False
B-G1.045-C3,39637,2,1486.75,2,6.0,early25,False
B-G1.045-C3,39637,2,1489.75,2,3.0,early25,False
B-G1.045-C3,39637,2,1495.5,3,5.75,early25,False
B-G1.045-C3,39637,2,1499.0,1,3.5,early25,False
B-G1.045-C3,39637,2,1518.75,2,19.75,early25,False
B-G1.045-C3,39637,2,1526.75,2,8.0,early25,False
B-G1.045-C3,39637,2,1534.5,2,7.75,early25,False
B-G1.045-C3,39637,2,1540.75,2,6.25,early25,False
B-G1.045-C3,39637,2,1571.0,1,30.25,early25,False
B-G1.045-C3,39637,2,1574.0,1,3.0,early25,False
B-G1.045-C3,39637,2,1575.75,1,1.75,early25,False
B-G1.045-C3,39637,2,1579.25,1,3.5,early25,False
B-G1.045-C3,39637,2,1585.25,3,6.0,early25,False
B-G1.045-C3,39637,2,1597.25,2,12.0,early25,False
B-G1.045-C3,39637,2,1607.25,2,10.0,early25,False
B-G1.045-C3,39637,2,1614.0,5,6.75,early25,False
B-G1.045-C3,39637,2,1627.25,1,13.25,early25,False
B-G1.045-C3,39637,2,1633.5,2,6.25,early25,False
B-G1.045-C3,39637,2,1638.5,1,5.0,early25,False
B-G1.045-C3,39637,2,1644.75,2,6.25,early25,False
B-G1.045-C3,39637,2,1650.25,1,5.5,early25,False
B-G1.045-C3,39637,2,1653.0,1,2.75,early25,False
B-G1.045-C3,39637,2,1657.0,1,4.0,early25,False
B-G1.045-C3,39637,2,1681.25,12,24.25,middle50,False
B-G1.045-C3,39637,2,1690.0,1,8.75,middle50,False
B-G1.045-C3,39637,2,1692.75,1,2.75,middle50,False
B-G1.045-C3,39637,2,1694.75,1,2.0,middle50,False
B-G1.045-C3,39637,2,1705.25,1,10.5,middle50,False
B-G1.045-C3,39637,2,1709.75,2,4.5,middle50,False
B-G1.045-C3,39637,2,1719.5,4,9.75,middle50,False
B-G1.045-C3,39637,2,1857.75,1,138.25,middle50,False
B-G1.045-C3,39637,2,1864.0,1,6.25,middle50,False
B-G1.045-C3,39637,2,1867.0,1,3.0,middle50,False
B-G1.045-C3,39637,2,1870.5,1,3.5,middle50,False
B-G1.045-C3,39637,2,1879.5,1,9.0,middle50,False
B-G1.045-C3,39637,2,1880.75,2,1.25,middle50,False
B-G1.045-C3,39637,2,1882.75,1,2.0,middle50,False
B-G1.045-C3,39637,2,1916.75,2,34.0,middle50,False
B-G1.045-C3,39637,2,1923.5,1,6.75,middle50,False
B-G1.045-C3,39637,2,1928.5,1,5.0,middle50,False
B-G1.045-C3,39637,2,1931.0,1,2.5,middle50,False
B-G1.045-C3,39637,2,1934.0,1,3.0,middle50,False
B-G1.045-C3,39637,2,1937.75,1,3.75,middle50,False
B-G1.045-C3,39637,2,1956.25,1,18.5,middle50,False
B-G1.045-C3,39637,2,1975.25,1,19.0,middle50,False
B-G1.045-C3,39637,2,1983.0,1,7.75,middle50,False
B-G1.045-C3,39637,2,1985.75,1,2.75,middle50,False
B-G1.045-C3,39637,2,1987.75,1,2.0,middle50,False
B-G1.045-C3,39637,2,1998.75,2,11.0,middle50,False
B-G1.045-C3,39637,2,2028.5,1,29.75,middle50,False
B-G1.045-C3,39637,2,2034.75,1,6.25,middle50,False
B-G1.045-C3,39637,2,2039.25,2,4.5,middle50,False
B-G1.045-C3,39637,2,2044.0,1,4.75,middle50,False
B-G1.045-C3,39637,2,2048.75,2,4.75,middle50,False
B-G1.045-C3,39637,2,2052.5,1,3.75,middle50,False
B-G1.045-C3,39637,2,2055.25,1,2.75,middle50,False
B-G1.045-C3,39637,2,2200.75,1,145.5,middle50,False
B-G1.045-C3,39637,2,2205.5,1,4.75,middle50,False
B-G1.045-C3,39637,2,2210.0,1,4.5,middle50,False
B-G1.045-C3,39637,2,2213.75,2,3.75,middle50,False
B-G1.045-C3,39637,2,2217.75,1,4.0,middle50,False
B-G1.045-C3,39637,2,2221.5,1,3.75,middle50,False
B-G1.045-C3,39637,2,2249.0,1,27.5,middle50,False
B-G1.045-C3,39637,2,2251.5,2,2.5,middle50,False
B-G1.045-C3,39637,2,2255.5,1,4.0,middle50,False
B-G1.045-C3,39637,2,2259.75,1,4.25,middle50,False
B-G1.045-C3,39637,2,2262.25,1,2.5,middle50,False
B-G1.045-C3,39637,2,2266.25,1,4.0,middle50,False
B-G1.045-C3,39637,2,2270.5,1,4.25,middle50,False
B-G1.045-C3,39637,2,2273.5,1,3.0,middle50,False
B-G1.045-C3,39637,2,2275.75,1,2.25,middle50,False
B-G1.045-C3,39637,2,2285.25,1,9.5,middle50,False
B-G1.045-C3,39637,2,2299.5,1,14.25,middle50,False
B-G1.045-C3,39637,2,2305.25,1,5.75,middle50,False
B-G1.045-C3,39637,2,2308.25,1,3.0,middle50,False
B-G1.045-C3,39637,2,2314.25,1,6.0,middle50,False
B-G1.045-C3,39637,2,2322.5,2,8.25,middle50,False
B-G1.045-C3,39637,2,2327.0,1,4.5,middle50,False
B-G1.045-C3,39637,2,2357.0,1,30.0,middle50,False
B-G1.045-C3,39637,2,2361.25,1,4.25,middle50,False
B-G1.045-C3,39637,2,2367.25,1,6.0,middle50,False
B-G1.045-C3,39637,2,2371.75,1,4.5,middle50,False
B-G1.045-C3,39637,2,2373.5,1,1.75,middle50,False
B-G1.045-C3,39637,2,2377.5,1,4.0,middle50,False
B-G1.045-C3,39637,2,2381.25,1,3.75,middle50,False
B-G1.045-C3,39637,2,2395.75,1,14.5,middle50,False
B-G1.045-C3,39637,2,2521.75,1,126.0,late25,False
B-G1.045-C3,39637,2,2526.25,1,4.5,late25,False
B-G1.045-C3,39637,2,2530.75,1,4.5,late25,False
B-G1.045-C3,39637,2,2536.75,1,6.0,late25,False
B-G1.045-C3,39637,2,2541.25,1,4.5,late25,False
B-G1.045-C3,39637,2,2576.25,1,35.0,late25,False
B-G1.045-C3,39637,2,2578.5,1,2.25,late25,False
B-G1.045-C3,39637,2,2588.75,1,10.25,late25,False
B-G1.045-C3,39637,2,2591.0,1,2.25,late25,False
B-G1.045-C3,39637,2,2593.25,1,2.25,late25,False
B-G1.045-C3,39637,2,2599.25,1,6.0,late25,False
B-G1.045-C3,39637,2,2603.0,1,3.75,late25,False
B-G1.045-C3,39637,2,2610.75,1,7.75,late25,False
B-G1.045-C3,39637,2,2627.75,1,17.0,late25,False
B-G1.045-C3,39637,2,2633.5,1,5.75,late25,False
B-G1.045-C3,39637,2,2637.0,1,3.5,late25,False
B-G1.045-C3,39637,2,2643.5,1,6.5,late25,False
B-G1.045-C3,39637,2,2646.5,6,3.0,late25,False
B-G1.045-C3,39637,2,2679.5,1,33.0,late25,False
B-G1.045-C3,39637,2,2684.25,1,4.75,late25,False
B-G1.045-C3,39637,2,2689.5,1,5.25,late25,False
B-G1.045-C3,39637,2,2693.25,1,3.75,late25,False
B-G1.045-C3,39637,2,2700.25,1,7.0,late25,False
B-G1.045-C3,39637,2,2706.0,1,5.75,late25,False
B-G1.045-C3,39637,3,2822.75,1,116.75,early25,True
B-G1.045-C3,39637,3,2834.25,2,11.5,early25,True
B-G1.045-C3,39637,3,2838.25,1,4.0,early25,True
B-G1.045-C3,39637,3,2840.75,1,2.5,early25,True
B-G1.045-C3,39637,3,2846.5,1,5.75,early25,True
B-G1.045-C3,39637,3,2850.5,1,4.0,early25,True
B-G1.045-C3,39637,3,2853.5,1,3.0,early25,True
B-G1.045-C3,39637,3,2856.25,1,2.75,early25,True
B-G1.045-C3,39637,3,2861.0,2,4.75,early25,True
B-G1.045-C3,39637,3,2889.25,1,28.25,early25,True
B-G1.045-C3,39637,3,2892.5,1,3.25,early25,True
B-G1.045-C3,39637,3,2895.25,1,2.75,early25,True
B-G1.045-C3,39637,3,2898.25,1,3.0,early25,True
B-G1.045-C3,39637,3,2900.25,1,2.0,early25,True
B-G1.045-C3,39637,3,2902.0,4,1.75,early25,True
B-G1.045-C3,39637,3,2906.0,10,4.0,early25,True
B-G1.045-C3,39637,3,2908.5,1,2.5,early25,True
B-G1.045-C3,39637,3,2920.25,1,11.75,early25,True
B-G1.045-C3,39637,3,2927.5,3,7.25,early25,True
B-G1.045-C3,39637,3,2942.0,1,14.5,early25,True
B-G1.045-C3,39637,3,2945.0,1,3.0,early25,True
B-G1.045-C3,39637,3,2947.75,1,2.75,early25,True
B-G1.045-C3,39637,3,2949.0,2,1.25,early25,True
B-G1.045-C3,39637,3,2954.5,1,5.5,early25,True
B-G1.045-C3,39637,3,2957.25,1,2.75,early25,True
B-G1.045-C3,39637,3,2964.25,1,7.0,early25,True
B-G1.045-C3,39637,3,2996.0,1,31.75,early25,True
B-G1.045-C3,39637,3,3004.5,1,8.5,early25,True
B-G1.045-C3,39637,3,3008.0,1,3.5,early25,True
B-G1.045-C3,39637,3,3013.75,1,5.75,middle50,True
B-G1.045-C3,39637,3,3023.25,1,9.5,middle50,True
B-G1.045-C3,39637,3,3036.25,3,13.0,middle50,True
B-G1.045-C3,39637,3,3107.5,1,71.25,middle50,True
B-G1.045-C3,39637,3,3113.0,1,5.5,middle50,True
B-G1.045-C3,39637,3,3125.25,2,12.25,middle50,True
B-G1.045-C3,39637,3,3131.0,1,5.75,middle50,True
B-G1.045-C3,39637,3,3150.5,1,19.5,middle50,True
B-G1.045-C3,39637,3,3157.0,1,6.5,middle50,True
B-G1.045-C3,39637,3,3162.0,1,5.0,middle50,True
B-G1.045-C3,39637,3,3167.5,5,5.5,middle50,True
B-G1.045-C3,39637,3,3177.5,1,10.0,middle50,True
B-G1.045-C3,39637,3,3206.75,1,29.25,middle50,True
B-G1.045-C3,39637,3,3211.0,1,4.25,middle50,True
B-G1.045-C3,39637,3,3217.5,1,6.5,middle50,True
B-G1.045-C3,39637,3,3224.25,1,6.75,middle50,True
B-G1.045-C3,39637,3,3234.0,1,9.75,middle50,True
B-G1.045-C3,39637,3,3245.75,2,11.75,middle50,True
B-G1.045-C3,39637,3,3261.5,1,15.75,middle50,True
B-G1.045-C3,39637,3,3278.75,2,17.25,middle50,True
B-G1.045-C3,39637,3,3316.25,1,37.5,middle50,True
B-G1.045-C3,39637,3,3327.0,1,10.75,middle50,True
B-G1.045-C3,39637,3,3332.75,1,5.75,middle50,True
B-G1.045-C3,39637,3,3346.75,1,14.0,middle50,True
B-G1.045-C3,39637,3,3365.0,1,18.25,middle50,True
B-G1.045-C3,39637,3,3372.75,1,7.75,middle50,True
B-G1.045-C3,39637,3,3381.5,1,8.75,middle50,True
B-G1.045-C3,39637,3,3389.0,5,7.5,middle50,True
B-G1.045-C3,39637,3,3430.5,1,41.5,late25,True
B-G1.045-C3,39637,3,3435.75,1,5.25,late25,True
B-G1.045-C3,39637,3,3447.0,1,11.25,late25,True
B-G1.045-C3,39637,3,3462.0,1,15.0,late25,True
B-G1.045-C3,39637,3,3470.5,1,8.5,late25,True
B-G1.045-C3,39637,3,3477.0,1,6.5,late25,True
B-G1.045-C3,39637,3,3484.5,1,7.5,late25,True
B-G1.045-C3,39637,3,3494.0,1,9.5,late25,True
B-G1.045-C3,39637,3,3528.25,4,34.25,late25,True
B-G1.045-C3,39637,3,3533.25,1,5.0,late25,True
B-G1.045-C3,39637,3,3542.75,1,9.5,late25,True
B-G1.045-C3,39637,3,3572.0,1,29.25,late25,True
B-G1.045-C3,39637,3,3579.0,1,7.0,late25,True
B-G1.045-C3,39637,3,3588.25,1,9.25,late25,True
B-G1.045-C3,39637,3,3595.0,1,6.75,late25,True
B-G1.045-C3,47556,0,0.25,3,,early25,False
B-G1.045-C3,47556,0,9.5,1,9.25,early25,False
B-G1.045-C3,47556,0,25.0,1,15.5,early25,False
B-G1.045-C3,47556,0,37.5,1,12.5,early25,False
B-G1.045-C3,47556,0,43.25,1,5.75,early25,False
B-G1.045-C3,47556,0,49.5,1,6.25,early25,False
B-G1.045-C3,47556,0,87.5,1,38.0,early25,False
B-G1.045-C3,47556,0,90.25,1,2.75,early25,False
B-G1.045-C3,47556,0,93.5,1,3.25,early25,False
B-G1.045-C3,47556,0,99.75,1,6.25,early25,False
B-G1.045-C3,47556,0,102.75,1,3.0,early25,False
B-G1.045-C3,47556,0,107.25,1,4.5,early25,False
B-G1.045-C3,47556,0,153.0,1,45.75,early25,False
B-G1.045-C3,47556,0,167.25,1,14.25,early25,False
B-G1.045-C3,47556,0,175.75,1,8.5,early25,False
B-G1.045-C3,47556,0,211.75,1,36.0,middle50,False
B-G1.045-C3,47556,0,218.25,1,6.5,middle50,False
B-G1.045-C3,47556,0,221.25,1,3.0,middle50,False
B-G1.045-C3,47556,0,225.5,1,4.25,middle50,False
B-G1.045-C3,47556,0,232.75,1,7.25,middle50,False
B-G1.045-C3,47556,0,240.0,1,7.25,middle50,False
B-G1.045-C3,47556,0,405.75,1,165.75,middle50,False
B-G1.045-C3,47556,0,411.75,1,6.0,middle50,False
B-G1.045-C3,47556,0,420.5,1,8.75,middle50,False
B-G1.045-C3,47556,0,457.75,1,37.25,middle50,False
B-G1.045-C3,47556,0,464.25,1,6.5,middle50,False
B-G1.045-C3,47556,0,471.25,1,7.0,middle50,False
B-G1.045-C3,47556,0,473.0,1,1.75,middle50,False
B-G1.045-C3,47556,0,477.5,1,4.5,middle50,False
B-G1.045-C3,47556,0,516.75,1,39.25,middle50,False
B-G1.045-C3,47556,0,522.25,1,5.5,middle50,False
B-G1.045-C3,47556,0,529.5,1,7.25,middle50,False
B-G1.045-C3,47556,0,538.5,1,9.0,late25,False
B-G1.045-C3,47556,0,546.5,1,8.0,late25,False
B-G1.045-C3,47556,0,570.0,1,23.5,late25,False
B-G1.045-C3,47556,0,575.0,1,5.0,late25,False
B-G1.045-C3,47556,0,580.75,12,5.75,late25,False
B-G1.045-C3,47556,0,586.25,1,5.5,late25,False
B-G1.045-C3,47556,0,597.5,1,11.25,late25,False
B-G1.045-C3,47556,1,731.5,1,134.0,early25,False
B-G1.045-C3,47556,1,733.75,1,2.25,early25,False
B-G1.045-C3,47556,1,741.75,2,8.0,early25,False
B-G1.045-C3,47556,1,747.25,2,5.5,early25,False
B-G1.045-C3,47556,1,756.25,2,9.0,early25,False
B-G1.045-C3,47556,1,793.0,2,36.75,early25,False
B-G1.045-C3,47556,1,797.75,1,4.75,early25,False
B-G1.045-C3,47556,1,802.0,1,4.25,early25,False
B-G1.045-C3,47556,1,809.75,2,7.75,early25,False
B-G1.045-C3,47556,1,814.75,2,5.0,early25,False
B-G1.045-C3,47556,1,850.25,1,35.5,early25,False
B-G1.045-C3,47556,1,864.25,2,14.0,early25,False
B-G1.045-C3,47556,1,872.0,1,7.75,early25,False
B-G1.045-C3,47556,1,903.0,2,31.0,early25,False
B-G1.045-C3,47556,1,910.25,1,7.25,middle50,False
B-G1.045-C3,47556,1,915.0,2,4.75,middle50,False
B-G1.045-C3,47556,1,926.0,2,11.0,middle50,False
B-G1.045-C3,47556,1,953.0,1,27.0,middle50,False
B-G1.045-C3,47556,1,960.0,1,7.0,middle50,False
B-G1.045-C3,47556,1,963.25,1,3.25,middle50,False
B-G1.045-C3,47556,1,969.0,2,5.75,middle50,False
B-G1.045-C3,47556,1,973.5,1,4.5,middle50,False
B-G1.045-C3,47556,1,978.25,2,4.75,middle50,False
B-G1.045-C3,47556,1,1016.75,1,38.5,middle50,False
B-G1.045-C3,47556,1,1020.5,2,3.75,middle50,False
B-G1.045-C3,47556,1,1023.0,1,2.5,middle50,False
B-G1.045-C3,47556,1,1031.5,1,8.5,middle50,False
B-G1.045-C3,47556,1,1034.25,1,2.75,middle50,False
B-G1.045-C3,47556,1,1046.0,2,11.75,middle50,False
B-G1.045-C3,47556,1,1052.75,5,6.75,middle50,False
B-G1.045-C3,47556,1,1196.0,1,143.25,middle50,False
B-G1.045-C3,47556,1,1213.0,2,17.0,middle50,False
B-G1.045-C3,47556,1,1220.5,1,7.5,middle50,False
B-G1.045-C3,47556,1,1222.0,3,1.5,middle50,False
B-G1.045-C3,47556,1,1256.5,1,34.5,middle50,False
B-G1.045-C3,47556,1,1261.0,1,4.5,middle50,False
B-G1.045-C3,47556,1,1262.75,1,1.75,middle50,False
B-G1.045-C3,47556,1,1271.5,1,8.75,middle50,False
B-G1.045-C3,47556,1,1277.0,2,5.5,middle50,False
B-G1.045-C3,47556,1,1280.75,1,3.75,middle50,False
B-G1.045-C3,47556,1,1295.25,5,14.5,middle50,False
B-G1.045-C3,47556,1,1306.75,1,11.5,late25,False
B-G1.045-C3,47556,1,1312.25,4,5.5,late25,False
B-G1.045-C3,47556,1,1314.0,3,1.75,late25,False
B-G1.045-C3,47556,1,1316.0,4,2.0,late25,False
B-G1.045-C3,47556,1,1319.0,1,3.0,late25,False
B-G1.045-C3,47556,1,1320.5,1,1.5,late25,False
B-G1.045-C3,47556,1,1324.5,1,4.0,late25,False
B-G1.045-C3,47556,1,1330.5,1,6.0,late25,False
B-G1.045-C3,47556,1,1334.0,1,3.5,late25,False
B-G1.045-C3,47556,1,1361.75,3,27.75,late25,False
B-G1.045-C3,47556,1,1363.0,3,1.25,late25,False
B-G1.045-C3,47556,1,1364.0,3,1.0,late25,False
B-G1.045-C3,47556,1,1367.25,1,3.25,late25,False
B-G1.045-C3,47556,1,1369.75,1,2.5,late25,False
B-G1.045-C3,47556,1,1372.75,1,3.0,late25,False
B-G1.045-C3,47556,1,1377.5,1,4.75,late25,False
B-G1.045-C3,47556,1,1382.5,1,5.0,late25,False
B-G1.045-C3,47556,1,1384.5,1,2.0,late25,False
B-G1.045-C3,47556,1,1388.75,1,4.25,late25,False
B-G1.045-C3,47556,1,1391.0,1,2.25,late25,False
B-G1.045-C3,47556,1,1393.5,1,2.5,late25,False
B-G1.045-C3,47556,1,1400.5,1,7.0,late25,False
B-G1.045-C3,47556,1,1504.75,1,104.25,late25,False
B-G1.045-C3,47556,2,1520.75,2,16.0,early25,False
B-G1.045-C3,47556,2,1522.5,1,1.75,early25,False
B-G1.045-C3,47556,2,1525.75,2,3.25,early25,False
B-G1.045-C3,47556,2,1527.5,1,1.75,early25,False
B-G1.045-C3,47556,2,1529.75,1,2.25,early25,False
B-G1.045-C3,47556,2,1531.25,1,1.5,early25,False
B-G1.045-C3,47556,2,1532.25,1,1.0,early25,False
B-G1.045-C3,47556,2,1533.25,1,1.0,early25,False
B-G1.045-C3,47556,2,1534.25,1,1.0,early25,False
B-G1.045-C3,47556,2,1549.5,2,15.25,early25,False
B-G1.045-C3,47556,2,1576.5,1,27.0,early25,False
B-G1.045-C3,47556,2,1578.0,1,1.5,early25,False
B-G1.045-C3,47556,2,1579.5,2,1.5,early25,False
B-G1.045-C3,47556,2,1580.75,1,1.25,early25,False
B-G1.045-C3,47556,2,1582.0,1,1.25,early25,False
B-G1.045-C3,47556,2,1583.25,1,1.25,early25,False
B-G1.045-C3,47556,2,1590.25,3,7.0,early25,False
B-G1.045-C3,47556,2,1591.75,1,1.5,early25,False
B-G1.045-C3,47556,2,1596.0,2,4.25,early25,False
B-G1.045-C3,47556,2,1600.75,1,4.75,early25,False
B-G1.045-C3,47556,2,1607.0,3,6.25,early25,False
B-G1.045-C3,47556,2,1636.75,1,29.75,early25,False
B-G1.045-C3,47556,2,1644.0,2,7.25,early25,False
B-G1.045-C3,47556,2,1649.0,2,5.0,early25,False
B-G1.045-C3,47556,2,1659.0,3,10.0,early25,False
B-G1.045-C3,47556,2,1665.5,3,6.5,early25,False
B-G1.045-C3,47556,2,1703.25,2,37.75,early25,False
B-G1.045-C3,47556,2,1706.0,1,2.75,early25,False
B-G1.045-C3,47556,2,1711.0,3,5.0,early25,False
B-G1.045-C3,47556,2,1713.5,2,2.5,early25,False
B-G1.045-C3,47556,2,1717.0,1,3.5,early25,False
B-G1.045-C3,47556,2,1722.0,2,5.0,early25,False
B-G1.045-C3,47556,2,1730.0,1,8.0,early25,False
B-G1.045-C3,47556,2,1736.75,5,6.75,early25,False
B-G1.045-C3,47556,2,1751.0,1,14.25,early25,False
B-G1.045-C3,47556,2,1756.25,2,5.25,early25,False
B-G1.045-C3,47556,2,1761.5,1,5.25,early25,False
B-G1.045-C3,47556,2,1765.5,1,4.0,early25,False
B-G1.045-C3,47556,2,1771.5,2,6.0,early25,False
B-G1.045-C3,47556,2,1777.25,2,5.75,early25,False
B-G1.045-C3,47556,2,1803.5,1,26.25,early25,False
B-G1.045-C3,47556,2,1807.0,15,3.5,early25,False
B-G1.045-C3,47556,2,1814.5,2,7.5,early25,False
B-G1.045-C3,47556,2,1816.5,1,2.0,early25,False
B-G1.045-C3,47556,2,1820.75,1,4.25,early25,False
B-G1.045-C3,47556,2,1825.5,1,4.75,early25,False
B-G1.045-C3,47556,2,1834.0,1,8.5,early25,False
B-G1.045-C3,47556,2,1840.5,1,6.5,early25,False
B-G1.045-C3,47556,2,1846.5,4,6.0,early25,False
B-G1.045-C3,47556,2,1987.5,1,141.0,middle50,False
B-G1.045-C3,47556,2,1994.75,1,7.25,middle50,False
B-G1.045-C3,47556,2,2000.25,2,5.5,middle50,False
B-G1.045-C3,47556,2,2003.0,1,2.75,middle50,False
B-G1.045-C3,47556,2,2007.25,1,4.25,middle50,False
B-G1.045-C3,47556,2,2012.25,2,5.0,middle50,False
B-G1.045-C3,47556,2,2041.5,1,29.25,middle50,False
B-G1.045-C3,47556,2,2047.5,2,6.0,middle50,False
B-G1.045-C3,47556,2,2051.0,1,3.5,middle50,False
B-G1.045-C3,47556,2,2054.75,2,3.75,middle50,False
B-G1.045-C3,47556,2,2058.0,1,3.25,middle50,False
B-G1.045-C3,47556,2,2064.0,1,6.0,middle50,False
B-G1.045-C3,47556,2,2071.25,1,7.25,middle50,False
B-G1.045-C3,47556,2,2079.75,2,8.5,middle50,False
B-G1.045-C3,47556,2,2098.25,2,18.5,middle50,False
B-G1.045-C3,47556,2,2105.0,1,6.75,middle50,False
B-G1.045-C3,47556,2,2112.25,2,7.25,middle50,False
B-G1.045-C3,47556,2,2117.5,1,5.25,middle50,False
B-G1.045-C3,47556,2,2122.5,1,5.0,middle50,False
B-G1.045-C3,47556,2,2151.75,1,29.25,middle50,False
B-G1.045-C3,47556,2,2156.5,2,4.75,middle50,False
B-G1.045-C3,47556,2,2161.25,1,4.75,middle50,False
B-G1.045-C3,47556,2,2166.0,1,4.75,middle50,False
B-G1.045-C3,47556,2,2170.5,2,4.5,middle50,False
B-G1.045-C3,47556,2,2174.25,1,3.75,middle50,False
B-G1.045-C3,47556,2,2178.75,1,4.5,middle50,False
B-G1.045-C3,47556,2,2181.0,1,2.25,middle50,False
B-G1.045-C3,47556,2,2192.5,3,11.5,middle50,False
B-G1.045-C3,47556,2,2314.5,2,122.0,middle50,False
B-G1.045-C3,47556,2,2318.0,3,3.5,middle50,False
B-G1.045-C3,47556,2,2321.25,1,3.25,middle50,False
B-G1.045-C3,47556,2,2326.5,1,5.25,middle50,False
B-G1.045-C3,47556,2,2331.5,1,5.0,middle50,False
B-G1.045-C3,47556,2,2342.0,1,10.5,middle50,False
B-G1.045-C3,47556,2,2377.0,2,35.0,middle50,False
B-G1.045-C3,47556,2,2377.75,2,0.75,middle50,False
B-G1.045-C3,47556,2,2383.5,1,5.75,middle50,False
B-G1.045-C3,47556,2,2385.75,1,2.25,middle50,False
B-G1.045-C3,47556,2,2389.5,1,3.75,middle50,False
B-G1.045-C3,47556,2,2396.0,1,6.5,middle50,False
B-G1.045-C3,47556,2,2397.75,1,1.75,middle50,False
B-G1.045-C3,47556,2,2402.75,1,5.0,middle50,False
B-G1.045-C3,47556,2,2411.0,2,8.25,middle50,False
B-G1.045-C3,47556,2,2420.4999999999,1,9.499999999899956,middle50,False
B-G1.045-C3,47556,2,2428.7499999999,1,8.25,middle50,False
B-G1.045-C3,47556,2,2431.9999999999,1,3.25,middle50,False
B-G1.045-C3,47556,2,2438.2499999999,1,6.25,middle50,False
B-G1.045-C3,47556,2,2444.4999999999,1,6.25,middle50,False
B-G1.045-C3,47556,2,2477.7499999999,1,33.25,middle50,False
B-G1.045-C3,47556,2,2481.4999999999,1,3.75,middle50,False
B-G1.045-C3,47556,2,2484.2499999999,1,2.75,middle50,False
B-G1.045-C3,47556,2,2487.7499999999,1,3.5,middle50,False
B-G1.045-C3,47556,2,2491.4999999999,1,3.75,middle50,False
B-G1.045-C3,47556,2,2496.4999999999,1,5.0,middle50,False
B-G1.045-C3,47556,2,2499.9999999999,1,3.5,middle50,False
B-G1.045-C3,47556,2,2501.7499999999,1,1.75,middle50,False
B-G1.045-C3,47556,2,2514.2499999999,1,12.5,middle50,False
B-G1.045-C3,47556,2,2647.4999999999,1,133.25,late25,False
B-G1.045-C3,47556,2,2652.7499999999,1,5.25,late25,False
B-G1.045-C3,47556,2,2660.4999999999,1,7.75,late25,False
B-G1.045-C3,47556,2,2663.7499999999,1,3.25,late25,False
B-G1.045-C3,47556,2,2669.7499999999,1,6.0,late25,False
B-G1.045-C3,47556,2,2677.2499999999,1,7.5,late25,False
B-G1.045-C3,47556,2,2703.7499999999,1,26.5,late25,False
B-G1.045-C3,47556,2,2708.9999999999,6,5.25,late25,False
B-G1.045-C3,47556,2,2716.9999999999,1,8.0,late25,False
B-G1.045-C3,47556,2,2728.7499999999,1,11.75,late25,False
B-G1.045-C3,47556,2,2739.7499999999,1,11.0,late25,False
B-G1.045-C3,47556,2,2745.2499999999,1,5.5,late25,False
B-G1.045-C3,47556,2,2755.4999999999,1,10.25,late25,False
B-G1.045-C3,47556,2,2763.2499999999,1,7.75,late25,False
B-G1.045-C3,47556,2,2767.7499999999,1,4.5,late25,False
B-G1.045-C3,47556,2,2772.4999999999,4,4.75,late25,False
B-G1.045-C3,47556,2,2775.2499999999,1,2.75,late25,False
B-G1.045-C3,47556,2,2782.4999999999,1,7.25,late25,False
B-G1.045-C3,47556,2,2810.4999999999,1,28.0,late25,False
B-G1.045-C3,47556,2,2816.2499999999,1,5.75,late25,False
B-G1.045-C3,47556,2,2820.9999999999,1,4.75,late25,False
B-G1.045-C3,47556,2,2826.4999999999,1,5.5,late25,False
B-G1.045-C3,47556,2,2830.9999999999,1,4.5,late25,False
B-G1.045-C3,47556,2,2840.4999999999,1,9.5,late25,False
B-G1.045-C3,47556,2,2852.2499999999,2,11.75,late25,False
B-G1.045-C3,47556,3,2965.9999999999,2,113.75,early25,True
B-G1.045-C3,47556,3,2972.4999999999,1,6.5,early25,True
B-G1.045-C3,47556,3,2976.2499999999,1,3.75,early25,True
B-G1.045-C3,47556,3,2980.7499999999,1,4.5,early25,True
B-G1.045-C3,47556,3,2984.9999999999,1,4.25,early25,True
B-G1.045-C3,47556,3,2988.7499999999,1,3.75,early25,True
B-G1.045-C3,47556,3,2992.2499999999,1,3.5,early25,True
B-G1.045-C3,47556,3,2995.9999999999,1,3.75,early25,True
B-G1.045-C3,47556,3,3022.2499999999,9,26.25,early25,True
B-G1.045-C3,47556,3,3023.4999999999,1,1.25,early25,True
B-G1.045-C3,47556,3,3027.9999999999,3,4.5,early25,True
B-G1.045-C3,47556,3,3035.2499999999,1,7.25,early25,True
B-G1.045-C3,47556,3,3048.4999999999,1,13.25,early25,True
B-G1.045-C3,47556,3,3051.2499999999,1,2.75,early25,True
B-G1.045-C3,47556,3,3075.2499999999,1,24.0,early25,True
B-G1.045-C3,47556,3,3077.7499999999,1,2.5,early25,True
B-G1.045-C3,47556,3,3086.2499999999,1,8.5,early25,True
B-G1.045-C3,47556,3,3095.9999999999,1,9.75,early25,True
B-G1.045-C3,47556,3,3102.9999999999,1,7.0,early25,True
B-G1.045-C3,47556,3,3125.2499999999,1,22.25,middle50,True
B-G1.045-C3,47556,3,3129.7499999999,1,4.5,middle50,True
B-G1.045-C3,47556,3,3133.9999999999,1,4.25,middle50,True
B-G1.045-C3,47556,3,3141.2499999999,1,7.25,middle50,True
B-G1.045-C3,47556,3,3152.7499999999,1,11.5,middle50,True
B-G1.045-C3,47556,3,3171.2499999999,1,18.5,middle50,True
B-G1.045-C3,47556,3,3179.7499999999,1,8.5,middle50,True
B-G1.045-C3,47556,3,3184.2499999999,1,4.5,middle50,True
B-G1.045-C3,47556,3,3192.2499999999,1,8.0,middle50,True
B-G1.045-C3,47556,3,3195.4999999999,1,3.25,middle50,True
B-G1.045-C3,47556,3,3200.2499999999,6,4.75,middle50,True
B-G1.045-C3,47556,3,3226.4999999999,1,26.25,middle50,True
B-G1.045-C3,47556,3,3240.9999999999,1,14.5,middle50,True
B-G1.045-C3,47556,3,3243.7499999999,1,2.75,middle50,True
B-G1.045-C3,47556,3,3249.9999999999,1,6.25,middle50,True
B-G1.045-C3,47556,3,3257.2499999999,1,7.25,middle50,True
B-G1.045-C3,47556,3,3279.4999999999,1,22.25,middle50,True
B-G1.045-C3,47556,3,3290.7499999999,1,11.25,middle50,True
B-G1.045-C3,47556,3,3297.9999999999,1,7.25,middle50,True
B-G1.045-C3,47556,3,3332.9999999999,1,35.0,middle50,True
B-G1.045-C3,47556,3,3336.4999999999,1,3.5,middle50,True
B-G1.045-C3,47556,3,3349.2499999999,1,12.75,middle50,True
B-G1.045-C3,47556,3,3357.4999999999,1,8.25,middle50,True
B-G1.045-C3,47556,3,3369.4999999999,1,12.0,middle50,True
B-G1.045-C3,47556,3,3397.9999999999,1,28.5,middle50,True
B-G1.045-C3,47556,3,3403.9999999999,1,6.0,middle50,True
B-G1.045-C3,47556,3,3411.9999999999,1,8.0,middle50,True
B-G1.045-C3,47556,3,3419.9999999999,1,8.0,middle50,True
B-G1.045-C3,47556,3,3447.9999999999,5,28.0,late25,True
B-G1.045-C3,47556,3,3455.4999999999,1,7.5,late25,True
B-G1.045-C3,47556,3,3460.9999999999,1,5.5,late25,True
B-G1.045-C3,47556,3,3473.4999999999,1,12.5,late25,True
B-G1.045-C3,47556,3,3488.2499999999,3,14.75,late25,True
B-G1.045-C3,47556,3,3498.2499999999,1,10.0,late25,True
B-G1.045-C3,47556,3,3509.9999999999,1,11.75,late25,True
B-G1.045-C3,47556,3,3516.7499999999,1,6.75,late25,True
B-G1.045-C3,47556,3,3523.9999999999,3,7.25,late25,True
B-G1.045-C3,47556,3,3526.7499999999,2,2.75,late25,True
B-G1.045-C3,47556,3,3554.2499999999,1,27.5,late25,True
B-G1.045-C3,47556,3,3562.9999999999,1,8.75,late25,True
B-G1.045-C3,47556,3,3565.4999999999,2,2.5,late25,True
B-G1.045-C3,47556,3,3568.9999999999,1,3.5,late25,True
B-G1.045-C3,47556,3,3573.7499999999,1,4.75,late25,True
B-G1.045-C3,47556,3,3577.7499999999,2,4.0,late25,True
B-G1.045-C3,47556,3,3582.7499999999,1,5.0,late25,True
B-G1.045-C3,55475,0,0.25,3,,early25,False
B-G1.045-C3,55475,0,8.5,1,8.25,early25,False
B-G1.045-C3,55475,0,25.25,1,16.75,early25,False
B-G1.045-C3,55475,0,44.0,1,18.75,early25,False
B-G1.045-C3,55475,0,57.5,1,13.5,early25,False
B-G1.045-C3,55475,0,102.0,1,44.5,early25,False
B-G1.045-C3,55475,0,115.5,1,13.5,early25,False
B-G1.045-C3,55475,0,119.5,1,4.0,early25,False
B-G1.045-C3,55475,0,160.75,1,41.25,early25,False
B-G1.045-C3,55475,0,172.75,1,12.0,early25,False
B-G1.045-C3,55475,0,178.25,1,5.5,early25,False
B-G1.045-C3,55475,0,212.0,1,33.75,middle50,False
B-G1.045-C3,55475,0,217.75,1,5.75,middle50,False
B-G1.045-C3,55475,0,229.25,1,11.5,middle50,False
B-G1.045-C3,55475,0,269.5,1,40.25,middle50,False
B-G1.045-C3,55475,0,277.75,1,8.25,middle50,False
B-G1.045-C3,55475,0,287.0,1,9.25,middle50,False
B-G1.045-C3,55475,0,293.75,1,6.75,middle50,False
B-G1.045-C3,55475,0,304.25,2,10.5,middle50,False
B-G1.045-C3,55475,0,329.0,1,24.75,middle50,False
B-G1.045-C3,55475,0,342.25,1,13.25,middle50,False
B-G1.045-C3,55475,0,348.25,1,6.0,middle50,False
B-G1.045-C3,55475,0,355.0,13,6.75,middle50,False
B-G1.045-C3,55475,0,518.75,1,163.75,middle50,False
B-G1.045-C3,55475,0,562.5,1,43.75,middle50,False
B-G1.045-C3,55475,0,572.75,1,10.25,middle50,False
B-G1.045-C3,55475,0,580.75,1,8.0,middle50,False
B-G1.045-C3,55475,0,597.5,1,16.75,middle50,False
B-G1.045-C3,55475,0,621.25,1,23.75,late25,False
B-G1.045-C3,55475,0,634.5,1,13.25,late25,False
B-G1.045-C3,55475,0,641.75,1,7.25,late25,False
B-G1.045-C3,55475,0,645.75,1,4.0,late25,False
B-G1.045-C3,55475,0,677.0,11,31.25,late25,False
B-G1.045-C3,55475,0,682.0,1,5.0,late25,False
B-G1.045-C3,55475,0,694.5,1,12.5,late25,False
B-G1.045-C3,55475,0,698.75,1,4.25,late25,False
B-G1.045-C3,55475,0,704.0,1,5.25,late25,False
B-G1.045-C3,55475,0,814.25,1,110.25,late25,False
B-G1.045-C3,55475,1,833.5,1,19.25,early25,False
B-G1.045-C3,55475,1,836.0,1,2.5,early25,False
B-G1.045-C3,55475,1,837.25,1,1.25,early25,False
B-G1.045-C3,55475,1,839.0,1,1.75,early25,False
B-G1.045-C3,55475,1,841.5,1,2.5,early25,False
B-G1.045-C3,55475,1,844.0,1,2.5,early25,False
B-G1.045-C3,55475,1,845.75,1,1.75,early25,False
B-G1.045-C3,55475,1,847.0,1,1.25,early25,False
B-G1.045-C3,55475,1,849.75,1,2.75,early25,False
B-G1.045-C3,55475,1,853.5,1,3.75,early25,False
B-G1.045-C3,55475,1,861.25,2,7.75,early25,False
B-G1.045-C3,55475,1,894.25,2,33.0,early25,False
B-G1.045-C3,55475,1,898.25,1,4.0,early25,False
B-G1.045-C3,55475,1,901.5,2,3.25,early25,False
B-G1.045-C3,55475,1,904.75,1,3.25,early25,False
B-G1.045-C3,55475,1,909.5,2,4.75,early25,False
B-G1.045-C3,55475,1,911.75,1,2.25,early25,False
B-G1.045-C3,55475,1,915.5,1,3.75,early25,False
B-G1.045-C3,55475,1,919.25,1,3.75,early25,False
B-G1.045-C3,55475,1,942.75,1,23.5,early25,False
B-G1.045-C3,55475,1,947.25,1,4.5,early25,False
B-G1.045-C3,55475,1,951.5,2,4.25,early25,False
B-G1.045-C3,55475,1,957.25,1,5.75,early25,False
B-G1.045-C3,55475,1,962.0,2,4.75,early25,False
B-G1.045-C3,55475,1,969.75,2,7.75,early25,False
B-G1.045-C3,55475,1,973.75,17,4.0,early25,False
B-G1.045-C3,55475,1,1002.5,1,28.75,middle50,False
B-G1.045-C3,55475,1,1006.0,1,3.5,middle50,False
B-G1.045-C3,55475,1,1010.0,1,4.0,middle50,False
B-G1.045-C3,55475,1,1015.25,1,5.25,middle50,False
B-G1.045-C3,55475,1,1018.0,1,2.75,middle50,False
B-G1.045-C3,55475,1,1020.75,1,2.75,middle50,False
B-G1.045-C3,55475,1,1025.5,1,4.75,middle50,False
B-G1.045-C3,55475,1,1027.0,1,1.5,middle50,False
B-G1.045-C3,55475,1,1029.75,1,2.75,middle50,False
B-G1.045-C3,55475,1,1037.25,4,7.5,middle50,False
B-G1.045-C3,55475,1,1165.25,1,128.0,middle50,False
B-G1.045-C3,55475,1,1167.75,1,2.5,middle50,False
B-G1.045-C3,55475,1,1170.5,1,2.75,middle50,False
B-G1.045-C3,55475,1,1174.25,1,3.75,middle50,False
B-G1.045-C3,55475,1,1178.0,1,3.75,middle50,False
B-G1.045-C3,55475,1,1182.0,3,4.0,middle50,False
B-G1.045-C3,55475,1,1187.0,2,5.0,middle50,False
B-G1.045-C3,55475,1,1190.5,1,3.5,middle50,False
B-G1.045-C3,55475,1,1221.75,1,31.25,middle50,False
B-G1.045-C3,55475,1,1224.75,1,3.0,middle50,False
B-G1.045-C3,55475,1,1229.25,1,4.5,middle50,False
B-G1.045-C3,55475,1,1232.0,1,2.75,middle50,False
B-G1.045-C3,55475,1,1233.25,1,1.25,middle50,False
B-G1.045-C3,55475,1,1237.0,1,3.75,middle50,False
B-G1.045-C3,55475,1,1239.75,1,2.75,middle50,False
B-G1.045-C3,55475,1,1244.25,1,4.5,middle50,False
B-G1.045-C3,55475,1,1248.25,1,4.0,middle50,False
B-G1.045-C3,55475,1,1250.25,1,2.0,middle50,False
B-G1.045-C3,55475,1,1263.0,3,12.75,middle50,False
B-G1.045-C3,55475,1,1273.75,1,10.75,middle50,False
B-G1.045-C3,55475,1,1280.5,1,6.75,middle50,False
B-G1.045-C3,55475,1,1283.25,1,2.75,middle50,False
B-G1.045-C3,55475,1,1288.25,1,5.0,middle50,False
B-G1.045-C3,55475,1,1291.25,3,3.0,middle50,False
B-G1.045-C3,55475,1,1296.75,1,5.5,middle50,False
B-G1.045-C3,55475,1,1301.75,1,5.0,middle50,False
B-G1.045-C3,55475,1,1332.0,1,30.25,late25,False
B-G1.045-C3,55475,1,1337.0,1,5.0,late25,False
B-G1.045-C3,55475,1,1339.75,1,2.75,late25,False
B-G1.045-C3,55475,1,1343.0,1,3.25,late25,False
B-G1.045-C3,55475,1,1347.5,1,4.5,late25,False
B-G1.045-C3,55475,1,1349.75,1,2.25,late25,False
B-G1.045-C3,55475,1,1353.25,2,3.5,late25,False
B-G1.045-C3,55475,1,1353.75,2,0.5,late25,False
B-G1.045-C3,55475,1,1357.0,1,3.25,late25,False
B-G1.045-C3,55475,1,1359.5,1,2.5,late25,False
B-G1.045-C3,55475,1,1366.75,1,7.25,late25,False
B-G1.045-C3,55475,1,1465.5,1,98.75,late25,False
B-G1.045-C3,55475,1,1468.25,1,2.75,late25,False
B-G1.045-C3,55475,2,1486.5,1,18.25,early25,False
B-G1.045-C3,55475,2,1490.0,2,3.5,early25,False
B-G1.045-C3,55475,2,1495.25,2,5.25,early25,False
B-G1.045-C3,55475,2,1501.5,1,6.25,early25,False
B-G1.045-C3,55475,2,1507.5,2,6.0,early25,False
B-G1.045-C3,55475,2,1512.0,2,4.5,early25,False
B-G1.045-C3,55475,2,1518.5,2,6.5,early25,False
B-G1.045-C3,55475,2,1544.0,2,25.5,early25,False
B-G1.045-C3,55475,2,1547.25,1,3.25,early25,False
B-G1.045-C3,55475,2,1551.25,21,4.0,early25,False
B-G1.045-C3,55475,2,1553.0,1,1.75,early25,False
B-G1.045-C3,55475,2,1554.75,1,1.75,early25,False
B-G1.045-C3,55475,2,1563.25,2,8.5,early25,False
B-G1.045-C3,55475,2,1571.75,1,8.5,early25,False
B-G1.045-C3,55475,2,1580.75,2,9.0,early25,False
B-G1.045-C3,55475,2,1599.0,2,18.25,early25,False
B-G1.045-C3,55475,2,1603.25,3,4.25,early25,False
B-G1.045-C3,55475,2,1606.25,1,3.0,early25,False
B-G1.045-C3,55475,2,1610.5,1,4.25,early25,False
B-G1.045-C3,55475,2,1619.0,1,8.5,early25,False
B-G1.045-C3,55475,2,1623.5,1,4.5,early25,False
B-G1.045-C3,55475,2,1651.25,2,27.75,early25,False
B-G1.045-C3,55475,2,1653.75,2,2.5,early25,False
B-G1.045-C3,55475,2,1660.75,2,7.0,early25,False
B-G1.045-C3,55475,2,1663.5,1,2.75,middle50,False
B-G1.045-C3,55475,2,1670.25,2,6.75,middle50,False
B-G1.045-C3,55475,2,1673.75,1,3.5,middle50,False
B-G1.045-C3,55475,2,1675.25,1,1.5,middle50,False
B-G1.045-C3,55475,2,1680.75,2,5.5,middle50,False
B-G1.045-C3,55475,2,1693.5,4,12.75,middle50,False
B-G1.045-C3,55475,2,1702.5,3,9.0,middle50,False
B-G1.045-C3,55475,2,1706.5,4,4.0,middle50,False
B-G1.045-C3,55475,2,1712.75,2,6.25,middle50,False
B-G1.045-C3,55475,2,1717.0,1,4.25,middle50,False
B-G1.045-C3,55475,2,1720.25,3,3.25,middle50,False
B-G1.045-C3,55475,2,1723.0,1,2.75,middle50,False
B-G1.045-C3,55475,2,1727.0,1,4.0,middle50,False
B-G1.045-C3,55475,2,1728.75,1,1.75,middle50,False
B-G1.045-C3,55475,2,1738.5,1,9.75,middle50,False
B-G1.045-C3,55475,2,1759.75,2,21.25,middle50,False
B-G1.045-C3,55475,2,1760.5,2,0.75,middle50,False
B-G1.045-C3,55475,2,1763.75,3,3.25,middle50,False
B-G1.045-C3,55475,2,1770.0,1,6.25,middle50,False
B-G1.045-C3,55475,2,1775.75,2,5.75,middle50,False
B-G1.045-C3,55475,2,1783.5,2,7.75,middle50,False
B-G1.045-C3,55475,2,1787.5,1,4.0,middle50,False
B-G1.045-C3,55475,2,1792.5,2,5.0,middle50,False
B-G1.045-C3,55475,2,1798.75,3,6.25,middle50,False
B-G1.045-C3,55475,2,1929.0,1,130.25,middle50,False
B-G1.045-C3,55475,2,1934.75,1,5.75,middle50,False
B-G1.045-C3,55475,2,1938.5,1,3.75,middle50,False
B-G1.045-C3,55475,2,1943.25,1,4.75,middle50,False
B-G1.045-C3,55475,2,1946.5,1,3.25,middle50,False
B-G1.045-C3,55475,2,1949.0,1,2.5,middle50,False
B-G1.045-C3,55475,2,1956.25,1,7.25,middle50,False
B-G1.045-C3,55475,2,1982.0,1,25.75,middle50,False
B-G1.045-C3,55475,2,1985.25,1,3.25,middle50,False
B-G1.045-C3,55475,2,1987.75,1,2.5,middle50,False
B-G1.045-C3,55475,2,1990.75,9,3.0,middle50,False
B-G1.045-C3,55475,2,1995.25,1,4.5,middle50,False
B-G1.045-C3,55475,2,2001.25,1,6.0,middle50,False
B-G1.045-C3,55475,2,2010.75,1,9.5,middle50,False
B-G1.045-C3,55475,2,2013.25,1,2.5,middle50,False
B-G1.045-C3,55475,2,2024.5,2,11.25,middle50,False
B-G1.045-C3,55475,2,2033.75,1,9.25,middle50,False
B-G1.045-C3,55475,2,2043.25,1,9.5,late25,False
B-G1.045-C3,55475,2,2046.75,1,3.5,late25,False
B-G1.045-C3,55475,2,2052.0,1,5.25,late25,False
B-G1.045-C3,55475,2,2058.5,1,6.5,late25,False
B-G1.045-C3,55475,2,2062.75,1,4.25,late25,False
B-G1.045-C3,55475,2,2092.75,1,30.0,late25,False
B-G1.045-C3,55475,2,2100.25,1,7.5,late25,False
B-G1.045-C3,55475,2,2104.0,1,3.75,late25,False
B-G1.045-C3,55475,2,2107.75,2,3.75,late25,False
B-G1.045-C3,55475,2,2115.0,2,7.25,late25,False
B-G1.045-C3,55475,2,2119.75,1,4.75,late25,False
B-G1.045-C3,55475,2,2127.75,1,8.0,late25,False
B-G1.045-C3,55475,2,2135.0,4,7.25,late25,False
B-G1.045-C3,55475,3,2251.25,1,116.25,early25,True
B-G1.045-C3,55475,3,2253.25,1,2.0,early25,True
B-G1.045-C3,55475,3,2255.75,1,2.5,early25,True
B-G1.045-C3,55475,3,2259.25,1,3.5,early25,True
B-G1.045-C3,55475,3,2262.5,1,3.25,early25,True
B-G1.045-C3,55475,3,2266.75,2,4.25,early25,True
B-G1.045-C3,55475,3,2270.25,1,3.5,early25,True
B-G1.045-C3,55475,3,2273.25,1,3.0,early25,True
B-G1.045-C3,55475,3,2277.5,2,4.25,early25,True
B-G1.045-C3,55475,3,2281.5,1,4.0,early25,True
B-G1.045-C3,55475,3,2309.5,1,28.0,early25,True
B-G1.045-C3,55475,3,2314.0,2,4.5,early25,True
B-G1.045-C3,55475,3,2317.25,1,3.25,early25,True
B-G1.045-C3,55475,3,2321.25,11,4.0,early25,True
B-G1.045-C3,55475,3,2323.25,1,2.0,early25,True
B-G1.045-C3,55475,3,2326.25,1,3.0,early25,True
B-G1.045-C3,55475,3,2334.75,1,8.5,early25,True
B-G1.045-C3,55475,3,2347.5,3,12.75,early25,True
B-G1.045-C3,55475,3,2357.5,1,10.0,early25,True
B-G1.045-C3,55475,3,2361.5,1,4.0,early25,True
B-G1.045-C3,55475,3,2365.25,1,3.75,early25,True
B-G1.045-C3,55475,3,2368.25,1,3.0,early25,True
B-G1.045-C3,55475,3,2372.5,1,4.25,early25,True
B-G1.045-C3,55475,3,2377.0,1,4.5,early25,True
B-G1.045-C3,55475,3,2384.5,9,7.5,early25,True
B-G1.045-C3,55475,3,2412.25,1,27.75,early25,True
B-G1.045-C3,55475,3,2415.25,1,3.0,early25,True
B-G1.045-C3,55475,3,2420.5,1,5.25,early25,True
B-G1.045-C3,55475,3,2422.5,1,2.0,early25,True
B-G1.045-C3,55475,3,2426.5,1,4.0,early25,True
B-G1.045-C3,55475,3,2429.0,1,2.5,early25,True
B-G1.045-C3,55475,3,2435.5,1,6.5,early25,True
B-G1.045-C3,55475,3,2440.25,1,4.75,early25,True
B-G1.045-C3,55475,3,2442.75,1,2.5,early25,True
B-G1.045-C3,55475,3,2473.0,1,30.25,early25,True
B-G1.045-C3,55475,3,2479.25,1,6.25,early25,True
B-G1.045-C3,55475,3,2483.0,1,3.75,early25,True
B-G1.045-C3,55475,3,2492.0,1,9.0,early25,True
B-G1.045-C3,55475,3,2496.75,1,4.75,early25,True
B-G1.045-C3,55475,3,2519.5,1,22.75,early25,True
B-G1.045-C3,55475,3,2522.75,1,3.25,early25,True
B-G1.045-C3,55475,3,2529.5,8,6.75,early25,True
B-G1.045-C3,55475,3,2531.75,1,2.25,early25,True
B-G1.045-C3,55475,3,2547.5,1,15.75,early25,True
B-G1.045-C3,55475,3,2552.0,1,4.5,early25,True
B-G1.045-C3,55475,3,2558.25,2,6.25,early25,True
B-G1.045-C3,55475,3,2568.5,1,10.25,early25,True
B-G1.045-C3,55475,3,2577.25,1,8.75,middle50,True
B-G1.045-C3,55475,3,2581.5,1,4.25,middle50,True
B-G1.045-C3,55475,3,2585.5,1,4.0,middle50,True
B-G1.045-C3,55475,3,2592.75,1,7.25,middle50,True
B-G1.045-C3,55475,3,2597.25,6,4.5,middle50,True
B-G1.045-C3,55475,3,2624.75,1,27.5,middle50,True
B-G1.045-C3,55475,3,2628.5,1,3.75,middle50,True
B-G1.045-C3,55475,3,2632.5,1,4.0,middle50,True
B-G1.045-C3,55475,3,2640.0,1,7.5,middle50,True
B-G1.045-C3,55475,3,2650.0,1,10.0,middle50,True
B-G1.045-C3,55475,3,2661.25,1,11.25,middle50,True
B-G1.045-C3,55475,3,2679.25,1,18.0,middle50,True
B-G1.045-C3,55475,3,2682.75,1,3.5,middle50,True
B-G1.045-C3,55475,3,2691.0,1,8.25,middle50,True
B-G1.045-C3,55475,3,2699.0,1,8.0,middle50,True
B-G1.045-C3,55475,3,2705.75,1,6.75,middle50,True
B-G1.045-C3,55475,3,2731.5,5,25.75,middle50,True
B-G1.045-C3,55475,3,2745.5,1,14.0,middle50,True
B-G1.045-C3,55475,3,2751.25,1,5.75,middle50,True
B-G1.045-C3,55475,3,2761.5,1,10.25,middle50,True
B-G1.045-C3,55475,3,2771.5,1,10.0,middle50,True
B-G1.045-C3,55475,3,2777.0,1,5.5,middle50,True
B-G1.045-C3,55475,3,2785.75,1,8.75,middle50,True
B-G1.045-C3,55475,3,2811.75,1,26.0,middle50,True
B-G1.045-C3,55475,3,2850.0,1,38.25,middle50,True
B-G1.045-C3,55475,3,2858.5,1,8.5,middle50,True
B-G1.045-C3,55475,3,2867.0,1,8.5,middle50,True
B-G1.045-C3,55475,3,2896.75,1,29.75,middle50,True
B-G1.045-C3,55475,3,2948.25,1,51.5,middle50,True
B-G1.045-C3,55475,3,2961.25,1,13.0,middle50,True
B-G1.045-C3,55475,3,2967.25,1,6.0,middle50,True
B-G1.045-C3,55475,3,2976.25,1,9.0,middle50,True
B-G1.045-C3,55475,3,2986.5,2,10.25,middle50,True
B-G1.045-C3,55475,3,3000.0,1,13.5,middle50,True
B-G1.045-C3,55475,3,3009.0,1,9.0,middle50,True
B-G1.045-C3,55475,3,3024.25,1,15.25,middle50,True
B-G1.045-C3,55475,3,3057.25,1,33.0,middle50,True
B-G1.045-C3,55475,3,3068.0,1,10.75,middle50,True
B-G1.045-C3,55475,3,3073.75,1,5.75,middle50,True
B-G1.045-C3,55475,3,3104.0,1,30.25,middle50,True
B-G1.045-C3,55475,3,3113.25,1,9.25,middle50,True
B-G1.045-C3,55475,3,3120.75,3,7.5,middle50,True
B-G1.045-C3,55475,3,3158.0,1,37.25,middle50,True
B-G1.045-C3,55475,3,3166.25,1,8.25,middle50,True
B-G1.045-C3,55475,3,3176.0,1,9.75,middle50,True
B-G1.045-C3,55475,3,3194.75,1,18.75,middle50,True
B-G1.045-C3,55475,3,3223.5,1,28.75,middle50,True
B-G1.045-C3,55475,3,3265.0,1,41.5,late25,True
B-G1.045-C3,55475,3,3282.75,1,17.75,late25,True
B-G1.045-C3,55475,3,3303.25,1,20.5,late25,True
B-G1.045-C3,55475,3,3311.0,2,7.75,late25,True
B-G1.045-C3,55475,3,3321.75,1,10.75,late25,True
B-G1.045-C3,55475,3,3331.75,1,10.0,late25,True
B-G1.045-C3,55475,3,3336.5,2,4.75,late25,True
B-G1.045-C3,55475,3,3342.75,1,6.25,late25,True
B-G1.045-C3,55475,3,3376.25,1,33.5,late25,True
B-G1.045-C3,55475,3,3384.75,1,8.5,late25,True
B-G1.045-C3,55475,3,3398.0,1,13.25,late25,True
B-G1.045-C3,55475,3,3419.75,2,21.75,late25,True
B-G1.045-C3,55475,3,3432.0,1,12.25,late25,True
B-G1.045-C3,55475,3,3485.0,1,53.0,late25,True
B-G1.045-C3,55475,3,3509.5,1,24.5,late25,True
B-G1.045-C3,55475,3,3520.75,1,11.25,late25,True
B-G1.045-C3,63394,0,0.25,3,,early25,False
B-G1.045-C3,63394,0,8.25,1,8.0,early25,False
B-G1.045-C3,63394,0,33.75,1,25.5,early25,False
B-G1.045-C3,63394,0,38.75,1,5.0,early25,False
B-G1.045-C3,63394,0,46.25,1,7.5,early25,False
B-G1.045-C3,63394,0,90.5,1,44.25,early25,False
B-G1.045-C3,63394,0,105.75,1,15.25,early25,False
B-G1.045-C3,63394,0,108.75,1,3.0,early25,False
B-G1.045-C3,63394,0,112.75,1,4.0,early25,False
B-G1.045-C3,63394,0,167.5,1,54.75,early25,False
B-G1.045-C3,63394,0,177.0,1,9.5,early25,False
B-G1.045-C3,63394,0,184.0,1,7.0,middle50,False
B-G1.045-C3,63394,0,216.25,2,32.25,middle50,False
B-G1.045-C3,63394,0,224.5,1,8.25,middle50,False
B-G1.045-C3,63394,0,228.75,1,4.25,middle50,False
B-G1.045-C3,63394,0,235.0,1,6.25,middle50,False
B-G1.045-C3,63394,0,241.75,14,6.75,middle50,False
B-G1.045-C3,63394,0,450.25,1,208.5,middle50,False
B-G1.045-C3,63394,0,458.25,1,8.0,middle50,False
B-G1.045-C3,63394,0,464.25,1,6.0,middle50,False
B-G1.045-C3,63394,0,466.5,1,2.25,middle50,False
B-G1.045-C3,63394,0,475.75,1,9.25,middle50,False
B-G1.045-C3,63394,0,480.0,1,4.25,middle50,False
B-G1.045-C3,63394,0,517.25,1,37.25,middle50,False
B-G1.045-C3,63394,0,526.0,1,8.75,middle50,False
B-G1.045-C3,63394,0,533.5,1,7.5,late25,False
B-G1.045-C3,63394,0,563.0,1,29.5,late25,False
B-G1.045-C3,63394,0,569.0,1,6.0,late25,False
B-G1.045-C3,63394,0,573.75,1,4.75,late25,False
B-G1.045-C3,63394,0,578.0,1,4.25,late25,False
B-G1.045-C3,63394,0,582.0,1,4.0,late25,False
B-G1.045-C3,63394,0,585.75,1,3.75,late25,False
B-G1.045-C3,63394,0,591.75,1,6.0,late25,False
B-G1.045-C3,63394,0,605.5,3,13.75,late25,False
B-G1.045-C3,63394,1,730.0,1,124.5,early25,False
B-G1.045-C3,63394,1,735.75,2,5.75,early25,False
B-G1.045-C3,63394,1,739.75,5,4.0,early25,False
B-G1.045-C3,63394,1,743.0,1,3.25,early25,False
B-G1.045-C3,63394,1,744.5,1,1.5,early25,False
B-G1.045-C3,63394,1,750.25,2,5.75,early25,False
B-G1.045-C3,63394,1,752.75,1,2.5,early25,False
B-G1.045-C3,63394,1,755.75,1,3.0,early25,False
B-G1.045-C3,63394,1,790.75,1,35.0,early25,False
B-G1.045-C3,63394,1,794.25,2,3.5,early25,False
B-G1.045-C3,63394,1,798.5,1,4.25,early25,False
B-G1.045-C3,63394,1,805.5,1,7.0,early25,False
B-G1.045-C3,63394,1,806.75,1,1.25,early25,False
B-G1.045-C3,63394,1,810.25,1,3.5,early25,False
B-G1.045-C3,63394,1,813.75,2,3.5,early25,False
B-G1.045-C3,63394,1,823.75,1,10.0,early25,False
B-G1.045-C3,63394,1,830.75,6,7.0,early25,False
B-G1.045-C3,63394,1,846.75,4,16.0,early25,False
B-G1.045-C3,63394,1,849.75,2,3.0,early25,False
B-G1.045-C3,63394,1,855.25,4,5.5,early25,False
B-G1.045-C3,63394,1,858.25,1,3.0,early25,False
B-G1.045-C3,63394,1,861.75,1,3.5,early25,False
B-G1.045-C3,63394,1,864.75,1,3.0,early25,False
B-G1.045-C3,63394,1,867.5,1,2.75,early25,False
B-G1.045-C3,63394,1,871.5,2,4.0,early25,False
B-G1.045-C3,63394,1,901.0,1,29.5,middle50,False
B-G1.045-C3,63394,1,904.5,1,3.5,middle50,False
B-G1.045-C3,63394,1,912.5,1,8.0,middle50,False
B-G1.045-C3,63394,1,916.0,2,3.5,middle50,False
B-G1.045-C3,63394,1,919.5,1,3.5,middle50,False
B-G1.045-C3,63394,1,923.5,1,4.0,middle50,False
B-G1.045-C3,63394,1,926.0,1,2.5,middle50,False
B-G1.045-C3,63394,1,930.25,1,4.25,middle50,False
B-G1.045-C3,63394,1,937.25,1,7.0,middle50,False
B-G1.045-C3,63394,1,1081.0,2,143.75,middle50,False
B-G1.045-C3,63394,1,1085.25,1,4.25,middle50,False
B-G1.045-C3,63394,1,1090.0,1,4.75,middle50,False
B-G1.045-C3,63394,1,1093.75,1,3.75,middle50,False
B-G1.045-C3,63394,1,1097.0,1,3.25,middle50,False
B-G1.045-C3,63394,1,1100.75,1,3.75,middle50,False
B-G1.045-C3,63394,1,1104.5,1,3.75,middle50,False
B-G1.045-C3,63394,1,1109.25,1,4.75,middle50,False
B-G1.045-C3,63394,1,1133.0,2,23.75,middle50,False
B-G1.045-C3,63394,1,1138.5,1,5.5,middle50,False
B-G1.045-C3,63394,1,1141.5,14,3.0,middle50,False
B-G1.045-C3,63394,1,1144.0,1,2.5,middle50,False
B-G1.045-C3,63394,1,1145.75,1,1.75,middle50,False
B-G1.045-C3,63394,1,1148.5,1,2.75,middle50,False
B-G1.045-C3,63394,1,1157.0,1,8.5,middle50,False
B-G1.045-C3,63394,1,1165.0,1,8.0,middle50,False
B-G1.045-C3,63394,1,1185.0,1,20.0,middle50,False
B-G1.045-C3,63394,1,1188.25,1,3.25,middle50,False
B-G1.045-C3,63394,1,1195.75,2,7.5,middle50,False
B-G1.045-C3,63394,1,1199.5,1,3.75,middle50,False
B-G1.045-C3,63394,1,1205.5,1,6.0,middle50,False
B-G1.045-C3,63394,1,1208.5,12,3.0,middle50,False
B-G1.045-C3,63394,1,1248.75,1,40.25,late25,False
B-G1.045-C3,63394,1,1251.75,1,3.0,late25,False
B-G1.045-C3,63394,1,1254.75,1,3.0,late25,False
B-G1.045-C3,63394,1,1261.0,1,6.25,late25,False
B-G1.045-C3,63394,1,1263.75,1,2.75,late25,False
B-G1.045-C3,63394,1,1266.5,1,2.75,late25,False
B-G1.045-C3,63394,1,1272.75,1,6.25,late25,False
B-G1.045-C3,63394,1,1373.0,1,100.25,late25,False
B-G1.045-C3,63394,2,1392.5,2,19.5,early25,False
B-G1.045-C3,63394,2,1394.0,1,1.5,early25,False
B-G1.045-C3,63394,2,1395.25,1,1.25,early25,False
B-G1.045-C3,63394,2,1401.0,2,5.75,early25,False
B-G1.045-C3,63394,2,1403.75,2,2.75,early25,False
B-G1.045-C3,63394,2,1413.25,3,9.5,early25,False
B-G1.045-C3,63394,2,1417.0,2,3.75,early25,False
B-G1.045-C3,63394,2,1419.25,1,2.25,early25,False
B-G1.045-C3,63394,2,1447.25,1,28.0,early25,False
B-G1.045-C3,63394,2,1450.0,2,2.75,early25,False
B-G1.045-C3,63394,2,1451.75,1,1.75,early25,False
B-G1.045-C3,63394,2,1455.0,1,3.25,early25,False
B-G1.045-C3,63394,2,1456.5,2,1.5,early25,False
B-G1.045-C3,63394,2,1458.0,1,1.5,early25,False
B-G1.045-C3,63394,2,1460.5,1,2.5,early25,False
B-G1.045-C3,63394,2,1464.75,1,4.25,early25,False
B-G1.045-C3,63394,2,1470.0,3,5.25,early25,False
B-G1.045-C3,63394,2,1474.75,1,4.75,early25,False
B-G1.045-C3,63394,2,1485.25,3,10.5,early25,False
B-G1.045-C3,63394,2,1492.25,6,7.0,early25,False
B-G1.045-C3,63394,2,1504.5,1,12.25,early25,False
B-G1.045-C3,63394,2,1506.25,1,1.75,early25,False
B-G1.045-C3,63394,2,1513.75,3,7.5,early25,False
B-G1.045-C3,63394,2,1522.25,2,8.5,early25,False
B-G1.045-C3,63394,2,1530.25,1,8.0,early25,False
B-G1.045-C3,63394,2,1560.75,2,30.5,early25,False
B-G1.045-C3,63394,2,1563.5,1,2.75,early25,False
B-G1.045-C3,63394,2,1566.5,2,3.0,early25,False
B-G1.045-C3,63394,2,1569.25,1,2.75,early25,False
B-G1.045-C3,63394,2,1574.25,2,5.0,early25,False
B-G1.045-C3,63394,2,1579.0,2,4.75,early25,False
B-G1.045-C3,63394,2,1583.75,3,4.75,early25,False
B-G1.045-C3,63394,2,1588.25,1,4.5,early25,False
B-G1.045-C3,63394,2,1598.25,5,10.0,early25,False
B-G1.045-C3,63394,2,1612.0,2,13.75,early25,False
B-G1.045-C3,63394,2,1618.5,1,6.5,early25,False
B-G1.045-C3,63394,2,1620.75,1,2.25,early25,False
B-G1.045-C3,63394,2,1625.75,2,5.0,early25,False
B-G1.045-C3,63394,2,1635.75,1,10.0,early25,False
B-G1.045-C3,63394,2,1637.25,3,1.5,early25,False
B-G1.045-C3,63394,2,1666.5,2,29.25,early25,False
B-G1.045-C3,63394,2,1670.0,1,3.5,early25,False
B-G1.045-C3,63394,2,1674.5,1,4.5,early25,False
B-G1.045-C3,63394,2,1678.25,1,3.75,early25,False
B-G1.045-C3,63394,2,1680.75,1,2.5,early25,False
B-G1.045-C3,63394,2,1685.5,2,4.75,early25,False
B-G1.045-C3,63394,2,1689.5,1,4.0,early25,False
B-G1.045-C3,63394,2,1700.75,2,11.25,early25,False
B-G1.045-C3,63394,2,1706.75,3,6.0,early25,False
B-G1.045-C3,63394,2,1843.75,1,137.0,middle50,False
B-G1.045-C3,63394,2,1850.0,1,6.25,middle50,False
B-G1.045-C3,63394,2,1855.75,1,5.75,middle50,False
B-G1.045-C3,63394,2,1862.25,1,6.5,middle50,False
B-G1.045-C3,63394,2,1866.25,3,4.0,middle50,False
B-G1.045-C3,63394,2,1871.75,1,5.5,middle50,False
B-G1.045-C3,63394,2,1902.5,1,30.75,middle50,False
B-G1.045-C3,63394,2,1907.25,1,4.75,middle50,False
B-G1.045-C3,63394,2,1914.25,1,7.0,middle50,False
B-G1.045-C3,63394,2,1920.5,1,6.25,middle50,False
B-G1.045-C3,63394,2,1924.75,2,4.25,middle50,False
B-G1.045-C3,63394,2,1929.75,2,5.0,middle50,False
B-G1.045-C3,63394,2,1949.5,1,19.75,middle50,False
B-G1.045-C3,63394,2,1954.5,2,5.0,middle50,False
B-G1.045-C3,63394,2,1960.0,1,5.5,middle50,False
B-G1.045-C3,63394,2,1964.5,1,4.5,middle50,False
B-G1.045-C3,63394,2,1972.5,1,8.0,middle50,False
B-G1.045-C3,63394,2,1974.75,1,2.25,middle50,False
B-G1.045-C3,63394,2,2007.25,2,32.5,middle50,False
B-G1.045-C3,63394,2,2012.5,1,5.25,middle50,False
B-G1.045-C3,63394,2,2014.5,1,2.0,middle50,False
B-G1.045-C3,63394,2,2017.25,1,2.75,middle50,False
B-G1.045-C3,63394,2,2019.75,1,2.5,middle50,False
B-G1.045-C3,63394,2,2022.75,1,3.0,middle50,False
B-G1.045-C3,63394,2,2028.25,1,5.5,middle50,False
B-G1.045-C3,63394,2,2031.75,1,3.5,middle50,False
B-G1.045-C3,63394,2,2035.5,1,3.75,middle50,False
B-G1.045-C3,63394,2,2042.5,1,7.0,middle50,False
B-G1.045-C3,63394,2,2194.25,1,151.75,middle50,False
B-G1.045-C3,63394,2,2200.0,1,5.75,middle50,False
B-G1.045-C3,63394,2,2207.25,1,7.25,middle50,False
B-G1.045-C3,63394,2,2210.25,1,3.0,middle50,False
B-G1.045-C3,63394,2,2217.25,1,7.0,middle50,False
B-G1.045-C3,63394,2,2220.5,1,3.25,middle50,False
B-G1.045-C3,63394,2,2248.0,1,27.5,middle50,False
B-G1.045-C3,63394,2,2250.25,7,2.25,middle50,False
B-G1.045-C3,63394,2,2254.25,1,4.0,middle50,False
B-G1.045-C3,63394,2,2261.25,1,7.0,middle50,False
B-G1.045-C3,63394,2,2266.75,1,5.5,middle50,False
B-G1.045-C3,63394,2,2269.5,1,2.75,middle50,False
B-G1.045-C3,63394,2,2275.5,1,6.0,middle50,False
B-G1.045-C3,63394,2,2277.25,1,1.75,middle50,False
B-G1.045-C3,63394,2,2295.75,1,18.5,middle50,False
B-G1.045-C3,63394,2,2301.5,1,5.75,middle50,False
B-G1.045-C3,63394,2,2305.25,1,3.75,middle50,False
B-G1.045-C3,63394,2,2312.5,1,7.25,middle50,False
B-G1.045-C3,63394,2,2315.25,1,2.75,middle50,False
B-G1.045-C3,63394,2,2318.5,7,3.25,middle50,False
B-G1.045-C3,63394,2,2322.0,1,3.5,middle50,False
B-G1.045-C3,63394,2,2353.5,1,31.5,middle50,False
B-G1.045-C3,63394,2,2357.0,1,3.5,middle50,False
B-G1.045-C3,63394,2,2358.75,1,1.75,middle50,False
B-G1.045-C3,63394,2,2364.5,1,5.75,middle50,False
B-G1.045-C3,63394,2,2369.25,1,4.75,middle50,False
B-G1.045-C3,63394,2,2371.5,1,2.25,middle50,False
B-G1.045-C3,63394,2,2378.5,1,7.0,middle50,False
B-G1.045-C3,63394,2,2380.75,1,2.25,middle50,False
B-G1.045-C3,63394,2,2526.0,1,145.25,late25,False
B-G1.045-C3,63394,2,2528.25,1,2.25,late25,False
B-G1.045-C3,63394,2,2533.0,1,4.75,late25,False
B-G1.045-C3,63394,2,2541.75,1,8.75,late25,False
B-G1.045-C3,63394,2,2547.25,1,5.5,late25,False
B-G1.045-C3,63394,2,2551.5,1,4.25,late25,False
B-G1.045-C3,63394,2,2557.25,1,5.75,late25,False
B-G1.045-C3,63394,2,2582.0,1,24.75,late25,False
B-G1.045-C3,63394,2,2589.5,1,7.5,late25,False
B-G1.045-C3,63394,2,2593.25,1,3.75,late25,False
B-G1.045-C3,63394,2,2598.75,1,5.5,late25,False
B-G1.045-C3,63394,2,2602.25,1,3.5,late25,False
B-G1.045-C3,63394,2,2604.5,1,2.25,late25,False
B-G1.045-C3,63394,2,2609.0,1,4.5,late25,False
B-G1.045-C3,63394,2,2612.5,1,3.5,late25,False
B-G1.045-C3,63394,2,2620.75,1,8.25,late25,False
B-G1.045-C3,63394,2,2630.25,1,9.5,late25,False
B-G1.045-C3,63394,2,2635.5,1,5.25,late25,False
B-G1.045-C3,63394,2,2642.25,1,6.75,late25,False
B-G1.045-C3,63394,2,2648.25,1,6.0,late25,False
B-G1.045-C3,63394,2,2660.25,4,12.0,late25,False
B-G1.045-C3,63394,2,2686.25,1,26.0,late25,False
B-G1.045-C3,63394,2,2688.5,1,2.25,late25,False
B-G1.045-C3,63394,2,2689.75,1,1.25,late25,False
B-G1.045-C3,63394,2,2695.0,1,5.25,late25,False
B-G1.045-C3,63394,2,2706.75,1,11.75,late25,False
B-G1.045-C3,63394,2,2713.25,1,6.5,late25,False
B-G1.045-C3,63394,2,2829.25,1,116.0,late25,False
B-G1.045-C3,63394,3,2845.0,1,15.75,early25,True
B-G1.045-C3,63394,3,2847.25,1,2.25,early25,True
B-G1.045-C3,63394,3,2851.75,1,4.5,early25,True
B-G1.045-C3,63394,3,2856.25,1,4.5,early25,True
B-G1.045-C3,63394,3,2860.25,2,4.0,early25,True
B-G1.045-C3,63394,3,2864.25,1,4.0,early25,True
B-G1.045-C3,63394,3,2868.25,1,4.0,early25,True
B-G1.045-C3,63394,3,2871.5,1,3.25,early25,True
B-G1.045-C3,63394,3,2875.25,1,3.75,early25,True
B-G1.045-C3,63394,3,2903.5,1,28.25,early25,True
B-G1.045-C3,63394,3,2907.0,1,3.5,early25,True
B-G1.045-C3,63394,3,2910.5,1,3.5,early25,True
B-G1.045-C3,63394,3,2913.25,1,2.75,early25,True
B-G1.045-C3,63394,3,2916.25,7,3.0,early25,True
B-G1.045-C3,63394,3,2918.0,1,1.75,early25,True
B-G1.045-C3,63394,3,2922.5,1,4.5,early25,True
B-G1.045-C3,63394,3,2924.25,1,1.75,early25,True
B-G1.045-C3,63394,3,2926.25,1,2.0,early25,True
B-G1.045-C3,63394,3,2929.5,1,3.25,early25,True
B-G1.045-C3,63394,3,2944.0,2,14.5,early25,True
B-G1.045-C3,63394,3,2954.75,1,10.75,early25,True
B-G1.045-C3,63394,3,2957.25,1,2.5,early25,True
B-G1.045-C3,63394,3,2961.75,2,4.5,early25,True
B-G1.045-C3,63394,3,2964.75,1,3.0,early25,True
B-G1.045-C3,63394,3,2967.25,1,2.5,early25,True
B-G1.045-C3,63394,3,2969.5,1,2.25,early25,True
B-G1.045-C3,63394,3,2977.0,1,7.5,early25,True
B-G1.045-C3,63394,3,2982.25,1,5.25,early25,True
B-G1.045-C3,63394,3,3007.5,1,25.25,early25,True
B-G1.045-C3,63394,3,3008.25,2,0.75,early25,True
B-G1.045-C3,63394,3,3009.25,1,1.0,early25,True
B-G1.045-C3,63394,3,3015.25,1,6.0,early25,True
B-G1.045-C3,63394,3,3024.5,1,9.25,middle50,True
B-G1.045-C3,63394,3,3031.0,1,6.5,middle50,True
B-G1.045-C3,63394,3,3039.75,1,8.75,middle50,True
B-G1.045-C3,63394,3,3050.75,4,11.0,middle50,True
B-G1.045-C3,63394,3,3072.5,1,21.75,middle50,True
B-G1.045-C3,63394,3,3075.5,3,3.0,middle50,True
B-G1.045-C3,63394,3,3080.25,1,4.75,middle50,True
B-G1.045-C3,63394,3,3118.75,1,38.5,middle50,True
B-G1.045-C3,63394,3,3124.25,1,5.5,middle50,True
B-G1.045-C3,63394,3,3138.5,1,14.25,middle50,True
B-G1.045-C3,63394,3,3143.75,1,5.25,middle50,True
B-G1.045-C3,63394,3,3172.25,1,28.5,middle50,True
B-G1.045-C3,63394,3,3175.25,1,3.0,middle50,True
B-G1.045-C3,63394,3,3182.75,1,7.5,middle50,True
B-G1.045-C3,63394,3,3189.75,1,7.0,middle50,True
B-G1.045-C3,63394,3,3196.25,1,6.5,middle50,True
B-G1.045-C3,63394,3,3200.25,5,4.0,middle50,True
B-G1.045-C3,63394,3,3235.0,1,34.75,middle50,True
B-G1.045-C3,63394,3,3246.75,1,11.75,middle50,True
B-G1.045-C3,63394,3,3256.75,1,10.0,middle50,True
B-G1.045-C3,63394,3,3267.0,1,10.25,middle50,True
B-G1.045-C3,63394,3,3295.0,1,28.0,middle50,True
B-G1.045-C3,63394,3,3352.75,1,57.75,middle50,True
B-G1.045-C3,63394,3,3365.0,1,12.25,middle50,True
B-G1.045-C3,63394,3,3375.5,1,10.5,middle50,True
B-G1.045-C3,63394,3,3389.0,1,13.5,middle50,True
B-G1.045-C3,63394,3,3393.25,1,4.25,middle50,True
B-G1.045-C3,63394,3,3401.0,2,7.75,middle50,True
B-G1.045-C3,63394,3,3402.5,1,1.5,middle50,True
B-G1.045-C3,63394,3,3411.5,1,9.0,late25,True
B-G1.045-C3,63394,3,3458.0,1,46.5,late25,True
B-G1.045-C3,63394,3,3462.0,1,4.0,late25,True
B-G1.045-C3,63394,3,3485.0,3,23.0,late25,True
B-G1.045-C3,63394,3,3501.75,1,16.75,late25,True
B-G1.045-C3,63394,3,3512.0,1,10.25,late25,True
B-G1.045-C3,63394,3,3550.0,1,38.0,late25,True
B-G1.045-C3,63394,3,3563.75,1,13.75,late25,True
B-G1.045-C3,63394,3,3580.75,1,17.0,late25,True
B-G1.045-C3,63394,3,3591.5,1,10.75,late25,True
B-G1.045-C3,71313,0,0.25,3,,early25,False
B-G1.045-C3,71313,0,8.5,1,8.25,early25,False
B-G1.045-C3,71313,0,18.5,1,10.0,early25,False
B-G1.045-C3,71313,0,37.25,1,18.75,early25,False
B-G1.045-C3,71313,0,46.75,1,9.5,early25,False
B-G1.045-C3,71313,0,92.75,1,46.0,early25,False
B-G1.045-C3,71313,0,106.5,1,13.75,early25,False
B-G1.045-C3,71313,0,157.5,1,51.0,early25,False
B-G1.045-C3,71313,0,170.5,1,13.0,early25,False
B-G1.045-C3,71313,0,174.0,1,3.5,early25,False
B-G1.045-C3,71313,0,184.25,1,10.25,early25,False
B-G1.045-C3,71313,0,216.5,1,32.25,middle50,False
B-G1.045-C3,71313,0,222.75,1,6.25,middle50,False
B-G1.045-C3,71313,0,227.25,1,4.5,middle50,False
B-G1.045-C3,71313,0,230.25,1,3.0,middle50,False
B-G1.045-C3,71313,0,237.25,1,7.0,middle50,False
B-G1.045-C3,71313,0,248.0,1,10.75,middle50,False
B-G1.045-C3,71313,0,287.25,1,39.25,middle50,False
B-G1.045-C3,71313,0,294.5,1,7.25,middle50,False
B-G1.045-C3,71313,0,298.0,1,3.5,middle50,False
B-G1.045-C3,71313,0,307.5,1,9.5,middle50,False
B-G1.045-C3,71313,0,344.75,1,37.25,middle50,False
B-G1.045-C3,71313,0,352.25,1,7.5,middle50,False
B-G1.045-C3,71313,0,355.5,1,3.25,middle50,False
B-G1.045-C3,71313,0,359.5,1,4.0,middle50,False
B-G1.045-C3,71313,0,365.75,1,6.25,middle50,False
B-G1.045-C3,71313,0,375.25,1,9.5,middle50,False
B-G1.045-C3,71313,0,540.0,1,164.75,middle50,False
B-G1.045-C3,71313,0,581.25,1,41.25,middle50,False
B-G1.045-C3,71313,0,586.0,1,4.75,middle50,False
B-G1.045-C3,71313,0,590.25,1,4.25,middle50,False
B-G1.045-C3,71313,0,599.5,1,9.25,middle50,False
B-G1.045-C3,71313,0,602.75,1,3.25,middle50,False
B-G1.045-C3,71313,0,608.5,1,5.75,middle50,False
B-G1.045-C3,71313,0,616.75,1,8.25,middle50,False
B-G1.045-C3,71313,0,642.0,1,25.25,late25,False
B-G1.045-C3,71313,0,654.0,1,12.0,late25,False
B-G1.045-C3,71313,0,662.75,2,8.75,late25,False
B-G1.045-C3,71313,0,670.25,1,7.5,late25,False
B-G1.045-C3,71313,0,700.0,1,29.75,late25,False
B-G1.045-C3,71313,0,705.5,11,5.5,late25,False
B-G1.045-C3,71313,0,707.5,1,2.0,late25,False
B-G1.045-C3,71313,0,710.5,1,3.0,late25,False
B-G1.045-C3,71313,0,717.5,1,7.0,late25,False
B-G1.045-C3,71313,0,831.25,1,113.75,late25,False
B-G1.045-C3,71313,1,863.75,1,32.5,early25,False
B-G1.045-C3,71313,1,868.5,1,4.75,early25,False
B-G1.045-C3,71313,1,869.5,1,1.0,early25,False
B-G1.045-C3,71313,1,871.0,1,1.5,early25,False
B-G1.045-C3,71313,1,876.0,1,5.0,early25,False
B-G1.045-C3,71313,1,880.5,1,4.5,early25,False
B-G1.045-C3,71313,1,886.0,2,5.5,early25,False
B-G1.045-C3,71313,1,893.0,3,7.0,early25,False
B-G1.045-C3,71313,1,917.25,2,24.25,early25,False
B-G1.045-C3,71313,1,920.0,1,2.75,early25,False
B-G1.045-C3,71313,1,923.75,1,3.75,early25,False
B-G1.045-C3,71313,1,928.25,10,4.5,early25,False
B-G1.045-C3,71313,1,934.0,1,5.75,early25,False
B-G1.045-C3,71313,1,937.0,1,3.0,early25,False
B-G1.045-C3,71313,1,939.75,1,2.75,early25,False
B-G1.045-C3,71313,1,968.75,1,29.0,early25,False
B-G1.045-C3,71313,1,973.75,1,5.0,early25,False
B-G1.045-C3,71313,1,980.5,2,6.75,early25,False
B-G1.045-C3,71313,1,989.0,2,8.5,early25,False
B-G1.045-C3,71313,1,995.5,2,6.5,early25,False
B-G1.045-C3,71313,1,1022.0,1,26.5,middle50,False
B-G1.045-C3,71313,1,1026.0,1,4.0,middle50,False
B-G1.045-C3,71313,1,1030.75,15,4.75,middle50,False
B-G1.045-C3,71313,1,1038.25,1,7.5,middle50,False
B-G1.045-C3,71313,1,1042.5,1,4.25,middle50,False
B-G1.045-C3,71313,1,1049.5,1,7.0,middle50,False
B-G1.045-C3,71313,1,1058.0,2,8.5,middle50,False
B-G1.045-C3,71313,1,1064.5,4,6.5,middle50,False
B-G1.045-C3,71313,1,1200.0,1,135.5,middle50,False
B-G1.045-C3,71313,1,1205.0,1,5.0,middle50,False
B-G1.045-C3,71313,1,1213.25,1,8.25,middle50,False
B-G1.045-C3,71313,1,1215.25,3,2.0,middle50,False
B-G1.045-C3,71313,1,1217.25,4,2.0,middle50,False
B-G1.045-C3,71313,1,1249.25,4,32.0,middle50,False
B-G1.045-C3,71313,1,1257.0,1,7.75,middle50,False
B-G1.045-C3,71313,1,1261.25,1,4.25,middle50,False
B-G1.045-C3,71313,1,1264.5,1,3.25,middle50,False
B-G1.045-C3,71313,1,1267.75,1,3.25,middle50,False
B-G1.045-C3,71313,1,1274.5,1,6.75,middle50,False
B-G1.045-C3,71313,1,1277.25,1,2.75,middle50,False
B-G1.045-C3,71313,1,1279.75,1,2.5,middle50,False
B-G1.045-C3,71313,1,1305.5,1,25.75,middle50,False
B-G1.045-C3,71313,1,1310.5,1,5.0,middle50,False
B-G1.045-C3,71313,1,1322.0,1,11.5,middle50,False
B-G1.045-C3,71313,1,1325.5,1,3.5,middle50,False
B-G1.045-C3,71313,1,1329.25,1,3.75,middle50,False
B-G1.045-C3,71313,1,1358.25,1,29.0,late25,False
B-G1.045-C3,71313,1,1361.25,1,3.0,late25,False
B-G1.045-C3,71313,1,1364.25,1,3.0,late25,False
B-G1.045-C3,71313,1,1367.0,1,2.75,late25,False
B-G1.045-C3,71313,1,1371.25,1,4.25,late25,False
B-G1.045-C3,71313,1,1375.75,1,4.5,late25,False
B-G1.045-C3,71313,1,1380.25,1,4.5,late25,False
B-G1.045-C3,71313,1,1385.25,1,5.0,late25,False
B-G1.045-C3,71313,1,1496.25,1,111.0,late25,False
B-G1.045-C3,71313,2,1510.5,1,14.25,early25,False
B-G1.045-C3,71313,2,1513.75,2,3.25,early25,False
B-G1.045-C3,71313,2,1523.75,3,10.0,early25,False
B-G1.045-C3,71313,2,1533.0,2,9.25,early25,False
B-G1.045-C3,71313,2,1540.0,2,7.0,early25,False
B-G1.045-C3,71313,2,1574.0,3,34.0,early25,False
B-G1.045-C3,71313,2,1587.25,3,13.25,early25,False
B-G1.045-C3,71313,2,1590.0,2,2.75,early25,False
B-G1.045-C3,71313,2,1593.75,2,3.75,early25,False
B-G1.045-C3,71313,2,1609.5,7,15.75,early25,False
B-G1.045-C3,71313,2,1620.75,1,11.25,early25,False
B-G1.045-C3,71313,2,1632.5,3,11.75,early25,False
B-G1.045-C3,71313,2,1682.25,2,49.75,early25,False
B-G1.045-C3,71313,2,1684.0,1,1.75,early25,False
B-G1.045-C3,71313,2,1685.75,1,1.75,early25,False
B-G1.045-C3,71313,2,1691.0,3,5.25,early25,False
B-G1.045-C3,71313,2,1697.5,1,6.5,early25,False
B-G1.045-C3,71313,2,1700.5,1,3.0,early25,False
B-G1.045-C3,71313,2,1705.75,2,5.25,early25,False
B-G1.045-C3,71313,2,1714.0,2,8.25,early25,False
B-G1.045-C3,71313,2,1741.0,2,27.0,early25,False
B-G1.045-C3,71313,2,1743.25,1,2.25,early25,False
B-G1.045-C3,71313,2,1751.25,1,8.0,early25,False
B-G1.045-C3,71313,2,1753.5,1,2.25,early25,False
B-G1.045-C3,71313,2,1755.75,1,2.25,early25,False
B-G1.045-C3,71313,2,1759.75,2,4.0,early25,False
B-G1.045-C3,71313,2,1763.75,1,4.0,early25,False
B-G1.045-C3,71313,2,1765.75,1,2.0,early25,False
B-G1.045-C3,71313,2,1766.75,1,1.0,early25,False
B-G1.045-C3,71313,2,1797.5,2,30.75,early25,False
B-G1.045-C3,71313,2,1800.0,1,2.5,early25,False
B-G1.045-C3,71313,2,1802.5,2,2.5,early25,False
B-G1.045-C3,71313,2,1807.25,3,4.75,early25,False
B-G1.045-C3,71313,2,1816.75,2,9.5,early25,False
B-G1.045-C3,71313,2,1821.5,2,4.75,early25,False
B-G1.045-C3,71313,2,1847.25,1,25.75,early25,False
B-G1.045-C3,71313,2,1851.0,2,3.75,early25,False
B-G1.045-C3,71313,2,1854.0,1,3.0,early25,False
B-G1.045-C3,71313,2,1858.25,1,4.25,early25,False
B-G1.045-C3,71313,2,1863.0,1,4.75,early25,False
B-G1.045-C3,71313,2,1867.25,2,4.25,early25,False
B-G1.045-C3,71313,2,1872.0,1,4.75,early25,False
B-G1.045-C3,71313,2,1875.5,1,3.5,early25,False
B-G1.045-C3,71313,2,1901.25,15,25.75,middle50,False
B-G1.045-C3,71313,2,1906.5,1,5.25,middle50,False
B-G1.045-C3,71313,2,1911.25,2,4.75,middle50,False
B-G1.045-C3,71313,2,1917.0,2,5.75,middle50,False
B-G1.045-C3,71313,2,1921.5,1,4.5,middle50,False
B-G1.045-C3,71313,2,1924.5,1,3.0,middle50,False
B-G1.045-C3,71313,2,1926.75,1,2.25,middle50,False
B-G1.045-C3,71313,2,1929.25,1,2.5,middle50,False
B-G1.045-C3,71313,2,2077.0,1,147.75,middle50,False
B-G1.045-C3,71313,2,2081.75,1,4.75,middle50,False
B-G1.045-C3,71313,2,2085.0,1,3.25,middle50,False
B-G1.045-C3,71313,2,2089.0,1,4.0,middle50,False
B-G1.045-C3,71313,2,2097.5,1,8.5,middle50,False
B-G1.045-C3,71313,2,2100.5,1,3.0,middle50,False
B-G1.045-C3,71313,2,2131.5,1,31.0,middle50,False
B-G1.045-C3,71313,2,2134.5,1,3.0,middle50,False
B-G1.045-C3,71313,2,2138.75,1,4.25,middle50,False
B-G1.045-C3,71313,2,2142.75,1,4.0,middle50,False
B-G1.045-C3,71313,2,2145.25,1,2.5,middle50,False
B-G1.045-C3,71313,2,2147.75,1,2.5,middle50,False
B-G1.045-C3,71313,2,2149.0,1,1.25,middle50,False
B-G1.045-C3,71313,2,2153.25,1,4.25,middle50,False
B-G1.045-C3,71313,2,2157.0,1,3.75,middle50,False
B-G1.045-C3,71313,2,2174.25,4,17.25,middle50,False
B-G1.045-C3,71313,2,2188.5,1,14.25,middle50,False
B-G1.045-C3,71313,2,2193.0,1,4.5,middle50,False
B-G1.045-C3,71313,2,2198.0,1,5.0,middle50,False
B-G1.045-C3,71313,2,2202.25,1,4.25,middle50,False
B-G1.045-C3,71313,2,2207.25,1,5.0,middle50,False
B-G1.045-C3,71313,2,2211.0,1,3.75,middle50,False
B-G1.045-C3,71313,2,2215.5,9,4.5,middle50,False
B-G1.045-C3,71313,2,2239.25,1,23.75,middle50,False
B-G1.045-C3,71313,2,2241.75,1,2.5,middle50,False
B-G1.045-C3,71313,2,2248.25,1,6.5,middle50,False
B-G1.045-C3,71313,2,2252.0,1,3.75,middle50,False
B-G1.045-C3,71313,2,2257.25,1,5.25,middle50,False
B-G1.045-C3,71313,2,2261.0,1,3.75,middle50,False
B-G1.045-C3,71313,2,2266.25,1,5.25,middle50,False
B-G1.045-C3,71313,2,2270.5,1,4.25,middle50,False
B-G1.045-C3,71313,2,2279.25,3,8.75,middle50,False
B-G1.045-C3,71313,2,2404.5,1,125.25,middle50,False
B-G1.045-C3,71313,2,2409.25,1,4.75,middle50,False
B-G1.045-C3,71313,2,2412.25,1,3.0,middle50,False
B-G1.045-C3,71313,2,2418.0,1,5.75,middle50,False
B-G1.045-C3,71313,2,2426.25,1,8.25,middle50,False
B-G1.045-C3,71313,2,2430.25,1,4.0,middle50,False
B-G1.045-C3,71313,2,2455.0,1,24.75,middle50,False
B-G1.045-C3,71313,2,2460.5,6,5.5,middle50,False
B-G1.045-C3,71313,2,2468.5,1,8.0,middle50,False
B-G1.045-C3,71313,2,2472.25,1,3.75,middle50,False
B-G1.045-C3,71313,2,2476.0,1,3.75,middle50,False
B-G1.045-C3,71313,2,2477.75,1,1.75,middle50,False
B-G1.045-C3,71313,2,2482.75,1,5.0,middle50,False
B-G1.045-C3,71313,2,2486.5,1,3.75,middle50,False
B-G1.045-C3,71313,2,2514.0,1,27.5,middle50,False
B-G1.045-C3,71313,2,2519.25,1,5.25,middle50,False
B-G1.045-C3,71313,2,2523.5,1,4.25,middle50,False
B-G1.045-C3,71313,2,2531.5,1,8.0,middle50,False
B-G1.045-C3,71313,2,2567.25,1,35.75,middle50,False
B-G1.045-C3,71313,2,2574.25,1,7.0,middle50,False
B-G1.045-C3,71313,2,2578.5,1,4.25,middle50,False
B-G1.045-C3,71313,2,2584.25,1,5.75,middle50,False
B-G1.045-C3,71313,2,2590.25,1,6.0,middle50,False
B-G1.045-C3,71313,2,2593.75,1,3.5,middle50,False
B-G1.045-C3,71313,2,2604.25,1,10.5,middle50,False
B-G1.045-C3,71313,2,2730.75,1,126.5,late25,False
B-G1.045-C3,71313,2,2742.25,1,11.5,late25,False
B-G1.045-C3,71313,2,2746.5,1,4.25,late25,False
B-G1.045-C3,71313,2,2751.25,1,4.75,late25,False
B-G1.045-C3,71313,2,2756.75,1,5.5,late25,False
B-G1.045-C3,71313,2,2762.5,1,5.75,late25,False
B-G1.045-C3,71313,2,2788.75,1,26.25,late25,False
B-G1.045-C3,71313,2,2794.0,1,5.25,late25,False
B-G1.045-C3,71313,2,2796.5,5,2.5,late25,False
B-G1.045-C3,71313,2,2799.0,1,2.5,late25,False
B-G1.045-C3,71313,2,2804.75,1,5.75,late25,False
B-G1.045-C3,71313,2,2806.5,4,1.75,late25,False
B-G1.045-C3,71313,2,2818.0,1,11.5,late25,False
B-G1.045-C3,71313,2,2841.75,1,23.75,late25,False
B-G1.045-C3,71313,2,2858.0,1,16.25,late25,False
B-G1.045-C3,71313,2,2864.0,1,6.0,late25,False
B-G1.045-C3,71313,2,2870.75,1,6.75,late25,False
B-G1.045-C3,71313,2,2901.5,1,30.75,late25,False
B-G1.045-C3,71313,2,2909.25,1,7.75,late25,False
B-G1.045-C3,71313,2,2915.25,1,6.0,late25,False
B-G1.045-C3,71313,2,2920.25,1,5.0,late25,False
B-G1.045-C3,71313,2,2929.75,1,9.5,late25,False
B-G1.045-C3,71313,2,2943.0,3,13.25,late25,False
B-G1.045-C3,71313,3,3055.25,1,112.25,early25,True
B-G1.045-C3,71313,3,3057.75,1,2.5,early25,True
B-G1.045-C3,71313,3,3061.75,1,4.0,early25,True
B-G1.045-C3,71313,3,3065.5,1,3.75,early25,True
B-G1.045-C3,71313,3,3068.0,5,2.5,early25,True
B-G1.045-C3,71313,3,3070.25,5,2.25,early25,True
B-G1.045-C3,71313,3,3073.25,1,3.0,early25,True
B-G1.045-C3,71313,3,3076.25,1,3.0,early25,True
B-G1.045-C3,71313,3,3078.5,5,2.25,early25,True
B-G1.045-C3,71313,3,3083.25,1,4.75,early25,True
B-G1.045-C3,71313,3,3110.0,4,26.75,early25,True
B-G1.045-C3,71313,3,3117.25,1,7.25,early25,True
B-G1.045-C3,71313,3,3123.0,1,5.75,early25,True
B-G1.045-C3,71313,3,3125.0,1,2.0,early25,True
B-G1.045-C3,71313,3,3127.0,1,2.0,early25,True
B-G1.045-C3,71313,3,3130.5,1,3.5,early25,True
B-G1.045-C3,71313,3,3133.75,4,3.25,early25,True
B-G1.045-C3,71313,3,3141.25,1,7.5,early25,True
B-G1.045-C3,71313,3,3148.75,1,7.5,early25,True
B-G1.045-C3,71313,3,3168.75,1,20.0,early25,True
B-G1.045-C3,71313,3,3175.25,1,6.5,early25,True
B-G1.045-C3,71313,3,3178.75,1,3.5,early25,True
B-G1.045-C3,71313,3,3185.75,1,7.0,middle50,True
B-G1.045-C3,71313,3,3189.25,5,3.5,middle50,True
B-G1.045-C3,71313,3,3190.75,1,1.5,middle50,True
B-G1.045-C3,71313,3,3226.0,1,35.25,middle50,True
B-G1.045-C3,71313,3,3232.25,1,6.25,middle50,True
B-G1.045-C3,71313,3,3238.25,1,6.0,middle50,True
B-G1.045-C3,71313,3,3245.0,1,6.75,middle50,True
B-G1.045-C3,71313,3,3255.25,1,10.25,middle50,True
B-G1.045-C3,71313,3,3261.25,2,6.0,middle50,True
B-G1.045-C3,71313,3,3279.5,1,18.25,middle50,True
B-G1.045-C3,71313,3,3286.25,1,6.75,middle50,True
B-G1.045-C3,71313,3,3292.5,1,6.25,middle50,True
B-G1.045-C3,71313,3,3299.25,1,6.75,middle50,True
B-G1.045-C3,71313,3,3302.75,4,3.5,middle50,True
B-G1.045-C3,71313,3,3325.75,1,23.0,middle50,True
B-G1.045-C3,71313,3,3333.5,1,7.75,middle50,True
B-G1.045-C3,71313,3,3340.75,1,7.25,middle50,True
B-G1.045-C3,71313,3,3341.75,1,1.0,middle50,True
B-G1.045-C3,71313,3,3344.25,1,2.5,middle50,True
B-G1.045-C3,71313,3,3353.25,1,9.0,middle50,True
B-G1.045-C3,71313,3,3373.0,1,19.75,middle50,True
B-G1.045-C3,71313,3,3383.0,1,10.0,middle50,True
B-G1.045-C3,71313,3,3385.5,1,2.5,middle50,True
B-G1.045-C3,71313,3,3386.25,1,0.75,middle50,True
B-G1.045-C3,71313,3,3399.5,1,13.25,middle50,True
B-G1.045-C3,71313,3,3435.0,1,35.5,middle50,True
B-G1.045-C3,71313,3,3454.75,1,19.75,middle50,True
B-G1.045-C3,71313,3,3458.75,1,4.0,middle50,True
B-G1.045-C3,71313,3,3482.25,1,23.5,late25,True
B-G1.045-C3,71313,3,3489.5,1,7.25,late25,True
B-G1.045-C3,71313,3,3496.25,1,6.75,late25,True
B-G1.045-C3,71313,3,3506.25,4,10.0,late25,True
B-G1.045-C3,71313,3,3537.25,1,31.0,late25,True
B-G1.045-C3,71313,3,3546.75,1,9.5,late25,True
B-G1.045-C3,71313,3,3553.5,1,6.75,late25,True
B-G1.045-C3,71313,3,3570.25,1,16.75,late25,True
B-G1.045-C3,71313,3,3589.0,1,18.75,late25,True
B-G1.045-C3,71313,3,3598.0,1,9.0,late25,True
